6.010546684265137
5.81589937210083
5.685945987701416
5.596747398376465
5.539294242858887
5.428631782531738
5.28761100769043
5.192488193511963
5.2612528800964355
5.230908393859863
5.084983825683594
5.031966686248779
4.9595794677734375
4.943347930908203
4.8510260581970215
4.998027324676514
4.718023300170898
4.670434951782227
4.685971260070801
4.683533668518066
4.564497470855713
4.442788124084473
4.4565043449401855
4.301876068115234
4.513430595397949
4.507724761962891
4.392043590545654
4.455674171447754
4.4522576332092285
4.508989334106445
4.338865280151367
4.320278644561768
4.285340309143066
4.039546489715576
4.313582420349121
4.021465301513672
4.3588666915893555
4.1831889152526855
4.012549877166748
4.170024394989014
4.101992607116699
4.091976642608643
4.2350616455078125
4.06815767288208
4.06713342666626
4.065903663635254
4.024662017822266
4.011312484741211
4.178931713104248
3.927780866622925
4.010098457336426
4.089643955230713
4.216551303863525
3.8833224773406982
3.949885845184326
4.119379043579102
3.9591641426086426
3.99228572845459
3.9569907188415527
3.9733264446258545
3.90862774848938
3.992375373840332
3.777127742767334
3.9987714290618896
3.873570203781128
3.964354991912842
3.860752820968628
4.03243350982666
3.74568510055542
3.985941171646118
3.682427406311035
4.050421714782715
3.828655242919922
3.812906265258789
3.8690340518951416
3.860136032104492
3.7599427700042725
3.8814938068389893
3.6213724613189697
3.820892810821533
3.801038980484009
3.964049816131592
4.000618934631348
3.804753303527832
3.7497668266296387
3.7730960845947266
3.7828335762023926
3.6632883548736572
3.855430841445923
3.7360916137695312
3.6438817977905273
3.705218553543091
3.7528223991394043
3.830453872680664
3.699505090713501
3.7774713039398193
3.629760503768921
3.5924689769744873
3.6836817264556885
3.691335678100586
3.7176737785339355
3.682751178741455
3.6391563415527344
3.6724064350128174
3.595457077026367
3.587393283843994
3.762223482131958
3.7722651958465576
3.631345510482788
3.7029683589935303
3.6388096809387207
3.7576584815979004
3.8272461891174316
3.752316951751709
3.397306442260742
3.570129871368408
3.824786424636841
3.53159761428833
3.604509115219116
3.7575016021728516
3.5715227127075195
3.5786046981811523
3.5146396160125732
3.459900379180908
3.6435115337371826
3.621295690536499
3.4866394996643066
3.6621792316436768
3.632093906402588
3.646714925765991
3.5173864364624023
3.575845718383789
3.640460729598999
3.465357780456543
3.566737174987793
3.5535624027252197
3.628582239151001
3.566032648086548
3.5830061435699463
3.566732883453369
3.4265503883361816
3.5892248153686523
3.5766777992248535
3.565030336380005
3.3605127334594727
3.4879298210144043
3.5958666801452637
3.507528781890869
3.6059372425079346
3.601046085357666
3.560610055923462
3.4086122512817383
3.411414384841919
3.330373525619507
3.435096263885498
3.5750231742858887
3.4043185710906982
3.605844736099243
3.556497097015381
3.3824572563171387
3.3697314262390137
3.402141571044922
3.7099661827087402
3.336580514907837
3.4873833656311035
3.419907808303833
3.5147011280059814
3.437709093093872
3.391432046890259
3.598945140838623
3.4279890060424805
3.3959410190582275
3.4975881576538086
3.4252798557281494
3.359591484069824
3.428510904312134
3.295785903930664
3.358560085296631
3.5116539001464844
3.483553647994995
3.4522149562835693
3.300764799118042
3.4256420135498047
3.5876686573028564
3.305497884750366
3.4732723236083984
3.5419440269470215
3.6230547428131104
3.2784619331359863
3.411916494369507
3.3580901622772217
3.346311330795288
3.3394720554351807
3.36218523979187
3.407313108444214
3.4881210327148438
3.3543825149536133
3.3330228328704834
3.3300657272338867
3.5516271591186523
3.2619404792785645
3.3689768314361572
3.2880311012268066
3.273371934890747
3.232813596725464
3.4455649852752686
3.3768248558044434
3.3604812622070312
3.342642307281494
3.3166823387145996
3.341625213623047
3.3360605239868164
3.392801284790039
3.3535854816436768
3.2379567623138428
3.418354034423828
3.235199451446533
3.6280946731567383
3.481250286102295
3.4078876972198486
3.2711615562438965
3.25002384185791
3.3226866722106934
3.4415974617004395
3.435227632522583
3.30592942237854
3.3211231231689453
3.1634023189544678
3.268329381942749
3.0754363536834717
3.267991065979004
3.26455020904541
3.469142436981201
3.4846901893615723
3.346365213394165
3.4046483039855957
3.322950839996338
3.3293447494506836
3.206186294555664
3.3598954677581787
3.199810028076172
3.4535679817199707
3.227956533432007
3.4557149410247803
3.1815457344055176
3.3946521282196045
3.4216856956481934
3.284449577331543
3.262845039367676
3.284719228744507
3.4119837284088135
3.2624897956848145
3.3053386211395264
3.205946445465088
3.2944929599761963
3.2627196311950684
3.359455108642578
3.310985565185547
3.284118175506592
3.3740389347076416
3.153050422668457
3.2256689071655273
3.3289849758148193
3.346680164337158
3.261434316635132
3.1564342975616455
3.3815665245056152
3.2051708698272705
3.403599262237549
3.185612916946411
3.267822265625
3.2312870025634766
3.0673868656158447
3.0820839405059814
3.282151699066162
3.1589226722717285
3.1928863525390625
3.232743740081787
3.2293312549591064
3.3773105144500732
3.190939426422119
3.135395050048828
3.2423901557922363
3.3134071826934814
3.2614715099334717
3.127457618713379
3.2239551544189453
3.366844654083252
2.994856834411621
3.244217872619629
3.2210044860839844
3.127012014389038
3.1193442344665527
3.286609411239624
3.3836536407470703
3.4264540672302246
3.331138849258423
3.3136167526245117
3.2642626762390137
3.151806354522705
3.1923789978027344
3.333256721496582
3.0856354236602783
3.351252317428589
3.2600343227386475
3.275784969329834
3.212167263031006
3.1534252166748047
3.068725109100342
3.2566962242126465
3.154489517211914
3.2669565677642822
3.2326440811157227
3.1303398609161377
3.2558867931365967
3.272536039352417
3.3045849800109863
3.147226572036743
3.235653877258301
3.1905453205108643
3.1811275482177734
3.2138571739196777
3.1899542808532715
2.9920806884765625
3.03397536277771
3.226353406906128
3.2933061122894287
3.2147603034973145
3.092717409133911
3.1873939037323
3.181663990020752
3.295368194580078
3.210930585861206
3.2442259788513184
3.198021173477173
3.183095693588257
3.0957062244415283
3.1940722465515137
3.2480154037475586
3.195875406265259
3.0226407051086426
3.309234619140625
3.193798542022705
3.1958136558532715
3.0712034702301025
3.0710792541503906
3.178863048553467
3.283020257949829
3.1080424785614014
3.2262446880340576
3.210491180419922
3.091937303543091
3.192265510559082
3.315747022628784
3.012315034866333
3.342728614807129
3.0814731121063232
3.2256619930267334
3.1831560134887695
3.063339948654175
3.189415693283081
3.168818235397339
3.147127866744995
3.1587369441986084
3.0225117206573486
3.0770397186279297
3.273909091949463
3.307429075241089
3.089604139328003
3.1424779891967773
3.0277087688446045
3.210223913192749
3.1750106811523438
3.1804757118225098
3.0466933250427246
3.230052947998047
3.1405718326568604
3.073438882827759
3.2376291751861572
3.148036003112793
3.1235194206237793
3.1323256492614746
3.04793119430542
3.2791030406951904
3.176758289337158
2.9609925746917725
2.9935715198516846
3.2491095066070557
3.157928466796875
3.2104454040527344
3.2605464458465576
3.1357007026672363
2.9787094593048096
3.19779372215271
3.0626072883605957
3.2406344413757324
3.004615306854248
3.13154673576355
3.1539173126220703
2.9337239265441895
3.0161330699920654
3.072627305984497
3.212636709213257
3.2322092056274414
3.1382548809051514
3.1593587398529053
3.2408969402313232
3.1590683460235596
3.048314332962036
3.11151123046875
3.1521928310394287
3.202430009841919
3.0624263286590576
3.128310203552246
3.26947021484375
3.048006057739258
3.0969576835632324
3.128124952316284
3.1148035526275635
3.0361266136169434
3.144251585006714
3.0942373275756836
3.1747639179229736
3.1450390815734863
3.2279717922210693
3.100409984588623
3.070284605026245
3.0179474353790283
3.1086769104003906
3.185485601425171
3.125237226486206
2.92358660697937
3.2188217639923096
3.078268051147461
3.069187641143799
3.155618667602539
3.2027971744537354
3.2611429691314697
3.1305949687957764
3.0502521991729736
3.0778257846832275
3.020441770553589
3.082711935043335
3.0407168865203857
3.080275058746338
2.959540843963623
2.9900753498077393
3.0470266342163086
3.146296977996826
3.166382074356079
3.1043782234191895
2.9244885444641113
2.9855759143829346
3.293701410293579
3.1924943923950195
3.063714027404785
2.9793925285339355
2.9641857147216797
3.0009748935699463
3.152278423309326
3.097071409225464
3.0590343475341797
3.0564780235290527
3.0484509468078613
3.2697229385375977
3.0886940956115723
3.100320339202881
3.167829990386963
3.068491220474243
3.0653603076934814
3.1671249866485596
3.0170300006866455
3.1803412437438965
2.9550540447235107
3.0575764179229736
3.0687344074249268
2.9532008171081543
3.0984277725219727
3.072155475616455
3.1049022674560547
3.049705982208252
3.0782957077026367
3.1433193683624268
3.1137731075286865
2.998619556427002
2.9033610820770264
3.1074090003967285
3.0461015701293945
3.0032942295074463
3.2685468196868896
3.0576071739196777
3.1585536003112793
3.045299768447876
3.1559600830078125
3.0028798580169678
3.072737693786621
3.031731367111206
3.146965742111206
3.043855905532837
3.1112000942230225
3.24934983253479
3.168628215789795
3.220886468887329
3.214472532272339
3.2817745208740234
3.1002357006073
3.049522876739502
2.936872720718384
3.053036689758301
3.004395008087158
3.0366251468658447
3.0140700340270996
3.0128321647644043
2.9836716651916504
2.914340019226074
3.0780768394470215
3.0998377799987793
3.197614908218384
3.0549278259277344
2.9681971073150635
3.145322799682617
3.1720263957977295
3.0204570293426514
3.053475856781006
3.112398386001587
3.264427423477173
2.9810729026794434
3.1374356746673584
3.186340570449829
3.0222229957580566
3.2567758560180664
2.9007527828216553
3.1614108085632324
2.8609015941619873
3.102566957473755
2.976255416870117
3.1972084045410156
3.1588926315307617
3.1207704544067383
2.944225311279297
3.2147257328033447
3.096482276916504
3.1029863357543945
3.2126448154449463
3.0082828998565674
3.113231658935547
3.0746474266052246
3.0417850017547607
2.9363906383514404
3.1400022506713867
3.1188132762908936
3.0731430053710938
3.071699857711792
3.1550192832946777
2.9310827255249023
3.1140220165252686
2.905984878540039
2.995417594909668
3.014152765274048
3.1422739028930664
3.020900011062622
3.0351743698120117
2.977508544921875
3.0463571548461914
3.0186314582824707
2.986131191253662
2.9095916748046875
3.065553665161133
3.0280652046203613
3.1675071716308594
2.9664881229400635
3.058605909347534
3.1920228004455566
2.957785129547119
3.059570550918579
2.996565580368042
3.0418009757995605
3.0393083095550537
2.987628221511841
2.957538604736328
3.008523464202881
3.194936513900757
3.020754814147949
3.045781373977661
3.0501978397369385
3.121624231338501
3.0730154514312744
2.953280448913574
3.0898661613464355
2.9241626262664795
2.9681177139282227
2.9173476696014404
3.109544038772583
3.0660910606384277
3.04453706741333
2.926757574081421
2.9898130893707275
2.969766139984131
3.2356386184692383
3.0381290912628174
3.075164794921875
2.937507390975952
3.045815944671631
3.069020986557007
3.0827832221984863
2.9826066493988037
3.0234484672546387
3.0100350379943848
2.952909469604492
3.009178876876831
3.09591007232666
3.0468475818634033
3.030662775039673
3.0371673107147217
2.9903056621551514
2.9820823669433594
3.0807600021362305
2.9302666187286377
3.082394599914551
3.2733521461486816
2.9828128814697266
2.8937880992889404
3.001396656036377
3.0174601078033447
3.0095055103302
2.9208316802978516
3.1676254272460938
2.9687483310699463
2.9621784687042236
3.0776352882385254
3.173192262649536
2.9872591495513916
3.0732309818267822
2.9526617527008057
3.090257406234741
3.0919318199157715
3.0736427307128906
3.0195565223693848
3.0346298217773438
2.94651460647583
3.0473124980926514
3.081447124481201
3.0344486236572266
3.137360095977783
2.94347882270813
2.9820117950439453
2.9449586868286133
2.995187997817993
3.024561643600464
2.878856897354126
3.1138336658477783
2.997886896133423
3.1692192554473877
2.965282917022705
3.009096384048462
3.0431344509124756
2.9961798191070557
2.972954511642456
2.988539457321167
2.9798057079315186
3.005605936050415
2.883823871612549
3.0129690170288086
2.8998067378997803
3.1075830459594727
2.9659900665283203
3.011549472808838
2.9143381118774414
2.9254167079925537
2.976332187652588
2.892263889312744
2.9710474014282227
2.916924238204956
3.0450246334075928
2.933051347732544
3.0523197650909424
3.177788734436035
2.8808255195617676
3.0747251510620117
3.0753846168518066
2.9616358280181885
2.987572431564331
2.9992611408233643
3.2081289291381836
3.134377956390381
2.9767236709594727
2.910754442214966
3.079796075820923
2.924621343612671
3.046154260635376
2.995229482650757
2.917391300201416
2.82509446144104
2.9329004287719727
3.141213893890381
3.0142955780029297
2.9719293117523193
2.9749345779418945
3.041903018951416
3.1040737628936768
2.865647792816162
2.9062063694000244
3.0375168323516846
2.9538681507110596
2.9077932834625244
2.952725410461426
3.007784605026245
2.949352741241455
3.1981358528137207
3.121915817260742
2.9371836185455322
3.058785915374756
3.045457124710083
2.9535090923309326
2.987422227859497
3.1255099773406982
3.0514822006225586
3.0189998149871826
2.857682943344116
3.132472038269043
2.8394720554351807
2.9698703289031982
2.8540141582489014
2.9350223541259766
2.9878156185150146
2.971010684967041
3.1255383491516113
2.868506669998169
3.235238790512085
2.959990978240967
3.161058187484741
3.022660970687866
3.0000269412994385
2.9873976707458496
2.8730509281158447
2.9436724185943604
3.155681848526001
3.034593343734741
2.9501724243164062
2.9648265838623047
2.9411020278930664
2.9087419509887695
2.9632174968719482
2.982976198196411
2.8995466232299805
2.964991569519043
3.034775733947754
2.922956705093384
3.1736860275268555
2.9475913047790527
3.0651180744171143
2.9982750415802
2.921489715576172
3.088587522506714
2.9849863052368164
3.0380425453186035
3.0713319778442383
2.9344985485076904
3.0421395301818848
2.859701633453369
2.832068920135498
3.026101589202881
2.8613343238830566
2.8979873657226562
3.0539727210998535
2.99399733543396
3.151022434234619
3.0052757263183594
2.9575226306915283
2.828810214996338
3.0439963340759277
3.0201570987701416
3.079327344894409
2.873314619064331
2.9928691387176514
2.953535556793213
2.7941806316375732
3.0730154514312744
2.9880170822143555
2.9394986629486084
2.945225477218628
3.2356886863708496
2.968428134918213
3.0278866291046143
2.817769765853882
3.0979464054107666
2.81479811668396
2.9609570503234863
2.923396587371826
2.87969970703125
2.9770357608795166
2.8840317726135254
2.902538776397705
2.814663887023926
2.7972185611724854
3.012544631958008
2.9370651245117188
2.886488914489746
2.9619245529174805
2.9867892265319824
2.880211591720581
3.0071611404418945
3.099590301513672
2.903879404067993
2.966078519821167
2.9659533500671387
2.921066999435425
2.8850491046905518
2.9695417881011963
2.957131862640381
2.929001808166504
2.887784004211426
2.9590208530426025
3.028995990753174
3.032615900039673
2.9348714351654053
3.096719264984131
3.084699869155884
2.955916166305542
2.9413440227508545
2.982337236404419
2.811603307723999
2.9530179500579834
2.9383561611175537
3.115304708480835
3.0296435356140137
2.9752278327941895
3.018002510070801
2.9132847785949707
2.999239206314087
3.062755823135376
3.0945563316345215
2.9499032497406006
2.9735870361328125
2.957411289215088
2.8202943801879883
2.925077438354492
2.9315783977508545
2.9118521213531494
2.9725260734558105
2.9135806560516357
2.9663360118865967
2.9543330669403076
2.798675060272217
2.869856357574463
3.083919048309326
2.936889410018921
2.99397873878479
2.9717602729797363
2.88999605178833
2.905822992324829
3.025129556655884
2.9791321754455566
2.9065773487091064
3.0395736694335938
3.09875750541687
2.882951259613037
2.800098180770874
3.063103675842285
2.993330717086792
2.971027374267578
2.9657936096191406
2.8565633296966553
2.8400533199310303
2.8975744247436523
3.003833055496216
2.8540232181549072
2.998016119003296
3.022301435470581
2.958415985107422
2.956989288330078
2.950242519378662
3.145557403564453
3.011455774307251
2.9446778297424316
3.026318073272705
2.871340274810791
2.8645265102386475
2.869340181350708
2.904637575149536
2.928358554840088
2.913780689239502
2.9124200344085693
2.9437673091888428
3.070159435272217
2.914355754852295
2.8544962406158447
3.0052719116210938
3.035562515258789
2.8842008113861084
2.874298095703125
2.863956928253174
2.8895294666290283
3.0040812492370605
2.959683895111084
3.033750057220459
2.81201171875
2.959735155105591
2.8288207054138184
2.889416217803955
2.9411990642547607
2.848346471786499
2.8828110694885254
3.06982421875
2.9325809478759766
2.918431520462036
2.998373031616211
3.079190731048584
2.9611668586730957
2.8661489486694336
2.9996981620788574
3.0037691593170166
3.08028507232666
2.8784830570220947
3.0774965286254883
2.9922494888305664
2.8717284202575684
3.01774001121521
2.9040181636810303
2.788081407546997
3.073060989379883
3.0099618434906006
3.005955219268799
2.841623067855835
2.8589694499969482
2.8304429054260254
2.8762307167053223
2.974118947982788
3.0205178260803223
2.9597909450531006
2.8766446113586426
2.8920180797576904
2.9130845069885254
2.860136032104492
2.9524269104003906
2.889431953430176
2.7860748767852783
2.9097812175750732
2.8155031204223633
2.970907211303711
2.8219282627105713
2.8674378395080566
2.9470837116241455
2.8920106887817383
2.7852234840393066
2.766756057739258
2.8632068634033203
2.8497536182403564
3.05711030960083
2.986466407775879
3.0615572929382324
2.8210036754608154
2.9898200035095215
2.8829591274261475
2.966783285140991
2.928637981414795
2.900482416152954
2.9486052989959717
3.012375831604004
3.0771985054016113
2.982697010040283
2.895754814147949
2.9931819438934326
2.932760000228882
2.9264028072357178
2.8910868167877197
2.8882861137390137
2.9475395679473877
2.8237388134002686
3.002800703048706
2.882534980773926
2.9097721576690674
2.9543139934539795
2.8066153526306152
2.896362066268921
2.7832999229431152
2.93729829788208
2.93973445892334
2.7596616744995117
2.9816036224365234
3.0135066509246826
2.8316726684570312
2.857325553894043
2.8290159702301025
2.948021173477173
2.9402682781219482
2.914475202560425
2.894803762435913
2.939666986465454
2.7928390502929688
2.8030760288238525
2.964756488800049
2.8594255447387695
2.8051204681396484
2.9143013954162598
2.9304847717285156
2.85933256149292
2.8512139320373535
3.001847505569458
3.0723752975463867
2.9665122032165527
2.936816453933716
2.8718554973602295
2.879593849182129
2.7551324367523193
2.8559629917144775
2.7753641605377197
2.912673234939575
2.9905834197998047
2.889029026031494
2.838916301727295
2.9358997344970703
2.8956727981567383
2.8616976737976074
2.8617801666259766
2.8908512592315674
2.992016315460205
2.838156223297119
2.9233644008636475
3.0204274654388428
2.9972803592681885
2.834787607192993
3.056338310241699
2.808495283126831
2.8514912128448486
2.8240880966186523
2.9761240482330322
2.9081430435180664
2.8086109161376953
2.7738442420959473
2.8744235038757324
3.015836477279663
2.959260940551758
3.0887115001678467
2.8916826248168945
2.841928720474243
2.8470020294189453
2.9575016498565674
2.926179885864258
2.841125011444092
2.9774460792541504
2.9340131282806396
2.8728790283203125
2.883861541748047
2.927135705947876
3.079540252685547
2.8607494831085205
2.7919161319732666
2.9602177143096924
2.8829562664031982
2.8764960765838623
2.932673215866089
2.960784435272217
2.965585231781006
2.8048839569091797
2.8610939979553223
2.854796886444092
2.9044933319091797
3.028662919998169
2.857232093811035
2.9038262367248535
2.7099335193634033
2.9392380714416504
2.966226816177368
2.9291183948516846
2.8738300800323486
2.8691041469573975
2.7567670345306396
3.0932350158691406
2.8647279739379883
2.9820263385772705
2.8768045902252197
2.887615919113159
3.001220226287842
2.9829611778259277
2.9148807525634766
2.8096609115600586
2.8765923976898193
2.8760035037994385
2.9044477939605713
2.7564897537231445
2.8653321266174316
2.782426118850708
2.82209849357605
2.949300527572632
2.962463617324829
2.791301727294922
2.9696195125579834
3.001979112625122
2.9181392192840576
2.7997143268585205
2.8629276752471924
2.8893027305603027
2.8698625564575195
3.0068280696868896
2.985856056213379
2.8359739780426025
2.9860215187072754
3.0509390830993652
2.834836006164551
2.9509644508361816
2.8590590953826904
2.86236310005188
2.8373360633850098
2.8762543201446533
3.023961305618286
2.9142260551452637
2.893394708633423
2.82930850982666
2.9145631790161133
2.945376396179199
2.777966260910034
2.858361005783081
2.8118276596069336
3.017604112625122
2.9198195934295654
2.8497400283813477
2.7659685611724854
2.899881601333618
2.88720703125
3.0155045986175537
2.9302427768707275
2.6761748790740967
2.865635395050049
2.8709683418273926
2.9465525150299072
3.169705629348755
2.916213274002075
2.82668137550354
2.976837396621704
2.7946083545684814
2.7724220752716064
2.9191195964813232
2.791717052459717
2.9537599086761475
2.8848037719726562
2.808663845062256
2.8898720741271973
2.780153751373291
2.861713409423828
2.8484368324279785
2.910919189453125
2.999335765838623
2.7732510566711426
2.777244806289673
2.786771535873413
2.866811513900757
3.031205177307129
3.026432514190674
2.907701015472412
2.8181841373443604
2.9327473640441895
2.766724109649658
2.7723445892333984
2.9454410076141357
2.992445230484009
2.8741531372070312
2.940095901489258
2.8060946464538574
2.889072895050049
2.969055652618408
2.8518896102905273
2.664503335952759
2.880035400390625
2.9629900455474854
2.823765993118286
2.7659735679626465
2.9551308155059814
2.8577284812927246
2.895022392272949
2.837193250656128
2.858940601348877
2.8284337520599365
2.843421220779419
2.9220688343048096
2.819281578063965
2.8297417163848877
2.7925455570220947
2.7803783416748047
2.900406837463379
2.9735491275787354
2.945880174636841
2.882293701171875
2.8953068256378174
2.8316333293914795
2.9742941856384277
2.9074435234069824
2.8748085498809814
2.9803876876831055
2.999406337738037
2.779411554336548
2.873054265975952
2.7602577209472656
2.9818108081817627
2.8714487552642822
2.9137156009674072
2.891366720199585
2.9481844902038574
2.8996899127960205
3.021228075027466
2.9578166007995605
3.021428346633911
2.9587361812591553
2.9063615798950195
2.9499776363372803
2.804812431335449
2.7909655570983887
2.8067572116851807
2.781111240386963
2.9054031372070312
2.9236955642700195
2.874544382095337
2.8427610397338867
2.8363265991210938
2.9208719730377197
2.9460108280181885
2.9680984020233154
2.8151497840881348
3.003891944885254
2.7980198860168457
2.8505921363830566
2.8162100315093994
2.8019728660583496
2.7831575870513916
2.8485960960388184
3.003532648086548
2.8656210899353027
2.814638614654541
2.872468948364258
2.7532734870910645
2.9801836013793945
2.7970190048217773
2.843355417251587
2.7769577503204346
2.808839797973633
2.949171543121338
2.7881131172180176
2.8121182918548584
3.030256509780884
2.930943727493286
2.9086451530456543
2.8023433685302734
2.790165662765503
2.8580896854400635
2.783552885055542
2.9704627990722656
2.7895636558532715
2.806546688079834
2.83575439453125
2.8444597721099854
2.8180041313171387
2.940535306930542
2.9989960193634033
2.8586673736572266
3.0266361236572266
2.7848777770996094
2.7280800342559814
2.8782598972320557
2.7418904304504395
2.9321815967559814
2.743760585784912
2.8485162258148193
3.0130836963653564
2.874800205230713
2.7899062633514404
2.8945858478546143
2.8174214363098145
2.789076805114746
2.759874105453491
2.8263497352600098
2.9469404220581055
2.8043148517608643
2.9111976623535156
2.841270685195923
2.8660104274749756
2.8039891719818115
2.997227907180786
2.8587491512298584
2.986675262451172
2.880774974822998
2.895491600036621
2.9564425945281982
2.9105634689331055
2.928272247314453
2.848020315170288
2.804506778717041
2.823208808898926
2.9230570793151855
2.7632761001586914
2.84002685546875
2.873380184173584
3.039409637451172
2.799779176712036
2.8105225563049316
2.8257362842559814
2.9599506855010986
2.8378632068634033
2.728973388671875
2.6573057174682617
2.935961961746216
2.8753480911254883
2.9563474655151367
2.8980789184570312
2.8100223541259766
3.001162052154541
2.772665500640869
2.9158127307891846
2.836686372756958
2.897028684616089
2.8038880825042725
2.8195791244506836
2.722489595413208
2.855518102645874
2.805644989013672
2.8206422328948975
2.7786855697631836
2.825728416442871
2.959404706954956
2.8974900245666504
2.716991901397705
2.8997294902801514
3.0553088188171387
2.9327707290649414
2.871553659439087
2.8364555835723877
2.889845371246338
2.884171724319458
2.8704116344451904
2.9542510509490967
2.758815050125122
2.934077262878418
2.83225679397583
2.9356541633605957
2.8874707221984863
2.7875101566314697
2.8038289546966553
2.9464027881622314
2.8147146701812744
2.8976688385009766
2.84952449798584
2.7747418880462646
2.8902454376220703
2.8677330017089844
2.901982307434082
2.795283794403076
2.848951578140259
2.8781776428222656
2.770848512649536
2.8359551429748535
2.797391414642334
2.849653720855713
2.727006435394287
2.935051441192627
2.908177137374878
2.7593538761138916
2.7715723514556885
2.6924972534179688
2.8096370697021484
2.8279900550842285
2.952253818511963
2.7672042846679688
2.8412859439849854
2.872483730316162
2.872270107269287
2.7974510192871094
2.83828067779541
2.8028552532196045
2.7872939109802246
2.7355127334594727
2.726166009902954
2.7238736152648926
2.8615810871124268
2.736185073852539
3.095431327819824
2.9675841331481934
2.8412277698516846
2.6967132091522217
2.810922861099243
2.797888994216919
2.9961440563201904
2.767850399017334
2.959322214126587
2.8835299015045166
2.823350429534912
2.864342212677002
2.821502208709717
2.9886159896850586
2.8730151653289795
2.8029065132141113
2.8162083625793457
2.8000919818878174
2.8366315364837646
2.7875607013702393
2.907754421234131
2.8414061069488525
2.931778907775879
2.8326094150543213
2.9006495475769043
2.709033727645874
2.852318525314331
2.9128901958465576
2.7662336826324463
2.892504930496216
2.8139748573303223
2.8761367797851562
2.814974308013916
2.847564935684204
2.7898621559143066
2.8558428287506104
2.7970569133758545
2.928138017654419
2.9114668369293213
2.8454067707061768
2.8514859676361084
2.717122793197632
2.837141990661621
2.800664186477661
2.789586305618286
2.887753486633301
2.714799165725708
2.866623878479004
2.8948769569396973
2.880467414855957
2.802865743637085
2.915242910385132
2.866586685180664
2.8212931156158447
2.8574745655059814
2.7581021785736084
2.7842981815338135
2.8612418174743652
2.8134799003601074
2.860560417175293
2.8478386402130127
2.7448437213897705
2.877812623977661
2.763279676437378
2.879948377609253
2.8387093544006348
2.975076913833618
2.8171355724334717
2.919722557067871
2.7746174335479736
2.7918126583099365
2.7593860626220703
2.8290114402770996
2.8008556365966797
2.7608282566070557
2.844264507293701
2.7753632068634033
2.9470319747924805
2.836843490600586
2.756253719329834
2.812361717224121
2.951418876647949
2.7162375450134277
2.777070999145508
2.7389509677886963
2.910956859588623
2.887763261795044
2.9175500869750977
2.716238260269165
2.901782512664795
2.838921546936035
2.8064277172088623
2.8728485107421875
2.93082594871521
2.8780124187469482
2.780932903289795
2.7089579105377197
2.9786791801452637
2.8480756282806396
2.7417545318603516
2.9614555835723877
3.074199676513672
2.8476383686065674
3.017482280731201
2.7709288597106934
2.8140408992767334
2.823427677154541
2.819767475128174
2.9242141246795654
2.83073091506958
2.9153873920440674
2.7067387104034424
2.8641557693481445
2.9611053466796875
2.748033285140991
2.736828327178955
2.8256921768188477
2.7489404678344727
2.935168504714966
2.7254765033721924
2.813276767730713
2.9217605590820312
2.7978413105010986
2.868661880493164
3.063405990600586
2.9752519130706787
2.7947237491607666
2.787940502166748
2.855057954788208
2.7595479488372803
2.774327039718628
2.7618651390075684
2.769239902496338
2.919711112976074
2.871166706085205
2.8949191570281982
2.780089855194092
2.9477341175079346
2.918372392654419
2.9971706867218018
2.8696608543395996
2.7940826416015625
2.795497179031372
2.798577308654785
2.8054065704345703
2.8596484661102295
2.8663547039031982
2.830096960067749
2.930379629135132
2.72444486618042
3.030364751815796
2.829139232635498
2.826392412185669
2.6856069564819336
2.733168363571167
2.8827853202819824
2.8586483001708984
2.8689537048339844
2.8422722816467285
2.919793128967285
2.931464910507202
2.7232918739318848
2.7889418601989746
2.91591477394104
2.8927459716796875
2.780517578125
2.716712474822998
2.8968007564544678
3.014421224594116
2.783595085144043
2.84775710105896
2.852315902709961
2.762511968612671
2.818087339401245
2.8457069396972656
2.6976547241210938
2.8003082275390625
2.8957161903381348
2.848036766052246
2.7141098976135254
2.7990851402282715
2.8467936515808105
2.810478687286377
2.7266695499420166
2.8296377658843994
2.7678396701812744
2.7466092109680176
2.9687888622283936
2.7382664680480957
2.8670477867126465
2.846175193786621
2.7876546382904053
2.7537436485290527
2.7563655376434326
2.8593900203704834
2.8175199031829834
2.8573355674743652
2.8802151679992676
3.012550115585327
2.9512102603912354
2.7481653690338135
2.7880852222442627
2.9115865230560303
2.8075971603393555
2.8628435134887695
2.795383930206299
2.6958296298980713
2.8342134952545166
2.811978578567505
2.8612654209136963
2.878661632537842
2.931783676147461
2.7968032360076904
2.944936752319336
2.8383514881134033
2.7490909099578857
2.8039424419403076
2.988553285598755
2.8613758087158203
2.7120237350463867
2.8781893253326416
3.029031753540039
2.76997971534729
2.8060123920440674
2.6993165016174316
2.991095542907715
2.8104591369628906
2.7729198932647705
2.7147953510284424
2.7111949920654297
2.8403735160827637
2.8073995113372803
2.812142848968506
2.8341171741485596
3.014549493789673
2.6719675064086914
2.852963924407959
2.885828733444214
2.8336758613586426
2.7816810607910156
2.9395108222961426
2.768371343612671
2.8314452171325684
2.7707643508911133
2.8258585929870605
2.863332748413086
2.7749366760253906
3.0356340408325195
2.6447935104370117
2.7513792514801025
2.8052420616149902
2.748936653137207
2.7859578132629395
2.9062955379486084
2.662041187286377
2.811840295791626
2.8192150592803955
2.8440868854522705
2.828429698944092
2.810898780822754
2.829458713531494
2.752429246902466
2.7671821117401123
2.771458864212036
2.9315366744995117
2.767631769180298
2.7152438163757324
2.8098132610321045
2.836183786392212
2.7195932865142822
2.954840660095215
2.789929151535034
2.7224791049957275
2.8276548385620117
2.7543652057647705
2.778449773788452
2.831348419189453
2.654897928237915
2.9214279651641846
3.041724920272827
2.6026010513305664
2.961911201477051
2.8648910522460938
2.806511402130127
2.7231574058532715
2.7620882987976074
2.8698031902313232
2.759772539138794
2.7156755924224854
2.8433470726013184
2.779916524887085
2.824298143386841
2.8475587368011475
2.86946702003479
3.0138790607452393
2.9543614387512207
2.6808650493621826
2.721306800842285
2.9356422424316406
2.9131808280944824
2.8885586261749268
2.8017148971557617
2.8571460247039795
2.922084093093872
2.8562381267547607
2.8361246585845947
2.793487310409546
2.834503650665283
2.8333635330200195
2.711825132369995
2.9571163654327393
2.9187963008880615
2.865922212600708
2.8037312030792236
2.7489166259765625
2.7581849098205566
2.9202733039855957
2.7675740718841553
2.75234317779541
2.7901291847229004
2.8408403396606445
2.9915127754211426
2.8093230724334717
2.905571937561035
2.786668539047241
2.8245720863342285
2.8065593242645264
2.773507595062256
2.8903262615203857
3.0942037105560303
2.673499822616577
2.8135578632354736
2.8831686973571777
2.949449062347412
2.8885936737060547
2.8055176734924316
2.818420886993408
2.8078274726867676
2.893080711364746
2.7963173389434814
2.746945858001709
2.7214479446411133
2.659104108810425
2.8147432804107666
2.8807685375213623
2.8679723739624023
2.7576467990875244
2.944758653640747
2.8986289501190186
2.8804168701171875
2.8708465099334717
2.948788642883301
2.8551135063171387
2.780423164367676
2.8969600200653076
2.8109328746795654
2.76772403717041
2.6733837127685547
2.805474281311035
2.7721927165985107
2.8382325172424316
2.603180170059204
2.7901875972747803
2.8545310497283936
2.8710875511169434
2.7298781871795654
2.6943860054016113
2.775146961212158
2.802933931350708
2.818776845932007
2.820908308029175
2.6998708248138428
2.941295623779297
2.8467841148376465
2.7949440479278564
2.91048264503479
2.7719881534576416
2.769956350326538
2.8802592754364014
2.8066627979278564
2.715517997741699
2.943058729171753
2.722688674926758
2.6697802543640137
2.8246970176696777
2.7649786472320557
2.7518467903137207
2.8502516746520996
3.000328779220581
2.7457456588745117
2.849726438522339
2.847341537475586
2.642054557800293
2.8399767875671387
2.776383638381958
2.848101854324341
2.9787542819976807
2.8282504081726074
2.848377227783203
2.7847373485565186
2.901005268096924
2.721649169921875
2.8422229290008545
2.7978293895721436
2.9658007621765137
2.8188343048095703
2.691310405731201
2.8068535327911377
2.679818868637085
3.0629255771636963
2.771343469619751
2.748020887374878
2.8556735515594482
2.7950003147125244
2.8623592853546143
2.7006731033325195
2.769359827041626
2.709050416946411
2.8935275077819824
2.849602222442627
2.9538283348083496
2.7681148052215576
2.681598663330078
2.77131986618042
2.787263870239258
2.8381943702697754
2.776660203933716
2.816882371902466
2.940772771835327
2.7798590660095215
2.763512134552002
2.6822257041931152
2.874019145965576
2.7564969062805176
2.816073417663574
2.8037147521972656
2.721177577972412
2.894461154937744
2.892483949661255
2.8965115547180176
2.805426836013794
2.895615816116333
2.7439372539520264
2.8003156185150146
2.7972230911254883
2.762929916381836
2.8642218112945557
2.797532558441162
2.9631948471069336
2.81923246383667
2.796510696411133
2.7612714767456055
2.8223066329956055
2.6796088218688965
2.7275474071502686
2.832287549972534
3.0008630752563477
2.6864359378814697
2.740412950515747
2.8725786209106445
2.8287224769592285
2.8312127590179443
2.9522650241851807
2.796436309814453
2.7937276363372803
2.719242811203003
2.7365047931671143
2.983509063720703
2.811537504196167
2.839384078979492
2.909346342086792
2.9036192893981934
2.8756275177001953
2.849963903427124
2.8981714248657227
2.7603697776794434
2.7347419261932373
2.85679292678833
2.8334059715270996
2.739182233810425
2.63537335395813
2.7883143424987793
2.7501132488250732
2.8785560131073
2.8629586696624756
2.770127296447754
2.744175910949707
2.8433213233947754
2.7752845287323
3.0008323192596436
2.7679004669189453
2.698122978210449
2.7472991943359375
2.76712703704834
2.710505962371826
2.748063564300537
2.7722983360290527
2.849215030670166
2.9286789894104004
2.829852342605591
2.747375249862671
2.947542190551758
2.8087329864501953
2.8669724464416504
2.804511785507202
2.898021697998047
2.8862268924713135
2.6614367961883545
2.7227628231048584
2.7547340393066406
2.9153082370758057
2.712337017059326
2.8469443321228027
2.8383429050445557
2.727687120437622
2.841759204864502
2.704566240310669
2.71567964553833
2.7721285820007324
2.6657919883728027
2.8082752227783203
2.7588210105895996
2.680309534072876
2.93184232711792
2.8438737392425537
2.6920433044433594
2.8595519065856934
2.904778003692627
2.797276735305786
2.898813486099243
2.8403632640838623
2.869772434234619
2.916966676712036
2.887099504470825
2.7892539501190186
2.708928346633911
2.8591513633728027
2.8058528900146484
2.7609617710113525
2.8674025535583496
2.7122669219970703
2.810589075088501
2.7365238666534424
2.7947773933410645
2.7808406352996826
2.748483896255493
2.9347519874572754
2.788480520248413
2.8453781604766846
2.846802234649658
2.7221391201019287
2.911176919937134
2.69734525680542
2.7191548347473145
2.884235382080078
2.8227968215942383
2.8055508136749268
2.744957208633423
2.8705663681030273
2.692272901535034
2.9230175018310547
2.8341064453125
2.759730100631714
2.7612104415893555
2.68103289604187
2.8415682315826416
2.753715991973877
2.880948305130005
2.8183438777923584
2.7237491607666016
2.926408529281616
2.696707010269165
2.802719831466675
2.7535593509674072
2.693606376647949
2.8148086071014404
2.83600115776062
2.795941114425659
2.863389730453491
2.78458833694458
2.813009023666382
2.755831718444824
2.8362936973571777
2.8401875495910645
2.7132935523986816
2.901201009750366
2.888796329498291
2.766937017440796
2.799712657928467
2.748242139816284
2.7163712978363037
2.7261362075805664
2.7936742305755615
2.8761560916900635
2.7558743953704834
2.726106643676758
2.670419454574585
2.7977957725524902
2.769601345062256
2.8181798458099365
2.7904791831970215
2.8095030784606934
2.725585699081421
2.7290761470794678
2.7516486644744873
2.795210361480713
2.7958710193634033
2.775062084197998
2.675807476043701
2.751436471939087
2.7400918006896973
2.7478978633880615
2.6575722694396973
2.803619623184204
2.8576722145080566
2.7208564281463623
2.8801116943359375
2.8093276023864746
2.701045513153076
2.778400421142578
2.832487106323242
2.934116840362549
2.762056589126587
2.860452175140381
2.5985636711120605
2.6735222339630127
2.9022698402404785
2.7701737880706787
2.9448862075805664
2.681398391723633
2.8259220123291016
2.745553493499756
2.7689220905303955
2.729640007019043
2.904132604598999
2.7970519065856934
2.6647026538848877
2.8115737438201904
2.742142915725708
2.9470887184143066
2.714738607406616
3.065253734588623
2.627352714538574
2.769395351409912
2.689413547515869
2.8774609565734863
2.709739923477173
2.7019078731536865
2.809053897857666
2.8578991889953613
2.7039358615875244
2.7379486560821533
2.844080686569214
2.827700614929199
2.7149100303649902
2.904305934906006
2.8461005687713623
2.89201283454895
2.7538394927978516
2.6925628185272217
2.8056042194366455
2.826739549636841
2.9399776458740234
2.928497076034546
2.701662063598633
2.827986240386963
2.8443071842193604
2.7519471645355225
2.7984488010406494
2.7644026279449463
2.8404579162597656
2.8372442722320557
2.674748659133911
2.780012369155884
2.7448580265045166
2.932302474975586
2.8168246746063232
2.7812180519104004
2.7576205730438232
2.7627880573272705
2.8267807960510254
2.6398916244506836
2.8561463356018066
2.76536226272583
2.7378554344177246
2.6959381103515625
2.8493456840515137
2.9475090503692627
2.695958375930786
2.756732702255249
2.7811877727508545
2.8500781059265137
2.7631120681762695
2.829880475997925
2.8269431591033936
2.9724299907684326
2.849181890487671
2.702854871749878
2.680687665939331
2.8497791290283203
2.632155656814575
2.750641107559204
2.694293975830078
2.6310410499572754
2.7745704650878906
2.784517288208008
2.8486621379852295
2.823646068572998
2.956768274307251
2.698486804962158
2.673011541366577
2.939368724822998
2.8171894550323486
2.8168163299560547
2.8181800842285156
2.8177411556243896
2.7622454166412354
2.930640459060669
2.69419264793396
2.8445630073547363
2.8769400119781494
2.686119556427002
2.672032594680786
2.8620169162750244
2.7463841438293457
2.6429014205932617
2.8952178955078125
2.6787893772125244
2.813871145248413
2.850240468978882
2.6598727703094482
2.827317237854004
2.7595973014831543
2.7309987545013428
2.7972729206085205
2.767918348312378
2.843299627304077
2.6636803150177
2.885042905807495
2.8569445610046387
2.808192491531372
2.7839791774749756
2.7027525901794434
2.8825278282165527
2.6919524669647217
2.809577226638794
2.750216007232666
2.7130630016326904
2.7603087425231934
2.691042423248291
2.7473223209381104
2.72007417678833
2.7014565467834473
2.6719441413879395
2.849761724472046
2.6375317573547363
2.8364522457122803
2.87526798248291
2.764517307281494
2.746724843978882
2.8166680335998535
2.9216620922088623
2.9242124557495117
2.63433575630188
2.6783676147460938
2.809760808944702
2.6842310428619385
2.7691588401794434
2.830251932144165
2.8074395656585693
2.7220141887664795
2.8255012035369873
2.775895595550537
2.803650379180908
2.853086233139038
2.830803871154785
2.655653476715088
2.801595687866211
2.672916889190674
2.7112479209899902
2.819376230239868
2.807835340499878
2.8078081607818604
2.7144196033477783
2.7322447299957275
2.7698099613189697
2.746638774871826
2.7551136016845703
2.796135663986206
2.7731220722198486
2.7227859497070312
2.8603904247283936
2.7159879207611084
2.753425121307373
2.662316083908081
2.760152816772461
2.76859450340271
2.812222957611084
2.783806562423706
2.9466304779052734
2.818521738052368
2.816279649734497
2.8003690242767334
2.7442269325256348
2.803370714187622
2.640310049057007
2.7850632667541504
2.7690770626068115
2.78231143951416
2.747105360031128
2.7671759128570557
2.7486226558685303
2.7668187618255615
2.7631146907806396
2.6544289588928223
2.6421260833740234
2.8029866218566895
2.742156982421875
2.719923973083496
2.7557566165924072
2.863966226577759
2.673393726348877
2.8338112831115723
2.85353422164917
2.7169694900512695
2.797980785369873
2.9495508670806885
2.7103323936462402
2.6685519218444824
2.77443790435791
2.7323687076568604
2.795103073120117
2.734358310699463
2.7429819107055664
2.7676994800567627
2.759861469268799
2.8066136837005615
2.7423934936523438
2.62886118888855
2.8746025562286377
2.7871150970458984
2.6492624282836914
2.7082066535949707
2.6406517028808594
2.832782506942749
2.691882610321045
2.7207939624786377
2.7201411724090576
2.73213791847229
2.6730360984802246
2.871764898300171
2.7539772987365723
2.782304286956787
2.678445816040039
2.8155932426452637
2.649341106414795
2.8234171867370605
2.752178430557251
2.8001132011413574
2.6971967220306396
2.8772339820861816
2.6822850704193115
2.735297679901123
2.7643849849700928
2.741421937942505
2.8198115825653076
2.7151458263397217
2.681886911392212
2.7492685317993164
2.907832384109497
2.963144302368164
2.8027658462524414
2.7907159328460693
2.9369988441467285
2.727799654006958
2.7230355739593506
2.7665374279022217
2.754889488220215
2.8247005939483643
2.8433609008789062
2.6789169311523438
2.6935408115386963
2.8505306243896484
2.9034228324890137
2.7057785987854004
2.7766685485839844
2.8332159519195557
2.721917152404785
2.6789050102233887
2.7934858798980713
2.7163777351379395
2.8418850898742676
2.7740352153778076
2.806042432785034
2.8200480937957764
2.82600474357605
2.7160134315490723
2.703690528869629
2.919295310974121
2.719430685043335
2.7976648807525635
2.8503317832946777
2.8087446689605713
2.7008183002471924
2.8185293674468994
2.7893216609954834
2.7871246337890625
2.7869298458099365
2.7692012786865234
2.82137131690979
2.8211700916290283
2.7338013648986816
2.686725616455078
2.7915198802948
2.8392844200134277
2.8270301818847656
2.6890182495117188
2.7942447662353516
2.7253735065460205
2.85408616065979
2.6680243015289307
2.7390830516815186
2.8053932189941406
2.7156436443328857
2.6881585121154785
2.5741727352142334
2.761352777481079
2.740267515182495
2.7960081100463867
2.8077282905578613
2.808328866958618
2.6945924758911133
2.755885124206543
2.943119764328003
2.7516398429870605
2.6190342903137207
2.796255350112915
2.7472708225250244
2.805511713027954
2.7808938026428223
2.739500045776367
2.708364963531494
2.8402466773986816
2.691302537918091
2.777085304260254
2.846372604370117
2.8433139324188232
2.7597274780273438
2.770310163497925
2.8970656394958496
2.656583786010742
2.7146801948547363
2.7021327018737793
2.785789966583252
2.817899227142334
2.881908893585205
2.797534942626953
2.683056116104126
2.7192394733428955
2.8209457397460938
2.6910533905029297
2.794861316680908
2.9041833877563477
2.7750439643859863
2.7916221618652344
2.7919576168060303
2.766930103302002
2.7523465156555176
2.705383062362671
2.771615982055664
2.829617977142334
2.754445791244507
2.818650007247925
2.697662353515625
2.640118360519409
2.7806460857391357
2.7018697261810303
2.785714626312256
2.680051565170288
2.718355655670166
2.7478911876678467
2.7566325664520264
2.782151222229004
2.8060688972473145
2.767387866973877
2.7795839309692383
2.7204651832580566
2.824103355407715
2.7472262382507324
2.742069959640503
2.895707607269287
2.788785457611084
2.895683765411377
2.7810134887695312
2.6828908920288086
2.660001277923584
2.8949904441833496
2.8586361408233643
2.6729230880737305
2.8258633613586426
2.718309164047241
2.7892637252807617
2.6249465942382812
2.822349786758423
2.7244598865509033
2.942732810974121
2.7264952659606934
2.738483428955078
2.7387993335723877
2.7090964317321777
2.734123468399048
2.8139350414276123
2.701941728591919
2.7620909214019775
2.7866904735565186
2.8430166244506836
2.736649990081787
2.7526187896728516
2.8378868103027344
2.8899612426757812
2.8529953956604004
2.8012301921844482
2.7030673027038574
2.858349561691284
2.9007840156555176
2.8084161281585693
2.6812920570373535
2.7649476528167725
2.688183307647705
2.9142003059387207
2.8773975372314453
2.7333426475524902
2.8892269134521484
2.7217657566070557
2.7475266456604004
2.8947508335113525
2.7424910068511963
2.707486152648926
2.594972610473633
2.6761982440948486
2.657474994659424
2.6753690242767334
2.844646453857422
2.849470853805542
2.6774094104766846
2.834280490875244
2.8602921962738037
2.7427847385406494
2.8223636150360107
2.678006649017334
2.81032657623291
2.7113165855407715
2.6423470973968506
2.805013656616211
2.754854679107666
2.6895651817321777
2.7387402057647705
2.7601795196533203
2.709718704223633
2.699026584625244
2.7314634323120117
2.7763547897338867
2.8532795906066895
2.695754051208496
2.76127290725708
2.7184324264526367
2.7318105697631836
2.7697536945343018
2.56715726852417
2.857152223587036
2.7241451740264893
2.80672287940979
2.7946438789367676
2.7504570484161377
2.773620128631592
2.725891351699829
2.7598865032196045
2.7891650199890137
2.7538208961486816
2.7041051387786865
2.7989485263824463
2.7473230361938477
2.667024850845337
2.6062936782836914
2.673131227493286
2.7148797512054443
2.8019986152648926
2.7598717212677
2.8052709102630615
2.703798770904541
2.7882039546966553
2.7911975383758545
2.6786768436431885
2.6532387733459473
2.7966666221618652
2.8020570278167725
2.701030731201172
2.7277262210845947
2.6534180641174316
2.8927783966064453
2.7257862091064453
2.7198705673217773
2.737837076187134
2.8298230171203613
2.635507583618164
2.803150177001953
2.8194096088409424
2.7876718044281006
2.740251302719116
2.7035648822784424
2.7608914375305176
2.7706570625305176
2.715399742126465
2.820178985595703
2.622506618499756
2.9156250953674316
2.7446558475494385
2.7213964462280273
2.717259407043457
2.7333831787109375
2.7138047218322754
2.840355396270752
2.606069803237915
2.7958710193634033
2.94138765335083
2.7284717559814453
2.7316696643829346
2.853969097137451
2.739428997039795
2.78113055229187
2.8110604286193848
2.8902719020843506
2.646958827972412
2.778928518295288
2.7074007987976074
2.6987051963806152
2.746291399002075
2.8562943935394287
2.7668960094451904
2.8684704303741455
2.633920192718506
2.756619691848755
2.9269890785217285
2.756227731704712
2.820262908935547
2.7392115592956543
2.710798501968384
2.8536431789398193
2.9674341678619385
2.672305107116699
2.7159714698791504
2.7103984355926514
2.6937060356140137
2.6907989978790283
2.6399500370025635
2.728970527648926
2.7981791496276855
2.697883367538452
2.854492664337158
2.8411922454833984
2.6822474002838135
2.762850046157837
2.7449796199798584
2.763843059539795
2.787851333618164
2.6900265216827393
2.7069168090820312
2.7276458740234375
2.663724422454834
2.6888387203216553
2.8211658000946045
2.7394628524780273
2.662386894226074
2.7277910709381104
2.7424702644348145
2.860262393951416
2.6759097576141357
2.8043935298919678
2.765421152114868
2.704683780670166
2.8467085361480713
2.7860336303710938
2.729804515838623
2.6777544021606445
2.65305233001709
2.7919280529022217
2.7831475734710693
2.8416748046875
2.7199625968933105
2.794891834259033
2.654414415359497
2.7510242462158203
2.7882485389709473
2.7957639694213867
2.622504711151123
2.6676971912384033
2.7655317783355713
2.76517391204834
2.8146026134490967
2.6911096572875977
2.699035406112671
2.826256275177002
2.7694056034088135
2.669980049133301
2.573289632797241
2.6498942375183105
2.788803815841675
2.7890965938568115
2.7636055946350098
2.7506840229034424
2.705138683319092
2.8828067779541016
2.6856539249420166
2.702458381652832
2.7020552158355713
2.8797976970672607
2.5895137786865234
2.91222882270813
2.7010650634765625
2.7574703693389893
2.7395713329315186
2.785616397857666
2.6611456871032715
2.7963833808898926
2.7157013416290283
2.80268931388855
2.7805440425872803
2.84842586517334
2.776395559310913
2.5745952129364014
2.6940972805023193
2.589491844177246
2.6422386169433594
2.814006805419922
2.597733736038208
2.640221357345581
2.716972589492798
2.762732744216919
2.8170645236968994
2.711535930633545
2.675605535507202
2.7306015491485596
2.7164082527160645
2.920170307159424
2.761138916015625
2.773418426513672
2.760774850845337
2.7775609493255615
2.889163017272949
2.661153554916382
2.712026834487915
2.7250630855560303
2.679591417312622
2.773123264312744
2.8169829845428467
2.731527090072632
2.805314540863037
2.7288944721221924
2.74082088470459
2.781439781188965
2.6199755668640137
2.7885022163391113
2.9361090660095215
2.666820764541626
2.7203428745269775
2.657454252243042
2.6807422637939453
2.6822948455810547
2.6655941009521484
2.800384759902954
2.6943933963775635
2.7379918098449707
2.605717897415161
2.7108359336853027
2.5356192588806152
2.881746292114258
2.6853222846984863
2.6989943981170654
2.7312135696411133
2.695631265640259
2.738988161087036
2.641813278198242
2.7895007133483887
2.7330000400543213
2.714721441268921
2.785811424255371
2.765392303466797
2.611344814300537
2.8255491256713867
2.755795478820801
2.7686777114868164
2.677178144454956
2.837505578994751
2.6531083583831787
2.670269727706909
2.843862771987915
2.695035457611084
2.7564549446105957
2.736821413040161
2.674654483795166
2.814349412918091
2.7452523708343506
2.6660878658294678
2.7226877212524414
2.733278751373291
2.783442258834839
2.6501269340515137
2.845950126647949
2.6354761123657227
2.6826725006103516
2.76411771774292
2.7348530292510986
2.7030670642852783
2.9391391277313232
2.822330951690674
2.906766891479492
2.671455144882202
2.7387807369232178
2.7322723865509033
2.697214365005493
2.6551389694213867
2.668532371520996
2.697967290878296
2.763291835784912
2.8184316158294678
2.7349958419799805
2.768528461456299
2.745051622390747
2.7642996311187744
2.711423397064209
2.766834259033203
2.7385356426239014
2.7334952354431152
2.7526745796203613
2.7970659732818604
2.6339542865753174
2.8868370056152344
2.63863468170166
2.808258056640625
2.6110739707946777
2.7421939373016357
2.8203682899475098
2.7718276977539062
2.594224214553833
2.7860171794891357
2.7595937252044678
2.7138304710388184
2.8165345191955566
2.732405185699463
2.8391849994659424
2.711277961730957
2.6721086502075195
2.7265546321868896
2.6931264400482178
2.644613742828369
2.932950496673584
2.603238821029663
2.7789061069488525
2.683704376220703
2.7401208877563477
2.7034547328948975
2.7253262996673584
2.7977871894836426
2.7034311294555664
2.682121753692627
2.7701315879821777
2.71990966796875
2.7852060794830322
2.7505156993865967
2.7514405250549316
2.6665382385253906
2.7920026779174805
2.68943190574646
2.7265536785125732
2.7311673164367676
2.8665645122528076
2.7764904499053955
2.701503038406372
2.672549247741699
2.716590642929077
2.7016403675079346
2.7717716693878174
2.8121471405029297
2.630185127258301
2.800257682800293
2.7859673500061035
2.726121187210083
2.762322425842285
2.7031819820404053
2.7814066410064697
2.765629291534424
2.7083775997161865
2.6511311531066895
2.682509183883667
2.7303662300109863
2.7115862369537354
2.8523781299591064
2.6694371700286865
2.8150691986083984
2.821146249771118
2.895855188369751
2.705305814743042
2.896219253540039
2.6705918312072754
2.68925142288208
2.7574334144592285
2.674945116043091
2.7379775047302246
2.909456968307495
2.751453161239624
2.7786266803741455
2.6671862602233887
2.7368593215942383
2.6297287940979004
2.592226028442383
2.679562568664551
2.736574411392212
2.7821407318115234
2.7645633220672607
2.771975040435791
2.7901909351348877
2.8319106101989746
2.59171199798584
2.6598246097564697
2.711489200592041
2.8133251667022705
2.6597189903259277
2.5700912475585938
2.5735156536102295
2.7191591262817383
2.7574989795684814
2.766160726547241
2.724836587905884
2.755061149597168
2.8164472579956055
2.8532161712646484
2.6064391136169434
2.7387263774871826
2.6322388648986816
2.6985652446746826
2.690294027328491
2.737593650817871
2.8544981479644775
2.725212574005127
2.6082303524017334
2.7059872150421143
2.752753973007202
2.6753571033477783
2.6616857051849365
2.6434693336486816
2.645737648010254
2.7494657039642334
2.578016996383667
2.740321397781372
2.8181309700012207
2.7156693935394287
2.621055841445923
2.775142192840576
2.5870800018310547
2.6619925498962402
2.741129159927368
2.629207134246826
2.6348955631256104
2.655343532562256
2.691502332687378
2.6720175743103027
2.7318363189697266
2.782078742980957
2.630547046661377
2.819443702697754
2.6455161571502686
2.6202731132507324
2.7303311824798584
2.711571455001831
2.7072489261627197
2.7180020809173584
2.6857173442840576
2.767075777053833
2.6863789558410645
2.8669402599334717
2.6454646587371826
2.806633472442627
2.7783007621765137
2.749786376953125
2.760699510574341
2.7695839405059814
2.6888208389282227
2.7645483016967773
2.7414462566375732
2.747833013534546
2.6692965030670166
2.7244606018066406
2.805274486541748
2.7905566692352295
2.603654623031616
2.6913630962371826
2.769096851348877
2.6790738105773926
2.779632091522217
2.8055732250213623
2.5875303745269775
2.6277737617492676
2.7492876052856445
2.80021333694458
2.808072566986084
2.722865343093872
2.7716479301452637
2.8129115104675293
2.72636342048645
2.6491055488586426
2.768733263015747
2.663630485534668
2.823664426803589
2.770993947982788
2.7839243412017822
2.7522897720336914
2.752887725830078
2.7376575469970703
2.7762255668640137
2.885664224624634
2.7625672817230225
2.8669779300689697
2.68097186088562
2.675140857696533
2.6541850566864014
2.8873891830444336
2.8006932735443115
2.539829969406128
2.6905806064605713
2.7241642475128174
2.6281275749206543
2.7152655124664307
2.6865432262420654
2.733309745788574
2.5915372371673584
2.776432514190674
2.8648576736450195
2.824716091156006
2.7537612915039062
2.5796358585357666
2.674715042114258
2.737588405609131
2.7255196571350098
2.7498700618743896
2.72572922706604
2.7743427753448486
2.7111730575561523
2.7015795707702637
2.8889338970184326
2.701993227005005
2.7113449573516846
2.7364704608917236
2.696441411972046
2.6166365146636963
2.754279136657715
2.6782312393188477
2.917917013168335
2.7693989276885986
2.6384310722351074
2.6479945182800293
2.7769439220428467
2.6755597591400146
2.6223556995391846
2.67179274559021
2.7370448112487793
2.7158336639404297
2.7147340774536133
2.6871542930603027
2.7521426677703857
2.577458620071411
2.649798631668091
2.618215322494507
2.690537214279175
2.6672897338867188
2.655421733856201
2.6799113750457764
2.7068536281585693
2.7934017181396484
2.7620480060577393
2.811028003692627
2.5944032669067383
2.6637017726898193
2.7665910720825195
2.5988433361053467
2.7417032718658447
2.629976749420166
2.763340711593628
2.874793529510498
2.6444506645202637
2.6514878273010254
2.707237482070923
2.6862924098968506
2.784548282623291
2.8686654567718506
2.7553791999816895
2.6866188049316406
2.8433291912078857
2.6362247467041016
2.906921625137329
2.791463851928711
2.83747935295105
2.6550731658935547
2.7286934852600098
2.759047031402588
2.7999439239501953
2.8428192138671875
2.725346088409424
2.7955915927886963
2.60483980178833
2.780750274658203
2.7720139026641846
2.630352735519409
2.760352611541748
2.6200180053710938
2.795632839202881
2.719280958175659
2.860325574874878
2.6784496307373047
2.7039523124694824
2.691619873046875
2.7199466228485107
2.632232904434204
2.692333936691284
2.8099334239959717
2.767774820327759
2.5908780097961426
2.7720577716827393
2.6952874660491943
2.654897689819336
2.706925392150879
2.610278844833374
2.679415702819824
2.760648488998413
2.692662477493286
2.7909607887268066
2.746778964996338
2.7514922618865967
2.656878709793091
2.673276424407959
2.7421422004699707
2.6459763050079346
2.7381930351257324
2.7065269947052
2.645127296447754
2.617908239364624
2.61095929145813
2.7781002521514893
2.654289484024048
2.565216541290283
2.700650453567505
2.744129180908203
2.729196310043335
2.7064599990844727
2.742025375366211
2.7166192531585693
2.6483442783355713
2.6644036769866943
2.759849786758423
2.619623899459839
2.682408094406128
2.7322371006011963
2.7629482746124268
2.7494332790374756
2.705069065093994
2.839017391204834
2.774174213409424
2.5789525508880615
2.743328094482422
2.6158607006073
2.707118272781372
2.703341484069824
2.914897918701172
2.6556923389434814
2.735377073287964
2.6548855304718018
2.7147023677825928
2.8857970237731934
2.761791467666626
2.6671078205108643
2.6105897426605225
2.7415266036987305
2.7066054344177246
2.746385335922241
2.629626750946045
2.6968777179718018
2.7099978923797607
2.6967079639434814
2.759516477584839
2.7641828060150146
2.6590752601623535
2.7356643676757812
2.65454363822937
2.7862448692321777
2.650649309158325
2.7444989681243896
2.675642728805542
2.8339834213256836
2.5612521171569824
2.798156261444092
2.7692711353302
2.6655826568603516
2.5829460620880127
2.639716148376465
2.7136380672454834
2.5599050521850586
2.872750759124756
2.7204277515411377
2.7319798469543457
2.703281879425049
2.751110315322876
2.560059070587158
2.689488410949707
2.6598384380340576
2.7338075637817383
2.7143776416778564
2.69914174079895
2.6578774452209473
2.734165906906128
2.7644600868225098
2.737440347671509
2.611400604248047
2.607329845428467
2.668468952178955
2.7106564044952393
2.6770925521850586
2.7375853061676025
2.778933525085449
2.7078769207000732
2.675475597381592
2.8694210052490234
2.6140880584716797
2.6463632583618164
2.5661094188690186
2.645099639892578
2.7664101123809814
2.711756467819214
2.7673795223236084
2.6771881580352783
2.688101053237915
2.5908567905426025
2.6413025856018066
2.5811221599578857
2.7661495208740234
2.7311298847198486
2.8477425575256348
2.751206398010254
2.619922399520874
2.711703300476074
2.765388250350952
2.7223000526428223
2.7536418437957764
2.6570231914520264
2.7052829265594482
2.654038906097412
2.8239550590515137
2.743304491043091
2.666698455810547
2.719552516937256
2.6146247386932373
2.6595354080200195
2.8177716732025146
2.6733505725860596
2.6775548458099365
2.617633104324341
2.764517068862915
2.869393825531006
2.836135149002075
2.700418472290039
2.7125022411346436
2.698590040206909
2.70892071723938
2.6431069374084473
2.60673189163208
2.7689225673675537
2.935127019882202
2.633798360824585
2.7057526111602783
2.6592655181884766
2.7935938835144043
2.617849588394165
2.6571199893951416
2.832392692565918
2.6564927101135254
2.6111578941345215
2.5800364017486572
2.6495254039764404
2.884430170059204
2.7211689949035645
2.6956868171691895
2.9407875537872314
2.717252016067505
2.673213481903076
2.8328962326049805
2.7186732292175293
2.8148844242095947
2.6502816677093506
2.598504066467285
2.8446645736694336
2.794285297393799
2.6944704055786133
2.8003652095794678
2.655949831008911
2.6715872287750244
2.6785037517547607
2.678903102874756
2.71743106842041
2.639038324356079
2.6792330741882324
2.6664440631866455
2.681591033935547
2.7685484886169434
2.7180089950561523
2.745403289794922
2.8518869876861572
2.6227805614471436
2.7682530879974365
2.712674140930176
2.737125873565674
2.741736888885498
2.8171114921569824
2.626089096069336
2.77189302444458
2.8007938861846924
2.662613868713379
2.729753017425537
2.577577829360962
2.7504327297210693
2.640199661254883
2.6538074016571045
2.6918606758117676
2.688126802444458
2.838768243789673
2.612985134124756
2.7488338947296143
2.7341058254241943
2.5964155197143555
2.5954535007476807
2.7309060096740723
2.742393970489502
2.5483946800231934
2.756466865539551
2.6866891384124756
2.6658008098602295
2.7234604358673096
2.825899124145508
2.772911787033081
2.599104166030884
2.665695905685425
2.7715702056884766
2.8013253211975098
2.6839921474456787
2.736851453781128
2.6876304149627686
2.709627389907837
2.6159286499023438
2.709465742111206
2.655613899230957
2.7780404090881348
2.768312454223633
2.76888108253479
2.8114914894104004
2.609354019165039
2.7096946239471436
2.688258647918701
2.8054349422454834
2.6572818756103516
2.7291369438171387
2.6071534156799316
2.7128095626831055
2.7156612873077393
2.6957170963287354
2.647454023361206
2.6661689281463623
2.660651922225952
2.678764820098877
2.608781576156616
2.7146713733673096
2.8005881309509277
2.748105764389038
2.7007360458374023
2.6404035091400146
2.77748441696167
2.676518440246582
2.747206687927246
2.775369882583618
2.799301862716675
2.6855926513671875
2.8463897705078125
2.7693145275115967
2.7573275566101074
2.7054903507232666
2.713038206100464
2.728710412979126
2.6256909370422363
2.6921279430389404
2.6012706756591797
2.685454845428467
2.717867374420166
2.6642074584960938
2.71272611618042
2.8205275535583496
2.7563345432281494
2.5562546253204346
2.727933645248413
2.6083528995513916
2.6666412353515625
2.707549571990967
2.641066551208496
2.72981858253479
2.743267297744751
2.7448432445526123
2.711012840270996
2.7072653770446777
2.67221999168396
2.6276378631591797
2.631439685821533
2.576876163482666
2.642392873764038
2.7002956867218018
2.682502031326294
2.620629072189331
2.6656994819641113
2.7431724071502686
2.7557637691497803
2.634310722351074
2.705521821975708
2.8170418739318848
2.7250592708587646
2.605801582336426
2.704136848449707
2.8132920265197754
2.7662601470947266
2.6379151344299316
2.6577062606811523
2.5660548210144043
2.6850717067718506
2.632113218307495
2.749570369720459
2.7363927364349365
2.61845064163208
2.6083643436431885
2.619091033935547
2.7785396575927734
2.623532772064209
2.6205530166625977
2.806225061416626
2.775485038757324
2.764693260192871
2.8267688751220703
2.6691672801971436
2.719705581665039
2.7128875255584717
2.768601894378662
2.63073992729187
2.6479568481445312
2.832289218902588
2.7798030376434326
2.643794536590576
2.7787058353424072
2.821141242980957
2.662377119064331
2.6424622535705566
2.6402511596679688
2.6315386295318604
2.7796108722686768
2.6706671714782715
2.733442783355713
2.7994065284729004
2.6525821685791016
2.6497137546539307
2.7022006511688232
2.653461456298828
2.677767276763916
2.7752819061279297
2.7463371753692627
2.702848434448242
2.678657293319702
2.740647792816162
2.644369125366211
2.6680545806884766
2.6490118503570557
2.6659514904022217
2.651200771331787
2.566422939300537
2.714088201522827
2.642280101776123
2.7122342586517334
2.691147804260254
2.6647887229919434
2.644422769546509
2.639359474182129
2.623472213745117
2.7418341636657715
2.6934285163879395
2.7318849563598633
2.8467772006988525
2.6946017742156982
2.657367706298828
2.86130690574646
2.7817928791046143
2.853140354156494
2.6621909141540527
2.645383834838867
2.657681465148926
2.668516159057617
2.762732744216919
2.880478620529175
2.6543517112731934
2.6110827922821045
2.6017754077911377
2.6778154373168945
2.7310566902160645
2.831181287765503
2.5929579734802246
2.6223912239074707
2.6754207611083984
2.622929096221924
2.737114667892456
2.5655517578125
2.7211153507232666
2.6734516620635986
2.75307559967041
2.7230331897735596
2.712501049041748
2.6340012550354004
2.7653329372406006
2.724830389022827
2.6971805095672607
2.759882926940918
2.702659845352173
2.654546022415161
2.8453550338745117
2.802816867828369
2.6845152378082275
2.7427868843078613
2.764734983444214
2.8151819705963135
2.7494633197784424
2.6970131397247314
2.7219581604003906
2.5722920894622803
2.7273752689361572
2.704941987991333
2.7197065353393555
2.7860543727874756
2.715801954269409
2.6825790405273438
2.655616044998169
2.6508493423461914
2.64159893989563
2.632056951522827
2.790454387664795
2.711805820465088
2.689729690551758
2.647129774093628
2.701678991317749
2.6743085384368896
2.8674206733703613
2.835240602493286
2.510345935821533
2.6962764263153076
2.6327812671661377
2.797229528427124
2.6757686138153076
2.652602195739746
2.7742273807525635
2.688352108001709
2.711534261703491
2.69293212890625
2.6441099643707275
2.6966991424560547
2.8117477893829346
2.6935949325561523
2.70886492729187
2.5605669021606445
2.680464029312134
2.645664930343628
2.6378173828125
2.6566147804260254
2.669933795928955
2.673494338989258
2.707439422607422
2.7230284214019775
2.700582504272461
2.709165573120117
2.6212284564971924
2.697497844696045
2.581857442855835
2.7042627334594727
2.6417388916015625
2.7588279247283936
2.7289624214172363
2.6006851196289062
2.869601249694824
2.68831729888916
2.6986639499664307
2.682114601135254
2.651886463165283
2.673140048980713
2.7563023567199707
2.565552234649658
2.756498098373413
2.681647539138794
2.8019497394561768
2.7167670726776123
2.649608850479126
2.7739806175231934
2.748748779296875
2.6220529079437256
2.7764790058135986
2.7171454429626465
2.633538007736206
2.768120527267456
2.6576356887817383
2.655470609664917
2.704625368118286
2.58770751953125
2.70180082321167
2.687269926071167
2.5367026329040527
2.658761978149414
2.78871488571167
2.782238721847534
2.7034847736358643
2.643550395965576
2.6438496112823486
2.7813923358917236
2.6249752044677734
2.609121084213257
2.7036077976226807
2.5925471782684326
2.711333751678467
2.8020544052124023
2.78271746635437
2.5988640785217285
2.960972547531128
2.813007116317749
2.620285749435425
2.8004937171936035
2.6992666721343994
2.6835954189300537
2.553175210952759
2.7773194313049316
2.8422372341156006
2.660766363143921
2.6244678497314453
2.8256306648254395
2.67881178855896
2.689429998397827
2.577087163925171
2.843904972076416
2.6537981033325195
2.62418794631958
2.7158589363098145
2.6595118045806885
2.7257018089294434
2.6861281394958496
2.81169056892395
2.709247350692749
2.667038917541504
2.6949639320373535
2.6740198135375977
2.7168586254119873
2.616835117340088
2.6853106021881104
2.742337226867676
2.833876132965088
2.7419872283935547
2.7314252853393555
2.9528725147247314
2.648750066757202
2.66462779045105
2.7218105792999268
2.8191468715667725
2.8156862258911133
2.69307804107666
2.531245708465576
2.675952434539795
2.5999577045440674
2.650677442550659
2.5891635417938232
2.7342045307159424
2.587672710418701
2.6145131587982178
2.668041706085205
2.664140462875366
2.6406123638153076
2.8627965450286865
2.7654953002929688
2.769216537475586
2.5786213874816895
2.5722789764404297
2.8470914363861084
2.7630324363708496
2.527867317199707
2.6228647232055664
2.83341646194458
2.6978015899658203
2.767627716064453
2.7303426265716553
2.662748098373413
2.6986303329467773
2.7838470935821533
2.7403266429901123
2.7629005908966064
2.6511096954345703
2.6224141120910645
2.6316702365875244
2.8248298168182373
2.5334551334381104
2.6908955574035645
2.8043932914733887
2.6692731380462646
2.71868634223938
2.7062835693359375
2.8546066284179688
2.615319013595581
2.638442277908325
2.736345052719116
2.7148988246917725
2.818206787109375
2.635742664337158
2.7939207553863525
2.7180187702178955
2.698875665664673
2.707148790359497
2.7350263595581055
2.73254656791687
2.674009084701538
2.6929562091827393
2.769826889038086
2.6909310817718506
2.803823709487915
2.65697979927063
2.7365777492523193
2.7082362174987793
2.6886420249938965
2.6092374324798584
2.6994290351867676
2.5789003372192383
2.738912343978882
2.627530574798584
2.759009599685669
2.7410757541656494
2.764307737350464
2.637368679046631
2.7651360034942627
2.713667869567871
2.757814407348633
2.6415483951568604
2.7666263580322266
2.697392463684082
2.693991184234619
2.6780877113342285
2.5333139896392822
2.6567327976226807
2.779944658279419
2.786345958709717
2.68717098236084
2.6504101753234863
2.619788646697998
2.6553080081939697
2.643928050994873
2.6284618377685547
2.7618560791015625
2.5474727153778076
2.6505773067474365
2.7634739875793457
2.754742383956909
2.608151435852051
2.6280202865600586
2.5877628326416016
2.6728148460388184
2.650329828262329
2.627896308898926
2.6852874755859375
2.7219626903533936
2.5767879486083984
2.687324047088623
2.780972957611084
2.6043741703033447
2.608830213546753
2.6809451580047607
2.606881618499756
2.7050790786743164
2.755464792251587
2.6216583251953125
2.6035962104797363
2.6957345008850098
2.7985987663269043
2.711378574371338
2.6231577396392822
2.5842394828796387
2.679145336151123
2.688319444656372
2.7305922508239746
2.6689045429229736
2.794004440307617
2.632399559020996
2.6711881160736084
2.885246753692627
2.661611795425415
2.772857904434204
2.8129220008850098
2.8025872707366943
2.731534957885742
2.686645269393921
2.770832061767578
2.7882919311523438
2.7119219303131104
2.6446499824523926
2.6526544094085693
2.736020803451538
2.6458303928375244
2.7471864223480225
2.6856260299682617
2.709948778152466
2.631800651550293
2.7349092960357666
2.6559829711914062
2.687093496322632
2.5463552474975586
2.850966453552246
2.6773808002471924
2.8105173110961914
2.7304670810699463
2.8778512477874756
2.710653781890869
2.620279312133789
2.635910749435425
2.710211992263794
2.8058419227600098
2.7038626670837402
2.6469409465789795
2.7728209495544434
2.606661319732666
2.689265727996826
2.6952764987945557
2.7223565578460693
2.696993112564087
2.7173540592193604
2.6688432693481445
2.7725329399108887
2.715925931930542
2.684859275817871
2.947571039199829
2.565345048904419
2.646754264831543
2.697324275970459
2.578977108001709
2.6124985218048096
2.7578201293945312
2.7600152492523193
2.72926664352417
2.589824676513672
2.711446523666382
2.7741482257843018
2.6682960987091064
2.6767334938049316
2.6719911098480225
2.6357009410858154
2.648362874984741
2.6692612171173096
2.837773323059082
2.628941535949707
2.540053606033325
2.6612491607666016
2.6555793285369873
2.707197427749634
2.6015186309814453
2.7635087966918945
2.6241455078125
2.6992154121398926
2.602721929550171
2.6928374767303467
2.5176002979278564
2.6329762935638428
2.6610043048858643
2.649782657623291
2.6880204677581787
2.6078438758850098
2.7960007190704346
2.676240921020508
2.687983989715576
2.7673592567443848
2.7315478324890137
2.565408706665039
2.692310333251953
2.8133537769317627
2.7572171688079834
2.6425466537475586
2.5923686027526855
2.6786441802978516
2.6132607460021973
2.708693742752075
2.660203218460083
2.7354393005371094
2.735774517059326
2.659895896911621
2.799201488494873
2.7240450382232666
2.7488746643066406
2.6030595302581787
2.6548399925231934
2.667764902114868
2.6126835346221924
2.7124998569488525
2.5617666244506836
2.510458469390869
2.6682019233703613
2.5796308517456055
2.663285255432129
2.6870248317718506
2.617663860321045
2.6859214305877686
2.651665449142456
2.7462527751922607
2.714987277984619
2.5471420288085938
2.739332914352417
2.8208136558532715
2.6516177654266357
2.732933521270752
2.6221299171447754
2.794574737548828
2.7399518489837646
2.754136323928833
2.6472854614257812
2.6308155059814453
2.6609628200531006
2.6921756267547607
2.611359119415283
2.6622626781463623
2.7725400924682617
2.7454583644866943
2.646317958831787
2.6027259826660156
2.7760658264160156
2.681886672973633
2.4954962730407715
2.737816572189331
2.762847423553467
2.6021883487701416
2.5684266090393066
2.8161723613739014
2.684901475906372
2.684046745300293
2.7056121826171875
2.6643359661102295
2.6340692043304443
2.6805951595306396
2.643714427947998
2.6554107666015625
2.6623992919921875
2.5721683502197266
2.6541218757629395
2.701083183288574
2.7189455032348633
2.8887975215911865
2.6963865756988525
2.6396985054016113
2.736558675765991
2.6696722507476807
2.769862413406372
2.6422548294067383
2.5431158542633057
2.617677927017212
2.7276453971862793
2.6306934356689453
2.780517339706421
2.6646127700805664
2.787121295928955
2.844618797302246
2.7110490798950195
2.838912010192871
2.7906506061553955
2.713906764984131
2.7131097316741943
2.6633055210113525
2.723965883255005
2.720392942428589
2.7078847885131836
2.6688170433044434
2.711357593536377
2.616665840148926
2.685818672180176
2.717280387878418
2.6296029090881348
2.693422317504883
2.641491651535034
2.8221657276153564
2.841360330581665
2.6187095642089844
2.7037434577941895
2.677140474319458
2.6109633445739746
2.597123146057129
2.5526318550109863
2.551189661026001
2.618091106414795
2.75581955909729
2.6914451122283936
2.7861289978027344
2.782043933868408
2.7947628498077393
2.712681770324707
2.6689672470092773
2.7918014526367188
2.6668035984039307
2.756885290145874
2.738112211227417
2.642397165298462
2.5485451221466064
2.7990305423736572
2.7731235027313232
2.587554454803467
2.6405653953552246
2.728181838989258
2.882075786590576
2.686325788497925
2.6626880168914795
2.539738178253174
2.7010819911956787
2.551874876022339
2.6557297706604004
2.7114994525909424
2.590630292892456
2.611673355102539
2.60250186920166
2.6582446098327637
2.6710219383239746
2.6779797077178955
2.7558705806732178
2.6043286323547363
2.678541898727417
2.634134531021118
2.803004503250122
2.675858974456787
2.7188799381256104
2.683096408843994
2.652078151702881
2.633134603500366
2.619558811187744
2.5737643241882324
2.6103975772857666
2.7727370262145996
2.7548694610595703
2.726733922958374
2.667081594467163
2.646138906478882
2.6624157428741455
2.749114513397217
2.6172173023223877
2.7596640586853027
2.694607973098755
2.6561880111694336
2.707881212234497
2.621401071548462
2.633002519607544
2.8282675743103027
2.741960287094116
2.692448616027832
2.7511982917785645
2.7146358489990234
2.6749637126922607
2.7063889503479004
2.674065589904785
2.7395825386047363
2.746526002883911
2.7313265800476074
2.6591522693634033
2.7088756561279297
2.670473575592041
2.6803033351898193
2.6170151233673096
2.6359071731567383
2.829619884490967
2.70334792137146
2.6558988094329834
2.7608258724212646
2.632505416870117
2.7451698780059814
2.8788375854492188
2.6328353881835938
2.8020238876342773
2.6474227905273438
2.727132797241211
2.6403868198394775
2.7020905017852783
2.514565944671631
2.7700111865997314
2.646589756011963
2.5453178882598877
2.7248690128326416
2.6258280277252197
2.6904139518737793
2.6828925609588623
2.771362066268921
2.694929838180542
2.7352564334869385
2.6938695907592773
2.7603676319122314
2.689908742904663
2.699934720993042
2.6411659717559814
2.7155189514160156
2.7762598991394043
2.801995277404785
2.7373194694519043
2.7357614040374756
2.7088863849639893
2.6604037284851074
2.6934213638305664
2.7235050201416016
2.6871116161346436
2.801783561706543
2.809025764465332
2.701716423034668
2.541339874267578
2.674971580505371
2.7241618633270264
2.725064277648926
2.742119550704956
2.7884140014648438
2.736128091812134
2.6179027557373047
2.7515599727630615
2.5616023540496826
2.590665340423584
2.7118053436279297
2.7216978073120117
2.5994248390197754
2.7230968475341797
2.6945462226867676
2.677093744277954
2.815917491912842
2.7170369625091553
2.6148900985717773
2.709318161010742
2.529670238494873
2.684628486633301
2.707169532775879
2.6936893463134766
2.70402455329895
2.7677297592163086
2.735499620437622
2.6453561782836914
2.739384174346924
2.632607936859131
2.6773629188537598
2.6405646800994873
2.750239133834839
2.885056972503662
2.704174280166626
2.6704471111297607
2.7766568660736084
2.6206068992614746
2.715951919555664
2.8059751987457275
2.7139527797698975
2.6331875324249268
2.6702184677124023
2.6386942863464355
2.6781046390533447
2.804623603820801
2.667769432067871
2.6950409412384033
2.6037204265594482
2.631237268447876
2.71038818359375
2.6755213737487793
2.6573901176452637
2.663850784301758
2.7011051177978516
2.603215217590332
2.6824278831481934
2.580691337585449
2.691494941711426
2.6718475818634033
2.6880197525024414
2.6010642051696777
2.7561774253845215
2.722054958343506
2.71083664894104
2.7581045627593994
2.6461496353149414
2.5808732509613037
2.522184371948242
2.639662265777588
2.625563621520996
2.712601661682129
2.7700934410095215
2.540379047393799
2.70379376411438
2.6368863582611084
2.714280128479004
2.59834623336792
2.727815866470337
2.6646459102630615
2.6167609691619873
2.7843587398529053
2.6583168506622314
2.7749805450439453
2.542191505432129
2.6266722679138184
2.6887083053588867
2.7376980781555176
2.653289794921875
2.620854377746582
2.6787703037261963
2.5376391410827637
2.6251049041748047
2.724391460418701
2.68778657913208
2.6904823780059814
2.6963984966278076
2.786734104156494
2.74589204788208
2.703312397003174
2.6657392978668213
2.8079442977905273
2.7166378498077393
2.6506693363189697
2.733175754547119
2.5759520530700684
2.8192713260650635
2.732588768005371
2.759321451187134
2.7569408416748047
2.679609537124634
2.6898040771484375
2.6006529331207275
2.8077762126922607
2.618443727493286
2.8284220695495605
2.627495765686035
2.6865687370300293
2.7399649620056152
2.699047327041626
2.6614787578582764
2.6571767330169678
2.6710808277130127
2.7053921222686768
2.7668817043304443
2.7924766540527344
2.6946144104003906
2.566469430923462
2.623465061187744
2.6964809894561768
2.539830207824707
2.564667224884033
2.6382250785827637
2.758002281188965
2.776700496673584
2.7260468006134033
2.8274855613708496
2.621291160583496
2.691545248031616
2.7005562782287598
2.5364553928375244
2.638294219970703
2.6955878734588623
2.7598483562469482
2.7745094299316406
2.7755234241485596
2.7894906997680664
2.568019151687622
2.894108772277832
2.6158976554870605
2.654853343963623
2.6278674602508545
2.6130213737487793
2.7526440620422363
2.762301206588745
2.670138359069824
2.56402325630188
2.649247884750366
2.672107696533203
2.677556037902832
2.760403871536255
2.760876417160034
2.7149548530578613
2.7163751125335693
2.6302101612091064
2.6856801509857178
2.7248921394348145
2.5701375007629395
2.7410619258880615
2.6826655864715576
2.6803603172302246
2.6451127529144287
2.626363754272461
2.6869099140167236
2.6610703468322754
2.7309703826904297
2.8873467445373535
2.672799825668335
2.71962833404541
2.5953242778778076
2.687730550765991
2.704735279083252
2.654620409011841
2.8084068298339844
2.6462347507476807
2.605924367904663
2.628967046737671
2.8617937564849854
2.621793508529663
2.6021103858947754
2.61519718170166
2.6773788928985596
2.6976876258850098
2.5866482257843018
2.733783483505249
2.6186683177948
2.7374179363250732
2.653634786605835
2.735788583755493
2.608003854751587
2.65803599357605
2.9233288764953613
2.656208038330078
2.740558624267578
2.705760955810547
2.6386234760284424
2.7145283222198486
2.854200839996338
2.6140127182006836
2.678877353668213
2.731273889541626
2.609811782836914
2.6700005531311035
2.706160068511963
2.568660020828247
2.7450010776519775
2.6381614208221436
2.769564151763916
2.627135753631592
2.614680051803589
2.8307151794433594
2.7769699096679688
2.6283304691314697
2.728372812271118
2.738680362701416
2.7082059383392334
2.804722785949707
2.694028377532959
2.68406081199646
2.6929500102996826
2.758610725402832
2.6949048042297363
2.6400668621063232
2.7029573917388916
2.7081828117370605
2.7644453048706055
2.7541258335113525
2.7457549571990967
2.711893320083618
2.799121856689453
2.6908726692199707
2.6564877033233643
2.625762701034546
2.624446392059326
2.653411626815796
2.57928204536438
2.6014199256896973
2.700129985809326
2.5892152786254883
2.596524477005005
2.6557745933532715
2.8348326683044434
2.648843765258789
2.6785788536071777
2.8566601276397705
2.7002055644989014
2.756654977798462
2.574230432510376
2.6466808319091797
2.558687925338745
2.7747159004211426
2.5489614009857178
2.797983407974243
2.597774028778076
2.5509674549102783
2.6912660598754883
2.5730767250061035
2.6042752265930176
2.509511709213257
2.6770060062408447
2.7038450241088867
2.597885847091675
2.7350690364837646
2.527884006500244
2.831226110458374
2.6834261417388916
2.6201860904693604
2.740772008895874
2.6842856407165527
2.624558210372925
2.689749240875244
2.736642599105835
2.4686262607574463
2.731243371963501
2.6399013996124268
2.6058273315429688
2.7248644828796387
2.720097064971924
2.6435959339141846
2.6765005588531494
2.6979191303253174
2.615678548812866
2.6847684383392334
2.668327569961548
2.679450035095215
2.595984697341919
2.658573865890503
2.702270746231079
2.576744556427002
2.6569907665252686
2.7477059364318848
2.62607741355896
2.6292569637298584
2.7499332427978516
2.6380014419555664
2.7019903659820557
2.7917749881744385
2.6903159618377686
2.6537911891937256
2.685426950454712
2.6916234493255615
2.5562665462493896
2.607253074645996
2.6557254791259766
2.638556957244873
2.584322690963745
2.6571552753448486
2.7034385204315186
2.8772575855255127
2.584700584411621
2.571261405944824
2.7993719577789307
2.6151516437530518
2.6690189838409424
2.585714101791382
2.772677421569824
2.613151788711548
2.7148356437683105
2.5388431549072266
2.6417765617370605
2.6744179725646973
2.727442502975464
2.666940450668335
2.772379159927368
2.6639010906219482
2.7448363304138184
2.6892597675323486
2.75602126121521
2.6363747119903564
2.6285862922668457
2.556303024291992
2.6862664222717285
2.789071559906006
2.757509708404541
2.6569082736968994
2.5410115718841553
2.7563838958740234
2.7609896659851074
2.804170846939087
2.606074333190918
2.7375118732452393
2.57448410987854
2.710952043533325
2.718787908554077
2.631213903427124
2.620757818222046
2.713266611099243
2.6574461460113525
2.690345287322998
2.6573805809020996
2.6013777256011963
2.735975503921509
2.6603050231933594
2.621525764465332
2.733633041381836
2.7690680027008057
2.7012081146240234
2.8410115242004395
2.6809730529785156
2.6122031211853027
2.856240749359131
2.5452733039855957
2.731912136077881
2.610968828201294
2.652167320251465
2.686959981918335
2.5598318576812744
2.784426212310791
2.65356183052063
2.628462314605713
2.6933345794677734
2.6946451663970947
2.6730589866638184
2.4900777339935303
2.7288966178894043
2.684817314147949
2.707421064376831
2.702571153640747
2.716864824295044
2.5482020378112793
2.69053053855896
2.6173179149627686
2.8460893630981445
2.792426824569702
2.6623106002807617
2.7195098400115967
2.7043285369873047
2.7846713066101074
2.702700138092041
2.516326904296875
2.7150557041168213
2.70356822013855
2.6269338130950928
2.727475881576538
2.6433732509613037
2.7618706226348877
2.696169376373291
2.581474781036377
2.5225250720977783
2.6749792098999023
2.72182559967041
2.6008334159851074
2.6180484294891357
2.6811468601226807
2.692995071411133
2.628582239151001
2.6795780658721924
2.679103374481201
2.781339168548584
2.6848716735839844
2.6986935138702393
2.7376532554626465
2.5607423782348633
2.6114203929901123
2.6734418869018555
2.818582773208618
2.6196069717407227
2.5391528606414795
2.6278278827667236
2.6818454265594482
2.7865424156188965
2.721055746078491
2.789045572280884
2.5849695205688477
2.644503593444824
2.5572822093963623
2.5570080280303955
2.671085834503174
2.533154249191284
2.6390175819396973
2.621687412261963
2.6552658081054688
2.6808221340179443
2.738055944442749
2.5673575401306152
2.757904052734375
2.60968279838562
2.674781084060669
2.633488178253174
2.725168228149414
2.7154221534729004
2.7217023372650146
2.836811065673828
2.650416612625122
2.6132619380950928
2.506479024887085
2.707766056060791
2.65761399269104
2.655756711959839
2.7852954864501953
2.5647988319396973
2.634817123413086
2.695465087890625
2.6057982444763184
2.6512069702148438
2.672138214111328
2.6433169841766357
2.5701611042022705
2.5581870079040527
2.8915488719940186
2.712465286254883
2.659311294555664
2.633762836456299
2.6260781288146973
2.8034374713897705
2.7475948333740234
2.5918853282928467
2.662755250930786
2.672955274581909
2.7765116691589355
2.7584993839263916
2.692533016204834
2.6203408241271973
2.5850462913513184
2.7071597576141357
2.6198315620422363
2.6036782264709473
2.6083784103393555
2.5325751304626465
2.640836238861084
2.6132936477661133
2.6627416610717773
2.6892905235290527
2.736409902572632
2.6256139278411865
2.589533567428589
2.632949113845825
2.59966778755188
2.660886526107788
2.587132692337036
2.5829591751098633
2.6171488761901855
2.607914447784424
2.5419392585754395
2.7237160205841064
2.6539652347564697
2.6603620052337646
2.63798451423645
2.5639140605926514
2.6558916568756104
2.582073211669922
2.7156243324279785
2.5953762531280518
2.6598310470581055
2.718585729598999
2.6410155296325684
2.7003066539764404
2.621356248855591
2.690056085586548
2.727360486984253
2.5555419921875
2.614190101623535
2.7582802772521973
2.558248281478882
2.7377657890319824
2.7189154624938965
2.579042911529541
2.6205456256866455
2.719038248062134
2.667581558227539
2.609872341156006
2.6319479942321777
2.7938363552093506
2.6051816940307617
2.612079620361328
2.7158496379852295
2.8215348720550537
2.5878350734710693
2.6563448905944824
2.820491075515747
2.7541403770446777
2.597949266433716
2.691967248916626
2.786823272705078
2.6801106929779053
2.641498327255249
2.684725522994995
2.697854995727539
2.7058115005493164
2.625108242034912
2.744725227355957
2.650076150894165
2.7922487258911133
2.734560966491699
2.616772413253784
2.6379897594451904
2.7141008377075195
2.635427951812744
2.6551637649536133
2.5586295127868652
2.755896806716919
2.6297175884246826
2.651547908782959
2.711536407470703
2.6599061489105225
2.7162985801696777
2.7412374019622803
2.7683370113372803
2.5914196968078613
2.6445443630218506
2.581804037094116
2.8565757274627686
2.6909902095794678
2.6655545234680176
2.681356191635132
2.6126174926757812
2.6055970191955566
2.6821787357330322
2.63578724861145
2.7007410526275635
2.5954458713531494
2.6547179222106934
2.63356614112854
2.728410482406616
2.788874626159668
2.6661057472229004
2.5746989250183105
2.726602077484131
2.6994552612304688
2.6600162982940674
2.7668001651763916
2.5367252826690674
2.7443790435791016
2.54897141456604
2.659498929977417
2.701993703842163
2.6465137004852295
2.6209025382995605
2.7841930389404297
2.586458683013916
2.721503257751465
2.698941469192505
2.657700538635254
2.6785526275634766
2.594212770462036
2.5586931705474854
2.6295530796051025
2.7763447761535645
2.7237069606781006
2.6947574615478516
2.6327626705169678
2.6109743118286133
2.6214780807495117
2.6364681720733643
2.6886534690856934
2.599600315093994
2.7483794689178467
2.628392219543457
2.7522926330566406
2.6953046321868896
2.4864025115966797
2.6380975246429443
2.571256637573242
2.578080177307129
2.6936399936676025
2.6927101612091064
2.6666345596313477
2.794220447540283
2.6582767963409424
2.564101219177246
2.676506280899048
2.5671401023864746
2.6549482345581055
2.7479045391082764
2.62679123878479
2.5704054832458496
2.796555995941162
2.6522254943847656
2.641126871109009
2.6310207843780518
2.5946929454803467
2.706650972366333
2.710465431213379
2.7417187690734863
2.5988669395446777
2.652287721633911
2.695676803588867
2.6290853023529053
2.6993284225463867
2.5602500438690186
2.7393250465393066
2.7031965255737305
2.679377794265747
2.710744619369507
2.6472256183624268
2.566678285598755
2.607630729675293
2.6738317012786865
2.7264745235443115
2.7852635383605957
2.564493179321289
2.7213430404663086
2.707042694091797
2.6901988983154297
2.620079517364502
2.505495548248291
2.524716854095459
2.5124833583831787
2.739234209060669
2.807857036590576
2.6992127895355225
2.6498963832855225
2.6731231212615967
2.6335747241973877
2.5696349143981934
2.7011733055114746
2.6694424152374268
2.6270275115966797
2.574446439743042
2.6493992805480957
2.6122591495513916
2.5623724460601807
2.740499258041382
2.6284241676330566
2.652683973312378
2.76971173286438
2.6646528244018555
2.635158061981201
2.651942729949951
2.6935911178588867
2.6618289947509766
2.5881729125976562
2.645869255065918
2.6427857875823975
2.7210452556610107
2.670276165008545
2.744020938873291
2.5869297981262207
2.605069875717163
2.765326976776123
2.628753423690796
2.5240747928619385
2.6824803352355957
2.6983139514923096
2.5115275382995605
2.6908211708068848
2.683717966079712
2.6983489990234375
2.6890835762023926
2.551008462905884
2.5880138874053955
2.6637277603149414
2.7548205852508545
2.838610887527466
2.6710596084594727
2.75338077545166
2.604336977005005
2.6359150409698486
2.6460862159729004
2.7034153938293457
2.6009583473205566
2.7044754028320312
2.754101276397705
2.6267683506011963
2.6170406341552734
2.6148295402526855
2.5991764068603516
2.6968348026275635
2.617285966873169
2.7177956104278564
2.78658390045166
2.531064987182617
2.6552553176879883
2.615964651107788
2.6742000579833984
2.6629605293273926
2.7428293228149414
2.6551859378814697
2.692004442214966
2.6815712451934814
2.638734817504883
2.577845335006714
2.6407458782196045
2.80754017829895
2.718153476715088
2.6038548946380615
2.481074333190918
2.9851324558258057
2.6754417419433594
2.631948232650757
2.7487592697143555
2.713850259780884
2.6955087184906006
2.6878557205200195
2.651603937149048
2.721601724624634
2.6126277446746826
2.6545557975769043
2.6628942489624023
2.676421642303467
2.8943121433258057
2.6578369140625
2.6528453826904297
2.658540964126587
2.6057558059692383
2.636362314224243
2.6429035663604736
2.6265475749969482
2.6599321365356445
2.7126576900482178
2.645310163497925
2.6010334491729736
2.811715841293335
2.626260757446289
2.777885675430298
2.5727670192718506
2.688422203063965
2.628101348876953
2.6453371047973633
2.5839157104492188
2.544083595275879
2.6631569862365723
2.602703094482422
2.6306564807891846
2.582726001739502
2.646245241165161
2.663071632385254
2.7162153720855713
2.6262664794921875
2.6439268589019775
2.5761911869049072
2.860302686691284
2.723681688308716
2.6619014739990234
2.6681735515594482
2.6301169395446777
2.632230758666992
2.645620822906494
2.6843936443328857
2.6552486419677734
2.598771572113037
2.691434144973755
2.6213109493255615
2.7594528198242188
2.8601791858673096
2.6450302600860596
2.590522289276123
2.718581438064575
2.688249111175537
2.621568202972412
2.6227314472198486
2.7293715476989746
2.6225476264953613
2.6585469245910645
2.628596305847168
2.7123208045959473
2.672874927520752
2.5557689666748047
2.6657280921936035
2.637247085571289
2.5936551094055176
2.6407437324523926
2.719146966934204
2.828094244003296
2.7104573249816895
2.8659117221832275
2.6392483711242676
2.637019157409668
2.6135473251342773
2.6395058631896973
2.7578392028808594
2.8039653301239014
2.634431838989258
2.6794769763946533
2.59220027923584
2.6300415992736816
2.7141528129577637
2.6309914588928223
2.6776111125946045
2.5868330001831055
2.625936508178711
2.7164039611816406
2.779883623123169
2.7068164348602295
2.6025447845458984
2.708057165145874
2.665876865386963
2.7072107791900635
2.680115222930908
2.5517079830169678
2.614865303039551
2.7364718914031982
2.6464178562164307
2.6527373790740967
2.632288932800293
2.764802932739258
2.7629613876342773
2.6038942337036133
2.72517991065979
2.7072153091430664
2.679626226425171
2.5916624069213867
2.7070393562316895
2.629837989807129
2.567842721939087
2.7145349979400635
2.610478162765503
2.620110511779785
2.6943256855010986
2.580796003341675
2.622955083847046
2.709291458129883
2.5624873638153076
2.4698147773742676
2.6484432220458984
2.6003448963165283
2.800584316253662
2.724750280380249
2.6364057064056396
2.6277542114257812
2.6879472732543945
2.462693214416504
2.7840867042541504
2.683896541595459
2.663506031036377
2.6832523345947266
2.632211685180664
2.6858479976654053
2.5743796825408936
2.5540616512298584
2.657560348510742
2.532379150390625
2.5957343578338623
2.5650923252105713
2.6704678535461426
2.6709394454956055
2.607698678970337
2.582760810852051
2.7129733562469482
2.6785950660705566
2.6365535259246826
2.668278455734253
2.6139655113220215
2.6360158920288086
2.6790847778320312
2.5618574619293213
2.717327833175659
2.639883279800415
2.6074557304382324
2.5763564109802246
2.7058494091033936
2.692305326461792
2.7336652278900146
2.568228244781494
2.592527389526367
2.711225748062134
2.744462490081787
2.730766773223877
2.609323024749756
2.5881452560424805
2.663215398788452
2.6364004611968994
2.56022572517395
2.6843369007110596
2.7187342643737793
2.619903326034546
2.676025629043579
2.6565232276916504
2.6871681213378906
2.7461965084075928
2.646735191345215
2.675421953201294
2.647728204727173
2.583421468734741
2.7578747272491455
2.658331871032715
2.701361656188965
2.6115050315856934
2.6684701442718506
2.731787919998169
2.5133676528930664
2.844780921936035
2.680107355117798
2.6616764068603516
2.6510164737701416
2.5866832733154297
2.631871223449707
2.626469373703003
2.6295325756073
2.7752411365509033
2.5909335613250732
2.6320407390594482
2.651136875152588
2.5826168060302734
2.5651121139526367
2.738973617553711
2.585721254348755
2.676722288131714
2.6232547760009766
2.6240150928497314
2.5632081031799316
2.7253293991088867
2.673550844192505
2.6258206367492676
2.5701091289520264
2.6404166221618652
2.6217615604400635
2.6113085746765137
2.833172559738159
2.6365199089050293
2.686722993850708
2.7292723655700684
2.727688789367676
2.5683181285858154
2.7655813694000244
2.64428973197937
2.664909839630127
2.620136022567749
2.6013381481170654
2.6319010257720947
2.7150516510009766
2.539015293121338
2.6772637367248535
2.6252083778381348
2.727719306945801
2.7034666538238525
2.7368617057800293
2.680513620376587
2.753232479095459
2.7116892337799072
2.5316524505615234
2.60833477973938
2.68788480758667
2.736337423324585
2.657787561416626
2.649540901184082
2.6647393703460693
2.6206345558166504
2.7614378929138184
2.6732895374298096
2.6802637577056885
2.8710567951202393
2.6976757049560547
2.6029391288757324
2.589982032775879
2.694462299346924
2.541067361831665
2.7611210346221924
