1.783799648284912
1.5556883811950684
1.1659234762191772
1.473939299583435
1.0589947700500488
0.9364189505577087
0.8245618939399719
0.8490009307861328
0.709315299987793
0.7241978049278259
0.6271573305130005
0.6404579281806946
0.5930342674255371
0.5003771185874939
0.5786551833152771
0.3818986117839813
0.4380488693714142
0.4131413698196411
0.481355220079422
0.479966402053833
0.7129005789756775
0.22227269411087036
0.517149806022644
0.39228108525276184
0.4687806963920593
0.38605520129203796
0.24224093556404114
0.4640822112560272
0.32695549726486206
0.3845282196998596
0.2743166387081146
0.2167002558708191
0.22538496553897858
0.405397891998291
0.27428188920021057
0.246021568775177
0.4985019266605377
0.611929714679718
0.3202056884765625
0.3081628680229187
0.2866101861000061
0.21593302488327026
0.2514931857585907
0.27069321274757385
0.2439965009689331
0.1957685500383377
0.17837482690811157
0.13032127916812897
0.22365307807922363
0.28103968501091003
0.3185633718967438
0.19486641883850098
0.3269416093826294
0.3614627718925476
0.3405190110206604
0.23135331273078918
0.25353577733039856
0.2184748351573944
0.24033446609973907
0.20651833713054657
0.22509124875068665
0.27574729919433594
0.11373044550418854
0.23763862252235413
0.3798064887523651
0.17338114976882935
0.23081383109092712
0.22623403370380402
0.25667399168014526
0.154555082321167
0.2225227802991867
0.19227108359336853
0.26893940567970276
0.14119534194469452
0.3936515748500824
0.2989095449447632
0.15186922252178192
0.12301621586084366
0.26905134320259094
0.2871644198894501
0.09542059898376465
0.25873520970344543
0.2949909269809723
0.11598318070173264
0.24414987862110138
0.13225317001342773
0.16161035001277924
0.17061135172843933
0.109649658203125
0.07820294052362442
0.0957341343164444
0.25889331102371216
0.24186259508132935
0.20171982049942017
0.11959575116634369
0.09816119819879532
0.1585165560245514
0.09123069047927856
0.11423386633396149
0.11988512426614761
0.24754175543785095
0.1639118641614914
0.15677344799041748
0.3675455152988434
0.1414448618888855
0.09181970357894897
0.22273865342140198
0.12422797083854675
0.13022956252098083
0.19633786380290985
0.15991951525211334
0.13901270925998688
0.16374529898166656
0.21665817499160767
0.05857529491186142
0.09232471883296967
0.20059818029403687
0.1263221651315689
0.1390799582004547
0.10736697167158127
0.09713910520076752
0.12605039775371552
0.18291263282299042
0.04157029092311859
0.14970579743385315
0.15126393735408783
0.18331174552440643
0.08524241298437119
0.10574519634246826
0.12043758481740952
0.1597774177789688
0.24892441928386688
0.16099120676517487
0.14209401607513428
0.11699897050857544
0.1701674908399582
0.08847155421972275
0.1387856900691986
0.13224652409553528
0.2785723805427551
0.11544670164585114
0.23973090946674347
0.1829492151737213
0.1734010875225067
0.09388647973537445
0.08996430784463882
0.22626332938671112
0.1228969469666481
0.23921121656894684
0.18727144598960876
0.05108596757054329
0.2600705921649933
0.1686035394668579
0.10840410739183426
0.1891278773546219
0.10969095677137375
0.08417350053787231
0.14006099104881287
0.22911173105239868
0.21551327407360077
0.05566585808992386
0.18346381187438965
0.1931997686624527
0.06881879270076752
0.11630818992853165
0.21741005778312683
0.09060674160718918
0.10973776131868362
0.097264863550663
0.17364460229873657
0.08756285905838013
0.08104688674211502
0.09248411655426025
0.13404828310012817
0.05387334153056145
0.07888853549957275
0.08847315609455109
0.0882335677742958
0.08010576665401459
0.07393578439950943
0.0688614621758461
0.058013662695884705
0.1443624496459961
0.312843382358551
0.06308136135339737
0.07811816781759262
0.09644783288240433
0.1321702003479004
0.04019036889076233
0.11761947721242905
0.1587652564048767
0.11104422062635422
0.15954741835594177
0.17354312539100647
0.13831859827041626
0.10154453665018082
0.054573457688093185
0.10005652904510498
0.12730221450328827
0.13071858882904053
0.14372722804546356
0.08201410621404648
0.06300463527441025
0.06464575231075287
0.13656754791736603
0.05972610414028168
0.08543850481510162
0.1742701530456543
0.07694490253925323
0.24686390161514282
0.07270222902297974
0.08143547922372818
0.08363522589206696
0.07402559369802475
0.11333922296762466
0.1224169209599495
0.035587385296821594
0.2539103627204895
0.04632928594946861
0.09832123667001724
0.13492578268051147
0.15342499315738678
0.08635944128036499
0.18003413081169128
0.087093286216259
0.07697224617004395
0.08484380692243576
0.11804427206516266
0.06934668868780136
0.07454713433980942
0.05881524085998535
0.18474788963794708
0.14068348705768585
0.03533940762281418
0.08375818282365799
0.07212849706411362
0.08853218704462051
0.07806683331727982
0.12071923911571503
0.0651526153087616
0.18495231866836548
0.10184594243764877
0.12692487239837646
0.04365965351462364
0.08344750106334686
0.0709552988409996
0.1272002011537552
0.04483114182949066
0.12780442833900452
0.25689223408699036
0.1551118642091751
0.03868076577782631
0.08077245205640793
0.06508985161781311
0.13647404313087463
0.17719273269176483
0.10536374151706696
0.10398390144109726
0.11571614444255829
0.04419039934873581
0.1325463503599167
0.022325314581394196
0.061475735157728195
0.1381385773420334
0.08482247591018677
0.07771756500005722
0.1306336522102356
0.030933132395148277
0.11322925239801407
0.14700980484485626
0.11875350773334503
0.04773518070578575
0.12054828554391861
0.06275659054517746
0.08360516279935837
0.01325092650949955
0.04259052127599716
0.06012081727385521
0.21008194983005524
0.14044615626335144
0.058098454028367996
0.10004593431949615
0.18012437224388123
0.15943437814712524
0.2758237421512604
0.05255214124917984
0.12088906019926071
0.12029173970222473
0.08915803581476212
0.10657825320959091
0.08510101586580276
0.08417315781116486
0.05345558747649193
0.04672946780920029
0.0689319297671318
0.08949705958366394
0.19995351135730743
0.08577794581651688
0.15360860526561737
0.11052576452493668
0.057515911757946014
0.06046513095498085
0.03898346796631813
0.14537036418914795
0.07097121328115463
0.05584641173481941
0.11039252579212189
0.2917502522468567
0.024428924545645714
0.04784739017486572
0.13425825536251068
0.07898960262537003
0.13305582106113434
0.11004570871591568
0.13953495025634766
0.13025377690792084
0.23445896804332733
0.03944673761725426
0.09266843646764755
0.17901203036308289
0.08968321233987808
0.07743144780397415
0.08178497850894928
0.1276809126138687
0.10523127764463425
0.24357666075229645
0.05951068177819252
0.06707069277763367
0.1222834438085556
0.20214498043060303
0.10235399752855301
0.1046658381819725
0.08338093757629395
0.10146289318799973
0.08601096272468567
0.07050877064466476
0.08303046226501465
0.024426428601145744
0.0599893182516098
0.06593705713748932
0.09382225573062897
0.10251530259847641
0.028824452310800552
0.05844810605049133
0.0804053246974945
0.06956672668457031
0.060518842190504074
0.034303952008485794
0.013900754041969776
0.07909612357616425
0.14171646535396576
0.03863619640469551
0.09406581521034241
0.07888966798782349
0.05863122269511223
0.0773070901632309
0.05996337905526161
0.12880244851112366
0.07471462339162827
0.11590448021888733
0.03871103748679161
0.019505716860294342
0.09819234162569046
0.09683084487915039
0.07956544309854507
0.1306946873664856
0.07091952860355377
0.06537231802940369
0.04535702243447304
0.0648249015212059
0.15451793372631073
0.06258387118577957
0.10113449394702911
0.1311207413673401
0.17936423420906067
0.03063040040433407
0.11417289823293686
0.10496333986520767
0.01984155923128128
0.039393436163663864
0.06208376586437225
0.036005645990371704
0.08713869750499725
0.1174798235297203
0.06677762418985367
0.06737177819013596
0.08711466193199158
0.0630895346403122
0.04674404487013817
0.1572830229997635
0.03672574460506439
0.08825380355119705
0.04215559363365173
0.044685713946819305
0.011040883138775826
0.09829001873731613
0.021149257197976112
0.05351850762963295
0.05140386521816254
0.10894839465618134
0.08830226212739944
0.056544531136751175
0.04266045615077019
0.04103031009435654
0.038125865161418915
0.14554087817668915
0.13518360257148743
0.061923954635858536
0.03888692706823349
0.048028409481048584
0.08364227414131165
0.2288191318511963
0.053317904472351074
0.08598839491605759
0.06291819363832474
0.06834505498409271
0.10820502042770386
0.1443864405155182
0.05975876376032829
0.09786297380924225
0.04590199887752533
0.040074124932289124
0.09412689507007599
0.169583261013031
0.14299516379833221
0.0688503235578537
0.13083425164222717
0.2145913690328598
0.08976513892412186
0.028599053621292114
0.052454203367233276
0.06600159406661987
0.09743776172399521
0.039826005697250366
0.08547951281070709
0.03961445391178131
0.04777345433831215
0.06876099109649658
0.08016978204250336
0.0776362419128418
0.0251142755150795
0.017168410122394562
0.0181285347789526
0.06435441225767136
0.12330663204193115
0.09836340695619583
0.05162510275840759
0.04734142869710922
0.056414585560560226
0.12784409523010254
0.08976032584905624
0.03813274949789047
0.10686933994293213
0.07665227353572845
0.07821463793516159
0.17895017564296722
0.06554258614778519
0.030327966436743736
0.019920052960515022
0.04763985425233841
0.08264615386724472
0.044264037162065506
0.06720944494009018
0.16721203923225403
0.07777228951454163
0.07363760471343994
0.223741352558136
0.17677538096904755
0.07149887084960938
0.04101560637354851
0.08423187583684921
0.08528421819210052
0.037695907056331635
0.022420968860387802
0.03294285386800766
0.06283184140920639
0.04686029255390167
0.13621960580348969
0.05368928611278534
0.10291195660829544
0.12119287252426147
0.0568857416510582
0.03476386144757271
0.05975345894694328
0.058990996330976486
0.08554445207118988
0.047722745686769485
0.0674392506480217
0.07256841659545898
0.016670331358909607
0.07788024842739105
0.05164816975593567
0.024032726883888245
0.07373784482479095
0.055674295872449875
0.0463482066988945
0.04093349725008011
0.11719569563865662
0.05953139066696167
0.03833955526351929
0.08544047176837921
0.06888599693775177
0.06533221155405045
0.049255531281232834
0.048143673688173294
0.03052804246544838
0.032508473843336105
0.04198242351412773
0.02323433943092823
0.06686931848526001
0.1221865639090538
0.11198770999908447
0.043414123356342316
0.09249323606491089
0.03920269384980202
0.04925733804702759
0.0545184351503849
0.08468327671289444
0.1042536199092865
0.08500780910253525
0.0698707327246666
0.11482230573892593
0.021500322967767715
0.16423945128917694
0.025128735229372978
0.05759111046791077
0.0499761700630188
0.14914508163928986
0.023468496277928352
0.015865953639149666
0.045013561844825745
0.05062190070748329
0.03429124876856804
0.037946917116642
0.029333796352148056
0.023399610072374344
0.09086473286151886
0.05295146256685257
0.016152726486325264
0.03527971729636192
0.03439179062843323
0.05810372158885002
0.06276513636112213
0.04487435147166252
0.06832177191972733
0.008348628878593445
0.03145058825612068
0.08373101055622101
0.038024984300136566
0.03408035635948181
0.03286956250667572
0.07583379000425339
0.026615949347615242
0.04115225747227669
0.02086099050939083
0.0926612913608551
0.06154792010784149
0.06933274120092392
0.05468055605888367
0.055786844342947006
0.09480908513069153
0.09453406929969788
0.06802082061767578
0.01512841135263443
0.041883569210767746
0.12913347780704498
0.0242626890540123
0.04044266417622566
0.028902366757392883
0.06329701840877533
0.08175608515739441
0.13885104656219482
0.043325942009687424
0.04647861048579216
0.04532283544540405
0.019982213154435158
0.029329191893339157
0.06369653344154358
0.08379543572664261
0.042100466787815094
0.16874921321868896
0.014013520441949368
0.008793504908680916
0.12071700394153595
0.020421026274561882
0.04846040531992912
0.059808824211359024
0.0858379378914833
0.013112916611135006
0.22759367525577545
0.0016784541076049209
0.08940499275922775
0.026150817051529884
0.11221522092819214
0.06740192323923111
0.03374021500349045
0.09199147671461105
0.059232134371995926
0.01299495343118906
0.14393791556358337
0.06625273823738098
0.06150146573781967
0.026656940579414368
0.04563417285680771
0.0318249873816967
0.04319537803530693
0.01550624892115593
0.08775807172060013
0.06192299723625183
0.03292809799313545
0.021123867481946945
0.04903048276901245
0.07688742130994797
0.08407143503427505
0.13763727247714996
0.009978977032005787
0.02643415704369545
0.09874333441257477
0.04900496080517769
0.1568409502506256
0.08963347226381302
0.04272036254405975
0.03518843650817871
0.02830948680639267
0.05197114124894142
0.021113969385623932
0.02723112143576145
0.08769617974758148
0.028779709711670876
0.09324020892381668
0.04295194894075394
0.01232376229017973
0.06454424560070038
0.05739126354455948
0.054564666002988815
0.07637769728899002
0.038604963570833206
0.014226008206605911
0.05402113497257233
0.04736063629388809
0.09346947818994522
0.013832330703735352
0.02006562054157257
0.017243767157197
0.14819057285785675
0.01963670551776886
0.03001580573618412
0.08990951627492905
0.00985157210379839
0.06129934638738632
0.06233803927898407
0.020969156175851822
0.026205265894532204
0.042428478598594666
0.06113427132368088
0.025121591985225677
0.07219719141721725
0.009251654148101807
0.07244130223989487
0.13614338636398315
0.03285267576575279
0.03714476525783539
0.07531452924013138
0.018504232168197632
0.031072359532117844
0.033161710947752
0.12536832690238953
0.011133149266242981
0.32262519001960754
0.10218042135238647
0.04947591945528984
0.08653874695301056
0.09387587010860443
0.037901777774095535
0.022719450294971466
0.044810060411691666
0.0404529944062233
0.0202244371175766
0.03863838315010071
0.047278955578804016
0.1000407412648201
0.031013334169983864
0.059112366288900375
0.08144954591989517
0.04796484112739563
0.014441019855439663
0.08555072546005249
0.036016084253787994
0.026367535814642906
0.07846464216709137
0.04032566398382187
0.08696287125349045
0.03522252291440964
0.013442018069326878
0.0253294724971056
0.0775589570403099
0.014340361580252647
0.06307896226644516
0.022698134183883667
0.022974958643317223
0.05092564970254898
0.011479784734547138
0.037333644926548004
0.016865519806742668
0.02172037400305271
0.11834496259689331
0.024357469752430916
0.03550782427191734
0.03108205832540989
0.014611669816076756
0.002587206196039915
0.059660181403160095
0.020663952454924583
0.017397943884134293
0.016636015847325325
0.10456449538469315
0.04277398809790611
0.11319530755281448
0.06557241082191467
0.06349943578243256
0.05415323004126549
0.04019176959991455
0.0533919557929039
0.034789133816957474
0.03842494636774063
0.07104263454675674
0.01762082614004612
0.012918704189360142
0.02216261997818947
0.046338941901922226
0.12322323769330978
0.013347557745873928
0.04784156754612923
0.04218793660402298
0.037501703947782516
0.052479516714811325
0.05274996533989906
0.022936077788472176
0.02204209193587303
0.017535293474793434
0.07831107825040817
0.07350560277700424
0.03140996769070625
0.029264021664857864
0.10410891473293304
0.055723000317811966
0.06141522154211998
0.02301572449505329
0.03462284430861473
0.04615575075149536
0.03938373178243637
0.05798624828457832
0.019543591886758804
0.03699948638677597
0.03949020430445671
0.09026215970516205
0.0451202467083931
0.07537845522165298
0.0722898468375206
0.062496528029441833
0.0476241298019886
0.07722041755914688
0.012214239686727524
0.017399130389094353
0.018854863941669464
0.07601641118526459
0.04840238392353058
0.050057269632816315
0.017668941989541054
0.0356738418340683
0.020890159532427788
0.04669627174735069
0.019850900396704674
0.05060737952589989
0.024214664474129677
0.05583612248301506
0.032609064131975174
0.12734754383563995
0.051032647490501404
0.018683085218071938
0.03734629228711128
0.03359156474471092
0.017692649737000465
0.16517950594425201
0.10826566815376282
0.011949772015213966
0.025628123432397842
0.018552497029304504
0.0032646614126861095
0.03521374985575676
0.031032748520374298
0.06478089094161987
0.05339781567454338
0.08015435189008713
0.036428917199373245
0.016726553440093994
0.006697457749396563
0.040402695536613464
0.01238012034446001
0.043029844760894775
0.08962131291627884
0.020634401589632034
0.021693872287869453
0.020213747397065163
0.06561539322137833
0.018586209043860435
0.08713880926370621
0.05668491870164871
0.11313764750957489
0.03747807815670967
0.0167533066123724
0.07160142064094543
0.007149325683712959
0.13827304542064667
0.10626582056283951
0.048381634056568146
0.050718992948532104
0.014079691842198372
0.04298780485987663
0.07452158629894257
0.013505218550562859
0.006591766141355038
0.023165924474596977
0.09091027826070786
0.07002094388008118
0.02862449362874031
0.05221346393227577
0.15386418998241425
0.03139791265130043
0.05945201590657234
0.0331585668027401
0.03134562820196152
0.03556682541966438
0.052873432636260986
0.027058033272624016
0.026714149862527847
0.0329451821744442
0.04332935810089111
0.031730785965919495
0.02193274535238743
0.03319542482495308
0.07811557501554489
0.07570566236972809
0.034618958830833435
0.010972646996378899
0.03152208402752876
0.015558391809463501
0.05482235550880432
0.1106167808175087
0.039239995181560516
0.01192124467343092
0.054655008018016815
0.03862486034631729
0.044386472553014755
0.01482844352722168
0.09380744397640228
0.0036075920797884464
0.058250393718481064
0.011356287635862827
0.007100831251591444
0.10658098757266998
0.014947330579161644
0.11416347324848175
0.030156126245856285
0.13939909636974335
0.015318199060857296
0.045046743005514145
0.05955016240477562
0.018869079649448395
0.051823053508996964
0.0905878096818924
0.07195247709751129
0.05447544902563095
0.06564220786094666
0.05289953202009201
0.08468407392501831
0.061818309128284454
0.03887464478611946
0.06672922521829605
0.009233620949089527
0.05680683255195618
0.01052614115178585
0.02544884942471981
0.11464224755764008
0.03721480444073677
0.04142726585268974
0.09312724322080612
0.027787722647190094
0.013612699694931507
0.042573537677526474
0.048330944031476974
0.02147471345961094
0.1906576156616211
0.02391056716442108
0.062136437743902206
0.06516056507825851
0.04345099627971649
0.07475719600915909
0.04159686714410782
0.004532563965767622
0.03584334999322891
0.025551078841090202
0.11498358100652695
0.039438534528017044
0.01781284622848034
0.06420111656188965
0.01963675580918789
0.02968866564333439
0.08888907730579376
0.01612844131886959
0.06274235248565674
0.0272994302213192
0.043409693986177444
0.07147330045700073
0.16017071902751923
0.00986421387642622
0.07133308053016663
0.029147733002901077
0.07222766429185867
0.06739046424627304
0.009201464243233204
0.05349050834774971
0.08940019458532333
0.052545979619026184
0.04190127179026604
0.042786650359630585
0.003773072501644492
0.026045138016343117
0.14936457574367523
0.08667831122875214
0.0954706221818924
0.05164788290858269
0.048065051436424255
0.05671907961368561
0.04141920804977417
0.013080141507089138
0.03450241684913635
0.07949527353048325
0.01729462295770645
0.00474482960999012
0.010549935512244701
0.019463473930954933
0.0972423404455185
0.06749902665615082
0.052000172436237335
0.0346050038933754
0.022992879152297974
0.004314865451306105
0.07774528861045837
0.06840763241052628
0.015968836843967438
0.06605297327041626
0.010487512685358524
0.06108644977211952
0.06638453900814056
0.1445746123790741
0.024014964699745178
0.09265654534101486
0.028067579492926598
0.008492567576467991
0.013326261192560196
0.033097121864557266
0.01734747737646103
0.08997184038162231
0.0882098525762558
0.028152544051408768
0.05591075122356415
0.015765462070703506
0.03787868097424507
0.07662531733512878
0.06752320379018784
0.01977156102657318
0.04776204749941826
0.03358851373195648
0.03576051816344261
0.0612143948674202
0.09912461787462234
0.05733457952737808
0.09479209035634995
0.06612377613782883
0.05344527214765549
0.01735926792025566
0.02595846727490425
0.0377369150519371
0.03904469683766365
0.03164273127913475
0.0394308976829052
0.07860159873962402
0.0017015489283949137
0.0796712189912796
0.053121887147426605
0.0033702775835990906
0.05833640322089195
0.05089005082845688
0.01197735033929348
0.098378986120224
0.016557062044739723
0.10348092019557953
0.052662137895822525
0.0855436623096466
0.015743134543299675
