3.514007329940796
2.904233694076538
2.347106456756592
2.118701934814453
1.9780032634735107
1.7880663871765137
1.7258309125900269
1.7380661964416504
1.216907024383545
1.4024955034255981
1.1876473426818848
1.1619676351547241
1.0533232688903809
1.1738049983978271
1.0291805267333984
0.9526578187942505
0.9850479364395142
1.008101224899292
0.8196579813957214
0.718462347984314
0.739417552947998
0.8047244548797607
0.7256801128387451
0.712350070476532
0.7761231660842896
0.5753505229949951
0.6633381843566895
0.6800690293312073
0.7692388296127319
0.6721197366714478
0.6232112050056458
0.6070926785469055
0.5646283030509949
0.7147886753082275
0.5491518378257751
0.48991766571998596
0.6429122090339661
0.541232705116272
0.47265779972076416
0.6053515672683716
0.45904675126075745
0.593880832195282
0.503233790397644
0.49724751710891724
0.5787030458450317
0.4433760643005371
0.5447589755058289
0.4814416766166687
0.3999633193016052
0.5324164628982544
0.48334190249443054
0.3814273476600647
0.4147762060165405
0.3878205418586731
0.48012223839759827
0.45718979835510254
0.4072779417037964
0.4881628155708313
0.4926491379737854
0.4212759733200073
0.49305862188339233
0.49030184745788574
0.43978387117385864
0.4434696435928345
0.498665988445282
0.4072110652923584
0.4757070243358612
0.49601295590400696
0.447049617767334
0.44367119669914246
0.447040319442749
0.4317418038845062
0.3748055696487427
0.4506148099899292
0.36151552200317383
0.4368401765823364
0.36555808782577515
0.40950286388397217
0.368484228849411
0.4661770761013031
0.4064452648162842
0.3847312033176422
0.3843148946762085
0.4195939898490906
0.41088104248046875
0.4565342962741852
0.33482474088668823
0.42796629667282104
0.36074692010879517
0.3767412304878235
0.3369846045970917
0.36002352833747864
0.37155675888061523
0.3580823540687561
0.37969547510147095
0.3528462052345276
0.38675445318222046
0.40352892875671387
0.372500479221344
0.3390582203865051
0.3745687007904053
0.3847638964653015
0.36160707473754883
0.3524070680141449
0.3569498658180237
0.3623522222042084
0.33921724557876587
0.4287203252315521
0.3563469648361206
0.3274746537208557
0.3061554729938507
0.37233757972717285
0.3142837882041931
0.37668442726135254
0.31173479557037354
0.33831873536109924
0.35663819313049316
0.3027772903442383
0.3349204957485199
0.31109386682510376
0.31837210059165955
0.3809567093849182
0.3139076232910156
0.3115750849246979
0.30055108666419983
0.30664628744125366
0.33331987261772156
0.3550053834915161
0.31400859355926514
0.33279693126678467
0.32895374298095703
0.2801341116428375
0.4561202824115753
0.33556878566741943
0.2849377989768982
0.3088577389717102
0.32698220014572144
0.342737078666687
0.3573436439037323
0.3810175359249115
0.3056778907775879
0.24747833609580994
0.28482282161712646
0.3238027095794678
0.3373498320579529
0.2645566463470459
0.3286363184452057
0.34331560134887695
0.28224503993988037
0.34458115696907043
0.322603315114975
0.2567310333251953
0.27718067169189453
0.30775320529937744
0.2674090564250946
0.27381759881973267
0.30240535736083984
0.28399229049682617
0.2761297821998596
0.3011341691017151
0.28292930126190186
0.3240938186645508
0.2870839834213257
0.29532068967819214
0.26442062854766846
0.24646681547164917
0.2596816420555115
0.30455005168914795
0.30880746245384216
0.2944824695587158
0.29056674242019653
0.3179740309715271
0.31148260831832886
0.285355806350708
0.28409653902053833
0.25775080919265747
0.40363895893096924
0.26774001121520996
0.25450778007507324
0.2954905033111572
0.25177475810050964
0.30620425939559937
0.31530794501304626
0.2709812521934509
0.2944594621658325
0.2493383288383484
0.26648569107055664
0.3177945017814636
0.3143804371356964
0.24632424116134644
0.2718307375907898
0.3482310175895691
0.2899206280708313
0.3176276683807373
0.2268976867198944
0.25893890857696533
0.3475055992603302
0.2674102187156677
0.24201416969299316
0.26129209995269775
0.2825632393360138
0.24523413181304932
0.22654803097248077
0.28695857524871826
0.2903805375099182
0.2585415840148926
0.2825131416320801
0.26555055379867554
0.26602208614349365
0.25681591033935547
0.2691825032234192
0.2649065852165222
0.22461634874343872
0.2770043611526489
0.279217392206192
0.2853737771511078
0.2957583963871002
0.2348020076751709
0.2887272238731384
0.302919864654541
0.27434927225112915
0.29697781801223755
0.23342089354991913
0.2921251058578491
0.21521517634391785
0.26518839597702026
0.2772502601146698
0.23168233036994934
0.2594216465950012
0.22695451974868774
0.274486243724823
0.2719356417655945
0.22159281373023987
0.2633666396141052
0.25653696060180664
0.23305360972881317
0.26874858140945435
0.2591894567012787
0.22442364692687988
0.28797590732574463
0.2603268623352051
0.2425215095281601
0.2600063681602478
0.2400059700012207
0.25519776344299316
0.24814847111701965
0.27713340520858765
0.21590273082256317
0.28364723920822144
0.23409613966941833
0.283194363117218
0.21476632356643677
0.27590566873550415
0.23343823850154877
0.241378515958786
0.25242123007774353
0.2641361355781555
0.28216761350631714
0.2625686526298523
0.2207903414964676
0.2687836289405823
0.2534942030906677
0.23523956537246704
0.2604803144931793
0.2578745186328888
0.21248123049736023
0.23988425731658936
0.2398257553577423
0.31008437275886536
0.2352096438407898
0.30863842368125916
0.25302284955978394
0.20970222353935242
0.21754580736160278
0.2561376690864563
0.27654406428337097
0.25980404019355774
0.259526789188385
0.22782689332962036
0.25525912642478943
0.19836729764938354
0.21904835104942322
0.22402365505695343
0.20789118111133575
0.2298051416873932
0.2441563755273819
0.25010982155799866
0.22125795483589172
0.2448020577430725
0.2594571113586426
0.2683280408382416
0.25068581104278564
0.20572860538959503
0.25404614210128784
0.23646405339241028
0.23539012670516968
0.22078704833984375
0.23606693744659424
0.22908924520015717
0.23344773054122925
0.24723750352859497
0.2303333878517151
0.2135666310787201
0.2439078390598297
0.2625490427017212
0.19116905331611633
0.19493992626667023
0.24958160519599915
0.2112163007259369
0.1958409547805786
0.21587949991226196
0.2303008735179901
0.2526717782020569
0.23288549482822418
0.24048511683940887
0.21656548976898193
0.23422634601593018
0.25451499223709106
0.23799282312393188
0.21304790675640106
0.22151422500610352
0.23038876056671143
0.21140579879283905
0.18488630652427673
0.2284684181213379
0.20305386185646057
0.21781617403030396
0.20751234889030457
0.21722716093063354
0.22564435005187988
0.21659034490585327
0.2352849543094635
0.21769747138023376
0.22931991517543793
0.24742549657821655
0.2178262621164322
0.1889796406030655
0.2573777139186859
0.22314147651195526
0.20857366919517517
0.21706974506378174
0.23958292603492737
0.190346360206604
0.19755659997463226
0.22825868427753448
0.18969425559043884
0.20428860187530518
0.21526917815208435
0.2059708535671234
0.1773722916841507
0.20917972922325134
0.20229649543762207
0.1926550716161728
0.21632827818393707
0.17907801270484924
0.2213602513074875
0.178690567612648
0.23002180457115173
0.23779506981372833
0.23272575438022614
0.21066653728485107
0.19987115263938904
0.19391852617263794
0.20501862466335297
0.19111880660057068
0.23911255598068237
0.193095862865448
0.19292110204696655
0.1860181838274002
0.1868886649608612
0.20592179894447327
0.2056601494550705
0.19624991714954376
0.24095238745212555
0.2065151035785675
0.20246589183807373
0.21547916531562805
0.22097563743591309
0.20345190167427063
0.23269881308078766
0.18086807429790497
0.21562397480010986
0.19361186027526855
0.25082314014434814
0.1954077184200287
0.2001878321170807
0.21572795510292053
0.22843658924102783
0.22271667420864105
0.16773566603660583
0.21704301238059998
0.21130242943763733
0.18098361790180206
0.21078497171401978
0.2791011929512024
0.20983663201332092
0.19355370104312897
0.18510015308856964
0.2069491147994995
0.191605806350708
0.21045780181884766
0.20147234201431274
0.18921543657779694
0.22781580686569214
0.21306218206882477
0.21704408526420593
0.2340473234653473
0.23834799230098724
0.19823132455348969
0.1790112853050232
0.20910075306892395
0.18412970006465912
0.20674686133861542
0.19914186000823975
0.21993309259414673
0.18682610988616943
0.21008795499801636
0.1894465982913971
0.20161119103431702
0.20758545398712158
0.1934090554714203
0.20428423583507538
0.19796793162822723
0.20060031116008759
0.1923133134841919
0.22103959321975708
0.20697535574436188
0.1992536187171936
0.21622920036315918
0.1888233721256256
0.21823137998580933
0.25004851818084717
0.18724465370178223
0.18789562582969666
0.21464219689369202
0.24307841062545776
0.18383267521858215
0.24818146228790283
0.24708439409732819
0.2169671654701233
0.19981108605861664
0.20522931218147278
0.2219090461730957
0.20230650901794434
0.1883234679698944
0.20239415764808655
0.19566023349761963
0.1910143792629242
0.19716250896453857
0.17514735460281372
0.1935339868068695
0.20091968774795532
0.2071285843849182
0.19480881094932556
0.1839088499546051
0.20635291934013367
0.20815825462341309
0.1928148716688156
0.19676977396011353
0.2551174759864807
0.24956044554710388
0.1805151402950287
0.24253156781196594
0.18354365229606628
0.1832239031791687
0.20466868579387665
0.1930508017539978
0.20999518036842346
0.18296974897384644
0.2174377739429474
0.20437076687812805
0.18084993958473206
0.18820813298225403
0.22682473063468933
0.18164673447608948
0.18776088953018188
0.1784159541130066
0.20546938478946686
0.19737231731414795
0.20632460713386536
0.203746497631073
0.18610434234142303
0.19056853652000427
0.21825429797172546
0.19015982747077942
0.19292601943016052
0.1756596863269806
0.20164093375205994
0.21377837657928467
0.21206921339035034
0.18629983067512512
0.19346635043621063
0.19905036687850952
0.20827701687812805
0.21877023577690125
0.22876906394958496
0.20245391130447388
0.2196325957775116
0.21676921844482422
0.19464382529258728
0.18382729589939117
0.18234041333198547
0.19842037558555603
0.190233051776886
0.171965554356575
0.17940764129161835
0.2138790488243103
0.19568470120429993
0.22679659724235535
0.18466141819953918
0.19303277134895325
0.17355182766914368
0.1854323148727417
0.19773700833320618
0.2067566215991974
0.2019127607345581
0.20513278245925903
0.20992638170719147
0.1947198212146759
0.18283595144748688
0.1929376721382141
0.18619424104690552
0.21673926711082458
0.1908145546913147
0.17017841339111328
0.19322866201400757
0.22705847024917603
0.20702418684959412
0.1699904203414917
0.18792615830898285
0.19528698921203613
0.19398349523544312
0.1855945587158203
0.19448858499526978
0.17770782113075256
0.19156920909881592
0.18951833248138428
0.22269892692565918
0.18829451501369476
0.19212594628334045
0.18705955147743225
0.18404987454414368
0.18660274147987366
0.1794884353876114
0.2087492197751999
0.2244674414396286
0.1782180666923523
0.17223399877548218
0.18999072909355164
0.1938399076461792
0.17609162628650665
0.18710142374038696
0.1827017366886139
0.20492945611476898
0.16811811923980713
0.1728750318288803
0.18639184534549713
0.18773691356182098
0.18876706063747406
0.19917793571949005
0.18137845396995544
0.17410308122634888
0.17872995138168335
0.1587420552968979
0.16311965882778168
0.19761928915977478
0.18839699029922485
0.18578346073627472
0.18209385871887207
0.18765676021575928
0.1779797375202179
0.18119777739048004
0.19732975959777832
0.16152653098106384
0.1975872814655304
0.18969039618968964
0.1739044040441513
0.18256345391273499
0.18549764156341553
0.18390855193138123
0.1758427768945694
0.20255404710769653
0.17308583855628967
0.1979561448097229
0.19915075600147247
0.1801365166902542
0.20769211649894714
0.19671165943145752
0.19194477796554565
0.18010109663009644
0.20657026767730713
0.19293901324272156
0.18617244064807892
0.21406635642051697
0.18274718523025513
0.16818633675575256
0.18069899082183838
0.19005903601646423
0.19673675298690796
0.18549427390098572
0.17712806165218353
0.18584772944450378
0.17474113404750824
0.19993391633033752
0.17675752937793732
0.17012938857078552
0.1817130148410797
0.19500002264976501
0.17655299603939056
0.1705506592988968
0.20819061994552612
0.1945054829120636
0.16553407907485962
0.1923801302909851
0.16479875147342682
0.16488486528396606
0.1865355670452118
0.18344208598136902
0.21763518452644348
0.23332244157791138
0.18080708384513855
0.19630011916160583
0.21932528913021088
0.1689395308494568
0.17851315438747406
0.19272394478321075
0.1856587678194046
0.14793400466442108
0.1789238452911377
0.1831519603729248
0.175191268324852
0.1883791983127594
0.1797976791858673
0.1999092400074005
0.1859569251537323
0.18505728244781494
0.17198076844215393
0.1915474534034729
0.17204555869102478
0.17038561403751373
0.21522952616214752
0.1819140911102295
0.1630382537841797
0.16870790719985962
0.18149462342262268
0.17871645092964172
0.183506041765213
0.19409620761871338
0.190971240401268
0.16785235702991486
0.17638449370861053
0.18084359169006348
0.16252827644348145
0.1857198178768158
0.15972337126731873
0.16626113653182983
0.16478344798088074
0.18927736580371857
0.1798492968082428
0.1607169657945633
0.21381789445877075
0.16301271319389343
0.1847401261329651
0.1869003176689148
0.17118623852729797
0.18211084604263306
0.16376936435699463
0.16632121801376343
0.1865491271018982
0.18095116317272186
0.18152447044849396
0.19262802600860596
0.16713818907737732
0.1943034529685974
0.19127245247364044
0.16838370263576508
0.16395308077335358
0.14498259127140045
0.17081883549690247
0.18714630603790283
0.1754186749458313
0.17098364233970642
0.17545334994792938
0.17876823246479034
0.17258785665035248
0.17572008073329926
0.20311018824577332
0.15382856130599976
0.19031071662902832
0.1945461928844452
0.17725831270217896
0.17546159029006958
0.16540762782096863
0.1956166923046112
0.16991735994815826
0.16396738588809967
0.1713162064552307
0.19411888718605042
0.23726247251033783
0.1553526371717453
0.1641533076763153
0.196250319480896
0.1666279286146164
0.18132850527763367
0.18104717135429382
0.19163751602172852
0.1828855574131012
0.16416800022125244
0.1521608978509903
0.15686044096946716
0.17247572541236877
0.17321978509426117
0.14877863228321075
0.17052286863327026
0.1625504493713379
0.179326593875885
0.16513624787330627
0.17702002823352814
0.19303232431411743
0.19196796417236328
0.17292295396327972
0.15300995111465454
0.17354810237884521
0.2016141712665558
0.169221431016922
0.18943960964679718
0.19489739835262299
0.174089714884758
0.18531930446624756
0.17246219515800476
0.15995438396930695
0.15732404589653015
0.16989031434059143
0.1580612063407898
0.16725368797779083
0.20745588839054108
0.14865966141223907
0.1680462807416916
0.19895634055137634
0.16193345189094543
0.18273888528347015
0.1714678704738617
0.196798175573349
0.18420135974884033
0.183078333735466
0.16533486545085907
0.20568127930164337
0.17373774945735931
0.16319796442985535
0.16778622567653656
0.1812649667263031
0.1685699224472046
0.1801619529724121
0.18814712762832642
0.18357834219932556
0.1989317238330841
0.16531559824943542
0.15989360213279724
0.17615483701229095
0.1845383644104004
0.2219609022140503
0.17385484278202057
0.16453079879283905
0.16527847945690155
0.14834614098072052
0.16887444257736206
0.17057476937770844
0.18006011843681335
0.17722688615322113
0.17955823242664337
0.17244169116020203
0.16265346109867096
0.17949827015399933
0.18268311023712158
0.1973937451839447
0.18752944469451904
0.17244182527065277
0.1589674949645996
0.16532829403877258
0.16734382510185242
0.17047151923179626
0.1886577606201172
0.16943013668060303
0.1820739507675171
0.17138874530792236
0.16544760763645172
0.1946670264005661
0.1926654577255249
0.18125763535499573
0.16487844288349152
0.18023979663848877
0.16898487508296967
0.15969201922416687
0.17315974831581116
0.1644415557384491
0.15013697743415833
0.1644657701253891
0.16407965123653412
0.18494297564029694
0.1520107090473175
0.15205298364162445
0.16688981652259827
0.1707276999950409
0.14908793568611145
0.16319844126701355
0.1704881638288498
0.16612723469734192
0.16135337948799133
0.1586662083864212
0.15338581800460815
0.17011484503746033
0.17543423175811768
0.1663113683462143
0.18242469429969788
0.15742680430412292
0.14654459059238434
0.16808536648750305
0.1886916309595108
0.1542709320783615
0.16653013229370117
0.1476990282535553
0.1718343198299408
0.20046070218086243
0.15907031297683716
0.16236592829227448
0.16543608903884888
0.15593263506889343
0.16412128508090973
0.15574690699577332
0.16069036722183228
0.16261915862560272
0.21132197976112366
0.15124741196632385
0.2007283866405487
0.15288116037845612
0.17439384758472443
0.1446668952703476
0.15677160024642944
0.17424410581588745
0.16416867077350616
0.16211172938346863
0.16487574577331543
0.1562686413526535
0.15265685319900513
0.14811767637729645
0.17664456367492676
0.16775831580162048
0.1673477739095688
0.16422075033187866
0.1688404381275177
0.173814594745636
0.1802806854248047
0.19253286719322205
0.15145570039749146
0.16037636995315552
0.1758468747138977
0.1895870864391327
0.15967708826065063
0.15308372676372528
0.1662704348564148
0.16584616899490356
0.15160313248634338
0.15584495663642883
0.17319372296333313
0.19403411448001862
0.15715745091438293
0.1535956859588623
0.1964140236377716
0.16402193903923035
0.1518498659133911
0.17308667302131653
0.17474457621574402
0.15081948041915894
0.158828467130661
0.15440505743026733
0.18069660663604736
0.175453782081604
0.15401871502399445
0.17679578065872192
0.17640778422355652
0.17244748771190643
0.14708834886550903
0.15821821987628937
0.15069124102592468
0.1733061820268631
0.16395018994808197
0.15669238567352295
0.15599356591701508
0.17862588167190552
0.1559431552886963
0.14513175189495087
0.17000505328178406
0.16373701393604279
0.16184745728969574
0.18068628013134003
0.15250283479690552
0.1730937510728836
0.16748666763305664
0.18122965097427368
0.1770704686641693
0.14101280272006989
0.18279194831848145
0.16999295353889465
0.19304028153419495
0.14935939013957977
0.17133712768554688
0.17550213634967804
0.16730526089668274
0.1624964028596878
0.1551242619752884
0.17233271896839142
0.14812752604484558
0.18209731578826904
0.1904156357049942
0.14357595145702362
0.178164541721344
0.17305240035057068
0.16789686679840088
0.16077929735183716
0.15065063536167145
0.16806939244270325
0.20851421356201172
0.1715177744626999
0.15856307744979858
0.1598021239042282
0.19825118780136108
0.1526367962360382
0.1506519615650177
0.15544620156288147
0.17012685537338257
0.15151461958885193
0.17580150067806244
0.15222030878067017
0.16361096501350403
0.14918655157089233
0.15739768743515015
0.15407177805900574
0.15306615829467773
0.15560099482536316
0.1876571774482727
0.1447470784187317
0.14193113148212433
0.15741947293281555
0.18081074953079224
0.15820232033729553
0.15175747871398926
0.14156724512577057
0.1425895243883133
0.1643671691417694
0.16178220510482788
0.1707977056503296
0.14886347949504852
0.15989065170288086
0.16240766644477844
0.1498749703168869
0.16213735938072205
0.1554921269416809
0.147591233253479
0.14834721386432648
0.172796830534935
0.15897415578365326
0.15524819493293762
0.20160363614559174
0.1647278219461441
0.15681114792823792
0.17866356670856476
0.158349871635437
0.1785721331834793
0.15828393399715424
0.16822898387908936
0.17689135670661926
0.15585404634475708
0.1597847044467926
0.16474176943302155
0.15128621459007263
0.16872623562812805
0.15804177522659302
0.15060612559318542
0.14054898917675018
0.18162676692008972
0.16625845432281494
0.15381303429603577
0.14060723781585693
0.18016454577445984
0.20368042588233948
0.15383704006671906
0.15979653596878052
0.14605145156383514
0.15549293160438538
0.158913254737854
0.15621888637542725
0.15709540247917175
0.15954318642616272
0.17955031991004944
0.1688225418329239
0.14459741115570068
0.17542117834091187
0.15806998312473297
0.15934765338897705
0.14717939496040344
0.14990541338920593
0.1576249599456787
0.15080958604812622
0.1613304316997528
0.15340644121170044
0.19536250829696655
0.14732903242111206
0.14897538721561432
0.1720891296863556
0.1720115840435028
0.15686573088169098
0.17265376448631287
0.1520998626947403
0.1702587604522705
0.1750325709581375
0.1495470404624939
0.15353786945343018
0.16865688562393188
0.15848013758659363
0.14021123945713043
0.1892058253288269
0.17708048224449158
0.1592649519443512
0.1648503839969635
0.17242828011512756
0.1502172350883484
0.15974336862564087
0.17280395328998566
0.17076236009597778
0.14597678184509277
0.14236703515052795
0.17195242643356323
0.15174299478530884
0.15116308629512787
0.15090399980545044
0.15241944789886475
0.1684798002243042
0.16148722171783447
0.16958242654800415
0.17396244406700134
0.16458027064800262
0.17920008301734924
0.14763188362121582
0.1502070426940918
0.1928403675556183
0.16807490587234497
0.15963342785835266
0.17831526696681976
0.16279946267604828
0.1732252538204193
0.15453870594501495
0.1568295806646347
0.1532343178987503
0.14726947247982025
0.17395251989364624
0.16319683194160461
0.1670392006635666
0.16803187131881714
0.14059269428253174
0.18210500478744507
0.180869460105896
0.14999423921108246
0.14344239234924316
0.1524345725774765
0.15311048924922943
0.18019303679466248
0.14242716133594513
0.15807153284549713
0.1621236801147461
0.1464165449142456
0.1449495404958725
0.1428489089012146
0.15936334431171417
0.16366709768772125
0.17973260581493378
0.17198583483695984
0.15403279662132263
0.16113176941871643
0.15237203240394592
0.15115897357463837
0.18269219994544983
0.14834140241146088
0.171180859208107
0.1679103970527649
0.16652421653270721
0.16567689180374146
0.15379680693149567
0.15422885119915009
0.16332697868347168
0.14754416048526764
0.15239468216896057
0.13625577092170715
0.1525602489709854
0.14549623429775238
0.16425640881061554
0.15624891221523285
0.1546764224767685
0.1412806361913681
0.18147189915180206
0.1496368646621704
0.16443070769309998
0.15604744851589203
0.17413967847824097
0.19899612665176392
0.14448030292987823
0.14386087656021118
0.1450289934873581
0.16655422747135162
0.1770833283662796
0.16478562355041504
0.1622072160243988
0.1645331084728241
0.15942557156085968
0.1638289839029312
0.16445375978946686
0.1581108570098877
0.15370702743530273
0.16227789223194122
0.15109744668006897
0.14723770320415497
0.14927496016025543
0.14347758889198303
0.14780841767787933
0.1515754759311676
0.1553555727005005
0.1384921818971634
0.14440405368804932
0.15863321721553802
0.13742201030254364
0.16242724657058716
0.14999650418758392
0.15587583184242249
0.170264333486557
0.14070288836956024
0.1609053611755371
0.1478206068277359
0.1449575126171112
0.1448032259941101
0.14324074983596802
0.15106606483459473
0.15028607845306396
0.15269158780574799
0.14548642933368683
0.1348850429058075
0.16381970047950745
0.1800650656223297
0.14351576566696167
0.15080580115318298
0.18782921135425568
0.1581614911556244
0.1461450308561325
0.1417355090379715
0.16876301169395447
0.148829847574234
0.15364661812782288
0.17309918999671936
0.1645582765340805
0.14607620239257812
0.1434537172317505
0.1511330008506775
0.1629929095506668
0.14535130560398102
0.1424378603696823
0.16133899986743927
0.18217498064041138
0.15692298114299774
0.17344988882541656
0.1560085117816925
0.14924947917461395
0.15139266848564148
0.19548994302749634
0.15694019198417664
0.1373184770345688
0.14133813977241516
0.15146039426326752
0.16070044040679932
0.16221031546592712
0.14690202474594116
0.1508181095123291
0.17067837715148926
0.14733390510082245
0.1619337797164917
0.14459985494613647
0.1501997411251068
0.15729790925979614
0.14383916556835175
0.17662358283996582
0.17560303211212158
0.1599748134613037
0.1723240613937378
0.17901082336902618
0.1651388257741928
0.16673225164413452
0.155950665473938
0.15229099988937378
0.15459278225898743
0.13962912559509277
0.1602390557527542
0.1540020853281021
0.15224939584732056
0.1382075399160385
0.1540897935628891
0.14337831735610962
0.16367799043655396
0.1680852174758911
0.13795503973960876
0.17072266340255737
0.16000056266784668
0.14298227429389954
0.16574835777282715
0.13729068636894226
0.16279950737953186
0.14853443205356598
0.14748945832252502
0.18186064064502716
0.14459621906280518
0.13787716627120972
0.14244410395622253
0.14577732980251312
0.14769279956817627
0.18690526485443115
0.16099393367767334
0.1503419727087021
0.15087616443634033
0.17780889570713043
0.16932034492492676
0.17653945088386536
0.13669262826442719
0.14920251071453094
0.1401745080947876
0.15764212608337402
0.13718724250793457
0.14629477262496948
0.1478891670703888
0.1490253359079361
0.16493692994117737
0.15200671553611755
0.1502838134765625
0.15208490192890167
0.14712496101856232
0.15447577834129333
0.13610577583312988
0.16807407140731812
0.1426723450422287
0.14610591530799866
0.18282130360603333
0.189103364944458
0.20838437974452972
0.13785235583782196
0.1562279760837555
0.1778588891029358
0.14258384704589844
0.16755491495132446
0.14414829015731812
0.1495182067155838
0.1499820351600647
0.1694151759147644
0.14390547573566437
0.1378195881843567
0.14341986179351807
0.1646086722612381
0.14274358749389648
0.15937462449073792
0.16371329128742218
0.13674823939800262
0.1567380279302597
0.16618306934833527
0.1734609156847
0.1568642407655716
0.14562131464481354
0.16060012578964233
0.19747427105903625
0.161068856716156
0.16383861005306244
0.13900601863861084
0.14090271294116974
0.13785886764526367
0.1620606929063797
0.16925841569900513
0.14624479413032532
0.15322667360305786
0.1500566303730011
0.1522236466407776
0.15072256326675415
0.1448807567358017
0.14061732590198517
0.17204448580741882
0.15751370787620544
0.14173384010791779
0.15536853671073914
0.17042280733585358
0.1457216590642929
0.15118959546089172
0.15113697946071625
0.14349807798862457
0.13833533227443695
0.13835357129573822
0.158289834856987
0.13660036027431488
0.14205539226531982
0.13893483579158783
0.1596638262271881
0.13589155673980713
0.1376463770866394
0.14104709029197693
0.16076265275478363
0.14291176199913025
0.15631122887134552
0.16163958609104156
0.17166966199874878
0.16186299920082092
0.13892987370491028
0.16270433366298676
0.1523093432188034
0.14860156178474426
0.1380460560321808
0.14154063165187836
0.15726381540298462
0.14990472793579102
0.14736983180046082
0.16536200046539307
0.1577073186635971
0.14472459256649017
0.154324471950531
0.18393222987651825
0.15388843417167664
0.15815018117427826
0.14858520030975342
0.16460460424423218
0.1400321125984192
0.16877475380897522
0.157647967338562
0.1423829346895218
0.15865986049175262
0.15033817291259766
0.14440545439720154
0.19394800066947937
0.16089263558387756
0.1372552514076233
0.16459921002388
0.13929834961891174
0.1937042474746704
0.1516825258731842
0.15982182323932648
0.1662634313106537
0.1785101294517517
0.1541844606399536
0.18922334909439087
0.13847577571868896
0.14006178081035614
0.15442229807376862
0.15116137266159058
0.16384758055210114
0.17823639512062073
0.17431649565696716
0.1726384460926056
0.17891985177993774
0.1719130426645279
0.14856985211372375
0.1663285791873932
0.13489930331707
0.15316638350486755
0.1770668625831604
0.14986750483512878
0.14731961488723755
0.21317102015018463
0.14171934127807617
0.14866840839385986
0.1609860360622406
0.14734503626823425
0.18232488632202148
0.13487651944160461
0.156778484582901
0.1526646614074707
0.16589781641960144
0.14534935355186462
0.14606121182441711
0.14025528728961945
0.14586855471134186
0.1366485059261322
0.14690427482128143
0.1657293736934662
0.14678671956062317
0.15872883796691895
0.13635656237602234
0.13434049487113953
0.17369379103183746
0.14235922694206238
0.17967727780342102
0.14129745960235596
0.14647582173347473
0.17109404504299164
0.13131240010261536
0.14254407584667206
0.13479551672935486
0.1526145190000534
0.1402176171541214
0.1418921947479248
0.16003865003585815
0.142916738986969
0.1438179761171341
0.16839367151260376
0.15158534049987793
0.13583123683929443
0.1488116830587387
0.1607203185558319
0.14884455502033234
0.1486278474330902
0.1773805469274521
0.16275575757026672
0.13100972771644592
0.16119681298732758
0.17796632647514343
0.1651417315006256
0.18363182246685028
0.14797818660736084
0.1667969971895218
0.16511470079421997
0.14937038719654083
0.16635297238826752
0.15244869887828827
0.15771274268627167
0.15874645113945007
0.1765417605638504
0.16108231246471405
0.14386822283267975
0.1545172482728958
0.16896949708461761
0.1439541131258011
0.14056047797203064
0.14399266242980957
0.16545718908309937
0.13304759562015533
0.14768455922603607
0.1483856439590454
0.1435507982969284
0.1406315714120865
0.1544087827205658
0.14581820368766785
0.14362236857414246
0.18049007654190063
0.13995623588562012
0.14718922972679138
0.16136564314365387
0.14634013175964355
0.1826290488243103
0.17648309469223022
0.15860877931118011
0.14254048466682434
0.13862407207489014
0.1760416328907013
0.13075439631938934
0.1323273479938507
0.16003194451332092
0.14118963479995728
0.15575842559337616
0.13622607290744781
0.1396723985671997
0.15279801189899445
0.14760150015354156
0.1346217691898346
0.15707585215568542
0.21673309803009033
0.13877609372138977
0.18377292156219482
0.14930769801139832
0.1382371038198471
0.145088791847229
0.1343260407447815
0.1401958018541336
0.14120912551879883
0.1425907015800476
0.14309735596179962
0.1813175529241562
0.1289876401424408
0.16259059309959412
0.1368802785873413
0.15700501203536987
0.14130036532878876
0.1408272683620453
0.15949837863445282
0.13481733202934265
0.14662334322929382
0.13943497836589813
0.15488199889659882
0.14851020276546478
0.1479557305574417
0.16012273728847504
0.13144251704216003
0.14491009712219238
0.14644329249858856
0.13934139907360077
0.13444364070892334
0.14184501767158508
0.15531106293201447
0.13600504398345947
0.13694031536579132
0.16032394766807556
0.14355432987213135
0.14542175829410553
0.18084722757339478
0.13630053400993347
0.13458660244941711
0.15772750973701477
0.16087327897548676
0.1617470234632492
0.17547427117824554
0.16938211023807526
0.15552343428134918
0.16622203588485718
0.1470487415790558
0.13262386620044708
0.14073458313941956
0.13575775921344757
0.13834983110427856
0.1453191339969635
0.17622700333595276
0.1364414244890213
0.16838303208351135
0.14635033905506134
0.13880276679992676
0.1469767689704895
0.14770770072937012
0.17042019963264465
0.13323794305324554
0.14094436168670654
0.15401498973369598
0.14385052025318146
0.14909572899341583
0.1667720079421997
0.15272670984268188
0.13809546828269958
0.14092020690441132
0.1439766138792038
0.13383881747722626
0.14436689019203186
0.1684374362230301
0.14501459896564484
0.1404818296432495
0.15732070803642273
0.1334645003080368
0.13878364861011505
0.15533259510993958
0.12801212072372437
0.1426786333322525
0.13282056152820587
0.15838487446308136
0.16800448298454285
0.15950167179107666
0.15356825292110443
0.13405290246009827
0.14050918817520142
0.16875159740447998
0.14871935546398163
0.15836618840694427
0.1628926396369934
0.14015184342861176
0.14311432838439941
0.14371263980865479
0.1393541693687439
0.1335277408361435
0.1419847309589386
0.17651161551475525
0.14002639055252075
0.14223197102546692
0.13210439682006836
0.14158335328102112
0.12764112651348114
0.15797150135040283
0.1420251876115799
0.16708871722221375
0.13234944641590118
0.15038764476776123
0.15862664580345154
0.1445740908384323
0.14684012532234192
0.12513206899166107
0.14086304605007172
0.1401926726102829
0.13776236772537231
0.13369278609752655
0.1319894790649414
0.13948628306388855
0.163284033536911
0.15201643109321594
0.137936070561409
0.1518264263868332
0.16422520577907562
0.1478574275970459
0.14719003438949585
0.16859477758407593
0.13694094121456146
0.13241523504257202
0.13877108693122864
0.13625533878803253
0.12944507598876953
0.1576971411705017
0.13324576616287231
0.12789371609687805
0.1282290667295456
0.1370614767074585
0.16564849019050598
0.12732142210006714
0.16201147437095642
0.12912730872631073
0.14705921709537506
0.18139737844467163
0.1551685333251953
0.14515583217144012
0.13936294615268707
0.13156388700008392
0.13978947699069977
0.16028165817260742
0.1650346964597702
0.16329136490821838
0.13529802858829498
0.14842475950717926
0.14767692983150482
0.13089174032211304
0.13184456527233124
0.13971483707427979
0.1382894665002823
0.14722654223442078
0.14815594255924225
0.1497480571269989
0.1392233669757843
0.13532708585262299
0.13962525129318237
0.14849792420864105
0.1526033729314804
0.1633284091949463
0.1489953249692917
0.1555350124835968
0.13385584950447083
0.15966305136680603
0.1493147760629654
0.1419760286808014
0.1670815497636795
0.1457362323999405
0.14880803227424622
0.14754541218280792
0.15385763347148895
0.15104790031909943
0.142942413687706
0.12894731760025024
0.1583307683467865
0.13239137828350067
0.14259226620197296
0.1382693350315094
0.13532960414886475
0.13087540864944458
0.18235501646995544
0.12754219770431519
0.15174126625061035
0.13447245955467224
0.13780634105205536
0.16432172060012817
0.12884195148944855
0.18833571672439575
0.14475250244140625
0.13498950004577637
0.15212950110435486
0.14296665787696838
0.1464761644601822
0.13087399303913116
0.1319834142923355
0.13691078126430511
0.14201688766479492
0.13334175944328308
0.14570975303649902
0.15599125623703003
0.13072791695594788
0.1404462307691574
0.14697235822677612
0.13347621262073517
0.16629381477832794
0.1502598226070404
0.1432507038116455
0.14904385805130005
0.15342959761619568
0.15079852938652039
0.14807552099227905
0.15176525712013245
0.16879206895828247
0.14121803641319275
0.15158416330814362
0.16410695016384125
0.15624651312828064
0.12989357113838196
0.15530800819396973
0.1572553515434265
0.1302986890077591
0.14188890159130096
0.1331997811794281
0.1435512900352478
0.13834771513938904
0.14615210890769958
0.16052094101905823
0.13713182508945465
0.15670837461948395
0.13957154750823975
0.16303369402885437
0.1465545892715454
0.15774518251419067
0.13861864805221558
0.15004508197307587
0.13174062967300415
0.14221321046352386
0.14588071405887604
0.16557128727436066
0.12709486484527588
0.14960187673568726
0.17243406176567078
0.13344010710716248
0.16888701915740967
0.16141681373119354
0.1485590934753418
0.14481079578399658
0.1409120112657547
0.12920384109020233
0.1405409276485443
0.16042695939540863
0.1433931142091751
0.13445787131786346
0.1446171998977661
0.1750306338071823
0.1492493450641632
0.14922015368938446
0.13666483759880066
0.16989606618881226
0.13354210555553436
0.14855189621448517
0.13414780795574188
0.14309856295585632
0.1394735425710678
0.1429002285003662
0.14983557164669037
0.13155539333820343
0.15860989689826965
0.142811581492424
0.14383557438850403
0.1429230123758316
0.13503466546535492
0.16797974705696106
0.12186810374259949
0.1454341560602188
0.13170182704925537
0.13446953892707825
0.13607515394687653
0.150385320186615
0.13255450129508972
0.13215507566928864
0.14069624245166779
0.14283263683319092
0.15236303210258484
0.13691669702529907
0.14282184839248657
0.14816471934318542
0.14765501022338867
0.15642760694026947
0.13163471221923828
0.15350095927715302
0.17008592188358307
0.13709746301174164
0.14051853120326996
0.13938210904598236
0.1420014351606369
0.12990671396255493
0.1317877322435379
0.13221439719200134
0.14208030700683594
0.13742390275001526
0.19052375853061676
0.14756081998348236
0.18273651599884033
0.1497713327407837
0.1399385780096054
0.164404958486557
0.15536697208881378
0.14774902164936066
0.13550950586795807
0.14002326130867004
0.17306821048259735
0.14438095688819885
0.16518385708332062
0.15485356748104095
0.14335909485816956
0.15319156646728516
0.15643329918384552
0.1259937584400177
0.1314084529876709
0.1507837027311325
0.13706524670124054
0.1350426971912384
0.13920989632606506
0.1547142118215561
0.1359124779701233
0.17284706234931946
0.14496184885501862
0.12723225355148315
0.14493219554424286
0.14023184776306152
0.1460970640182495
0.1334337592124939
0.13894900679588318
0.15445618331432343
0.1259990632534027
0.12995903193950653
0.1306433081626892
0.15409325063228607
0.14483311772346497
0.15360619127750397
0.1376594454050064
0.1429537683725357
0.1319636106491089
0.130083367228508
0.1473943293094635
0.15685352683067322
0.1360512375831604
0.1441812664270401
0.13652703166007996
0.15663523972034454
0.1641443818807602
0.15209728479385376
0.1293523609638214
0.13711793720722198
0.1470380425453186
0.15209080278873444
0.15643012523651123
0.13726048171520233
0.14167308807373047
0.12983934581279755
0.14834409952163696
0.13064751029014587
0.13471326231956482
0.13202336430549622
0.13198882341384888
0.13711954653263092
0.1350419521331787
0.13827461004257202
0.13722296059131622
0.13374435901641846
0.14339064061641693
0.14398185908794403
0.14846067130565643
0.15239831805229187
0.14520461857318878
0.13986361026763916
0.14058378338813782
0.14605070650577545
0.14153406023979187
0.1437567174434662
0.13232089579105377
0.12382956594228745
0.13000014424324036
0.14243987202644348
0.1785449981689453
0.13986626267433167
0.1569201648235321
0.13756540417671204
0.13242484629154205
0.1327430158853531
0.14301571249961853
0.14092741906642914
0.1363709568977356
0.1448267102241516
0.13671399652957916
0.13367968797683716
0.1491450071334839
0.14290602505207062
0.14572753012180328
0.1422218382358551
0.1504783183336258
0.13308602571487427
0.14050094783306122
0.14987698197364807
0.14255332946777344
0.1425870805978775
0.1484021097421646
0.12556998431682587
0.13657517731189728
0.12592265009880066
0.14525064826011658
0.13059820234775543
0.15853342413902283
0.14607763290405273
0.13377507030963898
0.14619891345500946
0.16071024537086487
0.1347501575946808
0.1450311690568924
0.13981325924396515
0.12924569845199585
0.1379668265581131
0.16079333424568176
0.16794931888580322
0.15225401520729065
0.13139988481998444
0.15220966935157776
0.14926625788211823
0.13435138761997223
0.13070006668567657
0.14250731468200684
0.14805707335472107
0.13401491940021515
0.16193294525146484
0.12713156640529633
0.13171736896038055
0.15085506439208984
0.14890426397323608
0.14172278344631195
0.1367190182209015
0.13156647980213165
0.1448194831609726
0.13231681287288666
0.15654920041561127
0.14728578925132751
0.15958935022354126
0.14302831888198853
0.14137578010559082
0.13052916526794434
0.14387811720371246
0.1278417557477951
0.1517602801322937
0.13296759128570557
0.14232183992862701
0.13909080624580383
0.1555413156747818
0.1316218078136444
0.14570939540863037
0.14622367918491364
0.13537552952766418
0.1553047001361847
0.16230972111225128
0.1592380404472351
0.15321655571460724
0.14818929135799408
0.1285730004310608
0.17098401486873627
0.14378231763839722
0.13536745309829712
0.12813948094844818
0.13408955931663513
0.12834662199020386
0.13138896226882935
0.13357478380203247
0.16236580908298492
0.13275733590126038
0.13323774933815002
0.1403735727071762
0.14522743225097656
0.13003377616405487
0.1397363841533661
0.14671671390533447
0.139205202460289
0.14259099960327148
0.13445141911506653
0.14295876026153564
0.13395459949970245
0.13700196146965027
0.1476723849773407
0.12791502475738525
0.14386843144893646
0.13682325184345245
0.13158400356769562
0.13813871145248413
0.12894673645496368
0.13051074743270874
0.1480945348739624
0.13123643398284912
0.14323127269744873
0.1376330554485321
0.14338037371635437
0.13139715790748596
0.12782439589500427
0.13058090209960938
0.14564640820026398
0.1375139206647873
0.14163674414157867
0.16255362331867218
0.1433081179857254
0.13188736140727997
0.15344825387001038
0.1548433005809784
0.13905659317970276
0.14902953803539276
0.15909209847450256
0.1300046741962433
0.13296644389629364
0.13636866211891174
0.13269348442554474
0.13179820775985718
0.13873720169067383
0.12743771076202393
0.14322248101234436
0.14052224159240723
0.1351289302110672
0.13597941398620605
0.14214220643043518
0.15357640385627747
0.12802623212337494
0.16695930063724518
0.13406482338905334
0.14812874794006348
0.14538434147834778
0.15468789637088776
0.16427668929100037
0.14428721368312836
0.13335980474948883
0.1441432386636734
0.12783974409103394
0.1412087082862854
0.1447136104106903
0.1298280954360962
0.1378498673439026
0.1374189853668213
0.12647488713264465
0.15026777982711792
0.13881254196166992
0.12815901637077332
0.1268444061279297
0.13515740633010864
0.13320483267307281
0.13731107115745544
0.12938131392002106
0.13813036680221558
0.12701067328453064
0.14147242903709412
0.15378734469413757
0.13181732594966888
0.1365608274936676
0.14926406741142273
0.15837767720222473
0.15384426712989807
0.14934460818767548
0.1559634655714035
0.12518660724163055
0.13249877095222473
0.14558781683444977
0.13625802099704742
0.1490664929151535
0.1372101604938507
0.1287514567375183
0.14780282974243164
0.1598525047302246
0.12918511033058167
0.13212008774280548
0.13899466395378113
0.1489403247833252
0.1275528371334076
0.15794774889945984
0.14573651552200317
0.14924032986164093
0.13889172673225403
0.13628371059894562
0.12322118878364563
0.1358746439218521
0.13835889101028442
0.13130898773670197
0.12460413575172424
0.12282000482082367
0.16109347343444824
0.14650654792785645
0.12709109485149384
0.14230594038963318
0.1265576034784317
0.14308984577655792
0.13090240955352783
0.1353653073310852
0.13624492287635803
0.12685009837150574
0.1278979778289795
0.13355395197868347
0.13613298535346985
0.13996875286102295
0.1635962575674057
0.12943173944950104
0.13284622132778168
0.14891201257705688
0.12458104640245438
0.13622960448265076
0.13326461613178253
0.14589814841747284
0.13046836853027344
0.1340734213590622
0.12050673365592957
0.14687030017375946
0.13105370104312897
0.13700366020202637
0.12590549886226654
0.1344597339630127
0.14781823754310608
0.15823210775852203
0.1330515742301941
0.13074031472206116
0.1487424373626709
0.13646812736988068
0.1316431760787964
0.13467508554458618
0.13895739614963531
0.14041118323802948
0.13495680689811707
0.14636541903018951
0.15545819699764252
0.13955838978290558
0.14254485070705414
0.1277698278427124
0.13157787919044495
0.14119723439216614
0.1371273398399353
0.13967034220695496
0.1486373245716095
0.1308072954416275
0.12367340177297592
0.1270209550857544
0.12734514474868774
0.129630446434021
0.13485263288021088
0.1562151312828064
0.12548980116844177
0.1302482783794403
0.13410791754722595
0.13624820113182068
0.15966035425662994
0.14556190371513367
0.14308206737041473
0.15205377340316772
0.18843966722488403
0.13232548534870148
0.15159696340560913
0.1638791263103485
0.14312845468521118
0.146981343626976
0.1582462191581726
0.12834550440311432
0.13590222597122192
0.1368923783302307
0.16854119300842285
0.1384526640176773
0.1301485300064087
0.14926834404468536
0.12914539873600006
0.1294805258512497
0.13138549029827118
0.12059541046619415
0.13533353805541992
0.15227532386779785
0.1294882446527481
0.14015939831733704
0.13876211643218994
0.16347631812095642
0.12991265952587128
0.12570059299468994
0.14485150575637817
0.13006079196929932
0.1591067612171173
0.12809538841247559
0.1337158977985382
0.1547548472881317
0.1356285810470581
0.15347933769226074
0.13242048025131226
0.1321340650320053
0.12828874588012695
0.13522258400917053
0.1333860158920288
0.14363554120063782
0.14508776366710663
0.1641339361667633
0.14145861566066742
0.12944404780864716
0.15536323189735413
0.18890222907066345
0.1320045441389084
0.13708573579788208
0.14121146500110626
0.13061387836933136
0.15786314010620117
0.13560354709625244
0.1373794674873352
0.12416695058345795
0.12735332548618317
0.1282324492931366
0.13956573605537415
0.14209754765033722
0.1461169719696045
0.13905680179595947
0.1350710541009903
0.14348794519901276
0.12787236273288727
0.13382461667060852
0.1248764768242836
0.12950895726680756
0.13592547178268433
0.13676844537258148
0.12459409981966019
0.15859881043434143
0.1241796687245369
0.12651735544204712
0.12481866776943207
0.13918210566043854
0.14481675624847412
0.13428208231925964
0.13390564918518066
0.14408734440803528
0.14551275968551636
0.13277673721313477
0.13318389654159546
0.13674035668373108
0.13090617954730988
0.1291147917509079
0.12997642159461975
0.135069340467453
0.1419639140367508
0.1331055462360382
0.1301598995923996
0.1445411741733551
0.15919111669063568
0.12619897723197937
0.12636905908584595
0.1278032511472702
0.12042311578989029
0.12560723721981049
0.13743101060390472
0.13052363693714142
0.13191339373588562
0.13719770312309265
0.14135539531707764
0.1265234649181366
0.13989335298538208
0.13055038452148438
0.14498870074748993
0.12268837541341782
0.13995511829853058
0.1328485608100891
0.1307583898305893
0.13642103970050812
0.1414123773574829
0.12929734587669373
0.1307920515537262
0.12551452219486237
0.1265009194612503
0.13848771154880524
0.12163886427879333
0.12512071430683136
0.1261322945356369
0.14638462662696838
0.14238417148590088
0.11942899227142334
0.15460889041423798
0.12746649980545044
0.12981000542640686
0.12613262236118317
0.15585793554782867
0.13579875230789185
0.12627874314785004
0.15304167568683624
0.14215223491191864
0.13008888065814972
0.14215251803398132
0.13241399824619293
0.12823103368282318
0.12882138788700104
0.13149215281009674
0.12462855875492096
0.16997846961021423
0.1401665210723877
0.13514772057533264
0.12144263833761215
0.13745424151420593
0.1563381552696228
0.1347157061100006
0.14399069547653198
0.13206090033054352
0.14097872376441956
0.12740212678909302
0.13473685085773468
0.14478018879890442
0.13801807165145874
0.1353309005498886
0.1492425799369812
0.12505804002285004
0.12891891598701477
0.1499810665845871
0.13675493001937866
0.13546274602413177
0.1561294049024582
0.12853676080703735
0.15191316604614258
0.1290510594844818
0.13957329094409943
0.16060283780097961
0.13020384311676025
0.14247211813926697
0.11956942081451416
0.13292090594768524
0.14528198540210724
0.1317615956068039
0.12728486955165863
0.135663241147995
0.17455069720745087
0.12985578179359436
0.1484357863664627
0.14775830507278442
0.13708418607711792
0.1295209676027298
0.13299483060836792
0.14561855792999268
0.1299477517604828
0.1328607052564621
0.14415571093559265
0.13108496367931366
0.14191913604736328
0.1285005807876587
0.1340641975402832
0.14480575919151306
0.1349261999130249
0.13270801305770874
0.16537567973136902
0.13818359375
0.1338454782962799
0.1349259912967682
0.1360495686531067
0.1287621259689331
0.1515096127986908
0.13109055161476135
0.14854703843593597
0.12992627918720245
0.1319580376148224
0.14016172289848328
0.1264801174402237
0.13638584315776825
0.13220880925655365
0.1403605341911316
0.14704154431819916
0.13193313777446747
0.1329144388437271
0.1292811632156372
0.12670570611953735
0.1505102813243866
0.1358870267868042
0.12959600985050201
0.12777230143547058
0.15076380968093872
0.12650920450687408
0.13787995278835297
0.13198807835578918
0.127969428896904
0.1350673884153366
0.13742873072624207
0.13309717178344727
0.12709181010723114
0.1279652863740921
0.14619019627571106
0.13007336854934692
0.14840194582939148
0.11850881576538086
0.1309785097837448
0.14023147523403168
0.15325722098350525
0.12478910386562347
0.14414450526237488
0.12060680240392685
0.12911857664585114
0.12887004017829895
0.1482527256011963
0.13729408383369446
0.14275416731834412
0.16915205121040344
0.12752608954906464
0.13295479118824005
0.13219526410102844
0.12783941626548767
0.13103052973747253
0.1559145301580429
0.155767023563385
0.1340750753879547
0.12329376488924026
0.1269102841615677
0.13129299879074097
0.12820139527320862
0.12582573294639587
0.13002492487430573
0.13738030195236206
0.13294216990470886
0.1485062539577484
0.14025050401687622
0.1324583888053894
0.1306512951850891
0.12537138164043427
0.12618054449558258
0.13105443120002747
0.14030122756958008
0.13565650582313538
0.12333446741104126
0.13669396936893463
0.12055851519107819
0.1464686095714569
0.13028016686439514
0.1327391415834427
0.1266774982213974
0.12694525718688965
0.1352962702512741
0.12632286548614502
0.1227375715970993
0.13578268885612488
0.15112271904945374
0.12927132844924927
0.14610229432582855
0.1581428349018097
0.1490682065486908
0.12771917879581451
0.13769716024398804
0.12203234434127808
0.12276700139045715
0.13430191576480865
0.1812833845615387
0.14978426694869995
0.1365511119365692
0.13433174788951874
0.1338137835264206
0.1332252472639084
0.13645990192890167
0.12177519500255585
0.13273024559020996
0.13973823189735413
0.12516233325004578
0.13136734068393707
0.12542840838432312
0.14363712072372437
0.14070788025856018
0.12243539094924927
0.1448417603969574
0.13725607097148895
0.15714654326438904
0.14176467061042786
0.1399564892053604
0.12986178696155548
0.1409398913383484
0.18181957304477692
0.1337236911058426
0.14385570585727692
0.12565967440605164
0.1308181881904602
0.13139423727989197
0.13110852241516113
0.1242750734090805
0.12732218205928802
0.12261514365673065
0.1300300657749176
0.13741633296012878
0.12970969080924988
0.1508556306362152
0.15222924947738647
0.13785263895988464
0.145999014377594
0.1412893533706665
0.12307772040367126
0.13609197735786438
0.12903860211372375
0.13582125306129456
0.16361218690872192
0.13050498068332672
0.1380641609430313
0.1313745379447937
0.13127291202545166
0.12926818430423737
0.1463201493024826
0.13209395110607147
0.1338105946779251
0.12780643999576569
0.15247607231140137
0.13716065883636475
0.1302575021982193
0.16374996304512024
0.12710979580879211
0.13525669276714325
0.14861232042312622
0.12549155950546265
0.13740897178649902
0.14548839628696442
0.12773731350898743
0.14519478380680084
0.1285528987646103
0.13070744276046753
0.1238403171300888
0.17330680787563324
0.14524303376674652
0.1253870725631714
0.14937029778957367
0.13434694707393646
0.1200137734413147
0.13000640273094177
0.14986170828342438
0.13388219475746155
0.14593374729156494
0.12608318030834198
0.1379108428955078
0.14962166547775269
0.12649300694465637
0.13771459460258484
0.1298294961452484
0.14048483967781067
0.12722192704677582
0.1281871497631073
0.14182035624980927
0.13163769245147705
0.12570354342460632
0.12958353757858276
0.12421548366546631
0.14338146150112152
0.15029111504554749
0.1243438720703125
0.1431192010641098
0.1428942084312439
0.13871833682060242
0.14257074892520905
0.12915122509002686
0.14663425087928772
0.12295231223106384
0.13500089943408966
0.12994082272052765
0.1476340889930725
0.1250232756137848
0.1389675885438919
0.1517694592475891
0.1268104910850525
0.14001503586769104
0.1328434944152832
0.126727893948555
0.14269620180130005
0.13125506043434143
0.12696228921413422
0.12599089741706848
0.14477697014808655
0.11959724128246307
0.15285715460777283
0.1317163109779358
0.14725521206855774
0.14238116145133972
0.12799528241157532
0.12967368960380554
0.1323857456445694
0.12889374792575836
0.1310543268918991
0.12740615010261536
0.12117937207221985
0.14404532313346863
0.13095597922801971
0.12669320404529572
0.1388002634048462
0.12767964601516724
0.1271391063928604
0.12045758962631226
0.1388636976480484
0.16194848716259003
0.13042587041854858
0.1267530769109726
0.13789042830467224
0.12774658203125
0.12385936081409454
0.12479104846715927
0.12326696515083313
0.1403597891330719
0.11979824304580688
0.12260095775127411
0.1386965960264206
0.11967241764068604
0.13366438448429108
0.12839460372924805
0.1211923137307167
0.14785732328891754
0.12336724996566772
0.13366274535655975
0.16183549165725708
0.12467393279075623
0.12849751114845276
0.128071591258049
0.16044729948043823
0.12839500606060028
0.13280999660491943
0.12269055843353271
0.12485533952713013
0.12832307815551758
0.13853473961353302
0.14315709471702576
0.13855350017547607
0.12764355540275574
0.12714287638664246
0.17523348331451416
0.1252247542142868
0.12821555137634277
0.1395076960325241
0.1174321323633194
0.13943099975585938
0.14475572109222412
0.12649227678775787
0.13594017922878265
0.1414993852376938
0.13735266029834747
0.14874809980392456
0.13444259762763977
0.13113631308078766
0.1530625820159912
0.12835940718650818
0.12420544028282166
0.1464797556400299
0.16261576116085052
0.12816762924194336
0.12904056906700134
0.13278773427009583
0.12675492465496063
0.12633690237998962
0.12243960797786713
0.13764362037181854
0.1266758143901825
0.12043130397796631
0.13344153761863708
0.14258018136024475
0.13785097002983093
0.1303144097328186
0.14350418746471405
0.12945187091827393
0.13026542961597443
0.14234423637390137
0.12468746304512024
0.12399206310510635
0.15083925426006317
0.13888780772686005
0.13502943515777588
0.12338674068450928
0.13175025582313538
0.13843949139118195
0.12240216881036758
0.11791433393955231
0.1270342469215393
0.14200133085250854
0.1251649558544159
0.12392754852771759
0.13201414048671722
0.1311545968055725
0.12342013418674469
0.11956766247749329
0.12190582603216171
0.13229592144489288
0.14618746936321259
0.12823840975761414
0.1216183602809906
0.12406443059444427
0.13051210343837738
0.12984560430049896
0.1393447369337082
0.13352179527282715
0.13822202384471893
0.1403033286333084
0.14295445382595062
0.12273450195789337
0.13779670000076294
0.1341273933649063
0.12122227251529694
0.1241450160741806
0.14730681478977203
0.1327551007270813
0.12918932735919952
0.14104487001895905
0.12445822358131409
0.11790895462036133
0.13121366500854492
0.11815638840198517
0.14936329424381256
0.12278328835964203
0.12240302562713623
0.1311631202697754
0.12630614638328552
0.13372646272182465
0.12559789419174194
0.13093502819538116
0.12776008248329163
0.12845778465270996
0.13297238945960999
0.13942070305347443
0.13794535398483276
0.12727752327919006
0.13505394756793976
0.1375897079706192
0.12391740828752518
0.12789702415466309
0.13014855980873108
0.11586104333400726
0.12265098839998245
0.15620651841163635
0.13017591834068298
0.11857765913009644
0.1188713014125824
0.14232632517814636
0.12481805682182312
0.12925434112548828
0.12652234733104706
0.14628851413726807
0.13535338640213013
0.12516851723194122
0.12247560918331146
0.12079016119241714
0.11996655911207199
0.1256740838289261
0.11797191202640533
0.12382744252681732
0.12418699264526367
0.1396428495645523
0.15736974775791168
0.13017606735229492
0.13421984016895294
0.1292990744113922
0.13003608584403992
0.1347634494304657
0.12234426289796829
0.1303415298461914
0.12347593158483505
0.14563694596290588
0.128603994846344
0.12810678780078888
0.1224440336227417
0.12763354182243347
0.16249534487724304
0.11947458982467651
0.12128911912441254
0.13111793994903564
0.12230673432350159
0.12707102298736572
0.12607547640800476
0.14667043089866638
0.13242337107658386
0.12586188316345215
0.13023006916046143
0.1259426772594452
0.12995126843452454
0.12729093432426453
0.12215883284807205
0.1468999981880188
0.13723483681678772
0.13522011041641235
0.12585905194282532
0.12250040471553802
0.15221334993839264
0.13837486505508423
0.12562799453735352
0.12521372735500336
0.13659051060676575
0.12097670882940292
0.15570762753486633
0.12293151021003723
0.12165313214063644
0.1182558462023735
0.12564291059970856
0.12962119281291962
0.1266145557165146
0.11809083074331284
0.12220825254917145
0.12027513980865479
0.12163800746202469
0.12343879044055939
0.12329520285129547
0.1419360637664795
0.12702737748622894
0.14251776039600372
0.12950046360492706
0.1266421377658844
0.12673752009868622
0.11888137459754944
0.1362292766571045
0.12063995003700256
0.13103289902210236
0.13971363008022308
0.15771640837192535
0.12309028953313828
0.12807774543762207
0.12960565090179443
0.1388903558254242
0.1222192794084549
0.13158206641674042
0.13709375262260437
0.14735446870326996
0.13112929463386536
0.14383293688297272
0.15289118885993958
0.12930233776569366
0.1247393861413002
0.13578006625175476
0.13143040239810944
0.12171512097120285
0.13502253592014313
0.11977198719978333
0.14092935621738434
0.12606577575206757
0.1257179230451584
0.13796958327293396
0.12458080053329468
0.1397184133529663
0.14668168127536774
0.126510888338089
0.14838166534900665
0.12239726632833481
0.16321644186973572
0.11876561492681503
0.1207011342048645
0.12001734972000122
0.12463504076004028
0.13458453118801117
0.13753807544708252
0.1321740746498108
0.13481131196022034
0.12152623385190964
0.13894522190093994
0.1300915777683258
0.12143309414386749
0.14867214858531952
0.13169510662555695
0.12355907261371613
0.1312195360660553
0.12904657423496246
0.11712762713432312
0.12806318700313568
0.13805168867111206
0.12651722133159637
0.12134256213903427
0.16146768629550934
0.12503518164157867
0.1434539258480072
0.11960123479366302
0.1397404968738556
0.118829645216465
0.1309363842010498
0.13888411223888397
0.14897096157073975
0.12127106636762619
0.13310852646827698
0.12176798284053802
0.13331957161426544
0.12245864421129227
0.12811392545700073
0.1287669539451599
0.1340724527835846
0.1354808658361435
0.13068419694900513
0.11844871938228607
0.13479119539260864
0.13356517255306244
0.11796985566616058
0.1433943659067154
0.1328558772802353
0.12735502421855927
0.12347652018070221
0.14355315268039703
0.13253891468048096
0.13260024785995483
0.12025879323482513
0.13023993372917175
0.129158154129982
0.11853868514299393
0.14309287071228027
0.15676380693912506
0.13165736198425293
0.12124116718769073
0.13341309130191803
0.1296350359916687
0.13146615028381348
0.12595310807228088
0.1521642804145813
0.13339552283287048
0.1250867247581482
0.12420617043972015
0.14878159761428833
0.12538662552833557
0.12180426716804504
0.14432457089424133
0.13020461797714233
0.1534748375415802
0.12961231172084808
0.12639474868774414
0.11895826458930969
0.1238226443529129
0.14154653251171112
0.14145392179489136
0.1444334089756012
0.1229761391878128
0.13259945809841156
0.11801189184188843
0.12439423054456711
0.13053542375564575
0.13706491887569427
0.12201043963432312
0.14587171375751495
0.12228067964315414
0.1291649043560028
0.13036830723285675
0.12155614048242569
0.15998801589012146
0.13449053466320038
0.12475663423538208
0.13185523450374603
0.12236436456441879
0.14766964316368103
0.13662788271903992
0.1315542459487915
0.11982943117618561
0.13605722784996033
0.14659200608730316
0.12601062655448914
0.13749408721923828
0.12011010199785233
0.1299615204334259
0.13644854724407196
0.13463115692138672
0.13683278858661652
0.12987098097801208
0.12317313998937607
0.1237884908914566
0.13201364874839783
0.13155832886695862
0.17665034532546997
0.12928755581378937
0.13247232139110565
0.12308407574892044
0.12540799379348755
0.13851718604564667
0.1578788161277771
0.14219364523887634
0.13368357717990875
0.12565946578979492
0.12470434606075287
0.12823504209518433
0.11756457388401031
0.12875346839427948
0.12452082335948944
0.12212119251489639
0.14092063903808594
0.11929485201835632
0.11902813613414764
0.12278199195861816
0.1433534473180771
0.12960012257099152
0.13781258463859558
0.12788909673690796
0.15089687705039978
0.1276082694530487
0.1375427395105362
0.12406928837299347
0.12832967936992645
0.12536177039146423
0.11908607184886932
0.1392810195684433
0.11982717365026474
0.12130246311426163
0.13786818087100983
0.12893438339233398
0.12334965169429779
0.12839409708976746
0.13644534349441528
0.12348829209804535
0.13253523409366608
0.12541663646697998
0.12340222299098969
0.1321084201335907
0.1590770035982132
0.12517017126083374
0.1233954057097435
0.12832948565483093
0.11573891341686249
0.1317903697490692
0.14144432544708252
0.1473570466041565
0.1299595981836319
0.12856625020503998
0.13156673312187195
0.15666693449020386
0.12857487797737122
0.1406126171350479
0.12794925272464752
0.1445520520210266
0.12644648551940918
0.11705675721168518
0.12045831233263016
0.13386927545070648
0.13068681955337524
0.1280384659767151
0.13281980156898499
0.12819072604179382
0.1374696046113968
0.12031860649585724
0.12908507883548737
0.13349586725234985
0.12400157004594803
0.13098835945129395
0.1349303126335144
0.14355888962745667
0.1395222544670105
0.12229037284851074
0.11999671906232834
0.12802596390247345
0.1316159963607788
0.12227076292037964
0.12950986623764038
0.11967974156141281
0.12108297646045685
0.13644030690193176
0.13889893889427185
0.12443187087774277
0.11759424209594727
0.12283509224653244
0.12008822709321976
0.14534220099449158
0.14865714311599731
0.11971918493509293
0.13313154876232147
0.12605436146259308
0.13985159993171692
0.12744805216789246
0.12968266010284424
0.1342625916004181
0.11918187141418457
0.1269671767950058
0.12109584361314774
0.13979986310005188
0.1390417516231537
0.15141741931438446
0.14333654940128326
0.13053005933761597
0.11741359531879425
0.15116621553897858
0.13587483763694763
0.14388179779052734
0.12387693673372269
0.113571397960186
0.13518698513507843
0.12760618329048157
0.12790730595588684
0.12241947650909424
0.12097638845443726
0.13094110786914825
0.14591878652572632
0.13247497379779816
0.1536184847354889
0.1262923777103424
0.14300879836082458
0.14120660722255707
0.12368673086166382
0.14513875544071198
0.13610588014125824
0.1248537003993988
0.1215718537569046
0.12782393395900726
0.1359589695930481
0.13818617165088654
0.12754912674427032
0.14801457524299622
0.12175218015909195
0.15411727130413055
0.12924864888191223
0.1270083487033844
0.13245731592178345
0.14149165153503418
0.12004566192626953
0.1322612315416336
0.12979306280612946
0.11759332567453384
0.13200783729553223
0.1297239065170288
0.1315155029296875
0.13885357975959778
0.11834912747144699
0.13456764817237854
0.12205992639064789
0.12309939414262772
0.12714232504367828
0.12445751577615738
0.13310861587524414
0.12588465213775635
0.12313056737184525
0.14933113753795624
0.1180942952632904
0.1391890048980713
0.12515148520469666
0.12686152756214142
0.1299063265323639
0.12854120135307312
0.1291263848543167
0.1366984099149704
0.12625910341739655
0.11552022397518158
0.11964446306228638
0.1287785917520523
0.12888513505458832
0.13696791231632233
0.12293273210525513
0.11990715563297272
0.15563158690929413
0.12572850286960602
0.130684494972229
0.13938653469085693
0.1243610829114914
0.12280532717704773
0.13414382934570312
0.12435402721166611
0.13696937263011932
0.11925815045833588
0.13270942866802216
0.11830787360668182
0.1480097621679306
0.12715905904769897
0.1501120626926422
0.11677620559930801
0.127183198928833
0.13689829409122467
0.1278962641954422
0.13387992978096008
0.11634561419487
0.15271882712841034
0.13583523035049438
0.15800201892852783
0.1254449188709259
0.13364675641059875
0.12807704508304596
0.14779426157474518
0.12788081169128418
0.12627124786376953
0.12234767526388168
0.12577949464321136
0.13771437108516693
0.13063019514083862
0.12782587110996246
0.12031646072864532
0.12602168321609497
0.12423125654459
0.13297763466835022
0.12332877516746521
0.12491752207279205
0.13208410143852234
0.1222393661737442
0.12444473057985306
0.12303704768419266
0.1386405974626541
0.12166290730237961
0.12865014374256134
0.11758248507976532
0.12695588171482086
0.1298830509185791
0.12535662949085236
0.1163334995508194
0.13521721959114075
0.127271831035614
0.1408817619085312
0.1261255145072937
0.11716475337743759
0.12464335560798645
0.12231288105249405
0.12288019061088562
0.118314228951931
0.11991384625434875
0.11775728315114975
0.1180872768163681
0.1362345665693283
0.15277227759361267
0.12244059145450592
0.12643751502037048
0.13188207149505615
0.13314810395240784
0.1333763152360916
0.15187238156795502
0.12064465880393982
0.12169091403484344
0.1697615683078766
0.12164908647537231
0.12508611381053925
0.15602417290210724
0.13562582433223724
0.1524381935596466
0.12221956998109818
0.11762772500514984
0.1431722790002823
0.12025143951177597
0.15323899686336517
0.1313757449388504
0.1224362924695015
0.1153554767370224
0.1386067122220993
0.1326267123222351
0.11611563712358475
0.11380559951066971
0.11713753640651703
0.14599433541297913
0.12153787165880203
0.1164577454328537
0.128396674990654
0.12134012579917908
0.11875664442777634
0.11474460363388062
0.1184028908610344
0.13664725422859192
0.12255863845348358
0.14229992032051086
0.12317861616611481
0.12798774242401123
0.13739809393882751
0.11271318793296814
0.13400031626224518
0.1385274976491928
0.12183991074562073
0.12342993170022964
0.12059979140758514
0.11999063193798065
0.14125993847846985
0.14124387502670288
0.13048668205738068
0.12028057128190994
0.12655113637447357
0.1279691457748413
0.12465056777000427
0.1296418309211731
0.13338962197303772
0.12233904749155045
0.12693342566490173
0.1250385195016861
0.13310131430625916
0.1213502511382103
0.1302364021539688
0.13989169895648956
0.12846830487251282
0.1159653440117836
0.11417870223522186
0.12163889408111572
0.14558348059654236
0.11749029159545898
0.12472406029701233
0.12865185737609863
0.1398707926273346
0.14198799431324005
0.12449872493743896
0.12120088934898376
0.12836213409900665
0.12709733843803406
0.1188909187912941
0.12959876656532288
0.14818324148654938
0.1332140564918518
0.14031320810317993
0.11906710267066956
0.13168753683567047
0.1248561218380928
0.12117162346839905
0.11738739907741547
0.13447150588035583
0.13422469794750214
0.13417255878448486
0.12052233517169952
0.12066659331321716
0.11941654980182648
0.12643852829933167
0.13833755254745483
0.11645330488681793
0.11919053643941879
0.12732799351215363
0.13991522789001465
0.11861716955900192
0.12332506477832794
0.13011929392814636
0.12426341325044632
0.12615594267845154
0.11802858859300613
0.12655797600746155
0.136563241481781
0.12505561113357544
0.13019752502441406
0.12425322830677032
0.13196778297424316
0.12559010088443756
0.15465162694454193
0.12572510540485382
0.11170593649148941
0.140229269862175
0.12704390287399292
0.12367050349712372
0.12202981114387512
0.14491690695285797
0.1340886354446411
0.12292321026325226
0.16092082858085632
0.13772818446159363
0.12449893355369568
0.1268378496170044
0.155626118183136
0.1320444941520691
0.12084589898586273
0.14843624830245972
0.11697899550199509
0.12299394607543945
0.12394322454929352
0.11792728304862976
0.13546061515808105
0.12060613185167313
0.13653647899627686
0.1161973774433136
0.14004121720790863
0.12231196463108063
0.1358243077993393
0.1237308457493782
0.11717485636472702
0.12007561326026917
0.12973490357398987
0.1242663711309433
0.13108189404010773
0.12590931355953217
0.1199619248509407
0.13030871748924255
0.12320469319820404
0.12802118062973022
0.12563535571098328
0.12744666635990143
0.13534653186798096
0.12397848069667816
0.12773257493972778
0.126928448677063
0.13128292560577393
0.13722437620162964
0.12221960723400116
0.12123029679059982
0.12581007182598114
0.12164239585399628
0.1153433620929718
0.12436724454164505
0.13124383985996246
0.13104164600372314
0.12505066394805908
0.11877263337373734
0.12087798118591309
0.13059116899967194
0.12370525300502777
0.14477486908435822
0.11685927957296371
0.12583023309707642
0.12325181066989899
0.12962502241134644
0.12091527134180069
0.11941877007484436
0.12011377513408661
0.1192471981048584
0.1219359040260315
0.1191365122795105
0.1383492797613144
0.11731871217489243
0.11755666881799698
0.12626782059669495
0.12194635719060898
0.13789492845535278
0.13362227380275726
0.12347885966300964
0.11906103044748306
0.12480409443378448
0.11889519542455673
0.12193629890680313
0.13321830332279205
0.11748035252094269
0.12976641952991486
0.120142862200737
0.11722125113010406
0.12915751338005066
0.12668760120868683
0.11931173503398895
0.13519829511642456
0.12096372991800308
0.121279776096344
0.12448597699403763
0.13196803629398346
0.13272002339363098
0.12164822220802307
0.12044943869113922
0.11807544529438019
0.13205167651176453
0.1196238324046135
0.13354475796222687
0.12583956122398376
0.12505264580249786
0.12745685875415802
0.11554481089115143
0.12492744624614716
0.14664436876773834
0.11804506927728653
0.12377865612506866
0.12438450008630753
0.11925593763589859
0.12299437820911407
0.13212774693965912
0.13389047980308533
0.12365703284740448
0.12143393605947495
0.12284312397241592
0.14066815376281738
0.11433196812868118
0.12794852256774902
0.12059696018695831
0.11809398233890533
0.12658673524856567
0.11774222552776337
0.11757403612136841
0.11792512238025665
0.11812267452478409
0.11524230241775513
0.12535904347896576
0.11700668185949326
0.11540605872869492
0.1246938556432724
0.14222609996795654
0.12842847406864166
0.12516441941261292
0.11668810993432999
0.12362103909254074
0.1280200481414795
0.12103499472141266
0.11753422021865845
0.1424204409122467
0.12333334237337112
0.1223747655749321
0.1391741931438446
0.11685901135206223
0.12626208364963531
0.14165648818016052
0.11767545342445374
0.11379151791334152
0.12378047406673431
0.11532258987426758
0.12129012495279312
0.11835388839244843
0.13835518062114716
0.11658398061990738
0.12539146840572357
0.13466018438339233
0.11573866754770279
0.12366730719804764
0.13385406136512756
0.15728454291820526
0.1190015897154808
0.1167580708861351
0.12122751772403717
0.1311219036579132
0.1188623309135437
0.12267304956912994
0.126359760761261
0.1398097276687622
0.11815221607685089
0.12285120040178299
0.1671559363603592
0.12177799642086029
0.1248926892876625
0.11741650849580765
0.12460654973983765
0.12690013647079468
0.11869361996650696
0.11894442141056061
0.1287970095872879
0.13283124566078186
0.12036243826150894
0.15085259079933167
0.1299799084663391
0.16293013095855713
0.1211710274219513
0.12679630517959595
0.12247481942176819
0.11859361082315445
0.12636302411556244
0.1220415011048317
0.12868991494178772
0.12245889753103256
0.14245016872882843
0.12861353158950806
0.11652713268995285
0.11530805379152298
0.11963459104299545
0.12319972366094589
0.12119560688734055
0.14776721596717834
0.12235644459724426
0.138187438249588
0.12243485450744629
0.14061252772808075
0.13268357515335083
0.12474068999290466
0.15277305245399475
0.1266704797744751
0.14330148696899414
0.12715516984462738
0.15632036328315735
0.12139188498258591
0.13331007957458496
0.14034923911094666
0.11973949521780014
0.14608553051948547
0.11289121210575104
0.15000909566879272
0.12439370900392532
0.12035766988992691
0.11767949163913727
0.13180890679359436
0.12330959737300873
0.1221713200211525
0.11750279366970062
0.12871159613132477
0.136741042137146
0.12224741280078888
0.1313711702823639
0.12225700169801712
0.1397007405757904
0.1358218789100647
0.12043367326259613
0.12219003587961197
0.1190686970949173
0.14382991194725037
0.11479437351226807
0.12011227011680603
0.12674862146377563
0.12800706923007965
0.11761245876550674
0.12013424932956696
0.1382678598165512
0.11764682829380035
0.12168237566947937
0.1307094395160675
0.11622339487075806
0.11458224803209305
0.11499970406293869
0.13248050212860107
0.12229817360639572
0.13264019787311554
0.12742257118225098
0.12538719177246094
0.12316716462373734
0.13420751690864563
0.14547160267829895
0.12040525674819946
0.11545220017433167
0.11973143368959427
0.11689230799674988
0.12583450973033905
0.12353351712226868
0.12297122180461884
0.13140274584293365
0.1197427362203598
0.12641915678977966
0.13046884536743164
0.11675114184617996
0.14422357082366943
0.12668202817440033
0.1426175832748413
0.11871892958879471
0.13214661180973053
0.12320983409881592
0.11872050166130066
0.1266474425792694
0.11345755308866501
0.11965057253837585
0.13750608265399933
0.12095719575881958
0.12224023044109344
0.1196603775024414
0.14554348587989807
0.13391275703907013
0.12565989792346954
0.13070322573184967
0.11361455917358398
0.12133786082267761
0.11430572718381882
0.12487383186817169
0.1161920428276062
0.12170667946338654
0.11812373250722885
0.14055463671684265
0.11915154755115509
0.11474395543336868
0.12254488468170166
0.11826294660568237
0.13023291528224945
0.11673836410045624
0.13131380081176758
0.1266462802886963
0.1179993599653244
0.12262479960918427
0.12610194087028503
0.13266488909721375
0.11381746828556061
0.12318314611911774
0.1333099603652954
0.12170928716659546
0.1290421187877655
0.1300424337387085
0.12443320453166962
0.12944826483726501
0.12723007798194885
0.12349846214056015
0.11298134922981262
0.11748787015676498
0.11691579967737198
0.13016971945762634
0.11724680662155151
0.11684533953666687
0.11647998541593552
0.1392425298690796
0.14576616883277893
0.12685708701610565
0.12602074444293976
0.14692088961601257
0.12345575541257858
0.12743890285491943
0.12175451219081879
0.12437231838703156
0.1256047487258911
0.12332842499017715
0.11699455976486206
0.15303662419319153
0.11706837266683578
0.11432754248380661
0.12633433938026428
0.12225861847400665
0.12108875811100006
0.11650408804416656
0.12010997533798218
0.1285652369260788
0.13085153698921204
0.14363062381744385
0.13163937628269196
0.14069145917892456
0.11848852783441544
0.1779102236032486
0.12356610596179962
0.1150931864976883
0.12284045666456223
0.12501102685928345
0.1250777393579483
0.15419690310955048
0.11981193721294403
0.12555517256259918
0.13126951456069946
0.12258640676736832
0.12154573202133179
0.11528759449720383
0.12183360755443573
0.12169952690601349
0.11631911993026733
0.11788568645715714
0.11833257228136063
0.1184348538517952
0.11920235306024551
0.13685785233974457
0.1177583858370781
0.12841308116912842
0.11877104640007019
0.12039415538311005
0.12370901554822922
0.13427694141864777
0.13095074892044067
0.12346167862415314
0.13591022789478302
0.11804690212011337
0.13470467925071716
0.1284720003604889
0.12297975271940231
0.1321219801902771
0.11688651144504547
0.11941493302583694
0.1184283047914505
0.11849652230739594
0.11820024251937866
0.1329786777496338
0.12974947690963745
0.13209138810634613
0.11772453784942627
0.12744323909282684
0.1137353777885437
0.1196436882019043
0.13909542560577393
0.13658706843852997
0.11554796993732452
0.11991338431835175
0.11943924427032471
0.1252771019935608
0.11994080245494843
0.11542265117168427
0.12572696805000305
0.11157534271478653
0.11892919987440109
0.12912677228450775
0.11156007647514343
0.12402644008398056
0.1333996206521988
0.119419626891613
0.12207036465406418
0.11958494782447815
0.12199859321117401
0.12033693492412567
0.14488457143306732
0.12781430780887604
0.11983509361743927
0.14232061803340912
0.14028698205947876
0.13211789727210999
0.12358947098255157
0.127702534198761
0.11765848100185394
0.13665246963500977
0.11940386891365051
0.12015119194984436
0.12074361741542816
0.11886611580848694
0.126774400472641
0.12710179388523102
0.16181129217147827
0.11764713376760483
0.11543102562427521
0.11337549239397049
0.11338648200035095
0.1258300542831421
0.11783764511346817
0.13197015225887299
0.11734515428543091
0.11891240626573563
0.12906375527381897
0.13003797829151154
0.11315426975488663
0.13805894553661346
0.1385485827922821
0.11795079708099365
0.1259637176990509
0.12236420065164566
0.12153568863868713
0.12458431720733643
0.11669735610485077
0.1269214153289795
0.1204746663570404
0.13135644793510437
0.11943618953227997
0.12679238617420197
0.12495912611484528
0.11998376995325089
0.11870528012514114
0.12785187363624573
0.11652122437953949
0.1398654580116272
0.12267826497554779
0.1204051673412323
0.1178361028432846
0.12167511880397797
0.13095051050186157
0.11920207738876343
0.14038977026939392
0.11433834582567215
0.12454922497272491
0.11349904537200928
0.11634526401758194
0.115117646753788
0.14062154293060303
0.12091048806905746
0.1137685626745224
0.11471717804670334
0.1541336476802826
0.11594365537166595
0.12360021471977234
0.12650389969348907
0.11621004343032837
0.12232090532779694
0.11358799785375595
0.11707287281751633
0.1139773279428482
0.1163790374994278
0.12338228523731232
0.12452878057956696
0.12116476893424988
0.1264953315258026
0.12451165169477463
0.12605422735214233
0.12053897231817245
0.1253790259361267
0.1532556563615799
0.11233322322368622
0.12399659305810928
0.12128730118274689
0.12672121822834015
0.11745701730251312
0.13344091176986694
0.12003902345895767
0.13149860501289368
0.12274889647960663
0.12528565526008606
0.11939628422260284
0.14799058437347412
0.14607149362564087
0.13267633318901062
0.11621429026126862
0.12058988213539124
0.11454486846923828
0.13315603137016296
0.11686746776103973
0.11510159075260162
0.14028538763523102
0.12808874249458313
0.11297830939292908
0.11317446082830429
0.11773842573165894
0.12160000950098038
0.114418163895607
0.11933120340108871
0.12346289306879044
0.11992146819829941
0.13329347968101501
0.12730467319488525
0.11587882786989212
0.11595603823661804
0.11157608777284622
0.14081743359565735
0.11452223360538483
0.13974548876285553
0.13497792184352875
0.13211911916732788
0.1163523942232132
0.12724629044532776
0.1209656149148941
0.11333900690078735
0.1138523519039154
0.11885933578014374
0.12538588047027588
0.12982702255249023
0.11596570909023285
0.13031670451164246
0.12609991431236267
0.12595234811306
0.11860105395317078
0.11985649168491364
0.13335150480270386
0.11883002519607544
0.117738276720047
0.12478028237819672
0.12061179429292679
0.12489550560712814
0.12968452274799347
0.11647242307662964
0.1194021999835968
0.12348254024982452
0.11448401212692261
0.13299648463726044
0.14016300439834595
0.11620315164327621
0.11976078152656555
0.11744953691959381
0.14353470504283905
0.12130863219499588
0.1278189718723297
0.12939687073230743
0.12049258500337601
0.13603827357292175
0.12387719750404358
0.11614838242530823
0.13648566603660583
0.12356903403997421
0.12250378727912903
0.12317812442779541
0.11724746972322464
0.12197810411453247
0.11723685264587402
0.11326662451028824
0.12871187925338745
0.11459009349346161
0.1372084617614746
0.12141399830579758
0.1129680797457695
0.116298146545887
0.11318261176347733
0.13197104632854462
0.11702287942171097
0.11459217965602875
0.11791236698627472
0.13911809027194977
0.12479159235954285
0.12377457320690155
0.12574611604213715
0.13907065987586975
0.11637365818023682
0.11931174248456955
0.1554306447505951
0.1486912965774536
0.13329894840717316
0.14623798429965973
0.1295965164899826
0.13113583624362946
0.11787699162960052
0.12779761850833893
0.11441408842802048
0.14523540437221527
0.1352245956659317
0.12500590085983276
0.14287245273590088
0.12260494381189346
0.11530574411153793
0.12035411596298218
0.13138650357723236
0.11892041563987732
0.12942752242088318
0.11824803799390793
0.1385606825351715
0.12736693024635315
0.13241466879844666
0.13538464903831482
0.12970347702503204
0.1222938746213913
0.12209385633468628
0.14704135060310364
0.14465618133544922
0.12397518754005432
0.1167624220252037
0.1388188600540161
0.12356305867433548
0.11786666512489319
0.12018220126628876
0.13458916544914246
0.11696283519268036
0.1203136146068573
0.14100266993045807
0.1209930032491684
0.1321677267551422
0.11833357810974121
0.13180486857891083
0.1204490140080452
0.12643475830554962
0.11710024625062943
0.12167255580425262
0.14211338758468628
0.12282635271549225
0.12015198171138763
0.12237374484539032
0.11690269410610199
0.12476703524589539
0.1192454844713211
0.12049347162246704
0.12673550844192505
0.11947214603424072
0.121137335896492
0.12706607580184937
0.12586836516857147
0.11843866854906082
0.12704375386238098
0.12398143857717514
0.12960749864578247
0.11785276234149933
0.12162001430988312
0.1297648400068283
0.1293373703956604
0.11448787152767181
0.11751963198184967
0.11838660389184952
0.13922595977783203
0.11965779215097427
0.1184343621134758
0.11202465742826462
0.11591865867376328
0.12449077516794205
0.11531010270118713
0.11479300260543823
0.1326623558998108
0.12671756744384766
0.12124596536159515
0.1121739074587822
0.13019156455993652
0.12116949260234833
0.11534523963928223
0.12698371708393097
0.12602943181991577
0.1134248822927475
0.1271713823080063
0.12482433766126633
0.14262454211711884
0.11968935281038284
0.11702863872051239
0.13153067231178284
0.11678075790405273
0.11651983857154846
0.12652936577796936
0.11642032861709595
0.12435174733400345
0.11360306292772293
0.14694958925247192
0.12402649223804474
0.12908928096294403
0.11938473582267761
0.1327386200428009
0.1306101679801941
0.1283724308013916
0.11926104873418808
0.14252719283103943
0.11736826598644257
0.11820206046104431
0.13633257150650024
0.12166844308376312
0.13489355146884918
0.1279667317867279
0.11751614511013031
0.12416740506887436
0.12755398452281952
0.13893193006515503
0.13754603266716003
0.12306305766105652
0.11647428572177887
0.13547417521476746
0.11490575969219208
0.12491858005523682
0.11867523193359375
0.14211836457252502
0.12626788020133972
0.14163370430469513
0.1333739161491394
0.11746449768543243
0.12653212249279022
0.12817299365997314
0.11784528195858002
0.12031535804271698
0.1357690989971161
0.126705139875412
0.13842952251434326
0.11781959235668182
0.12399697303771973
0.11593108624219894
0.12287481874227524
0.1164039671421051
0.15182293951511383
0.12735773622989655
0.13532555103302002
0.12231703847646713
0.12839604914188385
0.12144945561885834
0.1172342449426651
0.11701441556215286
0.11526613682508469
0.14284060895442963
0.11812911927700043
0.13445588946342468
0.12004061043262482
0.12291891127824783
0.13310909271240234
0.12366937100887299
0.11187300086021423
0.11456025391817093
0.11937679350376129
0.11925467103719711
0.1259765923023224
0.11534181237220764
0.1314370036125183
0.12706924974918365
0.13730856776237488
0.11502434313297272
0.1345791220664978
0.10913990437984467
0.11999890208244324
0.12172529846429825
0.12044303864240646
0.12931209802627563
0.12054996937513351
0.14678937196731567
0.12043140828609467
0.13768994808197021
0.12421965599060059
0.11454502493143082
0.12466917186975479
0.12850773334503174
0.11496904492378235
0.12171846628189087
0.12732155621051788
0.11928607523441315
0.1323091834783554
0.11606887727975845
0.14133180677890778
0.11485543847084045
0.14799544215202332
0.13560299575328827
0.11625050753355026
0.11591515690088272
0.1187676340341568
0.14524884521961212
0.12349644303321838
0.11955505609512329
0.12010990083217621
0.12409092485904694
0.12508609890937805
0.1225629597902298
0.1217602863907814
0.15533213317394257
0.12301972508430481
0.12003596127033234
0.12410856783390045
0.11908917129039764
0.11781597137451172
0.12213830649852753
0.13529789447784424
0.15820154547691345
0.12343798577785492
0.1312883347272873
0.13563930988311768
0.11364587396383286
0.18190592527389526
0.11987537145614624
0.12454941123723984
0.13817203044891357
0.12918680906295776
0.11384035646915436
0.1350364238023758
0.12035655230283737
0.12128596007823944
0.11972187459468842
0.12016619741916656
0.12215965986251831
0.12430083006620407
0.12837709486484528
0.12675704061985016
0.12568378448486328
0.12569689750671387
0.11849107593297958
0.11573821306228638
0.11910013109445572
0.12177810817956924
0.12057382613420486
0.11869756132364273
0.12041392177343369
0.11337237060070038
0.11222037672996521
0.13230986893177032
0.12853242456912994
0.13640622794628143
0.11267480999231339
0.12070074677467346
0.11462502926588058
0.11831994354724884
0.11159913241863251
0.12718476355075836
0.11290767788887024
0.12311343848705292
0.12030049413442612
0.13531561195850372
0.11666692048311234
0.13584035634994507
0.12124953418970108
0.12252239882946014
0.11564046144485474
0.11853601038455963
0.11758309602737427
0.13680391013622284
0.11467882245779037
0.12330783903598785
0.13038192689418793
0.12340448796749115
0.11380532383918762
0.11931796371936798
0.12496566027402878
0.11810464411973953
0.11577208340167999
0.11676749587059021
0.11146369576454163
0.1217593252658844
0.11939610540866852
0.12240372598171234
0.11229323595762253
0.11335860937833786
0.17234376072883606
0.1265391707420349
0.12158350646495819
0.1215108186006546
0.12254495918750763
0.11248519271612167
0.117409847676754
0.1178826317191124
0.12379568070173264
0.13662393391132355
0.14029733836650848
0.1136961281299591
0.12059493362903595
0.12302824854850769
0.1525050699710846
0.11835058778524399
0.126640185713768
0.1186247393488884
0.11980977654457092
0.11483658105134964
0.1194409430027008
0.11610062420368195
0.14492885768413544
0.14601756632328033
0.11875796318054199
0.14940983057022095
0.14160385727882385
0.12627194821834564
0.13077086210250854
0.1177813708782196
0.12480781972408295
0.11197247356176376
0.13056519627571106
0.13045287132263184
0.12716621160507202
0.12298062443733215
0.11709609627723694
0.14722757041454315
0.13586096465587616
0.12523828446865082
0.1325233280658722
0.12355367094278336
0.12030625343322754
0.11628550291061401
0.11987031251192093
0.11434362828731537
0.13141880929470062
0.12678056955337524
0.12380899488925934
0.12436789274215698
0.11318039894104004
0.11521496623754501
0.13190823793411255
0.13389098644256592
0.12613122165203094
0.11533387005329132
0.13472920656204224
0.11109006404876709
0.11618487536907196
0.169193297624588
0.15167920291423798
0.12448646128177643
0.11931269615888596
0.11864680051803589
0.11901605129241943
0.11634674668312073
0.12891031801700592
0.1322973221540451
0.1156981959939003
0.14284662902355194
0.12856674194335938
0.13198092579841614
0.11905336380004883
0.12163599580526352
0.12902873754501343
0.14248019456863403
0.11680710315704346
0.12620452046394348
0.11384052038192749
0.12603633105754852
0.13049575686454773
0.11736533790826797
0.14278756082057953
0.12223244458436966
0.11838015913963318
0.12114512175321579
0.13206428289413452
0.12081708014011383
0.1285872608423233
0.11325795203447342
0.11420214176177979
0.139004647731781
0.11556441336870193
0.11448855698108673
0.13216553628444672
0.12822756171226501
0.13951046764850616
0.11538184434175491
0.13023436069488525
0.1270778775215149
0.12197649478912354
0.11816513538360596
0.13048167526721954
0.11720816791057587
0.1159406527876854
0.12430645525455475
0.12509113550186157
0.12547312676906586
0.11917201429605484
0.11769682914018631
0.11631391942501068
0.12333722412586212
0.11613790690898895
0.14411470293998718
0.12096263468265533
0.11769495904445648
0.13964414596557617
0.11910494416952133
0.13132286071777344
0.14036156237125397
0.1124901995062828
0.1176898404955864
0.12366531789302826
0.11372145265340805
0.12272469699382782
0.11328251659870148
0.13555759191513062
0.12064087390899658
0.12643831968307495
0.11912328004837036
0.12556855380535126
0.11644422262907028
0.11405757814645767
0.14856109023094177
0.11696936190128326
0.12994909286499023
0.12736456096172333
0.120718814432621
0.12160751223564148
0.11676029860973358
0.11311626434326172
0.11245046555995941
0.11782190203666687
0.12069423496723175
0.12082888185977936
0.1248854398727417
0.1235651820898056
0.11663460731506348
0.12870024144649506
0.11917494237422943
0.12800158560276031
0.12715980410575867
0.12766586244106293
0.15027175843715668
0.11613000184297562
0.12510207295417786
0.11717276275157928
0.123761385679245
0.12112627923488617
0.11827003955841064
0.13291090726852417
0.11563102900981903
0.1332804262638092
0.1251848042011261
0.13265562057495117
0.11723122000694275
0.116884246468544
0.11508715152740479
0.11376216262578964
0.11576971411705017
0.11996245384216309
0.1254546344280243
0.13403528928756714
0.12187749892473221
0.12191379070281982
0.1363702416419983
0.1091233566403389
0.11376312375068665
0.1261773705482483
0.11641835421323776
0.12095878273248672
0.11478736251592636
0.1203182116150856
0.11515152454376221
0.11984217166900635
0.11261589825153351
0.11794036626815796
0.11317412555217743
0.1364423632621765
0.11781862378120422
0.12116768956184387
0.11807894706726074
0.11401254683732986
0.11714082211256027
0.13194076716899872
0.11341090500354767
0.12031698226928711
0.1272011697292328
0.11742396652698517
0.1347186118364334
0.12416291236877441
0.1187795102596283
0.12655843794345856
0.11961788684129715
0.11410363763570786
0.13569167256355286
0.11849647760391235
0.14530159533023834
0.12494400143623352
0.12047088891267776
0.12451442331075668
0.11453671008348465
0.12387126684188843
0.14330142736434937
0.11550528556108475
0.11785843968391418
0.11680431663990021
0.11309611052274704
0.12031272798776627
0.12183573842048645
0.1327933967113495
0.12309746444225311
0.1271246075630188
0.11332261562347412
0.12883511185646057
0.1334591805934906
0.11991424858570099
0.11937184631824493
0.12130613625049591
0.12608247995376587
0.1152675598859787
0.12122148275375366
0.11217283457517624
0.11904972791671753
0.10994811356067657
0.11598055809736252
0.12130661308765411
0.13070598244667053
0.11475148797035217
0.1195254772901535
0.11931043118238449
0.12109559774398804
0.11528831720352173
0.11627624928951263
0.1229410320520401
0.11939456313848495
0.11919241398572922
0.11975009739398956
0.11690294742584229
0.12390255182981491
0.11526012420654297
0.12695693969726562
0.10825353860855103
0.11164391785860062
0.137752965092659
0.12544205784797668
0.11632710695266724
0.1162036582827568
0.12126913666725159
0.12623904645442963
0.12377722561359406
0.12105534225702286
0.11780974268913269
0.11298929899930954
0.12167773395776749
0.11915566027164459
0.11914616823196411
0.1314355432987213
0.12988485395908356
0.1405445784330368
0.11970248818397522
0.1142817810177803
0.1119600236415863
0.11396685987710953
0.11772725731134415
0.12784145772457123
0.12068440020084381
0.11688237637281418
0.11806826293468475
0.12544819712638855
0.11905203759670258
0.1157418042421341
0.11316469311714172
0.11756327748298645
0.11251667141914368
0.14768770337104797
0.1163739413022995
0.11620119959115982
0.11418845504522324
0.11625270545482635
0.11949561536312103
0.12452931702136993
0.11470996588468552
0.13543690741062164
0.1174432635307312
0.12243840098381042
0.12717723846435547
0.11200801283121109
0.1116757020354271
0.1473216712474823
0.11781690269708633
0.11561038345098495
0.13717935979366302
0.12130238115787506
0.11622843891382217
0.1152622252702713
0.11402056366205215
0.1360035091638565
0.11503416299819946
0.12689058482646942
0.11463958024978638
0.12185601145029068
0.11812430620193481
0.11810961365699768
0.130308136343956
0.11526946723461151
0.11811789125204086
0.11818388104438782
0.11519140750169754
0.11296620965003967
0.11687469482421875
0.12736152112483978
0.11261990666389465
0.11609980463981628
0.13026602566242218
0.11301889270544052
0.12263145297765732
0.13081850111484528
0.11719176918268204
0.1219794750213623
0.1171388179063797
0.13740098476409912
0.11855453252792358
0.11807000637054443
0.1235780268907547
0.11121955513954163
0.11015777289867401
0.14424991607666016
0.12995658814907074
0.11361370980739594
0.13015350699424744
0.11994709074497223
0.11722022294998169
0.13415448367595673
0.11822818964719772
0.11412138491868973
0.12150067836046219
0.11523163318634033
0.11484649777412415
0.12430597096681595
0.11117887496948242
0.11482346802949905
0.1272939294576645
0.11571364849805832
0.11891995370388031
0.1275351345539093
0.12909996509552002
0.11522100865840912
0.12018565833568573
0.12435902655124664
0.13183537125587463
0.11507508903741837
0.11408799886703491
0.11887712776660919
0.1155269667506218
0.125015988945961
0.14496928453445435
0.1229584664106369
0.12066391110420227
0.11361042410135269
0.12124305963516235
0.11018449813127518
0.12082235515117645
0.11275863647460938
0.11304529011249542
0.11617036908864975
0.1300702691078186
0.12699604034423828
0.118501678109169
0.11380073428153992
0.15519611537456512
0.1264810562133789
0.13267795741558075
0.1146387830376625
0.11047804355621338
0.12310648709535599
0.11976485699415207
0.1144188940525055
0.11070511490106583
0.11471245437860489
0.11941201239824295
0.11462575197219849
0.10972167551517487
0.11687526106834412
0.11196637898683548
0.12023084610700607
0.10964763909578323
0.13170216977596283
0.12093263119459152
0.1189284399151802
0.1263963282108307
0.12295617163181305
0.12616081535816193
0.11679194867610931
0.1108732670545578
0.1397436559200287
0.1131618469953537
0.11029337346553802
0.15654852986335754
0.11198271811008453
0.11643414199352264
0.11490033566951752
0.11826004087924957
0.11832642555236816
0.12651100754737854
0.12026838213205338
0.1155090406537056
0.11367617547512054
0.11259609460830688
0.12438646703958511
0.11377529054880142
0.1134483814239502
0.11441417783498764
0.12313429266214371
0.1373884379863739
0.12524089217185974
0.1163444072008133
0.11394358426332474
0.13650164008140564
0.11083227396011353
0.11468957364559174
0.1246117651462555
0.11361207813024521
0.11201795935630798
0.11958548426628113
0.11090131103992462
0.11134207248687744
0.11290264129638672
0.1354251503944397
0.11743953078985214
0.12084095925092697
0.10573890060186386
0.11646221578121185
0.128692626953125
0.11528757214546204
0.13619524240493774
0.12533511221408844
0.13498982787132263
0.11248822510242462
0.11158464848995209
0.12294094264507294
0.12509705126285553
0.11553481966257095
0.12672072649002075
0.11922667920589447
0.11162550002336502
0.11645814776420593
0.11251363158226013
0.11257972568273544
0.12887200713157654
0.1156814694404602
0.1299489140510559
0.11255709826946259
0.11492526531219482
0.11287495493888855
0.11883998662233353
0.12186191231012344
0.11895915865898132
0.1256473958492279
0.11504703760147095
0.11817906051874161
0.12516097724437714
0.10871538519859314
0.12251508235931396
0.1234915554523468
0.12256395071744919
0.1100093200802803
0.11366242915391922
0.1447073519229889
0.11874664574861526
0.11445661634206772
0.11815943568944931
0.13732808828353882
0.11206977069377899
0.11641133576631546
0.10996436327695847
0.13324862718582153
0.1276477873325348
0.11959420144557953
0.12756143510341644
0.1246897280216217
0.12230341881513596
0.11298048496246338
0.1302485466003418
0.11132703721523285
0.1141190379858017
0.12632691860198975
0.12895363569259644
0.11383006721735
0.11408153176307678
0.11251633614301682
0.11436540633440018
0.11106258630752563
0.1392374187707901
0.11346443742513657
0.12105061113834381
0.11988086253404617
0.11248348653316498
0.11410059034824371
0.11464983224868774
0.11553847789764404
0.12768183648586273
0.11679485440254211
0.11806876957416534
0.11420375108718872
0.1230631023645401
0.12840206921100616
0.12433746457099915
0.12799125909805298
0.1197812557220459
0.12917867302894592
0.13506947457790375
0.11545511335134506
0.11448600888252258
0.1237204372882843
0.11273477226495743
0.12219825387001038
0.13673631846904755
0.12715601921081543
0.10882443189620972
0.13245806097984314
0.11913745105266571
0.1147858202457428
0.11626114696264267
0.12454704940319061
0.11284907162189484
0.11516134440898895
0.11505959928035736
0.13991409540176392
0.11876851320266724
0.1197597086429596
0.12093013525009155
0.13120995461940765
0.11914005875587463
0.11531604826450348
0.11720357835292816
0.12114052474498749
0.1310771256685257
0.13285715878009796
0.11487405002117157
0.12391389161348343
0.12515391409397125
0.11986533552408218
0.12086717784404755
0.1307702362537384
0.1149522215127945
0.11577412486076355
0.11270905286073685
0.1222323328256607
0.11992751061916351
0.1402725875377655
0.11512287706136703
0.12358880043029785
0.10932324081659317
0.11644601076841354
0.11938745528459549
0.11717019230127335
0.11661340296268463
0.11870845407247543
0.11042554676532745
0.11992906033992767
0.11182864755392075
0.12888512015342712
0.12377706170082092
0.12287161499261856
0.1103525310754776
0.11353076249361038
0.10867878049612045
0.12303898483514786
0.1121797263622284
0.12068550288677216
0.1463472843170166
0.11847248673439026
0.12075217068195343
0.1298944354057312
0.12366218864917755
0.12557634711265564
0.11309495568275452
0.12129098176956177
0.11855088919401169
0.11276385188102722
0.11681277304887772
0.13912974298000336
0.11371435970067978
0.12778246402740479
0.1150766909122467
0.12332424521446228
0.12033732980489731
0.12031351029872894
0.11479851603507996
0.14453963935375214
0.11381123960018158
0.1215253621339798
0.13305744528770447
0.1210763156414032
0.1353684663772583
0.11264485120773315
0.11727749556303024
0.11572105437517166
0.1280713677406311
0.11578621715307236
0.11910451203584671
0.1161753386259079
0.12001445889472961
0.11359122395515442
0.12350089102983475
0.11524638533592224
0.14186552166938782
0.11704571545124054
0.11399457603693008
0.1206878200173378
0.1243622824549675
0.10975927859544754
0.11175777018070221
0.11267571151256561
0.15009203553199768
0.11231699585914612
0.1153336688876152
0.11439476907253265
0.11636147648096085
0.13224856555461884
0.11768928915262222
0.10957948863506317
0.11728604137897491
0.12374144792556763
0.123696468770504
0.11509726941585541
0.13032753765583038
0.11379126459360123
0.11160682141780853
0.11060372740030289
0.1206437200307846
0.14448028802871704
0.11393487453460693
0.11838304996490479
0.11938957124948502
0.11615923792123795
0.12479860335588455
0.1275394856929779
0.1192311942577362
0.11263096332550049
0.11326774209737778
0.10881020873785019
0.11875564604997635
0.11392384767532349
0.11692700535058975
0.12313933670520782
0.12225762754678726
0.11602715402841568
0.1152007132768631
0.12072546780109406
0.13036809861660004
0.11557614803314209
0.1134929358959198
0.11320160329341888
0.12296625971794128
0.11612033098936081
0.13324403762817383
0.12380345165729523
0.11968396604061127
0.11112117022275925
0.10971321165561676
0.11840052902698517
0.11974924802780151
0.1226903572678566
0.11286274343729019
0.1160060241818428
0.11648208647966385
0.13219621777534485
0.11811339110136032
0.10881287604570389
0.14125293493270874
0.12830975651741028
0.13036403059959412
0.11646604537963867
0.11192586272954941
0.11529141664505005
0.12330897152423859
0.11301546543836594
0.11760898679494858
0.12054898589849472
0.12377732992172241
0.12882277369499207
0.11122273653745651
0.1238723173737526
0.11422072350978851
0.11601482331752777
0.11376836895942688
0.113278329372406
0.11432263255119324
0.1151914894580841
0.11663858592510223
0.12845250964164734
0.10802167654037476
0.11370551586151123
0.11645427346229553
0.1351088285446167
0.13218975067138672
0.11974591761827469
0.11473140120506287
0.12418793141841888
0.11585061997175217
0.12185239046812057
0.1125311404466629
0.13161355257034302
0.12130120396614075
0.11334063112735748
0.14210420846939087
0.11353878676891327
0.11159166693687439
0.13020206987857819
0.12375139445066452
0.11138324439525604
0.13669238984584808
0.11107376962900162
0.10818450897932053
0.12001299858093262
0.12672710418701172
0.13643649220466614
0.12445634603500366
0.1301714926958084
0.12843073904514313
0.12212618440389633
0.1187848448753357
0.11374140530824661
0.13348540663719177
0.11633644998073578
0.11438022553920746
0.12489426881074905
0.12385580688714981
0.1182464212179184
0.11418425291776657
0.12898090481758118
0.11670748144388199
0.12169085443019867
0.11528562754392624
0.11834313720464706
0.1284816861152649
0.12888208031654358
0.11403032392263412
0.12045695632696152
0.10696827620267868
0.142032653093338
0.12126931548118591
0.11348549276590347
0.11492457985877991
0.1109459176659584
0.11560520529747009
0.1259302794933319
0.11664613336324692
0.11289104074239731
0.1201249361038208
0.1307910531759262
0.11754590272903442
0.11630829423666
0.1319960057735443
0.12344909459352493
0.12296071648597717
0.10895881801843643
0.1256585717201233
0.11893673241138458
0.11883987486362457
0.12737832963466644
0.1287495344877243
0.1132836788892746
0.10877382010221481
0.12025032937526703
0.12203013151884079
0.1247701644897461
0.11445848643779755
0.12162400037050247
0.11250700801610947
0.11840303987264633
0.11244915425777435
0.1290615200996399
0.12529441714286804
0.11859530955553055
0.11871782690286636
0.13742059469223022
0.1341443955898285
0.1192583441734314
0.12704205513000488
0.1266861855983734
0.12451976537704468
0.12750746309757233
0.11615321785211563
0.11718308180570602
0.11766970157623291
0.11695107817649841
0.12363714724779129
0.1167069673538208
0.11246161162853241
0.11900052428245544
0.12729445099830627
0.11693993955850601
0.11505179852247238
0.12246977537870407
0.13587802648544312
0.12475632131099701
0.11185046285390854
0.11242156475782394
0.12963971495628357
0.13932913541793823
0.12087558209896088
0.11502215266227722
0.12089692056179047
0.12014210969209671
0.12540829181671143
0.12170040607452393
0.11437133699655533
0.12380016595125198
0.13817940652370453
0.12504842877388
0.11317279189825058
0.12215061485767365
0.12568099796772003
0.11938800662755966
0.12288042902946472
0.11193791031837463
0.1241988092660904
0.12826034426689148
0.11847223341464996
0.12987801432609558
0.1164880245923996
0.12212888151407242
0.12235196679830551
