0.305013334274292
0.376906667470932
0.42501333343982695
0.45141333413124085
0.46879999828338625
0.4930666661262512
0.4984533340930939
0.5099733321666717
0.5265066678524017
0.5342399997711181
0.5260799992084503
0.5403733327388763
0.5445333337783813
0.547413332939148
0.5508799993991852
0.5465066661834717
0.5589333312511444
0.5568533346652985
0.5662399976253509
0.5792533338069916
0.5690133333206177
0.5747733335494996
0.5850133323669433
0.5859199976921081
0.5904533317089081
0.5940266664028168
0.5920533328056335
0.5921599977016448
0.5933866627216339
0.6157866666316986
0.6105066664218902
0.6135999984741211
0.6009066665172577
0.6049066643714904
0.6057599971294403
0.619733332157135
0.62357333278656
0.6252800006866455
0.6169599995613099
0.6329600021839142
0.6338133299350739
0.6208000004291534
0.63146666431427
0.6330133321285247
0.6328533337116241
0.6326399977207184
0.6404800019264221
0.64421333360672
0.6451200003623963
0.6376000015735627
0.654506667137146
0.6484799981117249
0.6476799955368042
0.6458666687011718
0.6536533319950104
0.65157333278656
0.6531199998855591
0.6596266651153564
0.6585599985122681
0.6595199987888336
0.6560000030994415
0.6589333336353302
0.6578133344650269
0.659839998960495
0.6714666647911072
0.6621866624355316
0.6728533358573914
0.6690133333206176
0.6575466675758361
0.6755733323097229
0.6662933320999146
0.6749333310127258
0.6705066659450531
0.6759466667175293
0.6651733341217041
0.6819733309745789
0.6754666659832
0.6825599985122681
0.6840533351898194
0.6775999989509582
0.6844799981117249
0.6676266665458679
0.6765866680145264
0.6894933362007141
0.6828800005912781
0.69167999792099
0.6913599996566773
0.6794133334159851
0.6853866672515869
0.677600002527237
0.6943466649055481
0.6898133327960968
0.6956800022125245
0.694986665725708
0.6965333309173584
0.6898666641712189
0.6873066654205322
0.6993600006103515
0.7057599964141845
0.7022933344841004
0.6884266657829284
0.7015466685295105
0.7011199979782105
0.7001066660881042
0.6953066678047181
0.7044266667366028
0.6912533311843873
0.699626669883728
0.7041600000858307
0.708800000667572
0.7116266679763794
0.7062933325767518
0.7038399996757507
0.7034133358001708
0.7147733311653137
0.7115733346939087
0.7148799991607666
0.7131733341217041
0.7178133320808411
0.7068799991607666
0.717386667251587
0.714079999446869
0.7226666655540467
0.7142933349609375
0.7151466665267945
0.7099199995994568
0.716
0.7191466653347015
0.71946666431427
0.7215466666221618
0.7266133341789246
0.7205333342552185
0.7194666662216187
0.7269866676330566
0.722720000743866
0.7211733322143554
0.7226133308410645
0.7312000021934509
0.7260266647338868
0.7196799983978271
0.7310933327674866
0.7184533333778381
0.7258666696548461
0.7205866680145264
0.7158399963378906
0.7395200023651123
0.732266664981842
0.7203200006484985
0.7286933336257935
0.7314133338928223
0.7394133324623108
0.7193066668510437
0.730453332901001
0.7321600041389466
0.7270933327674866
0.7249599967002869
0.7317333335876465
0.7371733331680298
0.7386133327484131
0.7331733336448669
0.7375466666221618
0.733920000076294
0.7372799990177155
0.7366933345794677
0.7354133315086365
0.7431999998092651
0.7340266671180725
0.7364800019264222
0.7334933338165284
0.7351999998092651
0.7287999997138978
0.7309866666793823
0.7378666667938233
0.7336533331871032
0.7406933364868165
0.7290133357048034
0.7450133304595947
0.7443200001716613
0.7546666688919067
0.7348266668319702
0.7461333322525024
0.7366400003433228
0.7417600002288819
0.7451200041770935
0.7451733298301697
0.7549333348274231
0.7523199996948242
0.7451200013160706
0.7604266662597656
0.7427199993133545
0.7537066645622253
0.7534400010108948
0.7416533350944519
0.7558399996757508
0.7569066681861878
0.7425066683292388
0.7636800022125244
0.7476266679763794
0.7513600020408631
0.7497599992752075
0.7419199991226196
0.7443733329772949
0.7543999967575074
0.7587200012207032
0.754293333530426
0.7614933309555054
0.7514666624069214
0.7577599997520447
0.7561066675186158
0.7594666662216186
0.7534933342933655
0.7691733326911926
0.7507199997901917
0.7545599985122681
0.7547733306884765
0.7637333335876465
0.7601066675186158
0.7532800002098083
0.7672533330917358
0.7521066660881043
0.7622400002479554
0.7604266662597656
0.7592000017166137
0.7581333327293396
0.7510399990081787
0.7607999982833862
0.7518933324813842
0.7615466675758362
0.7547733345031739
0.762933331489563
0.7615999994277954
0.7708266658782958
0.7610133328437805
0.7559999995231629
0.7628799991607667
0.7648533301353455
0.7705066657066345
0.765813332080841
0.7639999985694885
0.7716800012588501
0.7743466634750367
0.7772800002098084
0.7628800001144409
0.7676799998283387
0.7651733322143555
0.7666666641235351
0.7720000009536743
0.762133330821991
0.7875733323097229
0.7612266664505005
0.7675733323097229
0.7795199999809265
0.7604266676902771
0.7777599978446961
0.7698133344650269
0.7675733351707459
0.7691733322143555
0.7694933314323426
0.7700266637802125
0.770293330192566
0.7786666641235351
0.7658133335113525
0.770613332748413
0.7784533295631408
0.7724266653060913
0.7706133337020874
0.7790400023460389
0.7822933335304261
0.773226665019989
0.7790399985313415
0.7809066653251648
0.7759466667175293
0.7740800008773804
0.7828266673088073
0.7718933343887329
0.773866662979126
0.7784533309936523
0.7693333353996277
0.7774400000572205
0.7691733345985413
0.7744533329010009
0.7852266654968262
0.7838933334350586
0.764
0.7813333320617676
0.783039999961853
0.7781866655349732
0.7846933302879333
0.7768533353805542
0.7752533311843872
0.7789333353042602
0.7930666646957397
0.7725866670608521
0.7762666654586792
0.7823466644287109
0.7834666628837585
0.7826666655540466
0.7689066681861877
0.7864000000953675
0.7857599992752076
0.7792000007629395
