24.191459083557127
4.146406266689301
4.0041879510879514
3.9161506366729735
3.8800046110153197
3.8578997349739073
3.8523338842391968
3.8402013325691224
3.8214358067512513
3.8083895540237425
3.8195125555992124
3.797970118522644
3.793182466030121
3.7773448181152345
3.7624813771247863
3.758778786659241
3.7945427227020265
3.760178260803223
3.7632752656936646
3.7426311683654787
3.7667116498947144
3.761166787147522
3.7576962542533874
3.743314757347107
3.7086823892593386
3.7508852744102477
3.7143249201774595
3.7392867851257323
3.7345731019973756
3.716303005218506
3.719263246059418
3.709711797237396
3.700373077392578
3.704877495765686
3.697731137275696
3.6924979853630067
3.7196150755882265
3.696871678829193
3.688601915836334
3.6727038049697875
3.701574308872223
3.670528724193573
3.6873702716827395
3.655880687236786
3.6716322565078734
3.6462923550605773
3.6654940462112426
3.6252712297439573
3.653512921333313
3.643596611022949
3.652373583316803
3.6547926616668702
3.6599192810058594
3.647481837272644
3.6483206748962402
3.666235785484314
3.656448667049408
3.669831109046936
3.6737583923339843
3.643494420051575
3.623237133026123
3.631554453372955
3.631529333591461
3.6497613286972044
3.6082850170135496
3.638798649311066
3.6161551451683045
3.6141845703125
3.6315450859069824
3.598364679813385
3.6102934193611147
3.5841510915756225
3.611753828525543
3.634751741886139
3.607623765468597
3.629099464416504
3.6074236702919005
3.6093672013282774
3.598996820449829
3.5926254987716675
3.6126568865776063
3.585367856025696
3.5897250390052795
3.5696960401535036
3.5995401835441587
3.563559520244598
3.545379726886749
3.5527051377296446
3.554853959083557
3.5465232348442077
3.5619728422164916
3.5578963804244994
3.5328576231002806
3.5587432026863097
3.568882029056549
3.5439101481437683
3.563790864944458
3.545764584541321
3.5374791288375853
3.5289182925224303
3.5356288051605222
3.5386156320571898
3.5692174935340883
3.5435672926902773
3.5320258498191834
3.525288007259369
3.541787259578705
3.515883228778839
3.5538580298423765
3.5285052704811095
3.5482391333580017
3.547199604511261
3.5424868273735046
3.5370112299919128
3.5119301414489748
3.5060343098640443
3.530654582977295
3.5332643699646
3.508065519332886
3.5071894216537474
3.4652614617347717
3.5004171562194824
3.5106160402297975
3.487577488422394
3.499339165687561
3.51444167137146
3.495932710170746
3.521859645843506
3.5269633746147155
3.4942780780792235
3.4755887842178343
3.477424848079681
3.494286501407623
3.5008788442611696
3.493774275779724
3.469889049530029
3.457471265792847
3.4866605949401857
3.5318844223022463
3.498247208595276
3.4897228908538818
3.482666943073273
3.473944618701935
3.4898671674728394
3.5006159210205077
3.518673367500305
3.5087639594078066
3.473748195171356
3.480394549369812
3.473223295211792
3.478528525829315
3.450587260723114
3.4515411829948426
3.50894624710083
3.471860554218292
3.4597183322906493
3.4995542049407957
3.473539743423462
3.4691077876091003
3.466367230415344
3.474325613975525
3.47829824924469
3.466005311012268
3.4333050537109373
3.4645263504981996
3.488512599468231
3.4510165548324583
3.4503112721443174
3.4290219068527223
3.44881441116333
3.4613221073150635
3.448534977436066
3.4431265211105346
3.466159987449646
3.4468728280067444
3.436868155002594
3.44946115732193
3.427097897529602
3.468882391452789
3.4340694761276245
3.406764576435089
3.42470609664917
3.440221393108368
3.3859908890724184
3.43520658493042
3.4013861346244814
3.411001226902008
3.4285945439338685
3.404212622642517
3.4364133954048155
3.4766483902931213
3.430874502658844
3.4329851913452147
3.404867584705353
3.422547786235809
3.385298280715942
3.4140818738937377
3.4266520714759827
3.397251479625702
3.4095541524887083
3.4354278373718263
3.4220731925964354
3.4119012331962586
3.4413590741157534
3.399801390171051
3.3958139777183534
3.428618450164795
3.4231081366539002
3.4174912691116335
3.4508717966079714
3.413942003250122
3.3898803758621217
3.382971479892731
3.3785152864456176
3.424346969127655
3.3995117259025576
3.415915856361389
3.432728872299194
3.404120180606842
3.3899014163017274
3.4125146293640136
3.401709644794464
3.4186954522132873
3.41808748960495
3.4137856578826904
3.3766068148612978
3.4130095934867857
3.4048876428604125
3.4140997767448424
3.3884535026550293
3.3901213908195498
3.3863415217399595
3.4111746525764466
3.3604678821563723
3.368262300491333
3.3935784792900083
3.3494436383247375
3.3679373764991762
3.387254707813263
3.4002231645584104
3.3897523498535156
3.4034218549728394
3.3786439657211305
3.3675283718109132
3.3768253684043885
3.394616098403931
3.3613149905204773
3.3765581679344177
3.3770159220695497
3.3704512763023375
3.362700445652008
3.3682115721702575
3.3821656918525695
3.3735862970352173
3.401055235862732
3.3846224522590638
3.3990360832214357
3.369789843559265
3.410899043083191
3.362731101512909
3.3780195140838623
3.393347702026367
3.3786350536346434
3.37660658121109
3.381475203037262
3.348052432537079
3.3981247782707213
3.3316412353515625
3.3912723565101626
3.3499948000907898
3.335775194168091
3.3841641116142274
3.340332429409027
3.3578597617149355
3.3733154058456423
3.336852903366089
3.4043203806877136
3.3754058051109315
3.34464729309082
3.3764345717430113
3.369828290939331
3.3898728919029235
3.3442360830307005
3.3673156690597534
3.347162117958069
3.365498275756836
3.3865960240364075
3.377380061149597
3.352133388519287
3.315505678653717
3.3315445160865784
3.366012842655182
3.340565574169159
3.358336915969849
3.3406479287147524
3.3364061546325683
3.3486924362182617
3.379514548778534
3.356622817516327
3.3564816689491273
3.3618202900886534
3.389023258686066
3.3715490102767944
3.335623207092285
3.349033975601196
3.334655725955963
3.381517083644867
3.3194142246246336
3.311652212142944
3.345100078582764
3.3558470821380615
3.370268175601959
3.3490793561935424
3.303110210895538
3.350712487697601
3.349669404029846
3.3374395632743834
3.35930255651474
3.329516007900238
3.3616129565238952
3.376626238822937
3.3281099820137023
3.343575129508972
3.3358557534217836
3.3675337862968444
3.316650884151459
3.347202067375183
3.3458948612213133
3.3324651741981506
3.3161572861671447
3.32671187877655
3.328052747249603
3.3286700892448424
3.340634410381317
3.3560151267051697
3.3154614639282225
3.3391368103027346
3.3274003982543947
3.368770158290863
3.391383156776428
3.2936173486709595
3.3498632431030275
3.2963890433311462
3.325444288253784
3.325768086910248
3.3297264051437376
3.3414326548576354
3.2775669431686403
3.313670313358307
3.3451406264305117
3.3160027837753296
3.305925600528717
3.3166545534133913
3.291671164035797
3.2937318444252015
3.2871021103858946
3.359164922237396
3.2786212873458864
3.3154959535598754
3.2797206592559816
3.306920175552368
3.313425395488739
3.287216966152191
3.3143263125419615
3.308103041648865
3.3190335869789123
3.295435230731964
3.3175990891456606
3.3039751076698303
3.280713815689087
3.317461655139923
3.3259139037132264
3.3267511463165285
3.2974059224128722
3.301400225162506
3.3637270498275758
3.288799285888672
3.299163956642151
3.318317141532898
3.3256854891777037
3.2701461052894594
3.300959508419037
3.2756563138961794
3.3176532793045044
3.286950852870941
3.3214901447296143
3.2976255440711975
3.305794587135315
3.3274628639221193
3.3286548161506655
3.293416028022766
3.2913568377494813
3.2940431571006776
3.2936552238464354
3.250090415477753
3.2949694442749022
3.2943805384635927
3.312626039981842
3.297836284637451
3.281678512096405
3.325648784637451
3.3280075001716614
3.2866740083694457
3.335102045536041
3.3336410903930664
3.2814320850372316
3.3282138562202452
3.2974970507621766
3.2694281554222107
3.2957870864868166
3.306451668739319
3.2974165058135987
3.3320453858375547
3.283062903881073
3.2885768151283266
3.281116805076599
3.26869158744812
3.282715744972229
3.288396751880646
3.313028964996338
3.280973653793335
3.294057860374451
3.266241946220398
3.2934219002723695
3.263937029838562
3.283188216686249
3.307075169086456
3.2825451827049257
3.296635012626648
3.2697154545783995
3.309240686893463
3.2609696435928344
3.21342529296875
3.27515540599823
3.2942141032218935
3.288659770488739
3.2929702496528623
3.265684142112732
3.2966739249229433
3.292782416343689
3.298101351261139
3.279577069282532
3.3002084469795228
3.2795631074905396
3.297963218688965
3.2644257140159607
3.3134487771987917
3.3169379806518555
3.271765353679657
3.2533243823051454
3.265844442844391
3.2825905656814576
3.25681923866272
3.2932734441757203
3.2788211941719054
3.2952066612243653
3.259978575706482
3.2608310174942017
3.2690576481819154
3.276959822177887
3.3259459853172304
3.2488093185424805
3.2710248470306396
3.302219512462616
3.236287431716919
3.2806820845603943
3.272644853591919
3.319682514667511
3.2544353723526003
3.242208321094513
3.2833006095886232
3.2778735542297364
3.2834417152404787
3.234759407043457
3.3037197256088255
3.2361589646339417
3.300254626274109
3.26561723947525
3.2721706676483153
3.281138641834259
3.287235126495361
3.2943043375015257
3.2932606530189514
3.2166897368431093
3.266368021965027
3.253594927787781
3.2783876204490663
3.267297089099884
3.2428264379501344
3.2774616432189942
3.2906312990188598
3.2702877736091613
3.2510750794410708
3.2915227699279783
3.264187436103821
3.2591634154319764
3.247586371898651
3.2729943871498106
3.269668183326721
3.3039602518081663
