2.532126267751058
2.2306192691880042
2.0781538895886356
1.9598061544726593
1.8586509215711342
1.783222426067699
1.6926987833446927
1.6462659799691401
1.5772655407587688
1.567725541615727
1.5144705290746208
1.4399378456250587
1.4587051290454287
1.4014389743708602
1.3615810509883997
1.3272075978192417
1.2968284403434907
1.2575828481202174
1.2311708337128764
1.1894630783736104
1.1791547368271182
1.1696883325624947
1.137351226927054
1.1272393675765606
1.0693994050074105
1.053333499214866
1.0375301091357916
1.002763675920891
0.9876923284145317
0.9645333868084531
0.9420740074581571
0.9318853526404409
0.9189668941979456
0.8918559460928945
0.882337232430776
0.8432337954790905
0.8410538597540422
0.842943873670366
0.8067939233298254
0.8062195982595887
0.7701316894304873
0.783111217648092
0.7573407834226434
0.765347441639563
0.7431985404756334
0.706668764653832
0.7029764634190183
0.7047681483355436
0.6853869710907792
0.6719602671536532
0.6575384133993977
0.6430616306536125
0.6576533437979342
0.6289265673569958
0.6331089792227504
0.6172909772757328
0.6102019945780436
0.5963236933404749
0.5960486422885548
0.5841319678407727
0.5886435909102662
0.5668827539140527
0.5812345553528179
0.551023474546394
0.5536188474207213
0.5577708871075602
0.5333880761055031
0.5182226790924265
0.530589574816251
0.5116096054664766
0.5088094063479491
0.5054940578311381
0.4887304965293769
0.49287002797078605
0.4760906244769241
0.47006922689351166
0.47479090425703263
0.46809597960626237
0.4530850426115171
0.45234349701139664
0.4682767043511073
0.46224287603840686
0.4494040816119223
0.45916286833358533
0.4510013712475998
0.4189732219233657
0.4392920774642867
0.4277170818261426
0.4281041354241997
0.43621596091925496
0.4184220827589131
0.40081840166539856
0.4068069045591836
0.40420129835003554
0.41301717541434546
0.39696879112961314
0.39230108938433905
0.3880032103772115
0.38427436110949276
0.3868718303815283
0.3872467204175814
0.3964910257344294
0.38755257954501143
0.3615712941897036
0.368645918941257
0.3719385082673545
0.37046594601688965
0.37637606293264064
0.3626429826924295
0.366450162849041
0.3507361183262835
0.3550135162141588
0.34772312821763934
0.3419051120678584
0.35333853192401654
0.3365894349837544
0.32950842997642477
0.3446770825169303
0.3379385055917682
0.3449545677262123
0.33030698561307154
0.33695110633517755
0.3250483465616149
0.3275429880378222
0.33299353011328764
0.33053196199012524
0.3094155195385519
0.3171287817184371
0.31921045437003626
0.3152062941079188
0.31508452919396485
0.30991837638195113
0.3114223009107089
0.3056014445092943
0.2995216149573374
0.3044985806701159
0.2988031208515167
0.3106579155933977
0.3095396931725319
0.2853831469711631
0.29348392167476695
0.2873098940560312
0.29276917393159385
0.2854315186991836
0.2903735109350898
0.29558653933833345
0.28193671880948423
0.290488556328446
0.2849961052639316
0.2780951393975152
0.28358917645733767
0.28400785468443474
0.27092938937924127
0.28562264505660895
0.2703330650775119
0.2649128348237336
0.2699275424685141
0.2641296647112779
0.27493106415777496
0.2752290137789466
0.26784088289496877
0.25987760210880123
0.24989930487642384
0.25911576752409793
0.2583163964627969
0.25717297143707374
0.25508221998961284
0.257257058764949
0.26407462704663326
0.25010012692273265
0.25304696897063594
0.2626072379073711
0.24665375911828244
0.2528349085889681
0.2483118117758722
0.246335711443063
0.2452099947917341
0.2496532481728178
0.24241016835275322
0.24336366295212447
0.2352684633900421
0.23932917160217207
0.22424647814095622
0.2304511344192004
0.23927133229344782
0.23701144980661798
0.231576868003667
0.23467909717800642
0.2409408176788176
0.22897489414070593
0.23296509660554654
0.21602911592432947
0.22893250665881418
0.23364212025295605
0.2310941144824028
0.22228290516920765
0.2277152743002381
0.23304069034679972
0.2300292971459302
0.2219562449991101
0.21834826762929108
0.21612315060514392
0.20952104461012463
0.223713650020084
0.22561266664603744
0.21713608924788658
0.2188581017532734
0.2162488844208043
0.21310533357389044
0.21617632998962594
0.21330805867910385
0.2238468818291269
0.20360598969038088
0.21091488470332792
0.19951767557197148
0.20948743481527676
0.2077964861134086
0.21046114073257255
0.2146023717342001
0.19487991025953583
0.2019889700894404
0.20470232238071134
0.20755349596341452
0.21487869864160364
0.20811294290152463
0.2104667852623294
0.19665401097800997
0.18843586336482654
0.21723812336873527
0.2004180581431196
0.19174687406330398
0.19205256559029973
0.20040833746845071
0.1964037904534677
0.1988408716790604
0.2002766446934806
0.20303399657661264
0.19397843042106339
0.19223059510642831
0.19304976665010357
0.18303677063397686
0.1874695819134664
0.2038022732042303
0.1950979648214398
0.18889974825309985
0.18155117152315198
0.18388357314497533
0.19782188655150057
0.18462580525212818
0.1852355083130827
