2.513375344902578
2.2312985128826566
2.107849348675121
1.9903769011449333
1.889944198155644
1.802432858582699
1.7540844498258648
1.7092269851703836
1.6629975203311804
1.6105542905402905
1.5255018243886003
1.5135725712535357
1.4719609275008694
1.4364037381278143
1.3946915792696404
1.3378074975928875
1.3251034117708302
1.291733585222803
1.2735925774381618
1.2510063798740656
1.217598091472279
1.183924219825051
1.1368062899570273
1.1435856475974575
1.0966372267164366
1.100897815492418
1.0701376795768738
1.05099121910153
1.058167850730395
1.0149816232498245
0.9752237068282233
0.9741660338459592
0.940062767929501
0.9397796067324552
0.9151006124236367
0.9143333146066377
0.901649245710084
0.8830011571296538
0.8642331644742176
0.84646662136521
0.8437690656594555
0.802644123332669
0.8126644161012437
0.7740749807068796
0.7792985415217852
0.7895947285372802
0.7503906964051603
0.7542629536956248
0.7305451161933668
0.7189813990785618
0.7013995210931758
0.7135002859915146
0.6940146202992912
0.7084955031221564
0.6709092735040068
0.6895996973370061
0.6696128959607597
0.6664589842160543
0.657209058602651
0.6320855364655004
0.6439571236119126
0.628935881937393
0.6128517314039096
0.6087273771714683
0.626715217876916
0.6004445772580426
0.6105635792318017
0.5740344241411999
0.5864382858830269
0.5868497319293745
0.5624334134838798
0.5539223630018909
0.5642591121822896
0.5654053639883947
0.5536468110301278
0.5444136782728061
0.5304601662086718
0.5184417797459496
0.5343256342892695
0.5269461620335627
0.5153490470515357
0.5137298101126545
0.5061104484278747
0.5174056592613759
0.5020874088460748
0.49250687433011603
0.49517139942959104
0.48958653241696987
0.5035888239590809
0.48328753131808655
0.4818438872544452
0.49158145713083673
0.477881492990436
0.45734610671948905
0.4596036109659407
0.4583321882016731
0.45474658710787996
0.44645266310133114
0.4661410724875903
0.4419130442118404
0.456190341349804
0.460427842959009
0.4571533299455739
0.45507926862649245
0.4463904481945616
0.4388843094459688
0.43810597182524325
0.4287114582880579
0.4345409397525017
0.44117882637062455
0.42314766844113666
0.4221009389318601
0.44114241756574074
0.4139606931594887
0.4269306587450432
0.4125066438708643
0.40548500117629466
0.41261131926016376
0.42244633851629315
0.4042523361817755
0.3989082890929598
0.39541720772030375
0.3998664196091469
0.39859624282278194
0.4012064355792421
0.38725846915534046
0.40425285937810185
0.3925596869955159
0.37699511195674085
0.39773979873368237
0.38025837835639414
0.38322928005998785
0.37079451677173075
0.38192033376356566
0.3774015966689948
0.37953826634570803
0.3733695104266658
0.3751955565178033
0.3688348706322487
0.3695473369925913
0.3611003109300979
0.36739251348707413
0.36334247420532534
0.36240182109553404
0.36034895253903937
0.3561520413918929
0.34173778933708115
0.3559357307173989
0.3564658387742861
0.35484941123109875
0.34517674072824345
0.3474265285814651
0.35174714420178926
0.3598534699642297
0.34879086174146096
0.34936963924855896
0.34672189752260846
0.3430165639429381
0.3435825679940407
0.3360614036068772
0.34531212214267615
0.3394394104528909
0.33646853569180074
0.33826435033721153
0.3425406703744272
0.3339707696377629
0.3282661723970163
0.3323608796403866
0.3268887989147745
0.32415994490035854
0.3367292456554644
0.3328016910589103
0.32981338118663944
0.32409355691587083
0.3223239124724359
0.32092795919890355
0.32152358826362726
0.31757787938671883
0.3154970344268914
0.31428553148953603
0.3177968828064023
0.31925450912629716
0.3196218981586321
0.3231694987325957
0.31463899907439646
0.3103447411999558
0.31380066215389907
0.30452241891562337
0.30799595018227893
0.30971686752757643
0.3107017251578244
0.30863147341843805
0.3050746770218165
0.30970553602233075
0.3116860060077725
0.30333779782357845
0.3057456106850595
0.303273068082453
0.3013725214534336
0.29735026997749253
0.2970262874256481
0.2991545525464145
0.3030920627743307
0.2881968122239065
0.2881849201941731
0.30016300849842303
0.29781722269877037
0.281083652918989
0.2956529435786334
0.291173269652357
0.28249453745707115
0.2860521168419809
0.2879954061724923
0.29218202422965656
0.2900958440520547
0.27855579359362825
0.2914099851340959
0.29387341710654175
0.28373237556279307
0.2864971678666394
0.2922958203337409
0.28282975412980477
0.2792227007824965
0.27874594038785105
0.2728482170237435
0.2824503451284736
0.2776078467417245
0.27205853901728233
0.27633008511379514
0.27015644326956584
0.2694067200928023
0.2779161145891806
0.2745958867699209
0.2770495377104692
0.27261486845185057
0.27729894732586063
0.2701813748689613
0.28000025631803455
0.27544721027817387
0.26802248560418984
0.26465571137389754
0.2677443739440706
0.27719497515095604
0.26486036828672044
0.26654067199037534
0.2654542786003363
0.274909294765405
0.2636938734789087
0.2648830362642654
0.26533202465736505
