0.27309764379804785
0.34468013439515627
0.3838720544420107
0.4118518522291472
0.44050504944541236
0.4651851840693541
0.48101009774689724
0.4940067334006531
0.5038383843922856
0.5171380455445762
0.549966328372859
0.5540403991636603
0.5659595938644024
0.5719191838394512
0.5846127939946724
0.6042760926665682
0.6078787843386332
0.6142424230623726
0.6235353525238808
0.6270370375026356
0.6389562288920084
0.645622894920484
0.6632659941008596
0.660505048554353
0.6751851842860983
0.6686868685664553
0.6828956236742963
0.6903030288339865
0.6879798005325626
0.6950505032683864
0.7148484864620247
0.7124915809342356
0.7264983178389193
0.7262626260217994
0.731750842898783
0.7315824916868499
0.7346127948375664
0.7406397281271039
0.7503030324223066
0.7518518518919897
0.7545454580374439
0.7693602689588913
0.7649158263447309
0.780774409120733
0.7741414109865824
0.7706060584145363
0.7845791277259287
0.7822222228002067
0.7917171722710735
0.7954882148540381
0.8009090881154994
0.7977104373652526
0.8033670030459009
0.8018181787596809
0.8107407394081655
0.8061952843810573
0.8111111112315246
0.8124915806934087
0.8179124575672727
0.8300336689660044
0.8224242407866199
0.8301010101732581
0.8327272739073243
0.8330639715146537
0.8301683513805119
0.8378451201650832
0.832727272101123
0.846599326591299
0.8420202009605638
0.8413467997252339
0.851683502245431
0.8532323229192483
0.8519191916542824
0.8502356921783601
0.8532996605140994
0.8557912454460607
0.8613468047344324
0.867441075618821
0.8607070674799909
0.8646127948857317
0.868821549295175
0.8690909123179889
0.8708754169820535
0.869696972346065
0.8748148119810856
0.8746801325769136
0.8752188526018702
0.8779797957401083
0.8728956206880435
0.8794276070113134
0.880572391278816
0.8767676780922244
0.8828619519869486
0.8871380476036457
0.8890909088982476
0.8869696969937797
0.8910437671825139
0.8937373733279681
0.8855892263277613
0.8966329988807139
0.8916161590152316
0.8889898982915011
0.8894612795174724
0.8919191926416724
0.8928619520832793
0.8968350170838713
0.8981144783472774
0.8993939378044822
0.8990235720017944
0.8962626246490863
0.9023569003500119
0.9026936003656099
0.8961616158485413
0.9072053859932254
0.9011111084860984
0.9059595989458489
0.9073737353989573
0.906599330179619
0.9025589239717734
0.9121885552550807
0.9116835040275497
0.9140067353393092
0.9103703721605166
0.9125252540665444
0.9106397321729949
0.9164983220774718
0.9097306415288136
0.9142087547466008
0.9211784541004836
0.9110774433974064
0.9197643146370397
0.9184511785555367
0.9244107754543575
0.9177104385212215
0.9197643122287712
0.9199663346463983
0.921582493517134
0.9194612828168002
0.9244107742502232
0.9234343484194592
0.9248484890870373
0.9254208761032181
0.9259595997405775
0.9277104416278877
0.9269697009915053
0.9286532022736289
0.934309766750143
0.9276094340314769
0.9269023609883857
0.9308754247848434
0.9333333348987078
0.9312121254025083
0.9303367035557525
0.9259259309431519
0.9300336735417144
0.9297979823266617
0.9296969729240494
0.9335690273178948
0.9333333355007749
0.9364983204639319
0.9336026967173875
0.9348484897854352
0.9345117885657032
0.9361952880416253
0.933501686110641
0.936430978654611
0.9411784512828095
0.9381144793346675
0.9401683512360158
0.9411447824853839
0.9367003404732906
0.9379461299289357
0.9385185193533849
0.93925926360217
0.943939396227249
0.9431313131794785
0.9435353544023302
0.9442424226288844
0.9455218850964248
0.9464983175499271
0.9426262619519474
0.9437373726054875
0.9425252543555366
0.9426936037612684
0.9439730632184732
0.9465993239422037
0.9459259257172093
0.9490909058638294
0.9452861950855063
0.9474410757873998
0.9451178450777074
0.9470370369728165
0.9453872044881185
0.9456565663067982
0.946902355160376
0.9480471370196102
0.9470370375748837
0.9499999977121449
0.9499326595152268
0.952087539012986
0.9506397271397138
0.9524579084280765
0.9492592582798968
0.9539393909049757
0.9546801315413581
0.9502693553163548
0.9492255888804041
0.9585858553346961
0.9512794571693497
0.9541077397086404
0.9576430922806866
0.9552861933756356
0.9550168321590231
0.9542424179086781
0.9557912433990324
0.9577104328858732
0.9538720484935876
0.9545117839418277
0.9569696922494908
0.9551851797585535
0.9542424191128124
0.956329962821922
0.958518512321241
0.9581144765169933
0.9610100930387323
0.9575084128765144
0.9595959559835568
0.9616834954781965
0.9587542029342266
0.9613131236548376
0.9614141348636511
0.9587542023321595
0.9603366930075367
0.9579124516910977
0.9608080754376421
0.9576430928827536
0.9617845042787417
0.9575420840822085
0.9599326517846849
0.9623905673171534
0.9646801280252861
0.962457906718206
0.9588215411311448
0.9642760849962331
0.9636363579769327
0.9644781098221288
0.9595959547794226
0.9650841668398693
0.964747469834607
0.9618855148854882
