0.2335016837324759
0.29299663398603
0.33424242442906504
0.36050504957786716
0.3946127939705897
0.4238047136200799
0.4226936032675733
0.4529629638700774
0.4690572372590653
0.48848484652210966
0.48175083838327964
0.5035690240787737
0.5225925912158658
0.5284175084094809
0.5460606054826216
0.5498316447542171
0.5700673379681327
0.5674074078449095
0.5871043759162979
0.5826262599892087
0.597104377216763
0.5979124539428287
0.6115151511298286
0.6121212117599718
0.6193265978134039
0.6308080809887009
0.6388888882868218
0.6466329958703783
0.6492255908070188
0.6647138041679306
0.6569360271848813
0.6700000022396897
0.6721212105317549
0.6869023604826494
0.6981481488304909
0.6977104388102137
0.7110774408687245
0.7096296308016536
0.7144781152407328
0.715050504665182
0.7196633015016113
0.7281818161107073
0.7383164986215457
0.7429292930497063
0.7527272695242756
0.7455218849760114
0.7470033674529104
0.7579461300011837
0.7609090913425792
0.7697643089776087
0.7667340040206909
0.7683501677079634
0.7779461283876439
0.7717845132856658
0.7770707077450223
0.7820202003825795
0.7929629635329198
0.7946464648150434
0.7982491597984777
0.8091245769250273
0.8063636355929904
0.8062289519743486
0.8089898981229223
0.8180471381755791
0.8175757563475406
0.8157575750591779
0.8176094257470333
0.8251515151274325
0.828989899519718
0.824781145712342
0.8300336701701386
0.8366666628856851
0.8386868677958094
0.8505387191820626
0.8441750828665916
0.8414814821397415
0.8473400672276815
0.8559932660574865
0.8447474759034436
0.8494949509399106
0.851548823443326
0.8608080774846704
0.8600336698570636
0.8583164991754474
0.8644107742743059
0.8618518511454264
0.8662626267683626
0.8624915811750624
0.8656902409563161
0.8675420862255674
0.8731986513041486
0.8698989893450881
0.8732323219077756
0.8802020176492557
0.8763299662657459
0.877575756323458
0.8796633030429031
0.8861279481589192
0.8882828276566784
0.8797979776305381
0.8876430928105056
0.8848148144856848
0.8898989871294811
0.8882491588592529
0.8997979814356024
0.8929966314874515
0.8931313108916235
0.8968686888916324
0.8984175083613155
0.8945117845679774
0.8999326626459757
0.9030976397822602
0.9052525277089591
0.9020875433478692
0.9056228971240496
0.9036700328191122
0.9013804739171808
0.9122895616473574
0.9107407409735401
0.9056565641152738
0.911582492216669
0.9109764303823914
0.9116835028234155
0.9100673409423443
0.914983164782476
0.9123232352613199
0.9136026935143904
0.9182828309560063
0.9202020234531827
0.9185185215689919
0.9210101034906175
0.9189562297830678
0.9216835041238804
0.9196296298142635
0.9192592597971059
0.9208080870936616
0.9178451197315948
0.9260269391416299
0.926801349177505
0.9260942785426823
0.9280134716419258
0.9277441098232462
0.9232659954013247
0.926767677971811
0.9284175110585762
0.9321885518353394
0.9285185228694569
0.9328956242763635
0.9313804699917032
0.9329629636774159
0.9345791273646884
0.9297979811225274
0.9342087573475308
0.9336363685251486
0.9368013480697015
0.9369696968733662
0.9385858611627058
0.9345791285688226
0.9401010136411647
0.9375757605138452
0.9387205405668779
0.9389899017834904
0.9392255887840734
0.935319863786601
0.9379461311330699
0.9444107738408175
0.9450841750761475
0.9426936037612684
0.9379124611315101
0.9422222243414985
0.9430303037768663
0.9461952839234863
0.9453872050901856
0.9459595933105006
0.9486195282502607
0.9473063963832278
0.9484511782424618
0.9482828264284615
0.9519528565984784
0.9471717145707872
0.9497979801110547
0.9490235676669111
0.9499326589131596
0.9495959594996288
0.9470707075764434
0.9504040389349966
0.951111107763618
0.9523905702311584
0.9512457883719242
0.9528282808535027
0.9543434309236931
0.9499326589131596
0.9533333308768995
0.95572390399798
0.9519528602108811
0.9497979771007191
0.9528619478447269
0.9513467971724693
0.9539393903029085
0.9538383784920278
0.9558585828000848
0.9588552117347717
0.9561616140182572
0.9592592541617576
0.9583838347232703
0.9579461253050602
0.9572053840666106
0.9564646446343624
0.9601346729981779
0.9611447748511729
0.9549831597491948
0.9578114440946868
0.9598316447903411
0.9612121160584267
0.9585858541305619
0.9619528548886077
0.9596296235768482
0.95730639407129
0.9607070672391641
0.9603703684277005
0.9602693554126855
0.9635690179738131
0.9622222173093545
0.9627946067338038
0.9595622841757957
0.963030300357125
0.9647474710387413
0.9628956173405503
0.9662289547197747
0.9654882086647881
0.9658249110886545
0.9661952817078793
0.968350168430444
0.9681481442066154
0.9634343379675739
0.9694276018576189
0.9682491536092277
0.9629629567416027
0.9668350135437166
0.9640740692013442
0.9673737305583376
0.9663636311136111
0.9644781074138603
0.9693939360705289
0.9664983093136489
0.9680134635983091
0.9693939342643275
0.9682154818014665
0.9710774391588538
0.9695286172809023
