6.741327285766602
6.366528034210205
4.1476287841796875
3.104620933532715
2.984744071960449
2.814500093460083
2.3234336376190186
1.90157949924469
1.9641079902648926
1.976735234260559
1.913597822189331
1.9585670232772827
1.5474538803100586
1.7655977010726929
1.6045103073120117
1.5814237594604492
1.3877313137054443
1.262258768081665
1.2498314380645752
1.227184772491455
1.4664967060089111
1.3681373596191406
1.133223533630371
1.1747667789459229
1.0775671005249023
1.0569814443588257
1.0112154483795166
0.8752033114433289
0.9741406440734863
1.0288033485412598
1.0625391006469727
0.850290060043335
0.9165794849395752
0.9078460931777954
0.8016142249107361
0.7951630353927612
0.7599673271179199
0.7422165870666504
0.7620459198951721
0.7476383447647095
0.7796512246131897
0.8102275133132935
0.7931017875671387
0.7901206016540527
0.7910052537918091
0.7542582750320435
0.6698464751243591
0.7283027172088623
0.7753286361694336
0.8103834390640259
0.904585599899292
0.8429235219955444
0.7360113859176636
1.0396535396575928
0.7323333024978638
0.660719633102417
0.6008220314979553
0.5266585946083069
0.8977547287940979
0.6542673707008362
0.6123530268669128
0.5915974974632263
0.6867300868034363
0.7286988496780396
0.6214193105697632
0.6680437922477722
0.7202057242393494
0.5573105812072754
0.5464118719100952
0.5920476913452148
0.6872336864471436
0.7140038013458252
0.6691560745239258
0.6179921627044678
0.5483076572418213
0.6455783843994141
0.580121636390686
0.6003991365432739
0.5705169439315796
0.6580771803855896
0.5707770586013794
0.619470477104187
0.5587612986564636
0.5946201086044312
0.5465502738952637
0.676647424697876
0.6186155080795288
0.5263228416442871
0.5197697281837463
0.5166442394256592
0.5776016116142273
0.6489201784133911
0.6120933294296265
0.6400308609008789
0.6396947503089905
0.5456979274749756
0.5072884559631348
0.5075294971466064
0.5139268636703491
0.5604041218757629
0.5386747717857361
0.6716983318328857
0.5359549522399902
0.6081023812294006
0.5956963300704956
0.530886709690094
0.5109413266181946
0.5509958267211914
0.5344759821891785
0.5249549150466919
0.5894033312797546
0.5096664428710938
0.5048006176948547
0.576449453830719
0.4972110688686371
0.517885684967041
0.5507174730300903
0.48882266879081726
0.5857303738594055
0.48723727464675903
0.5748055577278137
0.6019474864006042
0.5761524438858032
0.5721147060394287
0.5219488739967346
0.5159175992012024
0.5746992826461792
0.5481812953948975
0.4922618269920349
0.516116738319397
0.5004945993423462
0.5430871248245239
0.5699291229248047
0.5242106914520264
0.5964668989181519
0.491997629404068
0.49637603759765625
0.4776628315448761
0.5399412512779236
0.5825940370559692
0.5018091797828674
0.5498892068862915
0.5321727395057678
0.640342116355896
0.4809078872203827
0.5398520231246948
0.6150814294815063
0.5167484879493713
0.5376945734024048
0.4605461359024048
0.48655134439468384
0.5294119119644165
0.4987547993659973
0.44186198711395264
0.5276414155960083
0.48130670189857483
0.6208138465881348
0.5245877504348755
0.5284550189971924
0.5336403846740723
0.5153276920318604
0.5141613483428955
0.5005768537521362
0.47132205963134766
0.480482816696167
0.4923842251300812
0.4474353790283203
0.5022196173667908
0.5847135186195374
0.5447589755058289
0.4726678133010864
0.4994293451309204
0.5532342791557312
0.5476043820381165
0.485757052898407
0.45703840255737305
0.4963979721069336
0.47875845432281494
0.4996080696582794
0.47174835205078125
0.43598711490631104
0.4653991460800171
0.5093660354614258
0.5223281383514404
0.46125149726867676
0.5128307342529297
0.4911049008369446
0.46204233169555664
0.5473958253860474
0.4729740619659424
0.4572661221027374
0.4634115993976593
0.5176288485527039
0.49079057574272156
0.49193280935287476
0.5008769035339355
0.46679696440696716
0.46595922112464905
0.46020442247390747
0.5739869475364685
0.45717060565948486
0.4427044689655304
0.5006453990936279
0.45936352014541626
0.5359781980514526
0.4965973496437073
0.4992479085922241
0.5285850763320923
0.44452720880508423
0.4531185030937195
0.5197322964668274
0.4953097999095917
0.42376697063446045
0.42123889923095703
0.419531911611557
0.46611711382865906
0.4376054108142853
0.5191600322723389
0.40519043803215027
0.4509572386741638
0.523056149482727
0.4347831606864929
0.4551597833633423
0.5236623287200928
0.4472048282623291
0.44758063554763794
0.49516603350639343
0.4142410457134247
0.44554072618484497
0.44815486669540405
0.4802928566932678
0.4512903392314911
0.4710281193256378
0.45486709475517273
0.48313647508621216
0.4471145570278168
0.5273271203041077
0.43714210391044617
0.43180638551712036
0.47096866369247437
0.46462398767471313
0.49046921730041504
0.4867265820503235
0.4523904323577881
0.4591018557548523
0.4190044701099396
0.4292420744895935
0.46711525321006775
0.4706465005874634
0.41257181763648987
0.4815356731414795
0.5099072456359863
0.4865313172340393
0.45432043075561523
0.5186997652053833
0.43060678243637085
0.4714910387992859
0.40769827365875244
0.5248454809188843
0.4752926230430603
0.43937864899635315
0.4370402693748474
0.4574143588542938
0.4397105574607849
0.5114513635635376
0.4802235960960388
0.5349861979484558
0.49902984499931335
0.522836446762085
0.4816787838935852
0.4340686500072479
0.4449872076511383
0.4240509271621704
0.41036751866340637
0.44274428486824036
0.4456879496574402
0.4547298848628998
0.4398369789123535
0.4292452335357666
0.4506918489933014
0.44536441564559937
0.4392234683036804
0.4898838996887207
0.4465155005455017
0.44978731870651245
0.4387694001197815
0.5109018087387085
0.43014150857925415
0.43614843487739563
0.43361878395080566
0.4198315739631653
0.4247890114784241
0.42927056550979614
0.44461336731910706
0.4216214716434479
0.44388821721076965
0.47452157735824585
0.41065335273742676
0.4372670650482178
0.5018128156661987
0.4590300917625427
0.4227665662765503
0.4546027183532715
0.4869903326034546
0.4342537522315979
0.45970332622528076
0.4558969736099243
0.5302402973175049
0.42401444911956787
0.40764039754867554
0.467416912317276
0.4504345655441284
0.40377911925315857
0.4194350242614746
0.4785292446613312
0.495069295167923
0.4638262987136841
0.4363422393798828
0.4351423978805542
0.5565527677536011
0.4342043995857239
0.4510212540626526
0.43241679668426514
0.4269186556339264
0.5273458957672119
0.44703447818756104
0.42665210366249084
0.4294721782207489
0.409103661775589
0.4468011260032654
0.42517924308776855
0.484988272190094
0.4297151267528534
0.4673570990562439
0.4082670509815216
0.4277384877204895
0.4275699853897095
0.5404367446899414
0.4265027642250061
0.4166090786457062
0.45609331130981445
0.45224520564079285
0.43874672055244446
0.4129934310913086
0.4364803433418274
0.42105555534362793
0.5045991539955139
0.41302889585494995
0.4363061487674713
0.4112181067466736
0.43653514981269836
0.45766329765319824
0.4816517233848572
0.44799482822418213
0.47106844186782837
0.4193496108055115
0.41562771797180176
0.45194000005722046
0.42992785573005676
0.42328765988349915
0.4102775752544403
0.4134021997451782
0.4072490930557251
0.3992222547531128
0.4375453591346741
0.4163474440574646
0.409590482711792
0.3940240740776062
0.39556336402893066
0.4016024172306061
0.3934272527694702
0.4075145721435547
0.365352600812912
0.4005877375602722
0.40033844113349915
0.4607093036174774
0.41963639855384827
0.3771396279335022
0.4310634732246399
0.42983901500701904
0.40943336486816406
0.36390766501426697
0.40994274616241455
0.4628330171108246
0.4685521423816681
0.3861139118671417
0.41878339648246765
0.41792726516723633
0.4066084921360016
0.41991522908210754
0.380527138710022
0.43004196882247925
0.43170565366744995
0.415683776140213
0.42076563835144043
0.40788519382476807
0.4130975604057312
0.413556843996048
0.3984644114971161
0.3967958092689514
0.38974374532699585
0.4179441034793854
0.38173285126686096
0.4133948087692261
0.4567091464996338
0.39719974994659424
0.4160471558570862
0.4359840750694275
0.4247320890426636
0.40793636441230774
0.39383581280708313
0.4260297417640686
0.3685927391052246
0.40053433179855347
0.4298058748245239
0.4069724678993225
0.39979666471481323
0.3893454670906067
0.42177361249923706
0.4074852466583252
0.3975873589515686
0.4572017788887024
0.40320664644241333
0.39005008339881897
0.41681912541389465
0.4025033116340637
0.40675073862075806
0.3967722952365875
0.39516377449035645
0.39941054582595825
0.3940015137195587
0.4242950975894928
0.4096144437789917
0.4024848937988281
0.4346905052661896
0.4432663917541504
0.40303581953048706
0.41567665338516235
0.40462496876716614
0.427501916885376
0.41150039434432983
0.45677319169044495
0.39798009395599365
0.41675156354904175
0.40317898988723755
0.4137853980064392
0.4086592197418213
0.4284486472606659
0.4080658555030823
0.41239991784095764
0.3857325315475464
0.4656069278717041
0.4313410520553589
0.4012073576450348
0.38411805033683777
0.38756197690963745
0.43346938490867615
0.39034679532051086
0.37924277782440186
0.3920319676399231
0.41046544909477234
0.4167962372303009
0.3920068144798279
0.4138807952404022
0.3836584985256195
0.39042794704437256
0.41282275319099426
0.39279454946517944
0.39302727580070496
0.38420161604881287
0.41448187828063965
0.4059181809425354
0.44520747661590576
0.3911263346672058
0.399264931678772
0.38811659812927246
0.40207764506340027
0.4224090576171875
0.4332340359687805
0.42431187629699707
0.39579546451568604
0.4158500134944916
0.3767922818660736
0.4000636637210846
0.4218140244483948
0.4077243506908417
0.4227856993675232
0.422823429107666
0.38989976048469543
0.404903769493103
0.4047480821609497
0.38899165391921997
0.37238964438438416
0.4388977587223053
0.39215630292892456
0.39335593581199646
0.37666118144989014
0.41738206148147583
0.4024128317832947
0.44178450107574463
0.39726436138153076
0.37413179874420166
0.39752593636512756
0.38932743668556213
0.390862375497818
0.3844352662563324
0.3794633448123932
0.41285187005996704
0.3810395300388336
0.41390371322631836
0.37728211283683777
0.4114472270011902
0.37681418657302856
0.386077344417572
0.4101509749889374
0.3905102014541626
0.40734443068504333
0.4043293595314026
0.4144759476184845
0.38918423652648926
0.4189993441104889
0.39969801902770996
0.4084232449531555
0.3961000144481659
0.38722753524780273
0.37127310037612915
0.42604050040245056
0.37526935338974
0.3502999544143677
0.3811556100845337
0.38340333104133606
0.43079155683517456
0.3965443968772888
0.4049976170063019
0.41325855255126953
0.4045045077800751
0.39058881998062134
0.39532777667045593
0.4123053550720215
0.400735080242157
0.38810795545578003
0.4013567566871643
0.4116170406341553
0.43865516781806946
0.38182395696640015
0.43204399943351746
0.3654310405254364
0.42909613251686096
0.42536723613739014
0.42470404505729675
0.3831915557384491
0.4258213937282562
0.40369734168052673
0.4172319173812866
0.4038847088813782
0.4096648097038269
0.3713429868221283
0.37631022930145264
0.42905402183532715
0.38325512409210205
0.3995038866996765
0.3691302537918091
0.3775729238986969
0.39025193452835083
0.39864709973335266
0.3891878128051758
0.391472727060318
0.4009973108768463
0.4047054946422577
0.4087671637535095
0.40007442235946655
0.39254412055015564
0.39076173305511475
0.38098570704460144
0.4189724624156952
0.40643954277038574
0.39258745312690735
0.4182864725589752
0.4228205978870392
0.4098058044910431
0.5661227703094482
0.4502148926258087
0.4140815734863281
0.476969838142395
0.39610302448272705
0.4198029041290283
0.44197767972946167
0.3909391760826111
0.4273294508457184
0.4415734112262726
0.44894909858703613
0.40928250551223755
0.40259841084480286
0.42745158076286316
0.42844101786613464
0.4413832426071167
0.3932265341281891
0.41286832094192505
0.37780529260635376
0.38112860918045044
0.3982490599155426
0.39915701746940613
0.45410314202308655
0.38700398802757263
0.40991920232772827
0.39974430203437805
0.416400671005249
0.3983364701271057
0.37814608216285706
0.41640788316726685
0.43182992935180664
0.4064905047416687
0.37896159291267395
0.4292312264442444
0.42087915539741516
0.4024999737739563
0.38534826040267944
0.3958185017108917
0.37218356132507324
0.43080365657806396
0.39824947714805603
0.3775482177734375
0.3916321396827698
0.39739325642585754
0.41951024532318115
0.4035720229148865
0.3916986584663391
0.43568816781044006
0.38960152864456177
0.3980168402194977
0.38838401436805725
0.3764650225639343
0.4242478311061859
0.4011166989803314
0.38893839716911316
0.39580103754997253
0.4267270565032959
0.36909836530685425
0.3945648670196533
0.4275689721107483
0.3839520514011383
0.37056565284729004
0.39234060049057007
0.372953325510025
0.40177005529403687
0.3830302059650421
0.36099979281425476
0.37016811966896057
0.39703044295310974
0.4060330390930176
0.39695173501968384
0.4160268008708954
0.37818753719329834
0.3973034918308258
0.3720739483833313
0.3634822964668274
0.36152735352516174
0.39292585849761963
0.3869535028934479
0.3655259311199188
0.3906185030937195
0.3979904353618622
0.40487241744995117
0.37457403540611267
0.4056547284126282
0.3816864788532257
0.42118215560913086
0.3633735179901123
0.40166035294532776
0.35399529337882996
0.3943372368812561
0.39036208391189575
0.3615846633911133
0.3784116804599762
0.37371036410331726
0.37122583389282227
0.37641608715057373
0.3652942478656769
0.36028820276260376
0.370527446269989
0.3816787600517273
0.3641657829284668
0.3624945878982544
0.361787348985672
0.3779281973838806
0.3705598711967468
0.37969422340393066
0.3617638051509857
0.3693748414516449
0.37285980582237244
0.43718451261520386
0.35683292150497437
0.3917147219181061
0.3586856424808502
0.36171936988830566
0.35209619998931885
0.3778833746910095
0.36066266894340515
0.40095141530036926
0.3705815076828003
0.3532474935054779
0.38094526529312134
0.4017941653728485
0.3846152722835541
0.395101934671402
0.386698842048645
0.39108628034591675
0.38863083720207214
0.37902289628982544
0.38239148259162903
0.39270681142807007
0.38021212816238403
0.371942937374115
0.3645799160003662
0.38156643509864807
0.3587108254432678
0.37580406665802
0.413790762424469
0.38655656576156616
0.36969810724258423
0.36685699224472046
0.3651176989078522
0.391842246055603
0.3591192662715912
0.3642643094062805
0.36145007610321045
0.37694108486175537
0.3712729513645172
0.35117146372795105
0.37149012088775635
0.3699662983417511
0.3524493873119354
0.3590432107448578
0.38408294320106506
0.3758009672164917
0.3995155394077301
0.36165422201156616
0.37020978331565857
0.3792744576931
0.3624674379825592
0.3529677391052246
0.35040637850761414
0.3825792372226715
0.3743993639945984
0.3520846366882324
0.3806256353855133
0.3912019729614258
0.37976449728012085
0.3670729696750641
0.36683568358421326
0.3603125810623169
0.35682278871536255
0.3647480010986328
0.3667032718658447
0.38889381289482117
0.3660585284233093
0.35857537388801575
0.3715195059776306
0.3561393916606903
0.34619736671447754
0.3710567057132721
0.3883909583091736
0.3736235201358795
0.3460937738418579
0.3670448660850525
0.3694709837436676
0.3902231454849243
0.3749586045742035
0.3869556784629822
0.3596208989620209
0.36684250831604004
0.3463591933250427
0.38561558723449707
0.3755604922771454
0.3625369668006897
0.35041558742523193
0.3951091766357422
0.3547430634498596
0.3541709780693054
0.36743611097335815
0.37008267641067505
0.36702921986579895
0.3708290755748749
0.37563076615333557
0.3720995783805847
0.358940064907074
0.38710880279541016
0.3712451159954071
0.36565178632736206
0.3702690899372101
0.3749612271785736
0.34492379426956177
0.3671412765979767
0.40771669149398804
0.41353970766067505
0.39477622509002686
0.35302478075027466
0.36496642231941223
0.38469624519348145
0.3551245629787445
0.3585478663444519
0.361615389585495
0.3512067198753357
0.3652392029762268
0.36378219723701477
0.35806921124458313
0.36223703622817993
0.3649062514305115
0.353125661611557
0.35027334094047546
0.3580329120159149
0.3531138598918915
0.36628079414367676
0.35196155309677124
0.3593085706233978
0.38041725754737854
0.3617507517337799
0.355364590883255
0.36620333790779114
0.35384082794189453
0.36184248328208923
0.3529300093650818
0.36244240403175354
0.3669549524784088
0.35196810960769653
0.3612535297870636
0.35425513982772827
0.36870667338371277
0.3823430836200714
0.38474321365356445
0.35680878162384033
0.36230751872062683
0.36636605858802795
0.3784961998462677
0.34831202030181885
0.35600799322128296
0.356821745634079
0.3541051149368286
0.36541569232940674
0.3740820586681366
0.34740394353866577
0.35591813921928406
0.39425987005233765
0.38311269879341125
0.354375422000885
0.37375080585479736
0.3569306433200836
0.34069716930389404
0.3465464413166046
0.3568090796470642
0.37833356857299805
0.39975374937057495
0.3943191468715668
0.37281543016433716
0.3536352515220642
0.3751160800457001
0.4150499701499939
0.39416593313217163
0.3679056167602539
0.3586066663265228
0.34384217858314514
0.3609899878501892
0.3771842122077942
0.3692076504230499
0.36556485295295715
0.34557610750198364
0.3872271478176117
0.3700352907180786
0.3689008951187134
0.38058599829673767
0.36538487672805786
0.35671064257621765
0.376640260219574
0.3429335355758667
0.3599461317062378
0.3798370957374573
0.3656851351261139
0.396692156791687
0.39789101481437683
0.3588416576385498
0.390999436378479
0.3503114879131317
0.3679742217063904
0.35218971967697144
0.34952300786972046
0.36623114347457886
0.37324076890945435
0.3532329797744751
0.3499048948287964
0.3442426025867462
0.3660789132118225
0.35346704721450806
0.3515525460243225
0.3938450515270233
0.35368600487709045
0.3414914906024933
0.37073880434036255
0.3643949627876282
0.3910463750362396
0.34364157915115356
0.3432009220123291
0.3494854271411896
0.3514782786369324
0.3680015802383423
0.36918091773986816
0.3498722016811371
0.3611833453178406
0.36355912685394287
0.35085612535476685
0.35112127661705017
0.3822042942047119
0.3517295718193054
0.3695791959762573
0.3736318349838257
0.3597267270088196
0.3537527322769165
0.3542235791683197
0.34901782870292664
0.3558552861213684
0.3694443106651306
0.3665753901004791
0.35645076632499695
0.3497297763824463
0.3771512508392334
0.36347877979278564
0.36041584610939026
0.37345024943351746
0.35161659121513367
0.3653889298439026
0.36270803213119507
0.3661518096923828
0.3498682677745819
0.36907148361206055
0.37132057547569275
0.3603827655315399
0.3628444969654083
0.3472166955471039
0.33951127529144287
0.34069886803627014
0.34921377897262573
0.3481203317642212
0.3531678020954132
0.3878268599510193
0.343902587890625
0.3480253517627716
0.362359881401062
0.345469206571579
0.3427359461784363
0.3736612796783447
0.3542405962944031
0.33195218443870544
0.3425723612308502
0.34783971309661865
0.35608193278312683
0.37011775374412537
0.3474140167236328
0.46011126041412354
0.38761138916015625
0.37457334995269775
0.36342036724090576
0.3731519877910614
0.41761723160743713
0.3682824969291687
0.36091798543930054
0.3556962311267853
0.38019102811813354
0.3960307836532593
0.3719271421432495
0.387768030166626
0.37814420461654663
0.3821474611759186
0.3815927505493164
0.37284770607948303
0.35729727149009705
0.38773006200790405
0.35896748304367065
0.3711633086204529
0.37897101044654846
0.3676952123641968
0.36098626255989075
0.3646935224533081
0.3835011422634125
0.38857364654541016
0.36790749430656433
0.36318129301071167
0.38062000274658203
0.3537587523460388
0.3730619549751282
0.38221263885498047
0.37057074904441833
0.3602006137371063
0.3556216061115265
0.3640332520008087
0.36042892932891846
0.3499663472175598
0.3654012382030487
0.35283583402633667
0.3759394884109497
0.34493935108184814
0.3449934720993042
