1.7672532796859741
1.7195961475372314
1.5711286067962646
1.5731972455978394
1.3335909843444824
1.5172549486160278
1.1682785749435425
1.382629156112671
1.4500694274902344
1.1367374658584595
1.151313066482544
1.184584140777588
1.2230373620986938
0.9372817277908325
1.1672967672348022
1.0504369735717773
1.1964975595474243
0.986680269241333
0.9783909916877747
1.1382849216461182
0.8964553475379944
1.0621929168701172
0.9132158756256104
1.075140118598938
0.7217148542404175
0.741207480430603
1.3086239099502563
0.8846185207366943
0.8856779336929321
0.8562169671058655
0.8197179436683655
0.7167154550552368
0.7910014390945435
0.7056244611740112
0.9016554951667786
0.8363440036773682
0.7547499537467957
0.8558739423751831
0.5284099578857422
0.7438033819198608
1.0684107542037964
0.7788088321685791
0.753389835357666
1.0018547773361206
0.7335251569747925
0.6288984417915344
0.8755762577056885
0.7879037857055664
0.8852406740188599
0.703671932220459
0.8976389169692993
0.6373598575592041
0.9177373051643372
0.8605701923370361
0.7894344925880432
0.6955808401107788
0.585010290145874
0.6953672170639038
0.7172302603721619
0.6165306568145752
0.7203646898269653
0.9256711006164551
0.5384654998779297
0.7453382015228271
0.7372610569000244
0.6292572021484375
0.817158579826355
0.7793095707893372
0.5402278900146484
0.653566837310791
0.7353267669677734
0.7351104021072388
0.5326554775238037
0.7851887941360474
0.4683213233947754
0.5614261031150818
0.5360822677612305
0.6597524285316467
0.5435887575149536
0.8032829165458679
0.6605488061904907
0.5672556161880493
0.8108081221580505
0.674830436706543
0.6767436265945435
0.6390660405158997
0.5551680326461792
0.5635233521461487
0.6511546969413757
0.5669652223587036
0.5603504776954651
0.521126925945282
0.694922149181366
0.7847062945365906
0.6147845983505249
0.6713234186172485
0.6872747540473938
0.5976662635803223
0.9526951909065247
0.6995328664779663
0.48278284072875977
0.9155533313751221
0.6474537253379822
0.6503798365592957
0.6693044900894165
0.7881240844726562
0.5977802276611328
0.5292564630508423
0.7412964701652527
0.6677533984184265
0.612656831741333
0.7356488704681396
0.5636563301086426
0.522409200668335
0.5445891618728638
0.6128444671630859
0.7479051351547241
0.42918047308921814
0.6404709219932556
0.7266616821289062
0.7420873641967773
0.7314928770065308
0.4923890233039856
0.5324876308441162
0.6541680693626404
0.5571667551994324
0.4996185302734375
0.5408679246902466
0.7465751767158508
0.6077100038528442
0.896888017654419
0.6402785181999207
0.713403582572937
0.5304216146469116
0.5256088376045227
0.7530249953269958
0.7404707074165344
0.49052196741104126
0.6417602300643921
0.6519707441329956
0.5894240140914917
0.6211307048797607
0.8818961381912231
0.5717228651046753
0.7263364195823669
0.546242356300354
0.5045821666717529
0.6037797927856445
0.6775968074798584
0.8301302790641785
0.7007663249969482
0.5636266469955444
0.46143639087677
0.6840378046035767
0.5367372035980225
0.5829141736030579
0.7175204157829285
0.6644072532653809
0.46515294909477234
0.5114046335220337
0.4883688688278198
0.7096511125564575
0.6220879554748535
0.5523874759674072
0.7743021249771118
0.48757174611091614
0.7073796987533569
0.6412215232849121
0.5065970420837402
0.6786156296730042
0.6649117469787598
0.5679239630699158
0.7922318577766418
0.5472592115402222
0.5200707912445068
0.6516448259353638
0.7048280239105225
0.662882387638092
0.7387135028839111
0.953707218170166
0.536709189414978
0.7573668956756592
0.5625360608100891
0.5465652942657471
0.5764085054397583
0.6503841876983643
0.5076804161071777
0.6572443842887878
0.54520583152771
0.5354729890823364
0.5081953406333923
0.7736083269119263
0.47723448276519775
0.5621451735496521
0.5280100703239441
0.7855878472328186
0.7073647379875183
0.4683142304420471
0.45669835805892944
0.6903144121170044
0.6240139603614807
0.46396130323410034
0.5527555346488953
0.690597414970398
0.6272550821304321
0.592768132686615
0.4901019334793091
0.7394107580184937
0.7584583759307861
0.5742970705032349
0.5161738395690918
0.639604926109314
0.7298728227615356
0.577640175819397
0.695330023765564
0.5731711387634277
0.752567708492279
0.6053537726402283
0.5013704895973206
0.5400518178939819
0.661673903465271
0.6186516284942627
0.6270371675491333
0.6544001698493958
0.6097440719604492
0.6738042831420898
0.857717752456665
0.4824236035346985
0.9715094566345215
0.48474282026290894
0.54974764585495
0.6582698822021484
0.6626807451248169
0.46763747930526733
0.6610642671585083
0.5970758199691772
0.5547532439231873
0.6337873935699463
0.49656355381011963
0.5907124280929565
0.6066114902496338
0.5407613515853882
0.5276800990104675
0.5719813108444214
0.5520347356796265
0.6327698230743408
0.7117697596549988
0.5438182353973389
0.7267254590988159
0.5210070610046387
0.7189317941665649
0.7755897045135498
0.48942112922668457
0.623320996761322
0.666942834854126
0.584044337272644
0.5671523809432983
0.6346527338027954
0.669308066368103
0.5194473266601562
0.478496253490448
0.6762509346008301
0.5079965591430664
0.6993894577026367
0.5343449115753174
1.004128098487854
0.8704150915145874
0.6469056010246277
0.4506184458732605
0.5175443887710571
0.4984499216079712
0.6308628916740417
0.4848674535751343
0.6343905925750732
0.49856385588645935
0.6451069116592407
0.4366091191768646
0.712475061416626
0.6866913437843323
0.4334656298160553
0.618709146976471
0.5712336897850037
0.5966140031814575
0.4392818212509155
0.690203070640564
0.6201467514038086
0.7447559833526611
0.4792720675468445
0.5176652073860168
0.5273780226707458
0.553231954574585
0.5073838233947754
0.602035403251648
0.4522879123687744
0.5952633619308472
0.5843087434768677
0.4613286852836609
0.5394124388694763
0.4327270984649658
0.5877223014831543
0.5479809641838074
0.48990458250045776
0.5434384346008301
0.7788671255111694
0.5170046091079712
0.5443999767303467
0.622642993927002
0.5515339374542236
0.6379884481430054
0.5676670074462891
0.6193300485610962
0.4540259838104248
0.45575806498527527
0.550011157989502
0.5961772203445435
0.49261027574539185
0.594857931137085
0.4368877112865448
0.5903488397598267
0.6356413960456848
0.4270319640636444
0.6475101709365845
0.6196526885032654
0.5369097590446472
0.4735504984855652
0.549066424369812
0.47922736406326294
0.6978603005409241
0.7213050127029419
0.5044328570365906
0.6540599465370178
0.6998305320739746
0.501233696937561
0.6652636528015137
0.5410492420196533
0.638432502746582
0.5865194797515869
0.6446729898452759
0.550301194190979
0.44558852910995483
0.6247211694717407
0.5892021656036377
0.5408251285552979
0.42541754245758057
0.618065357208252
0.6355651617050171
0.8527998924255371
0.5358612537384033
0.5290367007255554
0.5593786239624023
0.5210633873939514
0.7328070402145386
0.5949417352676392
0.4720456600189209
0.45707064867019653
0.5013243556022644
0.6634377241134644
0.6362580060958862
0.5115630030632019
0.49483662843704224
0.5582078695297241
0.6253681182861328
0.5250169038772583
0.4478094279766083
0.4364713430404663
0.633023202419281
0.6058207750320435
0.6582992076873779
0.41669103503227234
0.5586143732070923
0.48195281624794006
0.4102477431297302
0.5551661252975464
0.793716549873352
0.5039525032043457
0.5371736288070679
0.6560016870498657
0.6873242855072021
0.7831305861473083
0.38072994351387024
0.5059494376182556
0.722443699836731
0.5619040727615356
0.5270304679870605
0.6803405284881592
0.48975056409835815
0.7216659784317017
0.4566406011581421
0.6549403071403503
0.5014303922653198
0.5666406154632568
0.7429063320159912
0.47436627745628357
0.649265706539154
0.4776071310043335
0.39716553688049316
0.5345056653022766
0.5000950694084167
0.5647529363632202
0.5739797353744507
0.4655994474887848
0.4932273328304291
0.6220951676368713
0.40615934133529663
0.39932504296302795
0.5075927376747131
0.54607093334198
0.5693453550338745
0.49315541982650757
0.4921516180038452
0.5829355716705322
0.4678267240524292
0.5841698050498962
0.62082839012146
0.5918596982955933
0.551380455493927
0.579154372215271
0.5548574924468994
0.45769160985946655
0.7117332220077515
0.7256056666374207
0.4342202842235565
0.5764443874359131
0.5365335941314697
0.4813309907913208
0.5028764605522156
0.46255844831466675
0.460399866104126
0.6074256896972656
0.4457572102546692
0.5492134094238281
0.48393702507019043
0.6457015872001648
0.5463038682937622
0.6296583414077759
0.5429603457450867
0.6646178960800171
0.43986883759498596
0.5173726677894592
0.6170260906219482
0.5456505417823792
0.5047366619110107
0.6986856460571289
0.44845613837242126
0.8131235837936401
0.5385352969169617
0.4706602692604065
0.5556116700172424
0.510205864906311
0.6495162844657898
0.43608972430229187
0.6096503138542175
0.6549798250198364
0.6186068058013916
0.4681093096733093
0.590380072593689
0.5044968128204346
0.46201565861701965
0.4213666319847107
0.4873642325401306
0.5594940781593323
0.4278300404548645
0.5991795063018799
0.6343029141426086
0.47886642813682556
0.5474724769592285
0.47571077942848206
0.48287034034729004
0.45656052231788635
0.5024246573448181
0.5180215239524841
0.44386082887649536
0.6132694482803345
0.4228581190109253
0.5840119123458862
0.5298106670379639
0.7056084275245667
0.5151636600494385
0.5042903423309326
0.5173659920692444
0.47487160563468933
0.45334649085998535
0.6147503852844238
0.5595649480819702
0.5702317357063293
0.6212512254714966
0.4608273506164551
0.5237303376197815
0.43315979838371277
0.5496758222579956
0.5438802242279053
0.42444416880607605
0.37439700961112976
0.7472299337387085
0.5133207440376282
0.6840539574623108
0.3938921093940735
0.5321303009986877
0.570949912071228
0.4506966471672058
0.5271371006965637
0.6915570497512817
0.6059126853942871
0.4861477315425873
0.4438828229904175
0.608102023601532
0.4464130401611328
0.46811020374298096
0.6176198720932007
0.64658522605896
0.495414137840271
0.6260088682174683
0.48256561160087585
0.6009653806686401
0.4487999975681305
0.5611594915390015
0.5519075393676758
0.424915075302124
0.4706049859523773
0.45644688606262207
0.5116842985153198
0.4859588146209717
0.7236782312393188
0.5948117971420288
0.4294929504394531
0.6138623356819153
0.38384363055229187
0.4771621525287628
0.5477138757705688
0.4981716275215149
0.47484588623046875
0.4458111822605133
0.5422773361206055
0.39377713203430176
0.5258349776268005
0.42578524351119995
0.5444240570068359
0.5177410840988159
0.42109590768814087
0.5134053230285645
0.39678633213043213
0.5384737253189087
0.521302342414856
0.41376793384552
0.7484269142150879
0.8767235279083252
0.5076076984405518
0.5270168781280518
0.3858787417411804
0.5174597501754761
0.5005457997322083
0.584561824798584
0.4916563034057617
0.44095051288604736
0.4562285542488098
0.57246994972229
0.6402100920677185
0.37851476669311523
0.46267902851104736
0.4574761390686035
0.5506561994552612
0.625434398651123
0.5389430522918701
0.5577394366264343
0.3900188207626343
0.7257977724075317
0.49551981687545776
0.5889597535133362
0.7193403244018555
0.4576933681964874
0.481669545173645
0.5212233662605286
0.4511653184890747
0.5079845786094666
0.4706207513809204
0.5535444617271423
0.4398720860481262
0.6953632831573486
0.5254822373390198
0.5888991951942444
0.4255131781101227
0.44074469804763794
0.6001116633415222
0.6347914934158325
0.3943350613117218
0.6536853313446045
0.3615947365760803
0.4980319142341614
0.4169670343399048
0.43002229928970337
0.5198962688446045
0.7280937433242798
0.5867159366607666
0.5123822689056396
0.5579382181167603
0.4331982433795929
0.5951163172721863
0.4843466281890869
0.5037496089935303
0.6085336208343506
0.4647906422615051
0.5619773864746094
0.5345156192779541
0.5757143497467041
0.3801587224006653
0.6065950393676758
0.6766748428344727
0.4339982867240906
0.46870487928390503
0.5708907842636108
0.44330161809921265
0.528793215751648
0.4277689456939697
0.4961785674095154
0.5005821585655212
0.5175989270210266
0.5677241086959839
0.4447351098060608
0.4403901696205139
0.4154725968837738
0.5080333352088928
0.5033271908760071
0.4481927156448364
0.39331114292144775
0.46221989393234253
0.6283540725708008
0.6100284457206726
0.4826561212539673
0.4273245334625244
0.6805829405784607
0.46963441371917725
0.50051349401474
0.5738973617553711
0.5025874376296997
0.6177935600280762
0.518661379814148
0.4711105525493622
0.46307510137557983
0.4600663185119629
0.5254670977592468
0.635810136795044
0.5600467920303345
0.4077993631362915
0.4697098135948181
0.4042443633079529
0.582078754901886
0.5699216723442078
0.39626938104629517
0.49824827909469604
0.5162583589553833
0.6129022836685181
0.3822356164455414
0.42844343185424805
0.6335450410842896
0.49827343225479126
0.6393476724624634
0.6014080047607422
0.6648955941200256
0.5002286434173584
0.657118558883667
0.666719377040863
0.6141385436058044
0.523431658744812
0.4747638404369354
0.6858217716217041
0.47942912578582764
0.5015884637832642
0.5357068181037903
0.5286527276039124
0.47571641206741333
0.5896587371826172
0.6930001974105835
0.6248384118080139
0.4678599238395691
0.45367974042892456
0.5771970152854919
0.42723846435546875
0.664429247379303
0.48404228687286377
0.5807223320007324
0.5088986158370972
0.7525579333305359
0.482816606760025
0.44802552461624146
0.5034303069114685
0.407958060503006
0.6532446146011353
0.43342775106430054
0.4573986232280731
0.398023784160614
0.5051339864730835
0.5557657480239868
0.47862157225608826
0.46329981088638306
0.7466177344322205
0.5633810758590698
0.38680922985076904
0.4048311710357666
0.4687931537628174
0.6536709070205688
0.47855696082115173
0.4465125799179077
0.4820094108581543
0.46529367566108704
0.6781589984893799
0.46941450238227844
0.5824077129364014
0.3979736268520355
0.5084819793701172
0.4311354458332062
0.4771938621997833
0.45926958322525024
0.406571626663208
0.42409780621528625
0.44683974981307983
0.40568217635154724
0.4509718120098114
0.5839762091636658
0.48804447054862976
0.5415287017822266
0.5966941118240356
0.4441608190536499
0.46958357095718384
0.45311135053634644
0.41122013330459595
0.5598104000091553
0.4622909426689148
0.45119231939315796
0.5069543123245239
0.7187955975532532
0.4266829192638397
0.5676538944244385
0.4576040506362915
0.5502551794052124
0.4087441563606262
0.5292351245880127
0.4494319260120392
0.42489373683929443
0.4155098795890808
0.4460916519165039
0.43250277638435364
0.4462161958217621
0.5156428813934326
0.43936586380004883
0.6175545454025269
0.4587078392505646
0.4257373809814453
0.7278831601142883
0.39778316020965576
0.44108453392982483
0.4568699598312378
0.4493564963340759
0.46572595834732056
0.4522743821144104
0.4128504693508148
0.4507504105567932
0.7097142934799194
0.5329319834709167
0.44632136821746826
0.5095565319061279
0.5239189863204956
0.4243449866771698
0.6049885153770447
0.4334355294704437
0.45138466358184814
0.4368675649166107
0.4743233919143677
0.4727734923362732
0.4452258348464966
0.4262135326862335
0.43537455797195435
0.5182552337646484
0.5050249695777893
0.5130032300949097
0.543974757194519
0.42469891905784607
0.43995964527130127
0.5164688229560852
0.4764860272407532
0.5499334931373596
0.48190534114837646
0.47950589656829834
0.5665277242660522
0.5824892520904541
0.46745172142982483
0.5960742831230164
0.45047956705093384
0.4696033000946045
0.5129849910736084
0.7009896636009216
0.461925208568573
0.5018293857574463
0.45536136627197266
0.6020645499229431
0.451353520154953
0.4216446280479431
0.40700826048851013
0.49903547763824463
0.4071177840232849
0.522458553314209
0.4655942916870117
0.4692186117172241
0.48019689321517944
0.38192832469940186
0.6309758424758911
0.41794848442077637
0.39957261085510254
0.44464418292045593
0.4491046965122223
0.48974716663360596
0.5969415903091431
0.4211047887802124
0.4182145893573761
0.5561715960502625
0.3885498642921448
0.5912541151046753
0.509171187877655
0.49363771080970764
0.5804024934768677
0.46518298983573914
0.4632530212402344
0.4462440609931946
0.5590714812278748
0.7397286891937256
0.46744513511657715
0.6248801350593567
0.5705991983413696
0.6960002183914185
0.4978739619255066
0.4755838215351105
0.5048633813858032
0.5887442827224731
0.5674964785575867
0.49375271797180176
0.5364171266555786
0.42095762491226196
0.38592833280563354
0.4601796269416809
0.3943677842617035
0.3695548176765442
0.424982488155365
0.6788095235824585
0.5268011689186096
0.7156428098678589
0.4741385579109192
0.39498981833457947
0.4293707609176636
0.5869494676589966
0.43162214756011963
0.40673190355300903
0.45361387729644775
0.5232643485069275
0.3739173710346222
0.4132651686668396
0.520554780960083
0.5269932746887207
0.5767684578895569
0.4992871582508087
0.5237101912498474
0.4299374520778656
0.5281883478164673
0.46416643261909485
0.42455896735191345
0.5262289047241211
0.5182874202728271
0.6115038394927979
0.702568531036377
0.6172797083854675
0.45286744832992554
0.35898929834365845
0.4380549192428589
0.4888070225715637
0.4952157139778137
0.4372348189353943
0.5484691262245178
0.5416322946548462
0.3451535105705261
0.7092627882957458
0.524056077003479
0.5397189855575562
0.5845221877098083
0.5164769887924194
0.608473539352417
0.45237064361572266
0.43159550428390503
0.5033243894577026
0.5642241835594177
0.4350341558456421
0.42513465881347656
0.4604722857475281
0.38293853402137756
0.40660133957862854
0.3817804455757141
0.5553908348083496
0.43376225233078003
0.5865776538848877
0.4860132336616516
0.5827116370201111
0.3960828185081482
0.470989465713501
0.41254013776779175
0.4200561046600342
0.6280428171157837
0.46261656284332275
0.44048020243644714
0.47803014516830444
0.44316262006759644
0.4851558208465576
0.45652079582214355
0.46853724122047424
0.49205219745635986
0.430490642786026
0.44709235429763794
0.5215243697166443
0.5196027755737305
0.3838205933570862
0.48767563700675964
0.5393041372299194
0.5092698931694031
0.4402487874031067
0.43358808755874634
0.479444682598114
0.4463500380516052
0.583459734916687
0.5889701247215271
0.3897992968559265
0.5177572965621948
0.4016212821006775
0.48466262221336365
0.40466439723968506
0.603527843952179
0.4767615795135498
0.44245418906211853
0.6194583177566528
0.4362238645553589
0.4565107822418213
0.4448676109313965
0.4726831018924713
0.5078261494636536
0.574029266834259
0.49914056062698364
0.430209755897522
0.6389000415802002
0.4622088670730591
0.5204663276672363
0.4404674172401428
0.3784947991371155
0.6266405582427979
0.45865345001220703
0.49484699964523315
0.46881914138793945
0.48681628704071045
0.40928858518600464
0.4391200542449951
0.4411138594150543
0.5825427174568176
0.5467512011528015
0.4864138960838318
0.3842167556285858
0.4395817220211029
0.5419813394546509
0.5236278772354126
0.44747424125671387
0.5106605291366577
0.5554417967796326
0.3824429512023926
0.5352362990379333
0.4783669710159302
0.611548662185669
0.4408498704433441
0.49058181047439575
0.6097456216812134
0.5260948538780212
0.47297024726867676
0.3866834044456482
0.4627857804298401
0.4139289855957031
0.3909541368484497
0.3627714216709137
0.5201492309570312
0.5218783020973206
0.47340524196624756
0.5795779824256897
0.5460268259048462
0.6376810073852539
0.6253088712692261
0.4842413663864136
0.5190584063529968
0.5128415822982788
0.480570912361145
0.4402429461479187
0.41692110896110535
0.458194375038147
0.4268004298210144
0.39843738079071045
0.3856737017631531
0.5063998103141785
0.440826416015625
0.5974711179733276
0.47980839014053345
0.48182833194732666
0.532095730304718
0.40843406319618225
0.39647549390792847
0.6005760431289673
0.44892531633377075
0.39072227478027344
0.43675535917282104
0.496934175491333
0.6187315583229065
0.46908995509147644
0.40763407945632935
0.5229818224906921
0.3889925181865692
0.41649600863456726
0.37464600801467896
0.394153892993927
0.6328505277633667
0.5355258584022522
0.4836374521255493
0.43964433670043945
0.41123372316360474
0.5028738379478455
0.38929861783981323
0.40899723768234253
0.4914246201515198
0.3654381036758423
0.48308733105659485
0.3743823170661926
0.4289283752441406
0.44605961441993713
0.6335241198539734
0.4039005935192108
0.5498465299606323
0.7488246560096741
0.4293665885925293
0.5968969464302063
0.5096439123153687
0.5214266777038574
0.7290065884590149
0.5521053075790405
0.4582914113998413
0.42936673760414124
0.38217490911483765
0.4359988570213318
0.5125913023948669
0.4542972445487976
0.4366822838783264
0.39661845564842224
0.3709864616394043
0.5490650534629822
0.47182923555374146
0.655768871307373
0.5738798975944519
0.504858136177063
0.6359353065490723
0.4158271551132202
0.6064010858535767
0.41479092836380005
0.3955402672290802
0.4493011236190796
0.4820767045021057
0.5216666460037231
0.48295214772224426
0.4621899724006653
0.62838214635849
0.38066965341567993
0.6747177243232727
0.42776256799697876
0.41460639238357544
0.5030439496040344
0.41868340969085693
0.47649049758911133
0.4714392423629761
0.5950330495834351
0.4642442464828491
0.41833457350730896
0.46031826734542847
0.3537523150444031
0.6387512683868408
0.43720120191574097
0.686896800994873
0.44626325368881226
0.45761990547180176
0.46756577491760254
0.42251574993133545
0.359907329082489
0.5383319854736328
0.4681752622127533
0.3957134485244751
0.36882370710372925
0.4121270775794983
0.5005043148994446
0.440420538187027
0.438612699508667
0.4681454300880432
0.4663223624229431
0.4344274401664734
0.5010820031166077
0.45851433277130127
0.35030215978622437
0.5875387191772461
0.44782525300979614
0.4442635178565979
0.39312323927879333
0.4805750548839569
0.5114448666572571
0.4524044990539551
0.41239720582962036
0.5992991924285889
0.43575453758239746
0.5357664823532104
0.48494482040405273
0.44437694549560547
0.4162411093711853
0.4715017080307007
0.40023237466812134
0.4010964035987854
0.44876211881637573
0.51675945520401
0.40669721364974976
0.5397214889526367
0.5468944311141968
0.3746519684791565
0.4442868232727051
0.4099551737308502
0.5472520589828491
0.5138320922851562
0.4253438115119934
0.5098326206207275
0.5690443515777588
0.4165685772895813
0.3892040550708771
0.4271293878555298
0.49350982904434204
0.4960365891456604
0.5090919733047485
0.3905028998851776
0.4763454496860504
0.47501087188720703
0.525324285030365
0.5888062119483948
0.49060875177383423
0.4379298985004425
0.4764263927936554
0.47104158997535706
0.5173870921134949
0.6041356325149536
0.4433209300041199
0.4428800046443939
0.529238224029541
0.41873252391815186
0.624144971370697
0.4351033568382263
0.4298434853553772
0.4734835624694824
0.5471664667129517
0.39257684350013733
0.5963177680969238
0.48340553045272827
0.3980666995048523
0.4882871210575104
0.5702039003372192
0.48796921968460083
0.46799159049987793
0.5274205207824707
0.6410043239593506
0.5279511213302612
0.4203000068664551
0.581439733505249
0.40184545516967773
0.5708739161491394
0.5253058075904846
0.43535423278808594
0.5275587439537048
0.4830906391143799
0.43317461013793945
0.45997053384780884
0.396236777305603
0.42984890937805176
0.5264050960540771
0.4366108775138855
0.44198334217071533
0.45285725593566895
0.4202667474746704
0.445389986038208
0.4348204731941223
0.5794028639793396
0.37152785062789917
0.7783551216125488
0.45480284094810486
0.46351510286331177
0.45953652262687683
0.4293918013572693
0.4471382200717926
0.5006107091903687
0.436646968126297
0.5111736059188843
0.5013694763183594
0.43724244832992554
0.45968231558799744
0.4794623851776123
0.37574532628059387
0.5309869647026062
0.38766947388648987
0.46007293462753296
0.511690616607666
0.5310456156730652
0.5149216651916504
0.372208833694458
0.47266823053359985
0.44993776082992554
0.5414038896560669
0.47677934169769287
0.4968024492263794
0.4218941926956177
0.5514616966247559
0.5350295305252075
0.46036088466644287
0.4985591769218445
0.3784317076206207
0.5198330283164978
0.47244489192962646
0.4267920255661011
0.48114752769470215
0.4944065511226654
0.5445429086685181
0.38653597235679626
0.5133548974990845
0.6234188079833984
0.46927696466445923
0.37456679344177246
0.4252445101737976
0.4742472171783447
0.5762097835540771
0.5203941464424133
0.5026878118515015
0.39925649762153625
0.3919925391674042
0.7292225360870361
0.38091978430747986
0.4045758843421936
0.3761433959007263
0.4783695340156555
0.40254661440849304
0.46935635805130005
0.4658554196357727
0.5492912530899048
0.5491532683372498
0.43590274453163147
0.5225977897644043
0.5020434856414795
0.3583621382713318
0.40108296275138855
0.5000542402267456
0.43687188625335693
0.4108399450778961
0.5421122312545776
0.4543274939060211
0.5184105038642883
0.5123640894889832
0.39647525548934937
0.40906381607055664
0.47408127784729004
0.512116551399231
0.45074859261512756
0.32322460412979126
0.3340548872947693
0.41973039507865906
0.3912428021430969
0.5341271162033081
0.3939770460128784
0.4272459149360657
0.5997844338417053
0.42010217905044556
0.49260058999061584
0.5027543902397156
0.6029453277587891
0.5100040435791016
0.4434511661529541
0.48970216512680054
0.356197714805603
0.40643200278282166
0.45843982696533203
0.47952237725257874
0.42558717727661133
0.39870786666870117
0.47976893186569214
0.40564584732055664
0.4237222671508789
0.4019269645214081
0.4521878957748413
0.464582622051239
0.6160489320755005
0.615298867225647
0.4489341974258423
0.4033815860748291
0.43916887044906616
0.3897903263568878
0.40915030241012573
0.4070163369178772
0.3749053180217743
0.4678366780281067
0.46625781059265137
0.48598146438598633
0.43437376618385315
0.4749203324317932
0.5526618957519531
0.40521588921546936
0.4139469265937805
0.5050194263458252
0.6226736903190613
0.47522008419036865
0.5371464490890503
0.4579363465309143
0.42061108350753784
0.35724565386772156
0.41735029220581055
0.3892838954925537
0.6873347759246826
0.46220606565475464
0.4420607089996338
0.3626401424407959
0.3983558416366577
0.3575984537601471
0.43030160665512085
0.42472419142723083
0.5763426423072815
0.39688950777053833
0.5294317603111267
0.3498007655143738
0.4589017629623413
0.45418015122413635
0.5766892433166504
0.40305688977241516
0.49220705032348633
0.4471989870071411
0.5574407577514648
0.5712882280349731
0.40542149543762207
0.45973265171051025
0.514026939868927
0.4207737445831299
0.4751579165458679
0.4065539240837097
0.6376866102218628
0.43794435262680054
0.41581207513809204
0.469411164522171
0.6359878778457642
0.5197639465332031
0.39253950119018555
0.41213396191596985
0.4662766754627228
0.4428368806838989
0.47317495942115784
0.38723576068878174
0.35968270897865295
0.4294942617416382
0.41550230979919434
0.40205392241477966
0.5881936550140381
0.4712793231010437
0.38601505756378174
0.4260404706001282
0.46320462226867676
0.4670349955558777
0.43253299593925476
0.39661115407943726
0.4357997477054596
0.4960734248161316
0.41125187277793884
0.3899795711040497
0.520302414894104
0.46277916431427
0.4618030786514282
0.495061993598938
0.4734869599342346
0.42458516359329224
0.4937920868396759
0.4899197816848755
0.4449889659881592
0.45177215337753296
0.4797559678554535
0.5618185997009277
0.40778547525405884
0.4518270194530487
0.5194408297538757
0.6220381259918213
0.5077552795410156
0.41823017597198486
0.48939836025238037
0.48946863412857056
0.3990820646286011
0.4794846177101135
0.48912885785102844
0.43525230884552
0.4408179521560669
0.4154480993747711
0.44738146662712097
0.4197981357574463
0.39434778690338135
0.4057374894618988
0.4331551194190979
0.40315189957618713
0.44327715039253235
0.5121700763702393
0.36842799186706543
0.5395623445510864
0.4061630964279175
0.5214517116546631
0.42744097113609314
0.39753955602645874
0.464718222618103
0.4194604754447937
0.5930966138839722
0.4847593307495117
0.44077831506729126
0.39475902915000916
0.4781383275985718
0.4966922998428345
0.4624006450176239
0.5253375768661499
0.36001160740852356
0.41548919677734375
0.5851024389266968
0.4032238721847534
0.3651088774204254
0.4434756338596344
0.47695812582969666
0.47815829515457153
0.392956405878067
0.4049183130264282
0.4705233871936798
0.39139413833618164
0.4269048571586609
0.3831045627593994
0.46896442770957947
0.4243980646133423
0.5686311721801758
0.46137797832489014
0.4607584476470947
0.6831722259521484
0.37741556763648987
0.522078812122345
0.3998521566390991
0.45507580041885376
0.3852919340133667
0.35436490178108215
0.48815858364105225
0.43507158756256104
0.4452201724052429
0.3839995563030243
0.41153931617736816
0.35138189792633057
0.47018516063690186
0.3768593370914459
0.44302642345428467
0.4190969467163086
0.4067010283470154
0.43249770998954773
0.46126648783683777
0.47537288069725037
0.4846670627593994
0.5511467456817627
0.41371652483940125
0.3650257885456085
0.3860969841480255
0.538624107837677
0.48182618618011475
0.4430376887321472
0.4749820828437805
0.48022156953811646
0.43611568212509155
0.3985986113548279
0.44087839126586914
0.5690711736679077
0.5295151472091675
0.506026029586792
0.4384918510913849
0.4652257263660431
0.453981876373291
0.3786100745201111
0.395803302526474
0.5043620467185974
0.4223203957080841
0.5431420803070068
0.36355650424957275
0.4287651777267456
0.5133637189865112
0.4276210367679596
0.6548938155174255
0.4962104558944702
0.39957091212272644
0.3985799551010132
0.47638559341430664
0.6170257925987244
0.5432159900665283
0.4552909731864929
0.5082840323448181
0.43007799983024597
0.42085981369018555
0.577813982963562
0.416445791721344
0.5450598001480103
0.4522348642349243
0.42548900842666626
0.47664910554885864
0.5103752017021179
0.4395236372947693
0.47298675775527954
0.3440277576446533
0.6414859890937805
0.48020637035369873
0.4289090037345886
0.3963187634944916
0.4061491787433624
0.6762531995773315
0.36379703879356384
0.48698562383651733
0.40386906266212463
0.4038272202014923
0.3583846390247345
0.5413079261779785
0.7261615991592407
0.4699176549911499
0.5004587769508362
0.3852514624595642
0.4049610495567322
0.4692339301109314
0.4198991060256958
0.4173852503299713
0.4703565239906311
0.4232802987098694
0.3739876449108124
0.4221504330635071
0.476784348487854
0.355320543050766
0.41130363941192627
0.38639408349990845
0.4715757966041565
0.39623284339904785
0.523459792137146
0.46403729915618896
0.5059137940406799
0.5844787359237671
0.43451806902885437
0.34507542848587036
0.4090243875980377
0.48982274532318115
0.4831867218017578
0.41852855682373047
0.4169732332229614
0.3845905661582947
0.5426489114761353
0.4287925958633423
0.36402976512908936
0.36955147981643677
0.4238101840019226
0.4501868188381195
0.42482301592826843
0.4068676233291626
0.5596286654472351
0.35635751485824585
0.5078566074371338
0.4045158326625824
0.3773716390132904
0.48039284348487854
0.34982454776763916
0.4400593042373657
0.3650934100151062
0.524164080619812
0.4923967719078064
0.46554404497146606
0.3982289433479309
0.4532427191734314
0.447523832321167
0.3757449984550476
0.3540344834327698
0.40795236825942993
0.4703081250190735
0.40814274549484253
0.39239585399627686
0.45346081256866455
0.43142151832580566
0.4234185814857483
0.3896268606185913
0.44524142146110535
0.40901076793670654
0.41527920961380005
0.5498217344284058
0.40014660358428955
0.42914050817489624
0.47338348627090454
0.3412012755870819
0.4194987714290619
0.4402206540107727
0.36840182542800903
0.3705700635910034
0.4036865830421448
0.40014195442199707
0.3506523072719574
0.5647098422050476
0.3835635483264923
0.44382375478744507
0.4212894141674042
0.40497180819511414
0.5511455535888672
0.45698022842407227
0.4093296527862549
0.5846842527389526
0.49443894624710083
0.37145739793777466
0.5015622973442078
0.4205165505409241
0.4559970498085022
0.46159249544143677
0.5190994739532471
0.40498605370521545
0.41311970353126526
0.4465261697769165
0.35502463579177856
0.4691687226295471
0.3721429705619812
0.4190116226673126
0.35956430435180664
0.4076557457447052
0.5445482134819031
0.47002390027046204
0.4111267328262329
0.6022188663482666
0.3628174066543579
0.5092460513114929
0.4149327874183655
0.39635902643203735
0.40268975496292114
0.38985517621040344
0.545235276222229
0.3610699772834778
0.4456077814102173
0.4118296205997467
0.3480204641819
0.40906932950019836
0.3942948281764984
0.3630904257297516
0.44228509068489075
0.35679230093955994
0.32178860902786255
0.3839624524116516
0.3876743018627167
0.35290709137916565
0.45404642820358276
0.6008492112159729
0.45866912603378296
0.43752050399780273
0.5028112530708313
0.38950467109680176
0.42287635803222656
0.43434950709342957
0.4251976013183594
0.3945692479610443
0.39597970247268677
0.4088442325592041
0.4483986496925354
0.45306092500686646
0.39266419410705566
0.3874707818031311
0.41736340522766113
0.5041888952255249
0.42057305574417114
0.4057609438896179
0.41038036346435547
0.37760812044143677
0.47626107931137085
0.4592672884464264
0.45378363132476807
0.42421436309814453
0.3846200108528137
0.45754867792129517
0.4803923964500427
0.45884931087493896
0.41190603375434875
0.38220542669296265
0.38742002844810486
0.3483307659626007
0.5262495875358582
0.542195200920105
0.3756430745124817
0.40910741686820984
0.3976931869983673
0.4242457449436188
0.44348350167274475
0.36460885405540466
0.4548160433769226
0.4723432958126068
0.5384211540222168
0.44130977988243103
0.3443724811077118
0.4559306502342224
0.4231177568435669
0.41814249753952026
0.45066016912460327
0.3694934844970703
0.40734341740608215
0.3451631963253021
0.3671872019767761
0.3596384525299072
0.36289554834365845
0.5139997005462646
0.4425784945487976
0.5110807418823242
0.3644700348377228
0.4047795534133911
0.4021814465522766
0.4271628260612488
0.4031909108161926
0.42685699462890625
0.4243261516094208
0.5086838006973267
0.5477802157402039
0.41451960802078247
0.36952295899391174
0.4954690635204315
0.3939118981361389
0.46638381481170654
0.5100045800209045
0.40108174085617065
0.42326587438583374
0.4252745509147644
0.42721399664878845
0.5080992579460144
0.408005952835083
0.48121774196624756
0.373688280582428
0.4352582097053528
0.5384398698806763
0.42235231399536133
0.4556085467338562
0.44305309653282166
0.3767494559288025
0.49172335863113403
0.3914354145526886
0.39626532793045044
0.4785098433494568
0.41215115785598755
0.40215957164764404
0.4896166920661926
0.3785463273525238
0.43552589416503906
0.3874911665916443
0.3759319484233856
0.46842414140701294
0.3800990879535675
0.4025459587574005
0.5454041957855225
0.4744948446750641
0.5076252818107605
0.4311875104904175
0.4211219549179077
0.42961081862449646
0.3936534523963928
0.4520554542541504
0.37636423110961914
0.6286153197288513
0.35964465141296387
0.5280838012695312
0.35993582010269165
0.3978620171546936
0.3814675509929657
0.4545273184776306
0.3749319016933441
0.39738479256629944
0.339911550283432
0.4129316806793213
0.4203554391860962
0.35020172595977783
0.3799560070037842
0.39899641275405884
0.3824647068977356
0.45311808586120605
0.46635544300079346
0.3709413409233093
0.3443051874637604
0.38251084089279175
0.49615806341171265
0.41693925857543945
0.4059284031391144
0.4062301516532898
0.4244840145111084
0.5923973321914673
0.661745548248291
0.6843426823616028
0.39580038189888
0.49326926469802856
0.36732685565948486
0.5279159545898438
0.4322172999382019
0.43304377794265747
0.3893752694129944
0.454761266708374
0.3733898997306824
0.42206257581710815
0.39133530855178833
0.53190016746521
0.44917720556259155
0.41784700751304626
0.3934096097946167
0.4335973858833313
0.4441709518432617
0.4468318819999695
0.4980941116809845
0.44367313385009766
0.5026813745498657
0.3917848467826843
0.429604709148407
0.4412587285041809
0.514122724533081
0.36429381370544434
0.37491288781166077
0.39630046486854553
0.4535066485404968
0.4720681607723236
0.3509090840816498
0.35901641845703125
0.37738150358200073
0.3877350091934204
0.40467965602874756
0.4992215931415558
0.34440645575523376
0.3888553977012634
0.3529496490955353
0.43630796670913696
0.6022231578826904
0.39336174726486206
0.4344363212585449
0.47434067726135254
0.4245116114616394
0.3817206025123596
0.5196177363395691
0.3885941505432129
0.40471047163009644
0.4505103826522827
0.5271015167236328
0.432986855506897
0.44966650009155273
0.44719913601875305
0.36690929532051086
0.44816160202026367
0.37054529786109924
0.4450879991054535
0.48535746335983276
0.4228888750076294
0.3792126774787903
0.3903798460960388
0.474321186542511
0.39432090520858765
0.510393500328064
0.42743250727653503
0.40988194942474365
0.40930408239364624
0.37116193771362305
0.5048303604125977
0.36626914143562317
0.5150859951972961
0.49856364727020264
0.41965270042419434
0.46070611476898193
0.4010598659515381
0.4484720826148987
0.46725839376449585
0.43563956022262573
0.41648948192596436
0.3609689474105835
0.36413300037384033
0.47998130321502686
0.38005614280700684
0.3863322138786316
0.35791704058647156
0.3652876615524292
0.49356698989868164
0.32816773653030396
0.37688347697257996
0.38637763261795044
0.3697931468486786
0.3294195532798767
0.4170438051223755
0.43660789728164673
0.42718368768692017
0.3680300712585449
0.4706973135471344
0.36333221197128296
0.5800773501396179
0.38773757219314575
0.3889797329902649
0.3703761100769043
0.421550452709198
0.5030893683433533
0.37054121494293213
0.34374648332595825
0.45733344554901123
0.3474864959716797
0.39159202575683594
0.38108187913894653
0.4133705794811249
0.3994685113430023
0.3944132626056671
0.5107666254043579
0.4177035093307495
0.5447232723236084
0.5174283981323242
0.47231703996658325
0.46011704206466675
0.5106276869773865
0.3659207224845886
0.344662606716156
0.5163394212722778
0.5034947395324707
0.41456449031829834
0.40832966566085815
0.4388723373413086
0.4158066511154175
0.446682333946228
0.3758092224597931
0.3394145369529724
0.3777390718460083
0.37264740467071533
0.40504932403564453
0.3944145441055298
0.4762907922267914
0.5277124047279358
0.462488055229187
0.44723743200302124
0.39888131618499756
0.5964800119400024
0.43175238370895386
0.37158867716789246
0.38355034589767456
0.3721708655357361
0.474700927734375
0.5200984477996826
0.3563247621059418
0.4742511808872223
0.4544268548488617
0.44616496562957764
0.47018998861312866
0.42004719376564026
0.4139375686645508
0.3929601311683655
0.47420060634613037
0.5025532841682434
0.46249473094940186
0.40498605370521545
0.44580885767936707
0.4861493408679962
0.677282452583313
0.45160719752311707
0.39168670773506165
0.3870455026626587
0.4622398614883423
0.4172714054584503
0.4196615219116211
0.43451499938964844
0.3993890583515167
0.3631892800331116
0.5379202961921692
0.33951103687286377
0.42646026611328125
0.477032870054245
0.44364652037620544
0.44152072072029114
0.4771290123462677
0.3249419927597046
0.4539106786251068
0.4214145839214325
0.5148073434829712
0.3468705415725708
0.34402570128440857
0.38044968247413635
0.46841490268707275
0.4253842234611511
0.4189251661300659
0.3868482708930969
0.40706390142440796
0.5403686761856079
0.394128680229187
0.42511361837387085
0.37968993186950684
0.4685520529747009
0.371661901473999
0.39137718081474304
0.3443652093410492
0.3588899075984955
0.3800100088119507
0.5322754383087158
0.4003000855445862
0.4531495273113251
0.34267619252204895
0.42401087284088135
0.4002757668495178
0.3669002056121826
0.35462573170661926
0.42764610052108765
0.5414726138114929
0.4155873656272888
0.4982519745826721
0.3998170793056488
0.444350928068161
0.3811560273170471
0.5019751787185669
0.4220468997955322
0.5026448965072632
0.42511463165283203
0.5290143489837646
0.34713804721832275
0.48781055212020874
0.48584458231925964
0.452455997467041
0.4231727123260498
0.4722934365272522
0.43427300453186035
0.5123262405395508
0.3970435857772827
0.43910151720046997
0.4801483750343323
0.4984406530857086
0.37505024671554565
0.46398329734802246
0.4138413667678833
0.38460004329681396
0.3799949288368225
0.435145765542984
0.45411181449890137
0.4484199285507202
0.5292916893959045
0.5005273222923279
0.35963648557662964
0.46086692810058594
0.4256552457809448
0.6057767868041992
0.3935839533805847
0.37237873673439026
0.36041080951690674
0.4180758595466614
0.45461684465408325
0.4070643484592438
0.48984000086784363
0.43057703971862793
0.432841956615448
0.5521560907363892
0.6250019073486328
0.530755877494812
0.36823558807373047
0.40665894746780396
0.39151203632354736
0.39976027607917786
0.43588531017303467
0.4952176809310913
0.38189181685447693
0.589055061340332
0.42661401629447937
0.4997663199901581
0.398560106754303
0.4045736491680145
0.3975694179534912
0.4071570038795471
0.3289654850959778
0.3671436905860901
0.44783079624176025
0.3813455402851105
0.33890965580940247
0.5573888421058655
0.4152446985244751
0.5006037354469299
0.3590432405471802
0.40260154008865356
0.5111178159713745
0.5459228754043579
0.43069538474082947
0.6317328810691833
0.4247116148471832
0.36555778980255127
0.412506103515625
0.4549514055252075
0.4041067957878113
0.4893643260002136
0.48621630668640137
0.39057159423828125
0.5739758014678955
0.4264463782310486
0.37838661670684814
0.43366482853889465
0.5623836517333984
0.4282819628715515
0.5817877054214478
0.4498829245567322
0.5483361482620239
0.3257181644439697
0.3719540238380432
0.5261152982711792
0.38719213008880615
0.46095216274261475
0.34806716442108154
0.3481813073158264
0.44279730319976807
0.37439918518066406
0.3529171347618103
0.3634909689426422
0.4521535634994507
0.4017775058746338
0.4311322569847107
0.4087562561035156
0.4504634141921997
0.370935320854187
0.48104220628738403
0.3377937972545624
0.49273455142974854
0.396831750869751
0.3851635456085205
0.4048703908920288
0.5898808240890503
0.37704998254776
0.44702860713005066
0.3946170210838318
0.3395756185054779
0.38928183913230896
0.4414371848106384
0.3799757957458496
0.34847065806388855
0.4468343257904053
0.4712628424167633
0.41518133878707886
0.36172711849212646
0.36802417039871216
0.40326932072639465
0.4214661717414856
0.3287348449230194
0.4391104578971863
0.3625190854072571
0.42996862530708313
0.4259766936302185
0.3820698857307434
0.40399235486984253
0.4138566255569458
0.38015472888946533
0.4146924614906311
0.32924968004226685
0.4475841820240021
0.43568331003189087
0.45881909132003784
0.3875848054885864
0.3955446481704712
0.3641693890094757
0.42096108198165894
0.4012022614479065
0.35497841238975525
0.4005841314792633
0.38889938592910767
0.38541021943092346
0.40089356899261475
0.3672236502170563
0.3987443447113037
0.40053117275238037
0.4767457842826843
0.4063495099544525
0.5155249238014221
0.40872448682785034
0.4810596704483032
0.4667520523071289
0.4025314450263977
0.37223851680755615
0.41749367117881775
0.43131446838378906
0.5526107549667358
0.3438769280910492
0.42094582319259644
0.3993338942527771
0.42621147632598877
0.3416510224342346
0.44604068994522095
0.47196727991104126
0.37829554080963135
0.4851261377334595
0.4059044122695923
0.5065271258354187
0.48858118057250977
0.4678484797477722
0.3522697985172272
0.34169459342956543
0.35485151410102844
0.41117948293685913
0.4168779253959656
0.4020497798919678
0.3543475270271301
0.3737199008464813
0.4220331311225891
0.3589099049568176
0.4790371358394623
0.5447933673858643
0.4891502261161804
0.5051037073135376
0.5028035640716553
0.46386000514030457
0.3839479386806488
0.4216776490211487
0.4423162043094635
0.5447686910629272
0.42566075921058655
0.39008888602256775
0.4232144057750702
0.434393048286438
0.39635002613067627
0.42774564027786255
0.3846510648727417
0.5488557815551758
0.42571502923965454
0.49198174476623535
0.40940093994140625
0.5083053708076477
0.4296354055404663
0.6338097453117371
0.4669153690338135
0.3977847695350647
0.38868045806884766
0.42742693424224854
0.3652743697166443
0.5291846990585327
0.3711317181587219
0.35368791222572327
0.473227322101593
0.47789591550827026
0.4677535891532898
0.4346280097961426
0.5303921699523926
0.4625464975833893
0.38471341133117676
0.39590728282928467
0.35073500871658325
0.36738526821136475
0.4191663861274719
0.3829761743545532
0.4052347242832184
0.42005008459091187
0.3720897138118744
0.45846617221832275
0.42941874265670776
0.42939966917037964
0.4538116455078125
0.38505256175994873
0.4000905752182007
0.41377758979797363
0.37979599833488464
0.4073230028152466
0.3750118911266327
0.44900402426719666
0.5019028782844543
0.4010542035102844
0.3475925326347351
0.5006314516067505
0.42319613695144653
0.3998871445655823
0.4487883448600769
0.42192432284355164
0.3618100881576538
0.4360021948814392
0.36138877272605896
0.44632869958877563
0.3976198136806488
0.3639003038406372
0.4118131399154663
0.36801478266716003
0.4036422371864319
0.5453439950942993
0.3857111930847168
0.38882163166999817
0.4904571771621704
0.5216538906097412
0.44035518169403076
0.4466579258441925
0.45959901809692383
0.3942561149597168
0.4415639638900757
0.46858322620391846
0.3990221619606018
0.4155617952346802
0.39432621002197266
0.3977266252040863
0.3830651640892029
0.41300490498542786
0.51204913854599
0.4951498806476593
0.41075384616851807
0.37209686636924744
0.42163383960723877
0.37678831815719604
0.5112051367759705
0.4696108102798462
0.33017635345458984
0.36037179827690125
0.3946576714515686
0.42157912254333496
0.5333070755004883
0.40660029649734497
0.3838033676147461
0.4470476508140564
0.4501073956489563
0.438213050365448
0.43592315912246704
0.4463236927986145
0.4201349914073944
0.4699400067329407
0.4883121848106384
0.5706236362457275
0.3361375331878662
0.4026574194431305
0.5127761363983154
0.40289241075515747
0.42350733280181885
0.4351305067539215
0.4051765203475952
0.4536241292953491
0.39113283157348633
0.5092819929122925
0.40445709228515625
0.5466190576553345
0.41493210196495056
0.5315986275672913
0.34404486417770386
0.3460831344127655
0.4691935181617737
0.3748241364955902
0.46626850962638855
0.4632450342178345
0.35570305585861206
0.4660634994506836
0.43462616205215454
0.4600042700767517
0.3750389814376831
0.4065297842025757
0.41728681325912476
0.3576246201992035
0.3807643949985504
0.4537115693092346
0.5374909043312073
0.4289788603782654
0.4901323914527893
0.42412111163139343
0.36200883984565735
0.40479692816734314
0.3610711395740509
0.40095579624176025
0.3675278425216675
0.45336800813674927
0.44247427582740784
0.4781344532966614
0.40072107315063477
0.4682927131652832
0.37637850642204285
0.4087039828300476
0.4654967188835144
0.39429962635040283
0.47898387908935547
0.47136273980140686
0.46998757123947144
0.43764805793762207
0.49639657139778137
0.4390825033187866
0.3802638649940491
0.3570747375488281
0.4080474376678467
0.5046823620796204
0.3701190948486328
0.3563920259475708
0.38924965262413025
0.4121449589729309
0.37871813774108887
0.3715290427207947
0.3516691327095032
0.4057445526123047
0.4017944633960724
0.4111805260181427
0.4493333101272583
0.5023597478866577
0.37073132395744324
0.4314938187599182
0.36317044496536255
0.40941375494003296
0.39818131923675537
0.5279574990272522
0.4951050877571106
0.4778842628002167
0.6000547409057617
0.39691632986068726
0.43274158239364624
0.616669774055481
0.35622793436050415
0.41069191694259644
0.4228542447090149
0.34646672010421753
0.4980427026748657
0.538595974445343
0.4839298129081726
0.572135329246521
0.42805957794189453
0.4756995439529419
0.41470634937286377
0.4907674193382263
0.49511390924453735
0.47172820568084717
0.4059467911720276
0.5111643075942993
0.4117487668991089
0.361664354801178
0.4185311794281006
0.3645551800727844
0.39329636096954346
0.350403368473053
0.4109978675842285
0.48986417055130005
0.5465767979621887
0.41464775800704956
0.4021511971950531
0.37295132875442505
0.4139830470085144
0.37879759073257446
0.45882660150527954
0.4639434814453125
0.5595769286155701
0.41941648721694946
0.35072991251945496
0.37483111023902893
0.5522499084472656
0.362130343914032
0.4937986731529236
0.41729503870010376
0.40185844898223877
0.3695826232433319
0.3564266264438629
0.38089627027511597
0.35461148619651794
0.3833460807800293
0.5037280917167664
0.36552831530570984
0.3342507481575012
0.3837920129299164
0.4265659749507904
0.43638288974761963
0.5252240896224976
0.43093031644821167
0.44068002700805664
0.39334219694137573
0.5061125755310059
0.4056909680366516
0.3861325979232788
0.36817094683647156
0.4194502830505371
0.3582119345664978
0.3444593548774719
0.38236552476882935
0.4501160979270935
0.40547609329223633
0.3979446589946747
0.41128531098365784
0.3744053244590759
0.4615914523601532
0.4215913414955139
0.5767979621887207
0.5122589468955994
0.4327600598335266
0.3687582314014435
0.35881179571151733
0.5650471448898315
0.3699134588241577
0.5230342745780945
0.5060434341430664
0.398144006729126
0.3695294260978699
0.4623071253299713
0.43073469400405884
0.5015823245048523
0.41057026386260986
0.3445740044116974
0.6435778141021729
0.39116379618644714
0.46769943833351135
0.5050643682479858
0.5232993364334106
0.47655734419822693
0.3788090944290161
0.3270202577114105
0.3981850743293762
0.40035510063171387
0.4169018864631653
0.4729878306388855
0.4369571805000305
0.36496350169181824
0.3686909079551697
0.5575098991394043
0.3722958564758301
0.4422248601913452
0.4212869107723236
0.5249621868133545
0.35204756259918213
0.40029725432395935
0.41136157512664795
0.4083455204963684
0.39394301176071167
0.330740749835968
0.501620352268219
0.44231876730918884
0.39150452613830566
0.3617660701274872
0.47727012634277344
0.3619999587535858
0.38206425309181213
0.44467493891716003
0.3788068890571594
0.3905646502971649
0.4498816132545471
0.38420841097831726
0.39338093996047974
0.4055253267288208
0.39637014269828796
0.352205753326416
0.48889046907424927
0.3512382507324219
0.4439470171928406
0.39803504943847656
0.3963468670845032
0.40357208251953125
0.3571501672267914
0.386261522769928
0.4248054027557373
0.45393306016921997
0.399993896484375
0.31695377826690674
0.3855457603931427
0.4995461106300354
0.35531261563301086
0.3725977838039398
0.4289843738079071
0.36357733607292175
0.3779166340827942
0.4947408139705658
0.3791659474372864
0.4168739318847656
0.49284863471984863
0.35717660188674927
0.6918139457702637
0.4060472846031189
0.39622533321380615
0.3903190493583679
0.47242334485054016
0.5171419978141785
0.39390501379966736
0.4128439724445343
0.3868999779224396
0.3618263602256775
0.35655418038368225
0.40074217319488525
0.39904195070266724
0.5299723148345947
0.3764057457447052
0.40273359417915344
0.42975878715515137
0.4252842664718628
0.41180023550987244
0.4260646402835846
0.43642091751098633
0.6100263595581055
0.3721252977848053
0.38467586040496826
0.4271186292171478
0.45212522149086
0.3831133246421814
0.3492042124271393
0.5488344430923462
0.4035283327102661
0.36659175157546997
0.45421695709228516
0.39383649826049805
0.4369376301765442
0.39032965898513794
0.41271764039993286
0.3964422345161438
0.4084516763687134
0.3461925685405731
0.43008941411972046
0.4415031671524048
0.34265610575675964
0.39446699619293213
0.3954330384731293
0.3968205153942108
0.41652023792266846
0.43565428256988525
0.3925120234489441
0.37705618143081665
0.46826255321502686
0.385463684797287
0.43177729845046997
0.4149353504180908
0.4959404468536377
0.3930310606956482
0.4798857271671295
0.4852236211299896
0.4374035596847534
0.4511656165122986
0.4013163149356842
0.40739744901657104
0.5145687460899353
0.3776019215583801
0.3780241906642914
0.48639580607414246
0.38710200786590576
0.33976393938064575
0.3988964259624481
0.40810462832450867
0.38390499353408813
0.47927361726760864
0.3846914768218994
0.5322906970977783
0.3473198413848877
0.37131941318511963
0.3819441795349121
0.47704893350601196
0.5200338363647461
0.3322511315345764
0.4183489978313446
0.3527871370315552
0.45566877722740173
0.48236459493637085
0.43224775791168213
0.3764805793762207
0.43119382858276367
0.5755913257598877
0.4621483385562897
0.3797118365764618
0.42119038105010986
0.5224246382713318
0.4354911744594574
0.5206375122070312
0.44783931970596313
0.45293647050857544
0.4003713130950928
0.4469105005264282
0.39615398645401
0.4223713278770447
0.42217016220092773
0.42958974838256836
0.5440745949745178
0.4231419563293457
0.46112769842147827
0.4126845598220825
0.4153270423412323
0.3665992319583893
0.3722231984138489
0.38632234930992126
0.3426700532436371
0.3704610764980316
0.35038334131240845
0.4022482633590698
0.3518204391002655
0.4460792541503906
0.44379496574401855
0.34588873386383057
0.4784785509109497
0.35598334670066833
0.3653400242328644
0.37448039650917053
0.3717573583126068
0.35281601548194885
0.5707657933235168
0.3921334445476532
0.3493792414665222
0.4346938133239746
0.4048997759819031
0.4303760826587677
0.4113583564758301
0.40536099672317505
0.371976375579834
0.4209936261177063
0.41199374198913574
0.44264400005340576
0.5939019918441772
0.3528067469596863
0.3158811032772064
0.4696582555770874
0.43099671602249146
0.4054349660873413
0.4569764733314514
0.4287932813167572
0.4208241403102875
0.43657660484313965
0.36552029848098755
0.49204203486442566
0.4292811453342438
0.4147702753543854
0.43257176876068115
0.5232734680175781
0.4455556869506836
0.3910467326641083
0.3575030565261841
0.4026442766189575
0.39887291193008423
0.4729858934879303
0.42599427700042725
0.42324167490005493
0.4032730162143707
0.40105974674224854
0.44118475914001465
0.33009958267211914
0.31598541140556335
0.3374190926551819
0.39619892835617065
0.5575841069221497
0.46720701456069946
0.3823893666267395
0.3845798075199127
0.3960545063018799
0.42359212040901184
0.4088262915611267
0.4709194600582123
0.36366841197013855
0.41561800241470337
0.4064653813838959
0.37060466408729553
0.39223814010620117
0.45252394676208496
0.34385788440704346
0.3920038044452667
0.4019375443458557
0.3987637460231781
0.3982836902141571
0.4394000172615051
0.36354923248291016
0.36178043484687805
0.47980594635009766
0.3349727988243103
0.36376529932022095
0.604602038860321
0.3821977376937866
0.3296384811401367
0.3653128445148468
0.5644811987876892
0.46684712171554565
0.38658642768859863
0.38680481910705566
0.41256028413772583
0.39293918013572693
0.4364929795265198
0.3931581377983093
0.36164677143096924
0.42426830530166626
0.3598634898662567
0.42670387029647827
0.4030027985572815
0.4198697507381439
0.35480910539627075
0.4918149709701538
0.41077306866645813
0.4134305715560913
0.39871639013290405
0.3681509792804718
0.3835079073905945
0.413368821144104
0.47096431255340576
0.48009222745895386
0.4011295437812805
0.40595418214797974
0.3330582082271576
0.40658003091812134
0.49109041690826416
0.35426104068756104
0.38282519578933716
0.346117228269577
0.45422741770744324
0.40234053134918213
0.6348387598991394
0.37355127930641174
0.3867901563644409
0.3779012858867645
0.38607844710350037
0.3815508484840393
0.3922688663005829
0.4578312635421753
0.42070478200912476
0.3863028287887573
0.34595558047294617
0.3484313488006592
0.3594505190849304
0.3919599652290344
0.3782455325126648
0.3410094678401947
0.3185572028160095
0.35667410492897034
0.4016517400741577
0.3414381146430969
0.5134194493293762
0.4295268654823303
0.3486090898513794
0.35876667499542236
0.40645545721054077
0.4824029207229614
0.34267401695251465
0.3669731318950653
0.3743622601032257
0.3649369776248932
0.4159902036190033
0.39280182123184204
0.5010206699371338
0.42632874846458435
0.39393770694732666
0.3669823706150055
0.35928797721862793
0.4695380628108978
0.35182514786720276
0.5067381262779236
0.33230096101760864
0.4391418695449829
0.4191141128540039
0.38533785939216614
0.3812282681465149
0.37434127926826477
0.4311206340789795
0.44330939650535583
0.33877822756767273
0.3784041404724121
0.3671160340309143
0.3858461380004883
0.318013072013855
0.3493615388870239
0.4363141655921936
0.3624446392059326
0.35909736156463623
0.5211433172225952
0.43906480073928833
0.40816569328308105
0.3727264702320099
0.3487589955329895
0.36783260107040405
0.41247808933258057
0.36213016510009766
0.3889440894126892
0.4137566089630127
0.4180050194263458
0.3850407004356384
0.38407111167907715
0.3975299894809723
0.3834417760372162
0.35873889923095703
0.3499436378479004
0.4298764765262604
0.47994744777679443
0.4443776607513428
0.35623303055763245
0.4009764790534973
0.38054245710372925
0.33499228954315186
0.37554895877838135
0.4911496043205261
0.4204947352409363
0.4930242598056793
0.40762197971343994
0.4279137849807739
0.36557379364967346
0.5453900098800659
0.45644962787628174
0.3819962441921234
0.35053345561027527
0.43946772813796997
0.3785417377948761
0.42796027660369873
0.4308497905731201
0.48308172821998596
0.41752612590789795
0.3841211199760437
0.5999716520309448
0.4138490855693817
0.5171613097190857
0.42291396856307983
0.38384145498275757
0.37283965945243835
0.400725394487381
0.35450613498687744
0.5851233005523682
0.3461983799934387
0.34665217995643616
0.3666384518146515
0.47929078340530396
0.4581083357334137
0.3521377146244049
0.35875874757766724
0.47844600677490234
0.3831809461116791
0.3605130910873413
0.3411674499511719
0.4268655478954315
0.44887280464172363
0.34401485323905945
0.5443928241729736
0.4026488661766052
0.36303701996803284
0.3789016604423523
0.48604804277420044
0.42988789081573486
0.33585667610168457
0.3525643050670624
0.3663821518421173
0.39598411321640015
0.4757656157016754
0.31090232729911804
0.4146779775619507
0.5634189248085022
0.4356321692466736
0.4606441259384155
0.40844810009002686
0.42122209072113037
0.6157398223876953
0.4696204662322998
0.38798123598098755
0.454865038394928
0.40576761960983276
0.38248345255851746
0.3447970747947693
0.40819627046585083
0.45570266246795654
0.35692527890205383
0.38788142800331116
0.5301854610443115
0.40885812044143677
0.4408944547176361
0.3707682192325592
0.43419650197029114
0.41823774576187134
0.3844772279262543
0.4090289771556854
0.3483662009239197
0.42762526869773865
0.5611584782600403
0.3630962073802948
0.40690237283706665
0.37826913595199585
0.3655603229999542
0.4173985421657562
0.4481655955314636
0.4271088242530823
0.36589518189430237
0.3738633394241333
0.4466368854045868
0.38412678241729736
0.4324501156806946
0.41779494285583496
0.5284937620162964
0.3709666430950165
0.47952643036842346
0.5049957633018494
0.4213173985481262
0.34045398235321045
0.33764514327049255
0.3915732502937317
0.5498677492141724
0.4249933958053589
0.400127112865448
0.38367366790771484
0.4097052216529846
0.424683153629303
0.3594094514846802
0.36555424332618713
0.3758627772331238
0.49976086616516113
0.4742923378944397
0.3878205716609955
0.37701043486595154
0.5014976859092712
0.34776997566223145
0.5422942042350769
0.3797677755355835
0.4206782579421997
0.3965034484863281
0.5692516565322876
0.3168818950653076
0.5684091448783875
0.4776151180267334
0.3803938925266266
0.34670591354370117
0.3754352927207947
0.4698595702648163
0.39992427825927734
0.4413225054740906
0.41116005182266235
0.36293503642082214
0.47322094440460205
0.37233424186706543
0.3317376971244812
0.5129371881484985
0.39073556661605835
0.45914703607559204
0.4109615385532379
0.4416382312774658
0.32857027649879456
0.39287710189819336
0.4168400168418884
0.3726091980934143
0.34279394149780273
0.4690288305282593
0.3325987458229065
0.5413980484008789
0.4256664514541626
0.35251176357269287
0.4319242835044861
0.44040459394454956
0.4394945502281189
0.42743462324142456
0.3897760510444641
0.3817436695098877
0.39485007524490356
0.39879310131073
0.38559675216674805
0.6290445327758789
0.559781551361084
0.36775681376457214
0.4514503479003906
0.4054917097091675
0.39498215913772583
0.3345707058906555
0.43270760774612427
0.379152774810791
0.4655968248844147
0.3678007423877716
0.47858041524887085
0.35443174839019775
0.43317335844039917
0.3758805990219116
0.37046265602111816
0.3234197795391083
0.4183686375617981
0.4200224280357361
0.4129717946052551
0.417036235332489
0.37301185727119446
0.4022958278656006
0.40447795391082764
0.38444286584854126
0.392273485660553
0.3794737756252289
0.3887380361557007
0.4137358069419861
0.39896541833877563
0.3675760328769684
0.4118039011955261
0.4152136445045471
0.33696869015693665
0.43847623467445374
0.3950381577014923
0.4172578454017639
0.519594669342041
0.44186288118362427
0.37883704900741577
0.46265706419944763
0.42722493410110474
0.5700129270553589
0.41463226079940796
0.41332346200942993
0.34919068217277527
0.5556901693344116
0.3937520980834961
0.3663199543952942
0.3960362672805786
0.3639874756336212
0.450848251581192
0.5945178270339966
0.3465650677680969
0.4397226572036743
0.42669618129730225
0.4795595705509186
0.3926856219768524
0.4031396508216858
0.4911406636238098
0.3801000118255615
0.49508029222488403
0.47284382581710815
0.4064819812774658
0.42792266607284546
0.3967437744140625
0.3806392252445221
0.582343339920044
0.41719257831573486
0.46140623092651367
0.3493005335330963
0.3970169723033905
0.404654324054718
0.3653470575809479
0.39255157113075256
0.3538022041320801
0.5363823175430298
0.43941015005111694
0.3879292607307434
0.43515336513519287
0.38907569646835327
0.34674811363220215
0.380276083946228
0.4806176424026489
0.4657324552536011
0.3720959722995758
0.3588458299636841
0.405706524848938
0.34758391976356506
0.35718798637390137
0.403297483921051
0.42632734775543213
0.401683509349823
0.48489415645599365
0.40253710746765137
0.40014949440956116
0.4386187195777893
0.4450169801712036
0.4828190803527832
0.4343530833721161
0.46336761116981506
0.3449169099330902
0.348639577627182
0.4159969687461853
0.4492023289203644
0.49055153131484985
0.4729442000389099
0.3649847209453583
0.39738988876342773
0.3477163314819336
0.4780764877796173
0.3929174244403839
0.5351473689079285
0.370674729347229
0.3824617266654968
0.47595980763435364
0.3414519131183624
0.3477286994457245
0.41296595335006714
0.44326844811439514
0.4598498046398163
0.3586341142654419
0.3708588480949402
0.36165058612823486
0.46942007541656494
0.3510846197605133
0.38201743364334106
0.32727253437042236
0.356342077255249
0.39346733689308167
0.3978307545185089
0.41693198680877686
0.4064632058143616
0.4603133201599121
0.36367183923721313
0.3975394368171692
0.3328039050102234
0.5566458702087402
0.3872515857219696
0.351029634475708
0.35296690464019775
0.4404190480709076
0.3984723687171936
0.3952181339263916
0.5146843791007996
0.3565481901168823
0.3339633643627167
0.3236605226993561
0.3420518934726715
0.337165504693985
0.3961371183395386
0.3747331500053406
0.3613487780094147
0.33524930477142334
0.4786050319671631
0.5462659597396851
0.3643394112586975
0.4382241666316986
0.4020150899887085
0.453056663274765
0.3650617301464081
0.34604671597480774
0.4281606078147888
0.3485986590385437
0.3375684916973114
0.4676681160926819
0.48811185359954834
0.33120572566986084
0.3424646258354187
0.4202079772949219
0.44315582513809204
0.3347817361354828
0.3485174775123596
0.42632728815078735
0.43424004316329956
0.3836858868598938
0.3364706337451935
0.45448189973831177
0.4017776846885681
0.45448586344718933
0.4675404131412506
0.3507463335990906
0.3369289040565491
0.3664400279521942
0.3704686462879181
0.41742950677871704
0.46974417567253113
0.3495667278766632
0.3948308825492859
0.40653058886528015
0.36435312032699585
0.3813527226448059
0.3583926260471344
0.5403313040733337
0.43568336963653564
0.38099801540374756
0.3612023591995239
0.337114155292511
0.41962361335754395
0.35988354682922363
0.3873767852783203
0.46298903226852417
0.39781951904296875
0.4417763352394104
0.38242441415786743
0.3643020987510681
0.48969876766204834
0.3980707824230194
0.4103435277938843
0.43491825461387634
0.5269498229026794
0.39600855112075806
0.4300078749656677
0.4383591413497925
0.43341702222824097
0.37589845061302185
0.3752971887588501
0.4048534631729126
0.3416488468647003
0.43668416142463684
0.3946000635623932
0.38477832078933716
0.34688618779182434
0.3781639337539673
0.45383355021476746
0.3920271396636963
0.3916735351085663
0.4494816064834595
0.5177897214889526
0.38032907247543335
0.42788559198379517
0.35645538568496704
0.36605116724967957
0.5178993344306946
0.4514617323875427
0.34324783086776733
0.35387319326400757
0.3944317102432251
0.45160987973213196
0.40066421031951904
0.36973336338996887
0.5564495325088501
0.3495899438858032
0.4233376085758209
0.46070998907089233
0.4867285490036011
0.3988437056541443
0.4712573289871216
0.40350937843322754
0.3556773364543915
0.35461509227752686
0.4107747972011566
0.392963707447052
0.3555760979652405
0.36220210790634155
0.4126224219799042
0.39298421144485474
0.3483278155326843
0.3773013651371002
0.46084046363830566
0.33140209317207336
0.3647805452346802
0.36392754316329956
0.45136165618896484
0.38281679153442383
0.4114614725112915
0.36262622475624084
0.4877038598060608
0.37682855129241943
0.4036779999732971
0.42323076725006104
0.3770001232624054
0.44773897528648376
0.4331989288330078
0.3764883279800415
0.31977149844169617
0.4306824803352356
0.39149367809295654
0.3564062714576721
0.39523279666900635
0.46054238080978394
0.37115415930747986
0.40289098024368286
0.3485727906227112
0.7497531175613403
0.3886427581310272
0.3864558935165405
0.4203522801399231
0.33979254961013794
0.37893569469451904
0.38940784335136414
0.4065204858779907
0.33932483196258545
0.35456886887550354
0.41096732020378113
0.4772126078605652
0.3389623165130615
0.5026816725730896
0.38090917468070984
0.3377186059951782
0.5287718772888184
0.4081410765647888
0.3358805179595947
0.4055126905441284
0.3275958299636841
0.3580169677734375
0.4165942668914795
0.35462331771850586
0.4071895480155945
0.41676726937294006
0.36170583963394165
0.353962779045105
0.3627837300300598
0.3481364846229553
0.3868776559829712
0.40073052048683167
0.529112696647644
0.36498454213142395
0.3357219994068146
0.3615347146987915
0.432311087846756
0.40821897983551025
0.3630264103412628
0.42497518658638
0.424153208732605
0.4280293583869934
0.4473419785499573
0.34885677695274353
0.5318840742111206
0.39120930433273315
0.3463480472564697
0.3334037959575653
0.3605528771877289
0.39488860964775085
0.391615092754364
0.5974863171577454
0.5137554407119751
0.36490190029144287
0.3428983688354492
0.4928070902824402
0.39987272024154663
0.4386675953865051
0.35398316383361816
0.5199438333511353
0.3833470344543457
0.40022265911102295
0.4843769371509552
0.3716566562652588
0.36222532391548157
0.38545262813568115
0.39438143372535706
0.3328312337398529
0.398063987493515
0.4622013568878174
0.3557794690132141
0.42420029640197754
0.3553466200828552
0.48649346828460693
0.42835181951522827
0.3413008153438568
0.40408241748809814
0.368582546710968
0.4432511031627655
0.4625903367996216
0.3957687318325043
0.4386385679244995
0.4106789231300354
0.35771989822387695
0.43425101041793823
0.4481871724128723
0.4516574740409851
0.39076414704322815
0.3769165873527527
0.42869046330451965
0.41449928283691406
0.44518494606018066
0.4482390880584717
0.43311265110969543
0.5088058114051819
0.5153111219406128
0.4206169545650482
0.38380104303359985
0.3691145181655884
0.44728583097457886
0.3811171352863312
0.5145077705383301
0.4428756535053253
0.5426282286643982
0.4296427369117737
0.36460861563682556
0.3607906699180603
0.3995852768421173
0.3825388550758362
0.3333853781223297
0.4776768088340759
0.3556342124938965
0.3911617398262024
0.564882755279541
0.37640631198883057
0.4286193549633026
0.7403546571731567
0.38757479190826416
0.4855078458786011
0.33634456992149353
0.3339936435222626
0.334209680557251
0.38897705078125
0.4164097309112549
0.39895814657211304
0.34423914551734924
0.45893409848213196
0.4812306761741638
0.38561832904815674
0.38993871212005615
0.40384262800216675
0.33643728494644165
0.41298234462738037
0.34343332052230835
0.3601008653640747
0.45413920283317566
0.4740316867828369
0.3617265224456787
0.3675025701522827
0.3300027549266815
0.41141682863235474
0.3586776852607727
0.3835334777832031
0.3636355698108673
0.46143150329589844
0.6016076803207397
0.3825220465660095
0.4254838228225708
0.4269319772720337
0.4515347480773926
0.43572700023651123
0.3877521753311157
0.4856168031692505
0.43448901176452637
0.46546220779418945
0.35780826210975647
0.46695271134376526
0.43801361322402954
0.48547330498695374
0.4643031358718872
0.38747647404670715
0.4232659339904785
0.3121945559978485
0.4827090799808502
0.3901073932647705
0.3762253522872925
0.3908810019493103
0.5661783218383789
0.38553309440612793
0.34167373180389404
0.4017871022224426
0.48507261276245117
0.3898451328277588
0.4598582983016968
0.367648184299469
0.3911649286746979
0.3649320602416992
0.4033104479312897
0.36212682723999023
0.45603376626968384
0.3920348584651947
0.40038713812828064
0.40523794293403625
0.4686942398548126
0.44588911533355713
0.3425135016441345
0.3351351022720337
0.42728912830352783
0.3956529200077057
0.35241299867630005
0.4020986557006836
0.5920156240463257
0.37482115626335144
0.3525737524032593
0.3865821361541748
0.36377885937690735
0.40768927335739136
0.38278940320014954
0.41371893882751465
0.5170013904571533
0.3949779272079468
0.5562299489974976
0.3752036690711975
0.3948647677898407
0.3517943024635315
0.35567528009414673
0.4738079905509949
0.34218138456344604
0.4362005591392517
0.3915408253669739
0.40511655807495117
0.3847246766090393
0.4247666597366333
0.5177866816520691
0.4876006543636322
0.378312885761261
0.3486635088920593
0.3460541367530823
0.37796103954315186
0.3924993872642517
0.3690594434738159
0.5480294227600098
0.4322923421859741
0.41376441717147827
0.37380850315093994
0.3557273745536804
0.37312859296798706
0.35142505168914795
0.44842517375946045
0.4192836284637451
0.4395356774330139
0.38568979501724243
0.5079545974731445
0.4277651309967041
0.35005706548690796
0.3782194256782532
0.4670070707798004
0.36569005250930786
0.42756205797195435
0.3578189015388489
0.41514378786087036
0.45908379554748535
0.47299349308013916
0.387670636177063
0.5832327604293823
0.3607354164123535
0.37891069054603577
0.36955586075782776
0.39677339792251587
0.4255220890045166
0.41771358251571655
0.36510223150253296
0.4777776002883911
0.36401689052581787
0.40035074949264526
0.33752110600471497
0.49911612272262573
0.32795965671539307
0.41177797317504883
0.37724819779396057
0.464310884475708
0.5814741849899292
0.42273983359336853
0.40400075912475586
0.49898865818977356
0.3264120817184448
0.3268974721431732
0.41845056414604187
0.38626599311828613
0.33314049243927
0.3900451064109802
0.3849257230758667
0.37922006845474243
0.565228283405304
0.4532455503940582
0.37590861320495605
0.36201241612434387
0.3454620838165283
0.39562317728996277
0.33769646286964417
0.3833693563938141
0.46217766404151917
0.34968137741088867
0.4146181344985962
0.43242770433425903
0.4265247583389282
0.4051721394062042
0.4264084994792938
0.4186279773712158
0.353030264377594
0.3862018883228302
0.533285915851593
0.35411739349365234
0.362059623003006
0.3662436604499817
0.36568206548690796
0.37841862440109253
0.5486461520195007
0.3796270191669464
0.3916180729866028
0.598156213760376
0.3951096534729004
0.4151979386806488
0.3898964822292328
0.39112013578414917
0.3521329462528229
0.3342304825782776
0.3566034436225891
0.40580111742019653
0.3952847123146057
0.4510595202445984
0.3971387445926666
0.470588356256485
0.36559760570526123
0.3576118052005768
0.5289151072502136
0.3346967101097107
0.4996602535247803
0.5368327498435974
0.4270293712615967
0.49282461404800415
0.3881888687610626
0.5060505270957947
0.579525887966156
0.45202186703681946
0.4087591767311096
0.36140626668930054
0.5479636192321777
0.37626299262046814
0.4399191439151764
0.4113749861717224
0.38763427734375
0.3760276436805725
0.5391995310783386
0.41988712549209595
0.4752088189125061
0.38549545407295227
0.33104023337364197
0.36749961972236633
0.38705939054489136
0.396609902381897
0.4283042550086975
0.37413638830184937
0.41872864961624146
0.36964741349220276
0.4499894380569458
0.38996657729148865
0.3973538279533386
0.353757381439209
0.38068270683288574
0.3436598479747772
0.4701978862285614
0.4234507381916046
0.3669559061527252
0.40909621119499207
0.4531901776790619
0.41133201122283936
0.3927207589149475
0.4527965784072876
0.4032151699066162
0.49228447675704956
0.3722674250602722
0.44736048579216003
0.4310336112976074
0.4713122248649597
0.35401028394699097
0.32281801104545593
0.42183876037597656
0.3957378566265106
0.36427101492881775
0.3471088409423828
0.4554125964641571
0.369537353515625
0.40701431035995483
0.3237224519252777
0.32855960726737976
0.45694804191589355
0.34931614995002747
0.39634209871292114
0.4280151128768921
0.3159877359867096
0.36400866508483887
0.38361454010009766
0.3942757844924927
0.48562169075012207
0.4012342691421509
0.409407377243042
0.3332647979259491
0.4153662323951721
0.3185780942440033
0.443340003490448
0.4449496865272522
0.3176736831665039
0.3919055461883545
0.4417436420917511
0.36522215604782104
0.3189810514450073
0.4182048439979553
0.3478277921676636
0.3769983649253845
0.45679011940956116
0.4426473379135132
0.34257885813713074
0.34660840034484863
0.3837781250476837
0.39457449316978455
0.43743258714675903
0.3662155270576477
0.35820549726486206
0.3629154860973358
0.43133944272994995
0.377069354057312
0.338886559009552
0.40647828578948975
0.4157249331474304
0.32552066445350647
0.3763064444065094
0.36737409234046936
0.3597469627857208
0.4391378164291382
0.35561710596084595
0.5167735815048218
0.419436514377594
0.3208131790161133
0.41501182317733765
0.45623457431793213
0.39510998129844666
0.3451084792613983
0.4327569603919983
0.44981616735458374
0.34958115220069885
0.3351834714412689
0.48510509729385376
0.344655841588974
0.3483290672302246
0.39447730779647827
0.368683397769928
0.4469611346721649
0.33956778049468994
0.4627700448036194
0.3551117181777954
0.3794623613357544
0.46636396646499634
0.36316922307014465
0.39773210883140564
0.5030914545059204
0.4418492019176483
0.4669627547264099
0.3852866291999817
0.3990508019924164
0.49343520402908325
0.4729456603527069
0.33501824736595154
0.3328116536140442
0.39716172218322754
0.35806214809417725
0.3490667939186096
0.527400016784668
0.36814531683921814
0.5696803331375122
0.44640761613845825
0.3346690237522125
0.33563241362571716
0.350087970495224
0.3916643261909485
0.3564497232437134
0.3883547782897949
0.33179497718811035
0.42895907163619995
0.38109463453292847
0.3434821665287018
0.36390799283981323
0.38251644372940063
0.41000503301620483
0.3459850549697876
0.3454599678516388
0.3795231580734253
0.38180989027023315
0.46923625469207764
0.5158094167709351
0.3482343554496765
0.36135926842689514
0.43685972690582275
0.34623032808303833
0.4916223883628845
0.39527517557144165
0.4253990054130554
0.3434140086174011
0.4583551287651062
0.3656315803527832
0.33308514952659607
0.3504856526851654
0.4162079095840454
0.3717764914035797
0.4025784730911255
0.544491171836853
0.3260844349861145
0.3652645945549011
0.6011627316474915
0.4325663447380066
0.3410651981830597
0.4676252007484436
0.3240014910697937
0.34727632999420166
0.36492159962654114
0.445858895778656
0.33410772681236267
0.34976300597190857
0.3414466381072998
0.36232149600982666
0.4341849088668823
0.5204530358314514
0.3673052489757538
0.34461453557014465
0.33586111664772034
0.3795907497406006
0.4313669204711914
0.40150320529937744
0.36893659830093384
0.36181625723838806
0.38385796546936035
0.4449222683906555
0.4079427123069763
0.4825592041015625
0.34426823258399963
0.3536010980606079
0.3657052218914032
0.3482779860496521
0.39232635498046875
0.33062851428985596
0.3823099732398987
0.3845670819282532
0.348957359790802
0.36411765217781067
0.37334489822387695
0.36652740836143494
0.3560982644557953
0.4279268682003021
0.4648253917694092
0.41046300530433655
0.4458182454109192
0.3518567979335785
0.3146984577178955
0.37789809703826904
0.4080658555030823
0.4781877100467682
0.5023002624511719
0.35530632734298706
0.33733415603637695
0.35292086005210876
0.36045190691947937
0.4647260308265686
0.518151581287384
0.352738618850708
0.346099853515625
0.4038443863391876
0.47621431946754456
0.5001051425933838
0.3721347749233246
0.37326282262802124
0.42567843198776245
0.38805246353149414
0.45123785734176636
0.4063456356525421
0.5285465717315674
0.5010550618171692
0.3355483114719391
0.3411905765533447
0.3361506760120392
0.37329989671707153
0.3191039562225342
0.3371054530143738
0.34380510449409485
0.3507522940635681
0.4077152609825134
0.3933732509613037
0.4781865179538727
0.3930574059486389
0.3271607458591461
0.3713374733924866
0.3639103174209595
0.3291175067424774
0.43707868456840515
0.3323591947555542
0.35358795523643494
0.36864638328552246
0.3571658134460449
0.3368500769138336
0.34086793661117554
0.367703378200531
0.46571671962738037
0.34876585006713867
0.3362357020378113
0.36953508853912354
0.4227151572704315
0.3581959307193756
0.3575272560119629
0.44719141721725464
0.4084620773792267
0.3987395763397217
0.3582357168197632
0.41255831718444824
0.36088868975639343
0.344971239566803
0.3600960075855255
0.5103738307952881
0.43019524216651917
0.39162731170654297
0.3798816204071045
0.38631272315979004
0.5140219926834106
0.489491730928421
0.3647690713405609
0.3913600742816925
0.3857525885105133
0.518891453742981
0.3304040729999542
0.3578616678714752
0.3438314199447632
0.3610391616821289
0.3972533643245697
0.3328767418861389
0.37001049518585205
0.3378303050994873
0.4996521472930908
0.3702031373977661
0.3999122679233551
0.4436016082763672
0.39918336272239685
0.3826543688774109
0.38860875368118286
0.5759679079055786
0.38272833824157715
0.37892642617225647
0.36000826954841614
0.38528189063072205
0.40892481803894043
0.3446108400821686
0.4404463768005371
0.49490684270858765
0.3529849052429199
0.3794621527194977
0.4046987295150757
0.31682446599006653
0.37718820571899414
0.3680891990661621
0.4980323910713196
0.3945322036743164
0.39511924982070923
0.367816299200058
0.3989872336387634
0.36620956659317017
0.3927374482154846
0.40117067098617554
0.4103277325630188
0.36619773507118225
0.3983132839202881
0.3501911759376526
0.41771480441093445
0.37322545051574707
0.3301270604133606
0.3268442153930664
0.46912139654159546
0.3553342819213867
0.43279701471328735
0.3360004723072052
0.33273452520370483
0.498731791973114
0.4183761477470398
0.41381901502609253
0.41173452138900757
0.35452449321746826
0.3289136290550232
0.3437038064002991
0.3908957839012146
0.3343219459056854
0.33867770433425903
0.3566629886627197
0.3990887999534607
0.37155839800834656
0.4831482768058777
0.38734784722328186
0.3417989909648895
0.3908716142177582
0.3706359565258026
0.36770978569984436
0.478044331073761
0.3742985129356384
0.3977922797203064
0.36696183681488037
0.4004713296890259
0.42261815071105957
0.46395808458328247
0.5126289129257202
0.3612300753593445
0.45262277126312256
0.40171968936920166
0.33789411187171936
0.4812019467353821
0.3689122498035431
0.4645000100135803
0.3949507474899292
0.3860495388507843
0.3915843665599823
0.4701027572154999
0.4035487174987793
0.3555259108543396
0.3759447932243347
0.42901816964149475
0.33113905787467957
0.4287443459033966
0.3556598424911499
0.39962151646614075
0.4037659466266632
0.5485087633132935
0.38344722986221313
0.36105528473854065
0.4478414058685303
0.3869425654411316
0.31821659207344055
0.3786279857158661
0.365996778011322
0.3630080819129944
0.5786325931549072
0.34384697675704956
0.40759167075157166
0.4029771685600281
0.3749628961086273
0.3428760766983032
0.42577195167541504
0.3374476432800293
0.3164830207824707
0.544187068939209
0.4300464391708374
0.34647729992866516
0.36334410309791565
0.37555354833602905
0.3630576729774475
0.38428133726119995
0.5848126411437988
0.43196189403533936
0.4284079074859619
0.33894670009613037
0.40552935004234314
0.371660053730011
0.3369830548763275
0.5203619003295898
0.3685007095336914
0.34340089559555054
0.3836319148540497
0.4180738925933838
0.36123496294021606
0.412406325340271
0.357852041721344
0.37087559700012207
0.3176723122596741
0.39218252897262573
0.3920589089393616
0.3965975046157837
0.40680843591690063
0.4643629193305969
0.3967801034450531
0.46597549319267273
0.45834749937057495
0.38161593675613403
0.3264896273612976
0.4228194057941437
0.44612500071525574
0.43333446979522705
0.4166373610496521
0.42912834882736206
0.39991679787635803
0.5120832920074463
0.432785302400589
0.36379921436309814
0.3790062963962555
0.36402446031570435
0.35330164432525635
0.33457985520362854
0.3574346899986267
0.40032196044921875
0.3721025586128235
0.46339553594589233
0.3879961669445038
0.48138338327407837
0.3971698582172394
0.3290562927722931
0.48430418968200684
0.3442484438419342
0.41709059476852417
0.3841678202152252
0.3894137442111969
0.3794682025909424
0.404121458530426
0.35639864206314087
0.31870514154434204
0.36845365166664124
0.5676950216293335
0.42152222990989685
0.33707964420318604
0.47800448536872864
0.44340866804122925
0.3989158570766449
0.3634098172187805
0.39243900775909424
0.3831358253955841
0.30790406465530396
0.39378833770751953
0.47683024406433105
0.34727510809898376
0.3437732756137848
0.36048924922943115
0.4525754749774933
0.41195881366729736
0.36650288105010986
0.4268876910209656
0.3525603711605072
0.3177391290664673
0.36340224742889404
0.45419275760650635
0.3395850360393524
0.37421172857284546
0.4441428780555725
0.46482178568840027
0.4039880931377411
0.33671486377716064
0.42405015230178833
0.3825577199459076
0.33808788657188416
0.4416962265968323
0.4634404182434082
0.3592514991760254
0.3802589774131775
0.3842851221561432
0.3706896901130676
0.5211383700370789
0.5002267956733704
0.3493521511554718
0.40918445587158203
0.3976587653160095
0.4054725468158722
0.39485153555870056
0.4534778594970703
0.3142514228820801
0.4066050350666046
0.3494734466075897
0.40982523560523987
0.3608155846595764
0.36554446816444397
0.37852412462234497
0.34586068987846375
0.47671639919281006
0.6103382110595703
0.39963382482528687
0.39723676443099976
0.34638383984565735
0.3791762590408325
0.32920902967453003
0.3485701084136963
0.48939552903175354
0.3743409514427185
0.3876686990261078
0.36837273836135864
0.3755953907966614
0.47884470224380493
0.5863820314407349
0.39592379331588745
0.40484845638275146
0.3942308723926544
0.32972607016563416
0.34086018800735474
0.421703040599823
0.40557390451431274
0.4022427499294281
0.3617318570613861
0.3483796715736389
0.5112008452415466
0.33571532368659973
0.39738261699676514
0.34648776054382324
0.3883253335952759
0.34342288970947266
0.41499224305152893
0.3582552969455719
0.3574489653110504
0.36004817485809326
0.3220783472061157
0.4167162775993347
0.4137066602706909
0.3866007328033447
0.3496364653110504
0.43839824199676514
0.46255797147750854
0.46881598234176636
0.3900047540664673
0.37480664253234863
0.38567161560058594
0.4564923048019409
0.39703381061553955
0.3669218122959137
0.35144296288490295
0.42847707867622375
0.3678843080997467
0.3351222574710846
0.4294804334640503
0.36746084690093994
0.43193942308425903
0.40051954984664917
0.34952986240386963
0.37480589747428894
0.3383105993270874
0.3828464448451996
0.48657041788101196
0.34964120388031006
0.4215247631072998
0.3764422535896301
0.38724303245544434
0.33349671959877014
0.42155230045318604
0.33596938848495483
0.3726632595062256
0.3466569185256958
0.3703589141368866
0.4618014693260193
0.38535797595977783
0.3697654604911804
0.40351974964141846
0.353055477142334
0.42363178730010986
0.46689581871032715
0.38650763034820557
0.3474697768688202
0.4150921702384949
0.41468098759651184
0.38270795345306396
0.3903322219848633
0.3622622489929199
0.3877915143966675
0.4628138542175293
0.38032084703445435
0.45116126537323
0.42781752347946167
0.35677361488342285
0.5297347903251648
0.3535357117652893
0.4176679849624634
0.6597428321838379
0.3704575300216675
0.5086599588394165
0.3636942505836487
0.31119418144226074
0.4507015347480774
0.3297664225101471
0.443475604057312
0.4959914982318878
0.3734317719936371
0.40806204080581665
0.4579867422580719
0.34668630361557007
0.3512813150882721
0.3760486841201782
0.4001951813697815
0.39093005657196045
0.3432822823524475
0.4037022888660431
0.3699532747268677
0.35057082772254944
0.40902483463287354
0.437197744846344
0.45489001274108887
0.3610306680202484
0.4499809741973877
0.42711225152015686
0.4343944191932678
0.41207534074783325
0.3878500461578369
0.36534997820854187
0.3734446167945862
0.3250238299369812
0.45600295066833496
0.409129798412323
0.3631765842437744
0.33836379647254944
0.41088777780532837
0.337798535823822
0.34808266162872314
0.4020683467388153
0.333358496427536
0.4156535565853119
0.46752575039863586
0.3302847743034363
0.37080684304237366
0.4657474160194397
0.39009618759155273
0.3605351448059082
0.35521218180656433
0.3281903862953186
0.35521167516708374
0.3377092778682709
0.6895450949668884
0.3999810218811035
0.39073076844215393
0.34849387407302856
0.3708849847316742
0.4418051838874817
0.3579797148704529
0.41411513090133667
0.47117337584495544
0.3621615767478943
0.31284451484680176
0.3789416551589966
0.5844483375549316
0.432073712348938
0.3555736243724823
0.4337933659553528
0.4492102861404419
0.43677517771720886
0.39208823442459106
0.42618268728256226
0.3668456971645355
0.4784175753593445
0.3781205713748932
0.4310574531555176
0.3560011386871338
0.3153061270713806
0.4000667333602905
0.4776487350463867
0.5096080303192139
0.33871039748191833
0.33837467432022095
0.6084714531898499
0.3689225912094116
0.3704950213432312
0.3604861795902252
0.3259420394897461
0.3615912199020386
0.4303562045097351
0.35256803035736084
0.3851845860481262
0.39561155438423157
0.3866249918937683
0.48184943199157715
0.3723600208759308
0.48589038848876953
0.3781854808330536
0.3385506272315979
0.41026249527931213
0.3764479458332062
0.35434490442276
0.35240504145622253
0.3498721718788147
0.4058760404586792
0.34091413021087646
0.33746543526649475
0.3631941080093384
0.4321573078632355
0.4671058654785156
0.35983648896217346
0.4059886932373047
0.3954755663871765
0.3479044735431671
0.3997976779937744
0.44969478249549866
0.39231935143470764
0.3927896320819855
0.34422242641448975
0.3320060968399048
0.3709999918937683
0.47045326232910156
0.4529249966144562
0.3716484010219574
0.38663652539253235
0.4114568829536438
0.365712434053421
0.38270509243011475
0.4085908830165863
0.3488672971725464
0.3717891573905945
0.393391877412796
0.36372292041778564
0.3660905063152313
0.35808175802230835
0.4361411929130554
0.35162264108657837
0.37952709197998047
0.4130839407444
0.3534717559814453
0.5041602253913879
0.35226476192474365
0.442055344581604
0.37787842750549316
0.3968445062637329
0.41433942317962646
0.5104997754096985
0.4029838442802429
0.39981216192245483
0.4625813663005829
0.35287392139434814
0.4535154104232788
0.3777533173561096
0.3662573993206024
0.41632530093193054
0.3977145850658417
0.3593478202819824
0.4007393419742584
0.4280388653278351
0.38374200463294983
0.3654220998287201
0.3529675006866455
0.3433293104171753
0.3635271191596985
0.3894254267215729
0.4436286687850952
0.3977977931499481
0.37586385011672974
0.36396655440330505
0.33614933490753174
0.4735094904899597
0.45860356092453003
0.35532301664352417
0.46361297369003296
0.3110775053501129
0.33259397745132446
0.5004090666770935
0.43353599309921265
0.3401950001716614
0.48978835344314575
0.47791770100593567
0.402133584022522
0.3703012764453888
0.47585898637771606
0.48821574449539185
0.3500305712223053
0.4207516610622406
0.3471578061580658
0.3445248007774353
0.3808995485305786
0.4271836280822754
0.4138477146625519
0.4013839066028595
0.38659510016441345
0.35714030265808105
0.6131515502929688
0.38902807235717773
0.3627539277076721
0.4104997217655182
0.49918490648269653
0.43969929218292236
0.3324333131313324
0.34738388657569885
0.34851711988449097
0.3850833475589752
0.4040992558002472
0.41188472509384155
0.37592267990112305
0.4181017577648163
0.34473273158073425
0.33785268664360046
0.3344576358795166
0.36980676651000977
0.36918437480926514
0.3997485637664795
0.34844112396240234
0.3602565824985504
0.3807351589202881
0.46450644731521606
0.4788018763065338
0.37556833028793335
0.35413259267807007
0.3292468786239624
0.4288859963417053
0.3807810842990875
0.399819552898407
0.4020542502403259
0.3426879942417145
0.3419862389564514
0.4974350333213806
0.418115496635437
0.4056708514690399
0.3930291533470154
0.44425615668296814
0.4579241871833801
0.374298095703125
0.5388333797454834
0.35096511244773865
0.3306722342967987
0.36245495080947876
0.35686472058296204
0.36783367395401
0.39726847410202026
0.3523569703102112
0.4475933015346527
0.3713090121746063
0.3506144881248474
0.3651154637336731
0.3426833152770996
0.3820529878139496
0.3417239785194397
0.35103458166122437
0.5164883136749268
0.37080833315849304
0.4058312177658081
0.35420429706573486
0.45363935828208923
0.37160831689834595
0.5114877223968506
0.3478546142578125
0.36638343334198
0.3325246572494507
0.3600943088531494
0.39410871267318726
0.3373687267303467
0.3931589126586914
0.40854257345199585
0.44189882278442383
0.36803707480430603
0.3892556428909302
0.3923760950565338
0.3874298930168152
0.42484408617019653
0.3387129604816437
0.38956335186958313
0.34888264536857605
0.3675955832004547
0.40751010179519653
0.3800241947174072
0.4084227979183197
0.3594013452529907
0.4439657926559448
0.3901878595352173
0.42059820890426636
0.374298632144928
0.41480064392089844
0.3358578383922577
0.37054455280303955
0.38000380992889404
0.3682103157043457
0.35061973333358765
0.32576459646224976
0.3333652913570404
0.4657772183418274
0.3532760441303253
0.330263614654541
0.3909004330635071
0.362374871969223
0.4175836145877838
0.3427641987800598
0.38084274530410767
0.45334935188293457
0.4338527321815491
0.41491809487342834
0.4134960174560547
0.4157048463821411
0.38874268531799316
0.4159855842590332
0.4093590974807739
0.3569139838218689
0.35448992252349854
0.5320419073104858
0.42010921239852905
0.3427666425704956
0.39383840560913086
0.36556535959243774
0.3718419671058655
0.3434491753578186
0.3515385389328003
0.3257223963737488
0.432725191116333
0.4100571274757385
0.4380369782447815
0.36600494384765625
0.4257281422615051
0.3573186993598938
0.38434654474258423
0.37051647901535034
0.4579586386680603
0.3464773893356323
0.34383437037467957
0.4409533143043518
0.38594046235084534
0.3588126003742218
0.3600750267505646
0.3965882658958435
0.3557544946670532
0.3906850516796112
0.35255375504493713
0.3832379877567291
0.46100062131881714
0.3805134892463684
0.34530431032180786
0.3514325022697449
0.4237312078475952
0.34683889150619507
0.3734422028064728
0.32823610305786133
0.3493718206882477
0.35444754362106323
0.3293153643608093
0.42729657888412476
0.4665879011154175
0.5135358572006226
0.35834741592407227
0.41956838965415955
0.5479384660720825
0.38682883977890015
0.33165308833122253
0.3388526439666748
0.3118956983089447
0.3800773024559021
0.35831499099731445
0.3405889868736267
0.375982403755188
0.361163467168808
0.41691023111343384
0.4260888993740082
0.3765465021133423
0.35118547081947327
0.5451956391334534
0.376415491104126
0.3607672452926636
0.4037359952926636
0.4092288017272949
0.3710034191608429
0.37550342082977295
0.430694580078125
0.35399094223976135
0.44132086634635925
0.36703526973724365
0.3500298857688904
0.33321622014045715
0.37911418080329895
0.38340693712234497
0.46547460556030273
0.37727802991867065
0.4066348075866699
0.32608193159103394
0.48974597454071045
0.44518256187438965
0.32657214999198914
0.4692723751068115
0.44592908024787903
0.4231463670730591
0.4044632911682129
0.40524789690971375
0.4059585928916931
0.6243331432342529
0.3916005492210388
0.3671523928642273
0.3497318625450134
0.3801388144493103
0.38749101758003235
0.36393940448760986
0.4554947018623352
0.4446538984775543
0.4182118773460388
0.3945261538028717
0.48524272441864014
0.5343149900436401
0.3519086539745331
0.42599645256996155
0.38318803906440735
0.33943605422973633
0.36887967586517334
0.43311434984207153
0.37059518694877625
0.402432382106781
0.3275130093097687
0.39081478118896484
0.3921810984611511
0.4348115921020508
0.4078541100025177
0.4641903042793274
0.44138380885124207
0.48747336864471436
0.34492552280426025
0.3472130596637726
0.37693682312965393
0.3547443449497223
0.42661038041114807
0.467387855052948
0.33535897731781006
0.3336496949195862
0.4245240092277527
0.36177217960357666
0.35275664925575256
0.38760679960250854
0.4039769470691681
0.42112189531326294
0.41646820306777954
0.3813142776489258
0.4607309103012085
0.38639402389526367
0.4080672860145569
0.3998885750770569
0.38998541235923767
0.5748319029808044
0.330349326133728
0.3863871693611145
0.3494008779525757
0.49376899003982544
0.3625746965408325
0.3989208936691284
0.46776652336120605
0.3608664870262146
0.4933561682701111
0.41537007689476013
0.3990311622619629
0.3545471131801605
0.34119197726249695
0.3288187086582184
0.3965495228767395
0.35424527525901794
0.35511916875839233
0.3385925889015198
0.44578468799591064
0.3844289481639862
0.40990501642227173
0.4328170716762543
0.4037967026233673
0.32882213592529297
0.5171145796775818
0.3106132447719574
0.3346979022026062
0.33937788009643555
0.4490378797054291
0.37983354926109314
0.4416206479072571
0.4632725715637207
0.3774483799934387
0.46523401141166687
0.4073359966278076
0.35379159450531006
0.4398655891418457
0.5378462076187134
0.4045107364654541
0.33952367305755615
0.32975757122039795
0.35637256503105164
0.3769059479236603
0.42338597774505615
0.45260775089263916
0.36040714383125305
0.32350271940231323
0.3865531086921692
0.45474088191986084
0.5848625898361206
0.36754894256591797
0.37568768858909607
0.3991796374320984
0.36821460723876953
0.4159896969795227
0.5921406745910645
0.3715664744377136
0.4229559302330017
0.3350309133529663
0.35499921441078186
0.3832431435585022
0.4031316936016083
0.40793633460998535
0.40669628977775574
0.35387009382247925
0.3649371266365051
0.4059937000274658
0.36242470145225525
0.39886215329170227
0.34051355719566345
0.3827528655529022
0.4618406295776367
0.32404395937919617
0.34984537959098816
0.4015888571739197
0.45250236988067627
0.4871513247489929
0.4360407292842865
0.5088460445404053
0.3654097318649292
0.43714120984077454
0.4655429720878601
0.36992859840393066
0.4230251908302307
0.35445359349250793
0.35175621509552
0.4214351773262024
0.34160345792770386
0.4973890483379364
0.3668256103992462
0.39509397745132446
0.3759016692638397
0.41547906398773193
0.3782137632369995
0.4978629946708679
0.4265390634536743
0.3699716329574585
0.3555604815483093
0.35229790210723877
0.38858649134635925
0.3621012568473816
0.47453370690345764
0.4018818140029907
0.349516898393631
0.3588770627975464
0.35128986835479736
0.49012491106987
0.33001434803009033
0.36575934290885925
0.3313559889793396
0.3797062337398529
0.39314618706703186
0.5318886041641235
0.3677653670310974
0.4284573793411255
0.4037301242351532
0.383322536945343
0.39351290464401245
0.4884421229362488
0.42395347356796265
0.43657994270324707
0.45010215044021606
0.4048106372356415
0.4747523069381714
0.47864556312561035
0.3767727315425873
0.42775118350982666
0.3907507359981537
0.43438607454299927
0.35329902172088623
0.3884618282318115
0.36580121517181396
0.4755430817604065
0.48946869373321533
0.4477989077568054
0.38750985264778137
0.35360875725746155
0.3256780505180359
0.39350032806396484
0.3302820920944214
0.3814826011657715
0.5486502051353455
0.339057594537735
0.37189608812332153
0.3783419132232666
0.3824206590652466
0.4033268392086029
0.35456782579421997
0.41884440183639526
0.4274531602859497
0.42639100551605225
0.3626478910446167
0.4245968461036682
0.40638434886932373
0.3567110002040863
0.4087390601634979
0.3642560839653015
0.4094943404197693
0.36323806643486023
0.3241609036922455
0.3984832167625427
0.41602054238319397
0.33713531494140625
0.3855031430721283
0.4185863137245178
0.36599987745285034
0.40467357635498047
0.3388057053089142
0.32774513959884644
0.38594549894332886
0.39221662282943726
0.4155741333961487
0.3743360638618469
0.4309074282646179
0.4354620575904846
0.41208821535110474
0.3914693593978882
0.3497873842716217
0.3831149935722351
0.397999107837677
0.36278221011161804
0.3974809944629669
0.3615429699420929
0.3464392423629761
0.4036827087402344
0.347259521484375
0.374921977519989
0.41429951786994934
0.35774296522140503
0.3399293124675751
0.42358511686325073
0.5789522528648376
0.4240902066230774
0.38090503215789795
0.37680912017822266
0.3656519651412964
0.3993251919746399
0.4530782699584961
0.3586277961730957
0.38792315125465393
0.34043046832084656
0.4522165060043335
0.4896738529205322
0.35241764783859253
0.29451262950897217
0.4410977363586426
0.35090434551239014
0.3349609673023224
0.340910404920578
0.37367913126945496
0.32845330238342285
0.36827969551086426
0.36866602301597595
0.3057723343372345
0.3710375130176544
0.410749614238739
0.36210837960243225
0.44403737783432007
0.3618049621582031
0.3396174907684326
0.3343808650970459
0.48050782084465027
0.4593426585197449
0.3718544840812683
0.42752310633659363
0.3724394738674164
0.3925707936286926
0.41877296566963196
0.4157572388648987
0.4682677388191223
0.32993534207344055
0.346630722284317
0.346239298582077
0.3522557020187378
0.4251323938369751
0.35301899909973145
0.37804681062698364
0.33101844787597656
0.3715864419937134
0.5495792031288147
0.3659474849700928
0.4152872860431671
0.3808939456939697
0.34442996978759766
0.3529878556728363
0.38508936762809753
0.3805810809135437
0.47621721029281616
0.4407905042171478
0.42257171869277954
0.41803765296936035
0.3901855945587158
0.4410145878791809
0.4386609196662903
0.3300064206123352
0.5178881287574768
0.3755073547363281
0.4827316105365753
0.4681859612464905
0.3689657151699066
0.37350234389305115
0.418030709028244
0.4635406732559204
0.4619802236557007
0.40201765298843384
0.3777475357055664
0.391771525144577
0.4050278663635254
0.3355236053466797
0.5045731067657471
0.3886953592300415
0.3312155306339264
0.3302527368068695
0.38842737674713135
0.5088880062103271
0.4193079471588135
0.44899094104766846
0.37184208631515503
0.34938353300094604
0.37897124886512756
0.4407373070716858
0.36754709482192993
0.3953247666358948
0.3944319784641266
0.3256760239601135
0.3930942714214325
0.3134894073009491
0.3377607762813568
0.3994390070438385
0.3527568578720093
0.3713994324207306
0.3556225597858429
0.3159927725791931
0.3349737226963043
0.34831127524375916
0.33909374475479126
0.416365385055542
0.32106247544288635
0.32527613639831543
0.4832894206047058
0.36909782886505127
0.3736332058906555
0.32589656114578247
