0.23333333432674408
0.34333333373069763
0.4266666769981384
0.40666666626930237
0.4533333480358124
0.4533333480358124
0.5266666412353516
0.5299999713897705
0.6299999952316284
0.5566666722297668
0.6766666769981384
0.6299999952316284
0.6933333277702332
0.6433333158493042
0.7300000190734863
0.753333330154419
0.753333330154419
0.6866666674613953
0.7900000214576721
0.8233333230018616
0.7933333516120911
0.7433333396911621
0.8033333420753479
0.7900000214576721
0.8133333325386047
0.800000011920929
0.7933333516120911
0.8100000023841858
0.7799999713897705
0.7833333611488342
0.8299999833106995
0.7900000214576721
0.8033333420753479
0.8533333539962769
0.8100000023841858
0.8833333253860474
0.8533333539962769
0.8233333230018616
0.8133333325386047
0.8133333325386047
0.8266666531562805
0.8199999928474426
0.8233333230018616
0.8966666460037231
0.8666666746139526
0.8533333539962769
0.8600000143051147
0.8533333539962769
0.9100000262260437
0.9066666960716248
0.8566666841506958
0.846666693687439
0.8700000047683716
0.8766666650772095
0.8733333349227905
0.8899999856948853
0.8666666746139526
0.8700000047683716
0.8733333349227905
0.8866666555404663
0.8999999761581421
0.8733333349227905
0.8533333539962769
0.8733333349227905
0.9166666865348816
0.8866666555404663
0.8566666841506958
0.8433333039283752
0.9266666769981384
0.903333306312561
0.9233333468437195
0.8600000143051147
0.8766666650772095
0.8799999952316284
0.8700000047683716
0.8799999952316284
0.8533333539962769
0.8866666555404663
0.903333306312561
0.8899999856948853
0.8766666650772095
0.9233333468437195
0.9066666960716248
0.8733333349227905
0.9166666865348816
0.9100000262260437
0.8866666555404663
0.8866666555404663
0.9100000262260437
0.903333306312561
0.8666666746139526
0.8600000143051147
0.8999999761581421
0.8966666460037231
0.949999988079071
0.903333306312561
0.8866666555404663
0.8999999761581421
0.9066666960716248
0.9166666865348816
0.9133333563804626
0.8999999761581421
0.95333331823349
0.9066666960716248
0.9399999976158142
0.9166666865348816
0.8633333444595337
0.8999999761581421
0.9100000262260437
0.903333306312561
0.9200000166893005
0.8999999761581421
0.8966666460037231
0.9066666960716248
0.9133333563804626
0.9166666865348816
0.903333306312561
0.8933333158493042
0.9366666674613953
0.9200000166893005
0.9066666960716248
0.9133333563804626
0.9200000166893005
0.8966666460037231
0.9300000071525574
0.9200000166893005
0.9399999976158142
0.8566666841506958
0.8933333158493042
0.9633333086967468
0.95333331823349
0.8666666746139526
0.9233333468437195
0.9399999976158142
0.9266666769981384
0.903333306312561
0.9200000166893005
0.903333306312561
0.9133333563804626
0.9300000071525574
0.95333331823349
0.9100000262260437
0.9333333373069763
0.949999988079071
0.9066666960716248
0.9166666865348816
0.9300000071525574
0.9333333373069763
0.949999988079071
0.9466666579246521
0.9333333373069763
0.9266666769981384
0.9066666960716248
0.9233333468437195
0.9333333373069763
0.8799999952316284
0.9466666579246521
0.9133333563804626
0.8999999761581421
0.9366666674613953
0.9366666674613953
0.949999988079071
0.9566666483879089
0.9366666674613953
0.9266666769981384
0.9366666674613953
0.9300000071525574
0.8666666746139526
0.9433333277702332
0.9399999976158142
0.9433333277702332
0.9333333373069763
0.8766666650772095
0.9100000262260437
0.9466666579246521
0.8733333349227905
0.9066666960716248
0.9300000071525574
0.9100000262260437
0.9466666579246521
0.9366666674613953
0.9599999785423279
0.9399999976158142
0.9599999785423279
0.9366666674613953
0.95333331823349
0.9333333373069763
0.95333331823349
0.9666666388511658
0.9333333373069763
0.9366666674613953
0.9133333563804626
0.9599999785423279
0.9366666674613953
0.9266666769981384
0.95333331823349
0.9300000071525574
0.9633333086967468
0.9599999785423279
0.8933333158493042
0.9366666674613953
0.9599999785423279
0.9466666579246521
0.9566666483879089
0.9666666388511658
0.95333331823349
0.949999988079071
0.9333333373069763
0.9333333373069763
0.9333333373069763
0.9366666674613953
0.9399999976158142
0.9200000166893005
0.9266666769981384
0.949999988079071
0.9566666483879089
0.9599999785423279
0.9200000166893005
0.9333333373069763
0.949999988079071
0.9333333373069763
0.9599999785423279
0.9333333373069763
0.9466666579246521
0.9200000166893005
0.9133333563804626
0.9566666483879089
0.8866666555404663
0.9399999976158142
0.949999988079071
0.9399999976158142
0.95333331823349
0.9233333468437195
0.9100000262260437
0.95333331823349
0.9433333277702332
0.9266666769981384
0.9366666674613953
0.9566666483879089
0.9433333277702332
0.9566666483879089
0.9300000071525574
0.9466666579246521
0.9133333563804626
0.9466666579246521
0.8899999856948853
0.9333333373069763
0.9366666674613953
0.9433333277702332
0.949999988079071
0.9399999976158142
0.949999988079071
0.9633333086967468
0.949999988079071
0.95333331823349
0.9599999785423279
0.9599999785423279
0.9266666769981384
0.9333333373069763
0.9466666579246521
0.9266666769981384
0.9466666579246521
0.9133333563804626
0.9200000166893005
0.9666666388511658
0.9333333373069763
0.9399999976158142
0.9433333277702332
0.9233333468437195
0.9599999785423279
0.949999988079071
0.9566666483879089
0.9233333468437195
0.949999988079071
0.9300000071525574
0.9100000262260437
0.9399999976158142
0.9166666865348816
0.9566666483879089
0.9399999976158142
0.95333331823349
0.9700000286102295
0.9433333277702332
0.9366666674613953
0.9266666769981384
0.9399999976158142
0.9266666769981384
0.9633333086967468
0.949999988079071
0.9566666483879089
0.9433333277702332
0.9466666579246521
0.9466666579246521
0.949999988079071
0.9666666388511658
0.9133333563804626
0.9433333277702332
0.9599999785423279
0.9766666889190674
0.9800000190734863
0.9233333468437195
0.95333331823349
0.9399999976158142
0.9733333587646484
0.9399999976158142
0.9599999785423279
0.9599999785423279
0.95333331823349
0.9566666483879089
0.9766666889190674
0.9366666674613953
0.949999988079071
0.949999988079071
0.95333331823349
0.9633333086967468
0.9666666388511658
0.9633333086967468
0.9733333587646484
0.949999988079071
0.95333331823349
0.9733333587646484
0.949999988079071
0.9433333277702332
0.9466666579246521
0.9633333086967468
0.9399999976158142
0.9666666388511658
0.9466666579246521
0.9700000286102295
0.9233333468437195
0.9466666579246521
0.9166666865348816
0.9466666579246521
0.95333331823349
0.9666666388511658
0.9566666483879089
0.9466666579246521
0.9433333277702332
0.9566666483879089
0.9466666579246521
0.9333333373069763
0.9599999785423279
0.9733333587646484
0.9566666483879089
0.9399999976158142
0.9433333277702332
0.9900000095367432
0.9466666579246521
0.9666666388511658
0.9800000190734863
0.9900000095367432
0.949999988079071
0.9733333587646484
0.9466666579246521
0.9700000286102295
0.9599999785423279
0.9733333587646484
0.9633333086967468
0.9566666483879089
0.9666666388511658
0.9666666388511658
0.95333331823349
0.9366666674613953
0.9733333587646484
0.9433333277702332
0.95333331823349
0.9666666388511658
0.9633333086967468
0.9166666865348816
0.9666666388511658
0.95333331823349
0.9666666388511658
0.9733333587646484
0.9399999976158142
0.949999988079071
0.9300000071525574
0.9833333492279053
0.9633333086967468
0.9466666579246521
0.95333331823349
0.9700000286102295
0.9666666388511658
0.95333331823349
0.95333331823349
0.9233333468437195
0.949999988079071
0.9599999785423279
0.9733333587646484
0.9599999785423279
0.9566666483879089
0.949999988079071
0.95333331823349
0.9700000286102295
0.9433333277702332
0.949999988079071
0.95333331823349
0.9466666579246521
0.9566666483879089
0.9599999785423279
0.9800000190734863
0.9666666388511658
0.9566666483879089
0.95333331823349
0.9399999976158142
0.9766666889190674
0.949999988079071
0.9733333587646484
0.9433333277702332
0.949999988079071
0.949999988079071
0.95333331823349
0.9433333277702332
0.949999988079071
0.95333331823349
0.9666666388511658
0.9433333277702332
0.9599999785423279
0.9399999976158142
0.9700000286102295
0.95333331823349
0.9266666769981384
0.9833333492279053
0.9866666793823242
0.9766666889190674
0.9633333086967468
0.9466666579246521
0.9800000190734863
0.949999988079071
0.8966666460037231
0.9766666889190674
0.9566666483879089
0.9566666483879089
0.9766666889190674
0.9566666483879089
0.9599999785423279
0.9566666483879089
0.9466666579246521
0.9366666674613953
0.9399999976158142
0.9666666388511658
0.9466666579246521
0.95333331823349
0.9666666388511658
0.9700000286102295
0.9700000286102295
0.95333331823349
0.9599999785423279
0.949999988079071
0.95333331823349
0.9066666960716248
0.9666666388511658
0.9433333277702332
0.9566666483879089
0.9566666483879089
0.9766666889190674
0.9866666793823242
0.9633333086967468
0.9833333492279053
0.9599999785423279
0.9566666483879089
0.9666666388511658
0.9633333086967468
0.9200000166893005
0.9733333587646484
0.9666666388511658
0.9666666388511658
0.9433333277702332
0.9633333086967468
0.8999999761581421
0.9866666793823242
0.9599999785423279
0.95333331823349
0.9800000190734863
0.9399999976158142
0.95333331823349
0.9733333587646484
0.9466666579246521
0.9466666579246521
0.9800000190734863
0.9566666483879089
0.9333333373069763
0.9300000071525574
0.9766666889190674
0.8966666460037231
0.9800000190734863
0.949999988079071
0.9800000190734863
0.9700000286102295
0.9833333492279053
0.9466666579246521
0.9666666388511658
0.9733333587646484
0.9633333086967468
0.9433333277702332
0.9766666889190674
0.9666666388511658
0.9566666483879089
0.9566666483879089
0.9766666889190674
0.9633333086967468
0.9399999976158142
0.9666666388511658
0.9866666793823242
0.9666666388511658
0.9266666769981384
0.9766666889190674
0.9599999785423279
0.9366666674613953
0.9766666889190674
0.9633333086967468
0.9733333587646484
0.9666666388511658
0.9566666483879089
0.9800000190734863
0.9733333587646484
0.9866666793823242
0.9566666483879089
0.9566666483879089
0.9633333086967468
0.9700000286102295
0.9566666483879089
0.9700000286102295
0.949999988079071
0.9733333587646484
0.95333331823349
0.9766666889190674
0.9666666388511658
0.9566666483879089
0.9800000190734863
0.95333331823349
0.9633333086967468
0.9666666388511658
0.9599999785423279
0.9399999976158142
0.9766666889190674
0.9733333587646484
0.9633333086967468
0.9566666483879089
0.9900000095367432
0.9599999785423279
0.9633333086967468
0.9766666889190674
0.9700000286102295
0.9733333587646484
0.9633333086967468
0.9466666579246521
0.9700000286102295
0.9633333086967468
0.9666666388511658
0.9733333587646484
0.9599999785423279
0.9733333587646484
0.9633333086967468
0.9733333587646484
0.9866666793823242
0.9599999785423279
0.9666666388511658
0.95333331823349
0.9399999976158142
0.9700000286102295
0.9666666388511658
0.949999988079071
0.9766666889190674
0.9300000071525574
0.9700000286102295
0.9800000190734863
0.9900000095367432
0.9700000286102295
0.9933333396911621
0.9800000190734863
0.949999988079071
0.9833333492279053
0.9733333587646484
0.9233333468437195
0.9700000286102295
0.9833333492279053
0.9633333086967468
0.9733333587646484
0.9466666579246521
0.9599999785423279
0.9066666960716248
0.9433333277702332
0.95333331823349
0.9633333086967468
0.9700000286102295
0.9599999785423279
0.95333331823349
0.9733333587646484
0.9666666388511658
0.9599999785423279
0.9766666889190674
0.9733333587646484
0.9633333086967468
0.9766666889190674
0.9700000286102295
0.9599999785423279
0.9466666579246521
0.9599999785423279
0.9666666388511658
0.9300000071525574
0.95333331823349
0.9366666674613953
0.9866666793823242
0.95333331823349
0.9733333587646484
0.9833333492279053
0.9733333587646484
0.9566666483879089
0.9466666579246521
0.9666666388511658
0.9466666579246521
0.9700000286102295
0.9666666388511658
0.9599999785423279
0.9633333086967468
0.9733333587646484
0.9666666388511658
0.9566666483879089
0.9633333086967468
0.9633333086967468
0.9633333086967468
0.9766666889190674
0.996666669845581
0.9599999785423279
0.95333331823349
0.9599999785423279
0.9766666889190674
0.95333331823349
0.9766666889190674
0.9366666674613953
0.9566666483879089
0.9700000286102295
0.9800000190734863
0.9599999785423279
0.9566666483879089
0.9633333086967468
0.9700000286102295
0.9633333086967468
1.0
0.9566666483879089
0.9633333086967468
0.9800000190734863
0.9766666889190674
0.95333331823349
0.9700000286102295
0.9633333086967468
0.9566666483879089
0.9700000286102295
0.9333333373069763
0.9666666388511658
0.9833333492279053
0.9633333086967468
0.9733333587646484
0.9866666793823242
0.9666666388511658
0.9833333492279053
0.95333331823349
0.9566666483879089
0.9766666889190674
0.9733333587646484
0.949999988079071
0.9766666889190674
0.9666666388511658
0.9733333587646484
0.9666666388511658
0.949999988079071
0.9766666889190674
0.9700000286102295
0.9599999785423279
0.9700000286102295
0.9599999785423279
0.9800000190734863
0.9833333492279053
0.9566666483879089
0.9833333492279053
0.9900000095367432
0.9833333492279053
0.9633333086967468
0.9800000190734863
0.9866666793823242
0.9866666793823242
0.9800000190734863
0.9666666388511658
0.9866666793823242
0.9599999785423279
0.9733333587646484
0.95333331823349
0.9766666889190674
0.9666666388511658
0.9833333492279053
0.9599999785423279
0.9700000286102295
0.949999988079071
0.95333331823349
0.9733333587646484
0.9866666793823242
0.9666666388511658
0.9566666483879089
0.9800000190734863
0.9633333086967468
0.9466666579246521
0.9800000190734863
0.9599999785423279
0.996666669845581
0.9599999785423279
0.9733333587646484
0.9766666889190674
0.9633333086967468
0.9700000286102295
0.9399999976158142
0.9700000286102295
0.9833333492279053
0.9700000286102295
0.9800000190734863
0.996666669845581
0.9800000190734863
0.9666666388511658
0.9833333492279053
0.9800000190734863
0.9833333492279053
0.9599999785423279
0.95333331823349
0.9800000190734863
0.9700000286102295
0.9433333277702332
0.9700000286102295
0.9900000095367432
0.9866666793823242
0.9766666889190674
0.9733333587646484
0.9700000286102295
0.9766666889190674
0.9666666388511658
0.9700000286102295
0.9733333587646484
0.9800000190734863
0.9766666889190674
0.9566666483879089
0.9566666483879089
0.9700000286102295
0.9766666889190674
0.9766666889190674
0.9800000190734863
0.9599999785423279
0.9933333396911621
0.9766666889190674
0.9733333587646484
0.9700000286102295
0.9633333086967468
0.9866666793823242
0.9833333492279053
0.9599999785423279
0.9800000190734863
0.9666666388511658
0.9833333492279053
0.9766666889190674
0.9633333086967468
0.9766666889190674
0.9866666793823242
0.9733333587646484
0.9833333492279053
0.9700000286102295
0.9733333587646484
0.9900000095367432
0.9666666388511658
0.9599999785423279
0.9566666483879089
0.9633333086967468
0.9866666793823242
0.9633333086967468
0.9666666388511658
0.9833333492279053
0.949999988079071
0.9866666793823242
0.9700000286102295
0.9933333396911621
0.9800000190734863
0.9666666388511658
0.9833333492279053
0.9866666793823242
0.95333331823349
0.9700000286102295
0.9866666793823242
0.9666666388511658
0.9800000190734863
0.9766666889190674
0.9766666889190674
0.9866666793823242
0.9700000286102295
0.9833333492279053
0.9566666483879089
0.9700000286102295
0.9633333086967468
0.9733333587646484
0.9833333492279053
0.9566666483879089
0.9833333492279053
0.9566666483879089
0.9633333086967468
0.9666666388511658
0.9833333492279053
0.949999988079071
0.9766666889190674
0.9633333086967468
0.9800000190734863
0.9666666388511658
0.9599999785423279
0.9633333086967468
0.9766666889190674
0.9766666889190674
0.9833333492279053
0.9666666388511658
0.9599999785423279
0.9633333086967468
0.9700000286102295
0.95333331823349
0.9733333587646484
0.9866666793823242
0.9633333086967468
0.9800000190734863
0.9900000095367432
0.9700000286102295
0.949999988079071
0.9833333492279053
0.9766666889190674
0.9733333587646484
0.9833333492279053
0.9900000095367432
0.9800000190734863
0.9833333492279053
0.9633333086967468
0.9800000190734863
0.9833333492279053
0.9466666579246521
0.9666666388511658
0.9833333492279053
0.9766666889190674
0.9800000190734863
0.9866666793823242
0.9666666388511658
0.9700000286102295
0.9566666483879089
0.9666666388511658
0.9633333086967468
0.9633333086967468
0.9566666483879089
0.9700000286102295
0.9766666889190674
0.9766666889190674
0.9700000286102295
0.9666666388511658
0.9766666889190674
0.9900000095367432
0.9566666483879089
0.9800000190734863
0.9599999785423279
0.9599999785423279
0.9733333587646484
0.9633333086967468
0.9833333492279053
0.9833333492279053
0.9666666388511658
0.949999988079071
0.9700000286102295
0.9766666889190674
0.9700000286102295
0.9700000286102295
0.9766666889190674
0.9766666889190674
0.9700000286102295
0.9800000190734863
0.9766666889190674
0.9800000190734863
0.9900000095367432
0.9800000190734863
0.9800000190734863
0.9700000286102295
0.9933333396911621
0.9900000095367432
0.9733333587646484
0.9800000190734863
0.9599999785423279
0.9700000286102295
0.9733333587646484
0.9766666889190674
0.9766666889190674
0.9733333587646484
0.9766666889190674
0.9666666388511658
0.9700000286102295
0.9766666889190674
0.9633333086967468
0.9833333492279053
0.9866666793823242
0.9599999785423279
0.9866666793823242
0.9733333587646484
0.9666666388511658
0.9599999785423279
0.9766666889190674
0.9566666483879089
0.9733333587646484
0.9733333587646484
0.9766666889190674
0.9800000190734863
0.9766666889190674
0.9800000190734863
0.9800000190734863
0.9733333587646484
0.9800000190734863
0.9833333492279053
0.9666666388511658
0.9633333086967468
0.9766666889190674
0.9933333396911621
0.9766666889190674
0.9566666483879089
0.9666666388511658
0.9399999976158142
0.9466666579246521
0.9766666889190674
0.9766666889190674
0.9633333086967468
0.9900000095367432
0.9866666793823242
0.9833333492279053
0.9766666889190674
0.9766666889190674
0.9700000286102295
0.95333331823349
0.9700000286102295
0.9833333492279053
0.9933333396911621
0.9933333396911621
0.9800000190734863
0.9599999785423279
0.9733333587646484
0.9333333373069763
0.9800000190734863
0.9566666483879089
0.9766666889190674
0.9666666388511658
0.9733333587646484
0.9766666889190674
0.9566666483879089
0.9733333587646484
0.9733333587646484
0.9766666889190674
0.9466666579246521
0.9866666793823242
0.9766666889190674
0.9766666889190674
0.9766666889190674
0.9766666889190674
0.9599999785423279
0.9900000095367432
0.9700000286102295
0.9633333086967468
0.9833333492279053
0.9700000286102295
0.9599999785423279
0.9666666388511658
0.9866666793823242
0.95333331823349
0.9733333587646484
0.9800000190734863
0.9733333587646484
0.9633333086967468
0.9900000095367432
0.9766666889190674
0.9633333086967468
1.0
0.9700000286102295
0.9633333086967468
0.9700000286102295
0.9666666388511658
0.9900000095367432
1.0
0.9800000190734863
0.9800000190734863
0.9700000286102295
0.9733333587646484
0.9900000095367432
0.9666666388511658
0.9700000286102295
0.9700000286102295
0.9866666793823242
0.9833333492279053
0.9833333492279053
0.9633333086967468
0.9700000286102295
0.9733333587646484
0.9833333492279053
0.9599999785423279
0.9700000286102295
0.9800000190734863
0.9833333492279053
0.9700000286102295
0.9700000286102295
0.9633333086967468
0.9566666483879089
