3.004988431930542
2.5519471168518066
2.211806535720825
2.001220941543579
1.927042007446289
1.820814609527588
1.676961064338684
1.7158684730529785
1.2884032726287842
1.4985239505767822
1.1603771448135376
1.2678688764572144
0.9813346266746521
1.1629531383514404
0.9203746318817139
0.8917064666748047
0.8611021041870117
0.9891961812973022
0.729026198387146
0.6098678112030029
0.6839466094970703
0.7990723848342896
0.6492059230804443
0.7241547703742981
0.694022536277771
0.6100473403930664
0.6468638181686401
0.6466102004051208
0.7551352381706238
0.6177841424942017
0.5631071329116821
0.5666061639785767
0.6334637999534607
0.5176586508750916
0.6347058415412903
0.388943612575531
0.500949501991272
0.5580915808677673
0.6659810543060303
0.5135695338249207
0.549220085144043
0.529352605342865
0.5722799897193909
0.3606029152870178
0.486352801322937
0.45061802864074707
0.4500841200351715
0.5075899958610535
0.3954900801181793
0.36853650212287903
0.47448113560676575
0.43960729241371155
0.4290251135826111
0.36206093430519104
0.4524102807044983
0.3497249186038971
0.38228026032447815
0.3885989487171173
0.3834739625453949
0.3587600886821747
0.38204148411750793
0.3701874613761902
0.4836263656616211
0.3771856427192688
0.25562435388565063
0.34828442335128784
0.44751280546188354
0.5279260873794556
0.22271400690078735
0.31912821531295776
0.278104305267334
0.3775431215763092
0.40092355012893677
0.45520710945129395
0.3484503924846649
0.3344212472438812
0.3937472105026245
0.3061674237251282
0.2535535991191864
0.4929506480693817
0.3369200527667999
0.2420748621225357
0.29681044816970825
0.35905927419662476
0.2614422142505646
0.25045907497406006
0.34880056977272034
0.36939549446105957
0.4095819890499115
0.3430369198322296
0.39058080315589905
0.36053767800331116
0.2880589962005615
0.35968196392059326
0.20491096377372742
0.27263137698173523
0.45711231231689453
0.34969910979270935
0.2644704282283783
0.28747329115867615
0.2954525351524353
0.26866668462753296
0.19167645275592804
0.2787611782550812
0.18825258314609528
0.287712424993515
0.3795351982116699
0.2637662887573242
0.2627386450767517
0.302534818649292
0.1893436759710312
0.3125572204589844
0.3393341898918152
0.3016478419303894
0.25211137533187866
0.2399594932794571
0.2754649221897125
0.36789244413375854
0.20728111267089844
0.2537471055984497
0.26880785822868347
0.2833266854286194
0.2243439257144928
0.257146954536438
0.23659104108810425
0.218047097325325
0.18962402641773224
0.40680402517318726
0.3037601709365845
0.09202716499567032
0.16655826568603516
0.3936876952648163
0.2266097515821457
0.19688680768013
0.25076910853385925
0.2661007046699524
0.28027021884918213
0.23737947642803192
0.2750004827976227
0.23087620735168457
0.2094355672597885
0.2923695147037506
0.24451327323913574
0.16526463627815247
0.3270988464355469
0.2209719568490982
0.2431914061307907
0.2405262440443039
0.15636710822582245
0.1926039159297943
0.23540587723255157
0.25900334119796753
0.31314724683761597
0.2106461375951767
0.22244448959827423
0.3044436573982239
0.1812572479248047
0.33747151494026184
0.26739510893821716
0.1920546442270279
0.19346369802951813
0.22040186822414398
0.19089101254940033
0.1815236210823059
0.2212183177471161
0.21702168881893158
0.20922262966632843
0.3542010188102722
0.16772538423538208
0.1677102893590927
0.18584346771240234
0.24705243110656738
0.35333767533302307
0.21009385585784912
0.20406942069530487
0.35731446743011475
0.26449641585350037
0.22107404470443726
0.21789337694644928
0.19059056043624878
0.20706313848495483
0.13631251454353333
0.18372656404972076
0.12759605050086975
0.2396300733089447
0.18930882215499878
0.20419688522815704
0.15361590683460236
0.09499812126159668
0.17816010117530823
0.16402427852153778
0.23823778331279755
0.11037461459636688
0.18574459850788116
0.192087784409523
0.13572265207767487
0.16023880243301392
0.10246435552835464
0.12770698964595795
0.26974377036094666
0.17021998763084412
0.15461747348308563
0.18154114484786987
0.14755071699619293
0.126120924949646
0.19062477350234985
0.16279146075248718
0.21683211624622345
0.1616099625825882
0.17206020653247833
0.17413097620010376
0.15701521933078766
0.26969265937805176
0.24425895512104034
0.15811124444007874
0.15635856986045837
0.14421024918556213
0.26058951020240784
0.23775075376033783
0.1273401379585266
0.21146461367607117
0.1355210691690445
0.18205127120018005
0.18833968043327332
0.24875931441783905
0.2320297211408615
0.12721195816993713
0.2846887707710266
0.20965909957885742
0.14899231493473053
0.14414870738983154
0.14066673815250397
0.2606078088283539
0.2965737581253052
0.1368982344865799
0.1749192327260971
0.21752069890499115
0.18120108544826508
0.17864613234996796
0.2239389270544052
0.1805756837129593
0.23410440981388092
0.1792314499616623
0.21038585901260376
0.12608154118061066
0.28879860043525696
0.21960510313510895
0.18334965407848358
0.16220545768737793
0.14076770842075348
0.13782472908496857
0.14273880422115326
0.09651549905538559
0.1523313671350479
0.13316835463047028
0.14579300582408905
0.12617889046669006
0.1777666211128235
0.1547183245420456
0.18338710069656372
0.2209578901529312
0.19183769822120667
0.25706103444099426
0.2711622416973114
0.12168558686971664
0.1884303092956543
0.1376558095216751
0.17924390733242035
0.22620809078216553
0.14147815108299255
0.14115168154239655
0.1435801386833191
0.18816857039928436
0.17389732599258423
0.23350876569747925
0.2815321385860443
0.21089158952236176
0.2543568015098572
0.158080592751503
0.20510925352573395
0.17699070274829865
0.09131281822919846
0.22695015370845795
0.18742334842681885
0.22754035890102386
0.18680517375469208
0.1767808347940445
0.11377685517072678
0.13482488691806793
0.1382388025522232
0.1875666230916977
0.14859585464000702
0.18972347676753998
0.16592049598693848
0.09922276437282562
0.2459999918937683
0.22573257982730865
0.110151506960392
0.092355877161026
0.08019008487462997
0.25600719451904297
0.16820694506168365
0.170324444770813
0.10079619288444519
0.165736585855484
0.11526758968830109
0.14970196783542633
0.17600470781326294
0.1505005806684494
0.07316530495882034
0.1737900972366333
0.2001870721578598
0.17788484692573547
0.14549049735069275
0.12972383201122284
0.11991932988166809
0.12126222997903824
0.1037498190999031
0.15436048805713654
0.13341908156871796
0.08527280390262604
0.17816893756389618
0.18005287647247314
0.1924370974302292
0.1303984373807907
0.18736928701400757
0.12325895577669144
0.17600767314434052
0.13775771856307983
0.18750661611557007
0.17158395051956177
0.2008194923400879
0.16055917739868164
0.1747927963733673
0.11673218011856079
0.1169457733631134
0.15360061824321747
0.19454240798950195
0.20263224840164185
0.1336103081703186
0.1673569679260254
0.10350193083286285
0.10379727929830551
0.14831970632076263
0.15787146985530853
0.15556952357292175
0.053806502372026443
0.17986413836479187
0.11157100647687912
0.1035725548863411
0.06116686016321182
0.16853950917720795
0.09911200404167175
0.19546207785606384
0.11076038330793381
0.10170025378465652
0.07653073966503143
0.07806891202926636
0.11208132654428482
0.11877778172492981
0.10041581839323044
0.13633321225643158
0.1746624857187271
0.0885939821600914
0.15119947493076324
0.13629037141799927
0.09614816308021545
0.179050475358963
0.21830818057060242
0.11546605080366135
0.1322007030248642
0.12660957872867584
0.09673376381397247
0.1423196643590927
0.12707437574863434
0.18132713437080383
0.07987260818481445
0.10973113030195236
0.14374099671840668
0.1340107023715973
0.12000704556703568
0.11335225403308868
0.1430019736289978
0.13409607112407684
0.19800156354904175
0.14923030138015747
0.09343230724334717
0.07557659596204758
0.09083322435617447
0.1080356314778328
0.13819125294685364
0.18013696372509003
0.09064743667840958
0.1701323390007019
0.13496029376983643
0.15479856729507446
0.13202451169490814
0.1304967850446701
0.13123072683811188
0.08205432444810867
0.12068086117506027
0.09772881865501404
0.15189796686172485
0.1847144514322281
0.05813755840063095
0.1826360523700714
0.10696148872375488
0.1462630182504654
0.13386021554470062
0.1539907455444336
0.10537760704755783
0.17925330996513367
0.17082059383392334
0.12511873245239258
0.11185619235038757
0.22428955137729645
0.13424645364284515
0.1584913730621338
0.07314948737621307
0.11719319969415665
0.1923411786556244
0.06751962006092072
0.050073668360710144
0.08076099306344986
0.10048625618219376
0.15678195655345917
0.08726070076227188
0.11699392646551132
0.2522372007369995
0.09384632110595703
0.12433444708585739
0.10253874957561493
0.08666340261697769
0.12362512946128845
0.10723617672920227
0.1103522852063179
0.11182689666748047
0.178681880235672
0.15826478600502014
0.11559171229600906
0.09966752678155899
0.0940033495426178
0.08315151184797287
0.11720889061689377
0.06423957645893097
0.1392480880022049
0.11335951834917068
0.1896522492170334
0.1478007584810257
0.22333382070064545
0.08922009915113449
0.14975512027740479
0.09691412001848221
0.14256183803081512
0.0606469102203846
0.07096362113952637
0.13084673881530762
0.11263389885425568
0.10587629675865173
0.12599332630634308
0.07765084505081177
0.09602043032646179
0.21781860291957855
0.07809507101774216
0.07896313071250916
0.1736580729484558
0.12853679060935974
0.13727141916751862
0.2769578695297241
0.058064982295036316
0.13140210509300232
0.17069222033023834
0.0977056473493576
0.18314947187900543
0.15513494610786438
0.07665101438760757
0.12676197290420532
0.14300774037837982
0.0861051082611084
0.1662018746137619
0.13977763056755066
0.17353062331676483
0.11554212123155594
0.25518515706062317
0.07718908786773682
0.14266027510166168
0.07429321855306625
0.10324726998806
0.0590222105383873
0.15511620044708252
0.08296246826648712
0.07481930404901505
0.12651032209396362
0.20225921273231506
0.09350832551717758
0.11388089507818222
0.10769534856081009
0.1139817163348198
0.0864548534154892
0.10783401131629944
0.14975106716156006
0.08917267620563507
0.05856722593307495
0.11114616692066193
0.213697612285614
0.07476837188005447
0.11061926186084747
0.17064835131168365
0.056845009326934814
0.09424654394388199
0.0681358352303505
0.08447210490703583
0.1037161573767662
0.054359760135412216
0.07469045370817184
0.06324610114097595
0.14870606362819672
0.13205957412719727
0.0854775607585907
0.09543880820274353
0.1477307379245758
0.0966012179851532
0.13751789927482605
0.0767441913485527
0.117953822016716
0.09357424080371857
0.12277159094810486
0.1410556584596634
0.06872754544019699
0.1957067847251892
0.09731999784708023
0.13017414510250092
0.14457909762859344
0.14866884052753448
0.07131457328796387
0.08232425153255463
0.16087067127227783
0.14929895102977753
0.04003950208425522
0.10041876137256622
0.11148854345083237
0.09709969162940979
0.12598995864391327
0.08592178672552109
0.13338710367679596
0.1557105928659439
0.07353026419878006
0.08891476690769196
0.09615815430879593
0.08100883662700653
0.11402992159128189
0.10577759891748428
0.09466921538114548
0.08053340017795563
0.04348260536789894
0.12233833223581314
0.09297685325145721
0.12472136318683624
0.17461499571800232
0.0680324137210846
0.08214545249938965
0.1381591111421585
0.06966285407543182
0.16829176247119904
0.1466291844844818
0.0715079978108406
0.047171205282211304
0.09470434486865997
0.025430120527744293
0.05624817684292793
0.13956844806671143
0.0662459135055542
0.06979749351739883
0.15502379834651947
0.11670663207769394
0.05790366604924202
0.10933572053909302
0.08091054111719131
0.15944397449493408
0.11008764803409576
0.23158563673496246
0.13074707984924316
0.15024466812610626
0.1176585927605629
0.10140951722860336
0.12030588835477829
0.12880325317382812
0.10552391409873962
0.10684075951576233
0.09964505583047867
0.06917781382799149
0.06894510984420776
0.1129966452717781
0.05921874940395355
0.13018392026424408
0.0909641683101654
0.16069714725017548
0.10944810509681702
0.08974691480398178
0.1810433268547058
0.10678277164697647
0.17572617530822754
0.06343590468168259
0.1288602203130722
0.10706429928541183
0.057183776050806046
0.10173030197620392
0.11350291222333908
0.1590663194656372
0.07671760022640228
0.15837271511554718
0.09352937340736389
0.10084401816129684
0.12264951318502426
0.11845304816961288
0.09452904015779495
0.0919889360666275
0.11165282875299454
0.11527188867330551
0.11200825870037079
0.13034296035766602
0.07749441266059875
0.036510810256004333
0.11405836790800095
0.11879267543554306
0.11526679992675781
0.08304229378700256
0.14991921186447144
0.10026327520608902
0.1371663212776184
0.11372676491737366
0.1049438863992691
0.05319288372993469
0.1092546358704567
0.1280023604631424
0.09580827504396439
0.06861265748739243
0.07940796762704849
0.03223980963230133
0.1226603165268898
0.12579196691513062
0.05957891419529915
0.07373252511024475
0.1360800713300705
0.06714582443237305
0.12581336498260498
0.0962914526462555
0.09749970585107803
0.17154860496520996
0.11245441436767578
0.04822436720132828
0.09156812727451324
0.09088075906038284
0.03472799435257912
0.11103029549121857
0.06748830527067184
0.14248217642307281
0.12526364624500275
0.08603349328041077
0.07247942686080933
0.13897454738616943
0.06479308754205704
0.1307014375925064
0.07701267302036285
0.07166513055562973
0.1298293024301529
0.07969500124454498
0.08378250896930695
0.09894760698080063
0.11536446958780289
0.11767425388097763
0.06476522982120514
0.06767098605632782
0.08884720504283905
0.05248761549592018
0.04244545102119446
0.06293873488903046
0.09671971946954727
0.09777077287435532
0.05171309411525726
0.043934211134910583
0.05916515365242958
0.11242787539958954
0.04054668918251991
0.13017868995666504
0.06322222203016281
0.12538741528987885
0.0813484713435173
0.10914362221956253
0.0411495603621006
0.09841864556074142
0.08854313939809799
0.10372400283813477
0.11737857758998871
0.08586646616458893
0.06379270553588867
0.12373316287994385
0.1441154032945633
0.05415232479572296
0.11271466314792633
0.15476557612419128
0.07876143604516983
0.13227030634880066
0.034752629697322845
0.09579534828662872
0.09856129437685013
0.08507750928401947
0.0880979374051094
0.0837569460272789
0.1364550143480301
0.06907059997320175
0.0579826682806015
0.08566004782915115
0.06949068605899811
0.016785619780421257
0.05228039622306824
0.08970852196216583
0.07057975977659225
0.0764639601111412
0.05637485533952713
0.10589177161455154
0.21032671630382538
0.06484553217887878
0.08421507477760315
0.1399047076702118
0.0876021683216095
0.046909719705581665
0.060816600918769836
0.05264478176832199
0.08549448102712631
0.08620184659957886
0.06573501229286194
0.12296417355537415
0.11296071112155914
0.060816407203674316
0.06767049431800842
0.059657733887434006
0.0892069861292839
0.09852443635463715
0.08987513184547424
0.05776306241750717
0.07635794579982758
0.0716836228966713
0.1078505590558052
0.04506433755159378
0.06910385191440582
0.06640154123306274
0.09195078909397125
0.08101445436477661
0.042205676436424255
0.060523517429828644
0.11632942408323288
0.07663024961948395
0.1089155450463295
0.05390433594584465
0.11732693016529083
0.07629026472568512
0.05226987227797508
0.04336318001151085
0.08073608577251434
0.08887895941734314
0.08959750086069107
0.08060973882675171
0.04587167873978615
0.07163490355014801
0.09312059730291367
0.0955597534775734
0.10305075347423553
0.034510720521211624
0.07920519262552261
0.10209381580352783
0.06891109049320221
0.1222148910164833
0.046449434012174606
0.15937139093875885
0.033419735729694366
0.053186483681201935
0.10668241232633591
0.07468225061893463
0.051613643765449524
0.12153337895870209
0.12458249181509018
0.05939607694745064
0.09247638285160065
0.08183316886425018
0.08978161215782166
0.08324863016605377
0.06332852691411972
0.06675919145345688
0.053014904260635376
0.13370387256145477
0.1005222350358963
0.08236295729875565
0.10693778842687607
0.0507296659052372
0.1028563529253006
0.08876656740903854
0.12272454798221588
0.07252990454435349
0.08640836924314499
0.043343089520931244
0.14771179854869843
0.06157875061035156
0.08688297867774963
0.07690991461277008
0.1033986508846283
0.11805150657892227
0.1073077991604805
0.06269459426403046
0.06860290467739105
0.032548870891332626
0.08522972464561462
0.08770390599966049
0.10341153293848038
0.08293218165636063
0.10960285365581512
0.07824382185935974
0.04301214963197708
0.09242314100265503
0.05357147753238678
0.03886706754565239
0.05733579769730568
0.12702269852161407
0.042735837399959564
0.08616293221712112
0.07224249094724655
0.03872453048825264
0.045862942934036255
0.04368525370955467
0.04793637618422508
0.12286268919706345
0.047823257744312286
0.04719134047627449
0.11785456538200378
0.07568174600601196
0.053515031933784485
0.06511257588863373
0.049829088151454926
0.04607301577925682
0.08570820093154907
0.12416177242994308
0.11035393923521042
0.06642593443393707
0.11703892797231674
0.10950519889593124
0.08359698951244354
0.09506085515022278
0.061178479343652725
0.06537770479917526
0.06632255762815475
0.10260389000177383
0.07888292521238327
0.037757959216833115
0.08670111000537872
0.06041739135980606
0.11477797478437424
0.12765169143676758
0.0844506099820137
0.10149934142827988
0.054422084242105484
0.04653720185160637
0.07486405968666077
0.10176738351583481
0.07574394345283508
0.07647127658128738
0.0641608014702797
0.08169524371623993
0.06861203163862228
0.0630846917629242
0.07375364005565643
0.0716247484087944
0.05308657884597778
0.06050993129611015
0.03058873862028122
0.04979840666055679
0.05884875729680061
0.08079783618450165
0.032394297420978546
0.036944687366485596
0.1002020612359047
0.06827935576438904
0.09643857181072235
0.0852738618850708
0.0530322790145874
0.0558948889374733
0.08345058560371399
0.08293327689170837
0.0651242733001709
0.08883652091026306
0.07411863654851913
0.06651486456394196
0.07651425898075104
0.055747274309396744
0.0475362092256546
0.1263139396905899
0.04427964612841606
0.06298172473907471
0.10374575108289719
0.08643162995576859
0.05806596204638481
0.13833878934383392
0.06511538475751877
0.07515150308609009
0.062243103981018066
0.059764567762613297
0.07092506438493729
0.0806298777461052
0.08428800106048584
0.07115402072668076
0.08239254355430603
0.0402541421353817
0.07809671014547348
0.06587564945220947
0.06871266663074493
0.0323173962533474
0.08425214141607285
0.10786528140306473
0.06412452459335327
0.17439024150371552
0.12044207006692886
0.05387580394744873
0.060764044523239136
0.08715230226516724
0.028677666559815407
0.04752053692936897
0.054133884608745575
0.05497463047504425
0.066390760242939
0.11281247437000275
0.10421974956989288
0.07563333958387375
0.08005360513925552
0.032440174371004105
0.033762041479349136
0.07587882876396179
0.12318379431962967
0.08281373232603073
0.16663771867752075
0.0634404867887497
0.09040164202451706
0.060080286115407944
0.10085000842809677
0.05101789906620979
0.05079784244298935
0.1199527382850647
0.07574018836021423
0.08521032333374023
0.0587170273065567
0.146418958902359
0.04779689013957977
0.07185162603855133
0.07116661220788956
0.07241540402173996
0.08336129784584045
0.09903255105018616
0.0559929795563221
0.059822820127010345
0.08172809332609177
0.055429406464099884
0.0975361168384552
0.08193018287420273
0.0677403137087822
0.052872467786073685
0.12105792760848999
0.05846817046403885
0.04246792942285538
0.09159064292907715
0.10412878543138504
0.04070187732577324
0.07141757756471634
0.09716606140136719
0.011456504464149475
0.09983707964420319
0.09541889280080795
0.09301590919494629
0.10117422789335251
0.04347771778702736
0.017950259149074554
0.052616044878959656
0.05927734449505806
0.10582846403121948
0.050547994673252106
0.024225866422057152
0.0917857214808464
0.07133721560239792
0.08312582969665527
0.035548049956560135
0.038135167211294174
0.0515734925866127
0.10719005763530731
0.07048346847295761
0.052218247205019
0.03691661357879639
0.09664227813482285
0.06184956058859825
0.05763187259435654
0.03910668566823006
0.08779911696910858
0.0788106843829155
0.08882586658000946
0.1093229427933693
