4.567765189806621
2.1515759221712747
1.9579875500996908
1.8699719564119974
1.788038160800934
1.7132529830932617
1.681940012772878
1.662366050084432
1.6184166121482848
1.5897059686978658
1.5638172729810078
1.542714041074117
1.5391083828608194
1.5129596789677937
1.4706138654549916
1.44124942223231
1.4241762741406758
1.416547149817149
1.387612159649531
1.372131896018982
1.3998701214790343
1.3504439282417298
1.3508704590797425
1.3434457111358642
1.3383562250932057
1.2967329287528992
1.3009946386019389
1.3174596055348715
1.2821712179978688
1.2666360759735107
1.2691032187143962
1.2409598656495413
1.26624920407931
1.2354750696818033
1.2134003162384033
1.2244795076052348
1.1865889739990234
1.1942323005199433
1.1920304842789968
1.1887492005030313
1.183564577102661
1.1844696807861328
1.1768250811100005
1.1549039741357168
1.1503125234444935
1.1341866914431253
1.1293962574005127
1.1416235037644704
1.1454897864659628
1.1068041423956554
1.104850652217865
1.103531181414922
1.1011094403266908
1.0678613221645354
1.0911700185139974
1.1264598874251048
1.0883662430445353
1.0565468915303549
1.0631603141625723
1.076202079852422
1.0461175374190013
1.069854235649109
1.0624495434761048
1.0547086004416149
1.0391331644852957
1.0365020036697388
1.0238599280516307
1.0450549554824828
1.0530314020315805
1.0308012898763022
1.0150294303894043
1.004057577053706
1.015549792846044
0.9971420431137085
0.9659561582406362
0.9829623937606812
1.0154541540145874
0.982666111389796
0.9773034755388895
0.9812275779247284
0.9629036561648051
0.9731238480408987
0.960677078962326
0.9275398802757263
0.9448148131370544
0.9677352078755697
0.9437123076121012
0.9288411275545756
0.9342746984958649
0.9338758619626363
0.9404058996836344
0.9273393432299296
0.9275347451368968
0.9404286575317383
0.9170476830005646
0.9185008263587952
0.9147551417350769
0.9016706303755442
0.9008591238657634
0.904742890993754
0.899983121752739
0.8856595174471538
0.9097209171454111
0.909302932024002
0.8973912000656128
0.8918804315725962
0.874546689192454
0.8609517912069956
0.8984784479935964
0.8876294338703156
0.8676077632109324
0.8687408947944641
0.8639786338806152
0.8619953443606695
0.8488237694899241
0.8573332381248474
0.8633378700415293
0.8589766116937002
0.853566929101944
0.8407147779067358
0.8533906620740891
0.8436033769448599
0.8212984393040339
0.8541846104462941
0.8502497386932373
0.8203890836238861
0.8511046036084493
0.8253383354345958
0.8300368775924046
0.824888338247935
0.8193558768431346
0.835714927315712
0.8166890708605449
0.8061001594861349
0.8141559743881226
0.7934528291225433
0.8123693815867106
0.8013385991255443
0.802773241798083
0.7993217591444651
0.7991539124647776
0.8095455519358317
0.8001137461264928
0.7919556756814321
0.7816860429445902
0.7957998369137446
0.8136373011271159
0.7825427089134852
0.7775209681193034
0.7869372892379761
0.7718432346979777
0.7684983928998311
0.7909019533793131
0.7859678101539612
0.77069682041804
0.7865588275591532
0.7576374594370524
0.7538600009679794
0.7738432530562083
0.7513510924577713
0.7718716778357824
0.7579553526639938
0.7639566129446029
0.7677164602279664
0.7468205589056015
0.752988082965215
0.7671437891324361
0.7380395432313284
0.7623984694480896
0.7453654271364212
0.743166941801707
0.7157649006446203
0.7557136160135269
0.7317611467838288
0.7355883032083511
0.7306875652074813
0.7418769041697184
0.7294738984107971
0.7289383516709009
0.7414994249741237
0.7086953103542328
0.7353305387496948
0.710031713048617
0.7246194785833359
0.7283727548519771
0.7169924243291219
0.691838590502739
0.6966635330518087
0.7167341607809067
0.7146139840284983
0.708230077624321
0.6899932918945948
0.7044418265422185
0.6911966375509898
0.7148360101381938
0.7163438161214193
0.6997126233577728
0.7324376312891642
0.6890196158488592
0.70550599416097
0.694250923593839
0.6884344748655955
0.6850529899199803
0.6880363821983337
0.6967117446660995
0.7037181427081426
0.6954643545548121
0.6924093367656072
0.6740753845373789
0.6880059669415156
0.6922802933057149
0.6868192096551259
0.6844471464554469
0.6864385362466177
0.7067930454015732
0.6851887466510137
0.6853240400552749
0.6702473616600036
0.6511183802286784
0.6718189378579458
0.6557923950751623
0.6761514544487
0.6376703174908956
0.6754127283891042
0.6558283907175064
0.6566695100069047
0.6656836386521657
0.6724749096234639
0.673936450680097
0.661797935962677
0.6651191361745199
0.6354539241393408
0.6642351271708806
0.6652161691586177
0.6388461796442667
0.6408693758646647
0.6457457464933395
0.6408075710137685
0.6458838164806366
0.6443332537015279
0.6458131833871206
0.663581103682518
0.6416993433237076
0.6506826903422673
0.6227257074912389
0.6391860181093216
0.6553102693955104
0.6310529532035192
0.6284158722559611
0.6600709853569666
0.6433392202854157
0.6438492685556412
0.6381522405147553
0.6422194202740987
0.6416515227158864
0.63039646367232
0.6180240444342295
0.623560198744138
0.6330782572428385
0.6517515663305918
0.6323490516344706
0.6231387706597646
0.6294411567846934
0.6314449965953827
0.6292883040507634
0.6128354740142822
0.6335159655412038
0.62903721789519
0.6293609738349915
0.6187012829383214
0.6291924317677816
0.6152354083458582
0.6087502020597458
0.6194830238819122
0.6073909898598989
0.6276578170061111
0.5995595103502274
0.6053843196233114
0.6196611024936041
0.6034979573885599
0.6278627192974091
0.6080856160322825
0.5924560830990473
0.6181093462308248
0.5870752388238907
0.5941498468319575
0.6087631458044052
0.5932297788063685
0.6062037758032481
0.5947866825262705
0.6094027696053187
0.6120902760823568
0.5922444506486257
0.5973283439874649
0.594900249838829
0.5836366931597392
0.5948440502087275
0.5825947127739588
0.5836603210369746
0.5845282105604808
0.589731887380282
