0.11659932674633132
0.13070707057010045
0.14175084184366044
0.14430976493491066
0.1596633004344473
0.1674747480587526
0.17316498351518553
0.18515151633758736
0.18377104454269313
0.18791245699229867
0.1917508425887185
0.21299663246280015
0.20828282818047686
0.2110101016181888
0.22212121236805965
0.22265993224249947
0.22730639652170317
0.22488215505474746
0.23178451154569182
0.23680134689567064
0.24437710477246177
0.24643097757691085
0.2490235689011487
0.2589562276397089
0.2613131310602631
0.2525252519231854
0.27141414161282357
0.2736700345771481
0.2757239049733287
0.27306397153873635
0.27875420827456193
0.2780134683907634
0.28619528682243944
0.30043770959883026
0.29181818287781996
0.2941414141895795
0.30006733973218935
0.3097979787624244
0.3058922561732205
0.30498316477645526
0.3102356910404533
0.31673400645906274
0.3195286192978271
0.3160269349211394
0.3158249156643646
0.3148821559217241
0.3319865331204251
0.32723905763240774
0.3188888892681912
0.3252188555821024
0.3283164966287035
0.33235690193344847
0.3436026944957598
0.33181818130642476
0.3413131310783251
0.3433670025281232
0.3365319858897816
0.3512121205679094
0.35060605948621576
0.34811447771510695
0.35303030351195674
0.3534680133817172
0.36144781142774257
0.3617171723433215
0.3590235704123372
0.36262626268646936
0.35353535323431995
0.35666666608868225
0.3701346796570402
0.36272727299218227
0.36902356900350014
0.38047138097310307
0.3677441080411275
0.3809764311470167
0.3849494947929575
0.38666666697974156
0.3871043785051866
0.3719528624505708
0.3904040404642471
0.37855218922851064
0.3957912461324172
0.3918855232421798
0.3871380485067464
0.3972727289103498
0.39993266038822406
0.39437710335760406
0.39898989853834865
0.3988552180805592
0.4045117843632746
0.413265993197759
0.4044444440591215
0.4100673388351094
0.4127946107676535
0.42023569014337325
0.4104377103574348
0.40548821546212593
0.41252525195930945
0.4088215505835986
0.4230976416306062
0.4153535344986
0.42494949457621334
0.42104377198700954
0.432794613669617
0.4088215469711959
0.4213131298922529
0.4173063975994033
0.42047138105739246
0.42579124732451007
0.42175084051459727
0.42292929177332406
0.4323569015421049
0.4287542077628049
0.4441750847329997
0.4360269353245244
0.43276094336702364
0.443400671686789
0.44424242503715283
0.4250841739803854
0.44989898861056626
0.43858585905547093
0.4450168332668266
0.4478451164081843
0.4578787856029742
0.46579124439846387
0.44629629663746767
0.36074074034136955
0.41989899012777543
0.4306060617620295
0.4399663300225229
0.4523232329373408
0.4527946117550436
0.4566329964483627
0.45969696719237046
0.4642087534220532
0.45158249049475696
0.45696969616292704
0.47451178413448913
0.4646127928387035
0.46905723816216593
0.4606734002479399
0.46720538566810915
0.4692592578704911
0.46185185120563316
0.46919191997460646
0.4583164977304863
0.4781144761075877
0.4822895617196054
0.46360269369501056
0.47585858540101483
0.46973063999956305
0.46942760637312225
0.47013467971724693
0.4899326583953819
0.4860942746051634
0.4863299655191826
0.47969696828813263
0.47680134484262177
0.48643097672799623
0.4848148124386566
0.48888888654082713
0.48387205239498254
0.4861952849108763
0.47693602816023006
0.4909764299489031
0.4938047127892273
0.4864646449233546
0.4960606059040686
0.48538720487344145
0.496599324724891
0.5055218853733756
0.5018518533971574
0.4890572389568945
0.49047137962447274
0.4957239037812358
0.5054882153718159
0.4996632963719994
0.4976094295882215
0.5048148138354523
0.4991919178553302
0.4991245781532442
0.5093939355527511
0.520101008692173
0.5128956229397745
0.5003366982093965
0.5173737340503268
0.5219865311877896
0.5095286203755273
0.5211111096420673
0.5196632962636273
0.5120538695894107
0.5244107758155977
0.5109427631503404
0.5217845102753302
0.51272726992164
0.5148484833312758
0.5122558914049707
0.516464646416481
0.5230639715387364
0.5063636366165045
0.5259595958873479
0.5177104397855624
0.5203367002082594
0.5217845114794645
0.5327609431261968
0.5138720532860419
0.5226936024246793
0.5301346793921307
0.5097643082792108
0.5210101011425557
0.5223569009039137
0.5250505061462672
0.5414141437622032
0.5422895607924221
0.5224242387997984
0.5315151479509141
0.5382828275964717
0.5362626272018509
0.5397306361583748
0.5220875414935026
0.5276767668699978
0.5450505057368615
0.538720537616749
0.5331313122402538
0.5436363620589478
0.5489898956183231
0.5480471355746491
0.5391919206489216
0.5406397328232274
0.5467340067179516
0.5401010061755325
0.5460606018702189
0.5467340076210523
0.5496296283572611
0.5410437680254079
0.5470033652252622
0.543468013255283
0.5466666676179327
0.540673399513418
0.5492929286426969
0.5595959608603005
0.560168348779582
0.551750837552427
0.5636026946583179
0.537171718749133
0.5472727240336062
0.5386868655079543
0.5511111129413951
0.5529629615220156
0.5259932679961427
0.5570370326138506
