0.37083333381451666
0.3354166690260172
0.3197916669305414
0.32645833399146795
0.31895833485759795
0.33250000060070306
0.3329166679177433
0.33854166930541396
0.33875000081025064
0.32625000132247806
0.3616666670423001
0.3395833333488554
0.3231250012759119
0.32312500034458935
0.34583333623595536
0.3339583354536444
0.3566666687838733
0.3558333341497928
0.3368750016670674
0.33750000153668225
0.3495833354536444
0.3472916667815298
0.33041666937060654
0.35354166640900075
0.32708333409391344
0.3493750006891787
0.3647916673216969
0.3450000004377216
0.3483333324547857
0.34395833406597376
0.36770833493210375
0.35250000143423676
0.3658333329949528
0.36229166737757623
0.3608333356678486
0.3504166705533862
0.354791667079553
0.35604167077690363
0.33916666998993605
0.3406250034458935
0.3610416674055159
0.3439583368599415
0.3552083333488554
0.35562500124797225
0.3499999991618097
0.33812500268686563
0.34833333431743085
0.3518749999348074
0.3527083355002105
0.36104166880249977
0.35687500098720193
0.36145833414047956
0.3499999998603016
0.35770833515562117
0.35645833727903664
0.3541666695382446
0.3625000009778887
0.3604166703298688
0.35270833573304117
0.3600000012665987
0.35687500168569386
0.35604166821576655
0.352708333870396
0.3754166690632701
0.36604166869074106
0.3687500001396984
0.3725000030826777
0.3531250008381903
0.3495833342894912
0.3610416685696691
0.3675000024959445
0.36291666771285236
0.37625000020489097
0.36104166810400784
0.35020833369344473
0.37229166948236525
0.36375000257976353
0.3616666675079614
0.3464583335444331
0.37291666818782687
0.37791666598059237
0.3600000012665987
0.36479167034849524
0.3777083340100944
0.35312500200234354
0.3620833356399089
0.35500000207684934
0.35416666767559946
0.35749999922700226
0.37437500106170774
0.3654166688211262
0.35895833536051214
0.37687499984167516
0.3752083354629576
0.36354166781529784
0.37166666868142784
0.3666666690260172
0.35916666872799397
0.37687500147148967
0.37645833659917116
