51964.48388671875
29007.32958984375
25034.90673828125
23623.448791503906
23337.57357788086
22010.660583496094
21127.834884643555
21245.36553955078
21077.817596435547
19788.4541015625
19595.277267456055
18678.487045288086
19064.202270507812
19131.004638671875
18273.221420288086
18301.233795166016
18315.307052612305
18607.03173828125
18462.241943359375
17849.567276000977
18313.27523803711
17823.803787231445
17823.00439453125
17246.410049438477
17597.86343383789
17138.730865478516
17295.033279418945
17064.716186523438
16774.64372253418
16788.820358276367
16631.512603759766
16556.101440429688
17011.731704711914
16486.915985107422
16480.413131713867
16577.415435791016
16768.339797973633
16558.589599609375
16088.572830200195
16138.331741333008
16048.725646972656
16702.31544494629
16185.170028686523
16585.118927001953
16045.909851074219
16026.014205932617
16133.045593261719
15870.655868530273
15128.866104125977
15612.962020874023
15511.75796508789
15379.1923828125
16001.1640625
15362.835586547852
15488.988723754883
15526.654830932617
14993.941864013672
15470.63493347168
15138.121612548828
14838.72917175293
15428.697341918945
14688.100112915039
15585.687973022461
15217.579467773438
14956.492401123047
15109.567352294922
15260.899780273438
14901.76889038086
15117.304122924805
15006.681106567383
14783.802703857422
14798.295822143555
14870.925903320312
14894.906982421875
14673.976547241211
14650.27961730957
14707.702865600586
14869.152954101562
14712.599212646484
14970.151840209961
14746.818374633789
14599.154281616211
14555.947662353516
14564.578002929688
14357.679809570312
14469.003356933594
14725.34814453125
14671.795974731445
14277.199691772461
15014.124786376953
14226.825256347656
14010.456832885742
14535.090621948242
14349.049438476562
14459.585433959961
14188.709686279297
14685.384094238281
14383.435989379883
14043.734619140625
13852.579803466797
