7.235712037086487
1.465129278898239
1.3239702492952348
1.2664142322540284
1.2177980935573578
1.2060982137918472
1.1292460691928863
1.1427802729606629
1.0886650466918946
1.0682928568124772
1.0407495778799056
1.0253410786390305
1.0202571088075638
1.0181806671619416
0.9873489308357238
1.0206805157661438
1.0000053232908248
0.9973781645298004
0.9841867870092392
0.9457735097408295
0.9349067080020904
0.9213980501890182
0.8991074615716934
0.9206280949711799
0.9249033391475677
0.884994869530201
0.9057796376943589
0.8595294085144997
0.8829070055484771
0.8745746147632599
0.8806602337956428
0.8825308904051781
0.8143730783462524
0.905476819574833
0.8730124244093895
0.8842339208722114
0.8678445327281952
0.8540695315599441
0.8499640265107155
0.8190306833386422
0.8576212531328201
0.8417774054408074
0.8258037728071213
0.8269625300168991
0.8291360199451446
0.838010727763176
0.7892294275760651
0.8025520172715187
0.8045183336734771
0.826643885076046
0.7579075732827186
0.7643871694803238
0.7671066996455193
0.7883269995450973
0.7912778708338738
0.793474937081337
0.7330805385112762
0.7675991883873939
0.8121300500631332
0.7420333188772201
0.7798312756419182
0.7558609187602997
0.7678334087133407
0.7990803557634354
0.7348251819610596
0.7506778472661972
0.7648776140809059
0.7627688619494438
0.737788420021534
0.7460594619810581
0.7290200433135032
0.7335612747073174
0.7242617788910866
0.7392802950739861
0.7294034528732299
0.7282508243620396
0.7351554736495018
0.7393475648760796
0.7129859432578087
0.7379686230421066
0.7469725605845451
0.6976375713944435
0.7333190953731537
0.7246674451231957
0.7204449170827866
0.656890693306923
0.7280708596110343
0.7232790280878544
0.7506721743941307
0.7025018489360809
0.7457377782464027
0.7107743218541145
0.735369371175766
0.7122021701931953
0.7192945763468742
0.6765527419745923
0.7057144552469253
0.7378459441661834
0.7069366919994354
0.6964709503948688
0.7181635674834251
0.7049064104259014
0.6595746898651123
0.6940971577167511
0.6980814602971077
0.6831488320231438
0.7235530129075051
0.654028177857399
0.7163009321689606
0.6622944314777851
0.7047139576077461
0.687847184240818
0.667297149002552
0.6759320110082626
0.6420064529776573
0.6987666091322899
0.6491084331274033
0.6458242979645729
0.6549171444773674
0.6738683585822582
0.6758346807956696
0.6616738019883632
0.6758068116009235
0.7184194031357766
0.6304746602475643
0.6480782167613506
0.6827196875214576
0.6462763166427612
0.6142092667520046
0.6421123030781746
0.6156679746508599
0.6593997275829315
0.6473214538395404
0.6450604140758515
0.6390763640403747
0.6116794866323471
0.6222366625070572
0.6501241233944893
0.6278334453701973
0.638494439125061
0.6249608592689038
0.6396354877948761
0.6257397754490376
0.6060915033519269
0.6175242559611798
0.6257002091407776
0.6501606872677803
0.6465619486570359
0.6054465472698212
0.6130497780442238
0.6201142862439155
0.6094836470484734
0.6046199499070645
0.6452805306017398
0.6119039872288704
0.6351770016551018
0.6291329143941402
0.6051511281728744
0.5938447470963001
0.621416994035244
0.6264402498304844
0.6138080081343651
0.601079972833395
0.6131212832033635
0.667008685618639
0.5913077637553215
0.6138734617829322
0.6061506389081478
0.6258680129051208
0.623282997906208
0.6047078049182892
0.6259561391174793
0.5965837118029594
0.5715605515986681
0.6268606932461261
0.6142936745285987
0.5931702695786953
0.6083878512680531
0.6199681195616722
0.5832596497237682
0.5729153306782245
0.6093561425805092
0.5690112607181073
0.6175982481241227
0.5955249187350273
0.6203945544362068
0.5858598139882087
0.602327434271574
0.570879528671503
0.6232072749733925
0.5780408406257629
0.6218491847813129
0.5875645050406456
0.5924625757336617
0.5957064111530781
0.6163060158491135
0.5907108698785305
0.5722383470088244
0.5295561048388481
0.5866341938823462
0.5900694878399372
0.5708658409118652
0.5721614603698254
0.5849552917480468
0.5681565752625466
0.5844149585068226
0.5337024448066949
0.5803465093672275
0.5795944102108479
0.5558919486403465
0.5363346956670284
0.5527199013531208
0.5839393991231918
0.589089503288269
0.5793305359780788
0.5759938503801822
0.5846830178797245
0.5511914609372616
0.57129657715559
0.5749426212161779
0.5662662107497454
0.6096779289841652
0.5319998489320278
0.5506902582943439
0.556232084184885
0.5655116096138955
0.5271184068918228
0.556273821592331
0.58686189442873
0.5375355258584023
0.5412750342488288
0.5861449156701565
0.573361546844244
0.5543738234043122
0.5352366431057454
0.5194890919327736
0.515459443628788
0.5511467427015304
0.5750568024814129
0.5137035677209496
0.5461873625218868
0.5750136157870293
0.5440276637673378
0.5368306314945221
0.5629638965427876
0.5448950472474098
0.5281624068319798
0.5427826803922653
0.5259488855302333
0.5406102812290192
0.5492827385663986
0.5679172179102898
0.5726745970547199
0.5396243946254253
0.530702098608017
0.5612821366637946
0.5401208931207657
0.5425105547904968
0.5168337866663932
0.5069668718427419
0.5360101889818907
0.5204308393597603
0.5481740684062243
0.5120325264334679
0.5204583460092544
0.5554715354740619
0.538866326212883
0.4915078145265579
0.542402361035347
0.5119837279617786
0.5166939415037632
0.5205788160860538
0.5602085572481156
0.5304055604338646
0.556774084866047
0.550323586165905
0.5401601393520832
0.5347002173960209
0.5149091741442681
0.518016766011715
0.5231317769736051
0.496614059060812
0.5682764469087124
0.5264748480916023
0.534762072712183
0.5254610071331263
0.5235539081692696
0.5184998695552349
0.537589552551508
0.49189437486231324
0.5220933030545711
0.5126416501402855
0.5095303915441036
0.49933645337820054
0.47820020362734794
0.5117545434832573
0.5144792456924915
0.4953086406737566
0.5210643965005874
0.5360663294792175
0.49118500962853434
