3.128545045852661
3.0369462966918945
2.8729958534240723
2.772730827331543
2.593179225921631
2.421321153640747
2.249981641769409
2.2573113441467285
2.173365831375122
2.0313892364501953
2.0217702388763428
1.9916582107543945
1.8322526216506958
1.7078105211257935
1.691102385520935
1.55120849609375
1.550081491470337
1.7354933023452759
1.462510347366333
1.4745618104934692
1.4894483089447021
1.5576993227005005
1.3838365077972412
1.4298689365386963
1.3827444314956665
1.4246467351913452
1.324230670928955
1.3199644088745117
1.2766259908676147
1.318676233291626
1.271479845046997
1.3132200241088867
1.1369857788085938
1.1695783138275146
1.2002582550048828
1.4869520664215088
1.284289002418518
1.2071764469146729
1.1870017051696777
1.1889199018478394
1.2737038135528564
1.116173267364502
1.3247686624526978
1.198943853378296
1.2070807218551636
1.1602344512939453
1.254352331161499
1.335068702697754
1.1466178894042969
1.389528751373291
1.1670653820037842
1.1716034412384033
1.16062331199646
1.1584231853485107
1.1779457330703735
1.3530641794204712
1.062277913093567
1.0906267166137695
1.2188493013381958
1.4080288410186768
1.1243762969970703
1.0640429258346558
1.0905191898345947
0.9906229972839355
1.0781583786010742
1.1367707252502441
0.9617758989334106
1.1367437839508057
0.9848994612693787
1.1503636837005615
0.9712856411933899
1.136773705482483
1.1917643547058105
1.0038981437683105
0.9393343925476074
1.0380817651748657
0.9386907815933228
0.9848475456237793
1.1309760808944702
0.9938710927963257
1.1065051555633545
1.0987895727157593
0.8673321604728699
0.91640704870224
1.032784104347229
1.0746350288391113
1.1574032306671143
1.0816373825073242
0.9499849081039429
0.9021518230438232
1.0600756406784058
0.9297002553939819
0.9216736555099487
0.9879858493804932
0.9271240234375
1.0084974765777588
0.9501020908355713
1.0054247379302979
0.9555227756500244
1.0214247703552246
0.8357040882110596
1.0862953662872314
1.1449568271636963
0.9813480377197266
1.0175877809524536
0.9026257991790771
1.0118522644042969
0.9312707185745239
0.9326158761978149
0.8946954607963562
0.9479620456695557
0.9544036984443665
0.9476547241210938
1.0066819190979004
1.0233585834503174
0.9237620830535889
0.9295661449432373
0.9201078414916992
0.8954882621765137
0.8315598964691162
0.8851335644721985
0.8982613682746887
0.9095085859298706
1.0793534517288208
0.9101853370666504
0.8719897866249084
0.9231598377227783
1.0922093391418457
0.8649379014968872
0.906975269317627
0.9252443313598633
0.8227037787437439
0.9665994644165039
0.953319787979126
0.9291496276855469
0.9465256929397583
0.8932960629463196
0.8709055185317993
0.9630467891693115
0.8508462309837341
0.8965917229652405
0.9504081010818481
0.9550808072090149
0.8461318016052246
0.8633068799972534
0.92853182554245
0.8297734260559082
0.8403475284576416
1.0782241821289062
0.8660218715667725
0.7982931137084961
0.8138139247894287
0.8188169002532959
0.8446802496910095
0.7943029999732971
0.8426755666732788
0.880365252494812
0.9057660102844238
0.863266110420227
0.9524021148681641
0.7639984488487244
0.8236358165740967
0.8701326847076416
0.8400208950042725
0.836418628692627
0.8354778289794922
0.8406978249549866
0.9217609167098999
0.8233583569526672
0.8562065362930298
0.8760868310928345
0.8177322745323181
0.8204071521759033
0.8476876020431519
0.8975937366485596
0.920465886592865
0.8199399709701538
0.8167005777359009
0.8379230499267578
0.8626568913459778
0.9341858625411987
0.7641240358352661
0.9151430130004883
0.9217832088470459
0.7327924966812134
0.7887938618659973
0.9358501434326172
0.8785773515701294
0.8091598749160767
0.8190333247184753
0.842638373374939
0.927664041519165
0.8060394525527954
0.7908883094787598
0.7973052263259888
0.8091162443161011
0.7654988169670105
0.8119333982467651
0.8776363134384155
0.8069993853569031
0.8848859071731567
0.810248613357544
0.8645442724227905
0.8416597843170166
0.8362098932266235
0.9818389415740967
0.8472251892089844
0.7997450828552246
0.754875659942627
0.8354056477546692
0.7854527235031128
0.8575084805488586
0.8899773359298706
0.7918952703475952
0.7714129686355591
0.8418239951133728
0.757773756980896
0.9367100596427917
0.7846274375915527
0.7529568672180176
0.8642429113388062
0.831708550453186
0.7572879791259766
0.7954235076904297
0.8559120893478394
0.8496066927909851
0.8290392756462097
0.8605391979217529
0.789788007736206
0.7626577615737915
0.9341456890106201
0.7509242296218872
0.7522956728935242
0.7668773531913757
0.8321921825408936
0.8584584593772888
0.7873243689537048
0.8154659271240234
0.8076525926589966
0.7557207345962524
0.758974552154541
0.7961736917495728
0.8356943130493164
0.7777464985847473
0.7725162506103516
0.8109514117240906
0.728528618812561
0.795559287071228
0.7744611501693726
0.8043664693832397
0.901651918888092
0.8980855941772461
0.7568858861923218
0.7101472020149231
0.7987202405929565
0.7835866212844849
0.7906104326248169
0.7745453119277954
0.8701015114784241
0.8771461248397827
0.8359025716781616
0.7370719909667969
0.7548441886901855
0.7773514986038208
0.7792551517486572
0.7696781158447266
0.7742730379104614
0.7911754846572876
0.7726235389709473
0.7804868817329407
0.8391191363334656
0.829472541809082
0.7695196866989136
0.7315000295639038
0.7358810901641846
0.7914220094680786
0.6947214603424072
0.7960964441299438
0.7498387098312378
0.7129417657852173
0.766466498374939
0.7894265651702881
0.7666140794754028
0.7323101162910461
0.8030705451965332
0.7548058032989502
0.8395019769668579
0.7726554870605469
0.6853702068328857
0.7496259212493896
0.7543244361877441
0.8202773332595825
0.67668616771698
0.7044024467468262
0.7648367285728455
0.7892844676971436
0.7222420573234558
0.6937996745109558
0.8395857810974121
0.7285180687904358
0.7325718402862549
0.7149606347084045
0.6762941479682922
0.7972005605697632
0.8070270419120789
0.7561277151107788
0.7782673835754395
0.751259446144104
0.7302688360214233
0.8331813812255859
0.7911376953125
0.7346715927124023
0.7368332147598267
0.8028395175933838
0.7256124019622803
0.711242139339447
0.7690808773040771
0.7803029417991638
0.7026506662368774
0.6272455453872681
0.7862111926078796
0.7377620935440063
0.7337222099304199
0.7267111539840698
0.7428469657897949
0.710082471370697
0.7163231372833252
0.7453466653823853
0.7648393511772156
0.7807256579399109
0.7464048862457275
0.6988979578018188
0.7809152603149414
0.6945757865905762
0.708437979221344
0.7257677912712097
0.7866681814193726
0.7100285887718201
0.7532755136489868
0.7541208267211914
0.6859318017959595
0.7800376415252686
0.7728649377822876
0.7725498676300049
0.7151135206222534
0.7655426263809204
0.8166922330856323
0.6800530552864075
0.7902380228042603
0.7432672381401062
0.8071658611297607
0.753136396408081
0.730774462223053
0.7505311369895935
0.7208177447319031
0.7472774982452393
0.721866250038147
0.7126379013061523
0.8460013270378113
0.7378514409065247
0.8888800144195557
0.786644697189331
0.798222541809082
0.688010036945343
0.7607314586639404
0.7307167649269104
0.8202404975891113
0.7188278436660767
0.7209477424621582
0.7286773920059204
0.8031656742095947
0.7719770669937134
0.7287039756774902
0.699664294719696
0.6955350041389465
0.7716742753982544
0.6716303825378418
0.7746337652206421
0.6804757118225098
0.7306857109069824
0.7139372825622559
0.6994261741638184
0.7658365964889526
0.759656548500061
0.6863275170326233
0.7266312837600708
0.7105060815811157
0.6762702465057373
0.7515772581100464
0.7971093654632568
0.7552379369735718
0.6774582862854004
0.7942153215408325
0.7245413661003113
0.7453246116638184
0.8107524514198303
0.7351915836334229
0.7154031991958618
0.7579935789108276
0.7517024874687195
0.7055356502532959
0.7467743158340454
0.7935249209403992
0.65829998254776
0.751686692237854
0.6844000220298767
0.739396333694458
0.7755241394042969
0.7214933037757874
0.6905909180641174
0.772882342338562
0.6864500641822815
0.6633608937263489
0.7453358769416809
0.7066266536712646
0.7921815514564514
0.7264059782028198
0.7781535387039185
0.6800703406333923
0.6665439009666443
0.7246149778366089
0.6813762187957764
0.7479544878005981
0.7042393088340759
0.7626747488975525
0.6696355938911438
0.7350950241088867
0.7205998301506042
0.6621270775794983
0.7033313512802124
0.6752462983131409
0.7216882705688477
0.6837312579154968
0.6566045880317688
0.6664437055587769
0.7025073766708374
0.6727258563041687
0.7298431396484375
0.8056341409683228
0.717652440071106
0.6928787231445312
0.6989914774894714
0.6688842177391052
0.6985931992530823
0.713388204574585
0.6501487493515015
0.6670733690261841
0.7275526523590088
0.7118895053863525
0.7800719738006592
0.7966960668563843
0.7061575651168823
0.6707245111465454
0.6921269297599792
0.7613222002983093
0.6847776770591736
0.6854462623596191
0.809666633605957
0.6674137115478516
0.684881865978241
0.7328029870986938
0.7354705333709717
0.666426956653595
0.7355487942695618
0.8069145679473877
0.6567267179489136
0.6743084192276001
0.7829313278198242
0.8576637506484985
0.7280157804489136
0.7123118042945862
0.7294031977653503
0.684505045413971
0.6642661690711975
0.7314785718917847
0.7706084251403809
0.7204501032829285
0.6983819603919983
0.7811590433120728
0.7695620059967041
0.7274056077003479
0.6917043924331665
0.6591357588768005
0.768056333065033
0.7040727138519287
0.6753189563751221
0.7189422845840454
0.6928964853286743
0.6606563329696655
0.6947523951530457
0.6701514720916748
0.7364561557769775
0.685187578201294
0.6631258130073547
0.7287300825119019
0.7490142583847046
0.6827021241188049
0.7717305421829224
0.7388812303543091
0.7296011447906494
0.7614445686340332
0.6567639708518982
0.8174749612808228
0.6885120868682861
0.6986096501350403
0.7573025822639465
0.681096076965332
0.7644343376159668
0.6144794225692749
0.6570501923561096
0.6786313056945801
0.766404390335083
0.7153443694114685
0.6859310865402222
0.759918212890625
0.732073187828064
0.7364734411239624
0.7436529397964478
0.7882848978042603
0.6615014672279358
0.7222612500190735
0.6823235154151917
0.6754311323165894
0.6672731637954712
0.6528770923614502
0.6623064279556274
0.6494793891906738
0.7642242312431335
0.7028993964195251
0.782905101776123
0.7422245740890503
0.6598467826843262
0.6626590490341187
0.6995728015899658
0.7322902679443359
0.6727010607719421
0.6606431007385254
0.7063319683074951
0.6536014676094055
0.6530062556266785
0.6873823404312134
0.636850893497467
0.7080792188644409
0.6550902128219604
0.7635194063186646
0.7024252414703369
0.649417519569397
0.6617745161056519
0.6286994814872742
0.7474230527877808
0.720154881477356
0.6671532392501831
0.6483101844787598
0.6465097665786743
0.6804521083831787
0.6489197611808777
0.685552716255188
0.7538532018661499
0.6999104022979736
0.6670228838920593
0.7435811758041382
0.6798815727233887
0.6694162487983704
0.6653429865837097
0.6539219617843628
0.7618900537490845
0.6551284790039062
0.709411084651947
0.6854154467582703
0.6845775842666626
0.6612446308135986
0.6511887907981873
0.675306499004364
0.7492257356643677
0.6982511281967163
0.7481322288513184
0.6663801670074463
0.7351143956184387
0.6928539872169495
0.6784688234329224
0.7049111127853394
0.6638587713241577
0.6945493817329407
0.671306848526001
0.641984760761261
0.76056307554245
0.6903755068778992
0.6701372265815735
0.6143972873687744
0.7326719760894775
0.71200031042099
0.7007277011871338
0.6660253405570984
0.6500229835510254
0.6274442076683044
0.7770677804946899
0.6937360763549805
0.6561826467514038
0.7459996938705444
0.6378726959228516
0.686296820640564
0.7003872394561768
0.6854614019393921
0.6668132543563843
0.6834229230880737
0.6628270149230957
0.7377374768257141
0.6637749075889587
0.6563153862953186
0.6629419922828674
0.7256771326065063
0.6893868446350098
0.6490322351455688
0.6494752168655396
0.6892892718315125
0.7074497938156128
0.6527200937271118
0.6418637633323669
0.6607270240783691
0.6797096729278564
0.6833746433258057
0.6576895117759705
0.7183122634887695
0.736829400062561
0.7403237819671631
0.6491140127182007
0.6894233822822571
0.6737017035484314
0.6675429344177246
0.7557441592216492
0.7001404762268066
0.6342823505401611
0.7377285957336426
0.6792159080505371
0.6184159517288208
0.6390033960342407
0.6320576667785645
0.6420192122459412
0.688683807849884
0.6851153373718262
0.6736800074577332
0.6359556913375854
0.6641451120376587
0.7066246271133423
0.6721836924552917
0.666315495967865
0.7096599340438843
0.6819114685058594
0.7453964948654175
0.6377331614494324
0.7125080823898315
0.6227338314056396
0.6917887330055237
0.6942763328552246
0.6708593964576721
0.6867946982383728
0.7499066591262817
0.5861711502075195
0.6460235118865967
0.6852953433990479
0.6899397373199463
0.6309062242507935
0.6962747573852539
0.671263575553894
0.7269775867462158
0.686184287071228
0.6736815571784973
0.6888074278831482
0.6910338401794434
0.6565290689468384
0.6384091973304749
0.658327579498291
0.7097557783126831
0.6898026466369629
0.6470078229904175
0.6364400386810303
0.6953814625740051
0.6894534230232239
0.6554841995239258
0.6998643279075623
0.6426304578781128
0.6765609979629517
0.6371742486953735
0.6511022448539734
0.6642874479293823
0.7044082880020142
0.642983078956604
0.6648497581481934
0.6635872721672058
0.6920685768127441
0.6733278632164001
0.7173197865486145
0.7525745630264282
0.6425334811210632
0.687991738319397
0.6477424502372742
0.738399088382721
0.6653653979301453
0.6670657992362976
0.7650732398033142
0.6785843372344971
0.7118948698043823
0.7036725282669067
0.6122501492500305
0.653217077255249
0.6891924142837524
0.7540625333786011
0.6882370710372925
0.6317000389099121
0.7359253168106079
0.6340075731277466
0.7059801816940308
0.6862039566040039
0.6529632806777954
0.6789343357086182
0.6738389730453491
0.7408534288406372
0.6683002710342407
0.6292403936386108
0.6837723255157471
0.7041293382644653
0.6239003539085388
0.6491265296936035
0.6625751852989197
0.6419507265090942
0.6956207752227783
0.6899400949478149
0.6796022653579712
0.6117959022521973
0.7228919267654419
0.6815519332885742
0.6265394687652588
0.6988565325737
0.689093828201294
0.6640482544898987
0.6584964990615845
0.57911217212677
0.6815774440765381
0.7141221761703491
0.691177487373352
0.699438214302063
0.6418271064758301
0.6319701671600342
0.6374552845954895
0.6497873067855835
0.692243218421936
0.6711459755897522
0.7226982116699219
0.6974689960479736
0.6398698091506958
0.6551791429519653
0.6925674676895142
0.6669256687164307
0.6670280694961548
0.6456224918365479
0.6143664121627808
0.6954426765441895
0.7092112302780151
0.6240322589874268
0.6510944366455078
0.6743377447128296
0.6624908447265625
0.6506145000457764
0.8301515579223633
0.732345461845398
0.6214001178741455
0.7249598503112793
0.6504153609275818
0.6223299503326416
0.7467879056930542
0.7141550779342651
0.6256756782531738
0.682952880859375
0.6630536317825317
0.6742199659347534
0.6369056701660156
0.6204705238342285
0.7040481567382812
0.7244549989700317
0.6051726341247559
0.6791466474533081
0.6090748906135559
0.6077418923377991
0.68087238073349
0.6572010517120361
0.6287818551063538
0.7117184996604919
0.6014320254325867
0.711698055267334
0.6754469871520996
0.6855913400650024
0.6732133626937866
0.6704607009887695
0.723638653755188
0.6261609792709351
0.670832633972168
0.6205617785453796
0.6500184535980225
0.6154523491859436
0.6499559879302979
0.6647500991821289
0.6424732804298401
0.6636989116668701
0.7087125778198242
0.6560946702957153
0.6667777895927429
0.6264265179634094
0.7231948375701904
0.5974406599998474
0.6413755416870117
0.6396925449371338
0.6600478887557983
0.6515752077102661
0.6874784231185913
0.6173824071884155
0.6294810175895691
0.7058228850364685
0.6574161052703857
0.6026483774185181
0.7492295503616333
0.6844092011451721
0.6963940858840942
0.6599351763725281
0.6329623460769653
0.6206254959106445
0.679767370223999
0.5879502892494202
0.6712775230407715
0.7662243843078613
0.6862018704414368
0.695255696773529
0.6256932020187378
0.6543688774108887
0.615999698638916
0.6465387344360352
0.6812039613723755
0.6817956566810608
0.6634958386421204
0.6806885004043579
0.6458747386932373
0.6687569618225098
0.6441501379013062
0.6692317724227905
0.6379832625389099
0.6803039312362671
0.6620644330978394
0.5976817607879639
0.6037150025367737
0.6914141178131104
0.7164424657821655
0.6366218328475952
0.6886013746261597
0.6617150902748108
0.6679233908653259
0.6919604539871216
0.6765860915184021
0.6863577365875244
0.6187644004821777
0.6419262290000916
0.6439836621284485
0.7051073312759399
0.646386981010437
0.6169485449790955
0.6001145839691162
0.6706542372703552
0.6683570146560669
0.6708297729492188
0.6627848148345947
0.6438368558883667
0.679318904876709
0.6900972723960876
0.625255823135376
0.5952893495559692
0.6251393556594849
0.6267814040184021
0.6309107542037964
0.6330455541610718
0.6638587117195129
0.6711491346359253
0.648566484451294
0.6102408170700073
0.6296849250793457
0.6526410579681396
0.6571179032325745
0.666365385055542
0.6687808036804199
0.6156970858573914
0.6273339986801147
0.6338673233985901
0.6197627186775208
0.6305592060089111
0.616070032119751
0.6327961683273315
0.7302291393280029
0.6466227769851685
0.6686657071113586
0.6733778715133667
0.6335252523422241
0.6237802505493164
0.6352812051773071
0.6286684274673462
0.7113103866577148
0.7106696367263794
0.6351891160011292
0.6109679937362671
0.645401656627655
0.6419237852096558
0.6399500370025635
0.6630879044532776
0.6408518552780151
0.5989707708358765
0.6050955057144165
0.6195228695869446
0.6470663547515869
0.6581799387931824
0.6007824540138245
0.686418890953064
0.676347017288208
0.6191836595535278
0.6331266760826111
0.580639123916626
0.6700252294540405
0.6438149809837341
0.6156750917434692
0.6517696976661682
0.6410801410675049
0.6261141300201416
0.6760589480400085
0.6583981513977051
0.6706977486610413
0.6593437790870667
0.6024982929229736
0.6157228946685791
0.6454451680183411
0.6620239019393921
0.6553496718406677
0.6876345872879028
0.6569597125053406
0.6460214853286743
0.6706302762031555
0.6241074800491333
0.6018125414848328
0.6564698815345764
0.6537042856216431
0.6908842921257019
0.6714931726455688
0.6964107751846313
0.6398283839225769
0.5974985957145691
0.5924504995346069
0.6692876815795898
0.6474272012710571
0.6224877238273621
0.6094803810119629
0.6180724501609802
0.6331151127815247
0.6458429098129272
0.6207793951034546
0.6366103291511536
0.6179739236831665
0.5666446685791016
0.6545921564102173
0.6524121761322021
0.6790204644203186
0.6693676710128784
0.590630829334259
0.6768170595169067
0.6149784326553345
0.5763981342315674
0.6981565952301025
0.7087214589118958
0.7007864713668823
0.6093717217445374
0.6109023690223694
0.5925829410552979
0.7051722407341003
0.6091878414154053
0.6390604376792908
0.59627366065979
0.6549650430679321
0.626009464263916
0.6851264834403992
0.6961967945098877
0.6786083579063416
0.6544947028160095
0.6157758831977844
0.6258320212364197
0.6884812116622925
0.6181978583335876
0.6366974711418152
0.6000360250473022
0.5943503379821777
0.6453667879104614
0.6324254274368286
0.6634582281112671
0.6369315385818481
0.6395362615585327
0.6283079385757446
0.6423027515411377
0.6580361127853394
0.6467074155807495
0.5997650623321533
0.6570994257926941
0.5598361492156982
0.7098572254180908
0.6250356435775757
0.6593512296676636
0.5945023894309998
0.6577328443527222
0.6350883841514587
0.5717118382453918
0.5966666340827942
0.6743290424346924
0.6215312480926514
0.5854860544204712
0.7014886140823364
0.6147167682647705
0.5882660746574402
0.659396767616272
0.6261260509490967
0.6423615217208862
0.6718422174453735
0.6040362119674683
0.6731407046318054
0.6566075682640076
0.6298656463623047
0.6368143558502197
0.6211917996406555
0.701728105545044
0.5831695795059204
0.6440712213516235
0.5701209306716919
0.6542413234710693
0.6392092108726501
0.6022422313690186
0.6774728894233704
0.6261450052261353
0.6260184049606323
0.589682936668396
0.5855952501296997
0.6211771965026855
0.6918807625770569
0.6260460615158081
0.634432315826416
0.700546383857727
0.6009280681610107
0.5742470622062683
0.6477965116500854
0.7569938898086548
0.6206872463226318
0.7447458505630493
0.6075582504272461
0.6641720533370972
0.6531168818473816
0.6158643364906311
0.6432176828384399
0.6558215618133545
0.7016983032226562
0.6478697657585144
0.6308901309967041
0.6500427722930908
0.6636928915977478
0.6503981351852417
0.6458147168159485
0.6145948171615601
0.6685278415679932
0.6322060823440552
0.6100086569786072
0.653244137763977
0.6416611671447754
0.6545727252960205
0.6611872911453247
0.5771510004997253
0.6090596318244934
0.6526443362236023
0.6259377598762512
0.6342418789863586
0.6283414363861084
0.6120789647102356
0.6453815698623657
0.648052990436554
0.5941405296325684
0.5962110757827759
0.6238418817520142
0.627473771572113
0.6422159671783447
0.6504493951797485
0.616410493850708
0.6732267141342163
0.5943768620491028
0.615946888923645
0.648087739944458
0.6293566226959229
0.6232742071151733
0.6295220255851746
0.7109372615814209
0.5958272814750671
0.6130359172821045
0.5988160371780396
0.6127028465270996
0.6263384819030762
0.6730262041091919
0.6341972947120667
0.6057685613632202
0.6106001138687134
0.6525862812995911
0.6725543737411499
0.5932379961013794
0.6166252493858337
0.6703985333442688
0.6080574989318848
0.5804682970046997
0.6104453802108765
0.6422612071037292
0.636932909488678
0.6352828741073608
0.618087887763977
0.6516293883323669
0.6192038655281067
0.602524995803833
0.5997495651245117
0.6146909594535828
0.6678476929664612
0.6318337917327881
0.6867120265960693
0.6209955215454102
0.6113709807395935
0.659338116645813
0.6227078437805176
0.6452189683914185
0.6513082981109619
0.6485631465911865
0.6414632797241211
0.6442495584487915
0.7105364799499512
0.6459611654281616
0.587879478931427
0.64803147315979
0.5949698686599731
0.600570797920227
0.6139723062515259
0.7014130353927612
0.5788265466690063
0.677708089351654
0.6244107484817505
0.694078803062439
0.6707884669303894
0.6308812499046326
0.6517561674118042
0.6093252301216125
0.631885826587677
0.5879123210906982
0.6203873753547668
0.7532562017440796
0.6323514580726624
0.6294684410095215
0.6305159330368042
0.6797337532043457
0.5871655941009521
0.6383333802223206
0.658405601978302
0.6263185739517212
0.6220863461494446
0.6658557653427124
0.5720530152320862
0.5825273990631104
0.6028017997741699
0.6625794172286987
0.6010436415672302
0.5915542840957642
0.6770098209381104
0.7036406993865967
0.5742135047912598
0.5848693251609802
0.6159540414810181
0.5486377477645874
0.57717365026474
0.6395496726036072
0.7435053586959839
0.640753448009491
0.6504954099655151
0.5901407599449158
0.6500974893569946
0.6803739070892334
0.5727584362030029
0.605988085269928
0.6720831394195557
0.5878497362136841
0.6287469267845154
0.6589502096176147
0.5801741480827332
0.6270514130592346
0.6545254588127136
0.609100341796875
0.627755880355835
0.582528293132782
0.5889044404029846
0.6104512214660645
0.6450079679489136
0.6000555157661438
0.6360677480697632
0.6234613060951233
0.654083251953125
0.5737928152084351
0.6571872234344482
0.6040593385696411
0.5701106786727905
0.6302845478057861
0.5820149183273315
0.6037780046463013
0.6297539472579956
0.5853399038314819
0.6094735860824585
0.6476746797561646
0.5723878145217896
0.6533621549606323
0.6335817575454712
0.6061684489250183
0.5897912383079529
0.5820632576942444
0.6227926015853882
0.6168078184127808
0.6075884103775024
0.5951791405677795
0.6173068881034851
0.6260334253311157
0.6660118103027344
0.5901657938957214
0.6512545347213745
0.6253095865249634
0.606225311756134
0.6714889407157898
0.6421392560005188
0.6763393878936768
0.5923402309417725
0.6137155294418335
0.5778679251670837
0.6606035828590393
0.6255248188972473
0.6545405983924866
0.6398900747299194
0.6348198056221008
0.6250722408294678
0.6262599229812622
0.6360837817192078
0.628220796585083
0.6816622018814087
0.6264500021934509
0.60938560962677
0.5822746753692627
0.7099932432174683
0.5725900530815125
0.6658939123153687
0.6223330497741699
0.6144599914550781
0.6144323945045471
0.6993401050567627
0.7395927906036377
0.6097711324691772
0.609229326248169
0.595173180103302
0.5755667686462402
0.600448727607727
0.6635881066322327
0.5647385120391846
0.582364022731781
0.6523944139480591
0.6588461399078369
0.6870131492614746
0.6749341487884521
0.6701157093048096
0.5687978267669678
0.6066209077835083
0.6394597887992859
0.6563659906387329
0.5855427980422974
0.7044785022735596
0.5970283150672913
0.6030178070068359
0.6246932148933411
0.5876151919364929
0.5957280397415161
0.6923633813858032
0.6192687153816223
0.6332718133926392
0.5805546045303345
0.6219054460525513
0.6448081135749817
0.6772367358207703
0.5994952917098999
0.659200131893158
0.5976450443267822
0.6216055154800415
0.6054103374481201
0.6057572364807129
0.6158787608146667
0.6342276930809021
0.5758495926856995
0.612471878528595
0.5939236879348755
0.6772657632827759
0.6180000305175781
0.5985538959503174
0.6360536813735962
0.6505458950996399
0.5897380709648132
0.6686515808105469
0.6457546353340149
0.6858932375907898
0.6414358615875244
0.6749244332313538
0.6081423759460449
0.591501772403717
0.6019179821014404
0.6408947706222534
0.6446639895439148
0.6149482727050781
0.6224247217178345
0.631628155708313
0.5857006907463074
0.6145248413085938
0.6091883778572083
0.6258300542831421
0.6209602952003479
0.60562664270401
0.5921454429626465
0.599846601486206
0.6707445383071899
0.6667566895484924
0.7137693166732788
0.6232495307922363
0.6690337657928467
0.6208136677742004
0.5891340970993042
0.6011253595352173
0.6551110744476318
0.5787222385406494
0.616636335849762
0.649308979511261
0.6080847382545471
0.5813564658164978
0.6362009048461914
0.6418325901031494
0.6121711134910583
0.5856958627700806
0.6343161463737488
0.5715804100036621
0.6067159175872803
0.620094895362854
0.6359629034996033
0.6535118222236633
0.5965101718902588
0.5921816825866699
0.5842805504798889
0.5977194309234619
0.6578680276870728
0.6538758873939514
0.5994973182678223
0.6687605381011963
0.6005508899688721
0.62256920337677
0.6378182172775269
0.5702122449874878
0.5846472978591919
0.5986344218254089
0.612172544002533
0.6242978572845459
0.6333868503570557
0.5717348456382751
0.6999757289886475
0.6339492797851562
0.572288453578949
0.6232880353927612
0.5795783996582031
0.5759630799293518
0.6095287799835205
0.6277408599853516
0.5615192651748657
0.605392575263977
0.612074077129364
0.6777796745300293
0.5937040448188782
0.5905461311340332
0.6014175415039062
0.6393937468528748
0.5794945955276489
0.6392842531204224
0.643889307975769
0.6633985638618469
0.6237794160842896
0.5856336355209351
0.5809334516525269
0.6910417079925537
0.6392403841018677
0.6589197516441345
0.6253792643547058
0.5983443856239319
0.6649300456047058
0.6215437650680542
0.5855190753936768
0.5871103405952454
0.6016994118690491
0.6851341128349304
0.5810409784317017
0.5802549123764038
0.6396889686584473
0.6004212498664856
0.618664026260376
0.626400351524353
0.6168111562728882
0.6724976301193237
0.6188507676124573
0.6046812534332275
0.6117273569107056
0.6308533549308777
0.631820797920227
0.5582926869392395
0.5914429426193237
0.6301218867301941
0.6394920945167542
0.6197540760040283
0.6492253541946411
0.5576795935630798
0.6136800646781921
0.6713603138923645
0.5872156620025635
0.6277969479560852
0.5871402025222778
0.6443484425544739
0.6639759540557861
0.6464114189147949
0.6101065874099731
0.6192492246627808
0.6120966672897339
0.7004284858703613
0.5707165002822876
0.5648464560508728
0.6305433511734009
0.6009190082550049
0.6590688824653625
0.6024730205535889
0.5894707441329956
0.6130191683769226
0.619292676448822
0.5820839405059814
0.6341140270233154
0.6554540395736694
0.6146436929702759
0.6044044494628906
0.6354550123214722
0.5887265205383301
0.6129446029663086
0.633948028087616
0.5788453817367554
0.6226319074630737
0.646851122379303
0.6466684341430664
0.6659638285636902
0.5934585332870483
0.6084389686584473
0.5899460911750793
0.6718778610229492
0.6689220666885376
0.5952378511428833
0.5882874727249146
0.5940292477607727
0.637470006942749
0.6239655613899231
0.6155661344528198
0.6055713295936584
0.6332508325576782
0.6147331595420837
0.5957561135292053
0.5659566521644592
0.6291495561599731
0.5759983062744141
0.5705969333648682
0.5666809678077698
0.6215425729751587
0.6608245968818665
0.5442536473274231
0.6196027398109436
0.6216098070144653
0.5984307527542114
0.6554261445999146
0.6347031593322754
0.5892958641052246
0.5987769365310669
0.6008336544036865
0.6044024229049683
0.6347478628158569
0.623339056968689
0.616066575050354
0.6272326111793518
0.5605953335762024
0.5999841094017029
0.5881626009941101
0.671676754951477
0.6214177012443542
0.5912949442863464
0.6217947602272034
0.5786300897598267
0.5733789205551147
0.605379581451416
0.5747836232185364
0.6065102219581604
0.5880903005599976
0.6289856433868408
0.6865982413291931
0.6241639256477356
0.62201988697052
0.6321953535079956
0.5874506831169128
0.6212674379348755
0.6516954898834229
0.5810335874557495
0.5836355090141296
0.6138992309570312
0.5922670960426331
0.6109544038772583
0.6159859299659729
0.5943330526351929
0.6403958201408386
0.6059360504150391
0.5731370449066162
0.583122730255127
0.5740441083908081
0.6011587977409363
0.590908408164978
0.6164064407348633
0.5765961408615112
0.6244473457336426
0.5461177229881287
0.6513713598251343
0.5804793834686279
0.6389913558959961
0.5987942218780518
0.6689101457595825
0.5749609470367432
0.5969073176383972
0.6155067682266235
0.6055809855461121
0.617693305015564
0.5639783143997192
0.599768340587616
0.6006962060928345
0.626538097858429
0.6262162923812866
0.6065595149993896
0.6078524589538574
0.5770308375358582
0.5855763554573059
0.5728989243507385
0.5739923715591431
0.622234582901001
0.607161819934845
0.5928430557250977
0.5768473148345947
0.5789712071418762
0.5818310379981995
0.5876206159591675
0.5681015849113464
0.5950964689254761
0.6235405802726746
0.6087103486061096
0.5776911377906799
0.6160885095596313
0.5844882130622864
0.5851740837097168
0.6012722253799438
0.5622338056564331
0.6039571762084961
0.5647259950637817
0.6120991110801697
0.5812934637069702
0.6161901354789734
0.5980908870697021
0.5654662847518921
0.5651044845581055
0.5690829753875732
0.6299940347671509
0.6323401927947998
0.6735849976539612
0.5892180800437927
0.5509648323059082
0.5997046828269958
0.5636659860610962
0.6616482734680176
0.609717845916748
0.6091289520263672
0.64524245262146
0.584381639957428
0.6158759593963623
0.6354376077651978
0.6149953603744507
0.6005286574363708
0.6297487616539001
0.5728663206100464
0.6104960441589355
0.64060378074646
0.6210026144981384
0.5972745418548584
0.5928477048873901
0.5796789526939392
0.6180778741836548
0.5958819389343262
0.6113067865371704
0.6401634216308594
0.6117603182792664
0.6452283263206482
0.6207496523857117
0.6244237422943115
0.5749812126159668
0.5651470422744751
0.5506755113601685
0.6052883863449097
0.6130599975585938
0.566649317741394
0.6016240119934082
0.6469210982322693
0.5770465135574341
0.6219836473464966
0.5686620473861694
0.5908874869346619
0.6291806697845459
0.6212345361709595
0.5934235453605652
0.5685007572174072
0.5975082516670227
0.571847677230835
0.5642189383506775
0.5867366790771484
0.5984369516372681
0.6025806665420532
0.6806486248970032
0.5780545473098755
0.5545250177383423
0.6053816080093384
0.5755409598350525
0.6066474318504333
0.5624433755874634
0.6011326909065247
0.5750076770782471
0.5782613158226013
0.5712132453918457
0.6027658581733704
0.58826744556427
0.5636277794837952
0.6027227640151978
0.5967276096343994
0.6064212918281555
0.5776172876358032
0.5863655805587769
0.590324342250824
0.5773259997367859
0.6405198574066162
0.5911688208580017
0.5534723997116089
0.6152266263961792
0.6081783175468445
0.6244425773620605
0.6387012600898743
0.591190755367279
0.5493532419204712
0.6345469355583191
0.584019660949707
0.5863116383552551
0.6081172227859497
0.6425071954727173
0.5916774272918701
0.581588864326477
0.6190096139907837
0.5985946655273438
0.5640625357627869
0.7015502452850342
0.5979610681533813
0.5893396139144897
0.6018691062927246
0.5394042730331421
0.6256558299064636
0.6176785230636597
0.5826541781425476
0.6033718585968018
0.6035062074661255
0.6035648584365845
0.592054545879364
0.545186460018158
0.6148877739906311
0.5700300335884094
0.602392852306366
0.5622719526290894
0.6033531427383423
0.6621037721633911
0.5503755807876587
0.5787727236747742
0.5733840465545654
0.5991342663764954
0.575786292552948
0.5597759485244751
0.626245379447937
0.6040605902671814
0.569501519203186
0.6013890504837036
0.5803912878036499
0.5440933704376221
0.6092692613601685
0.6003304719924927
0.5894117951393127
0.6090998649597168
0.6103588342666626
0.5903040170669556
0.5965887308120728
0.5980803370475769
0.645812451839447
0.618513822555542
0.6456875205039978
0.5999605655670166
0.6131015419960022
0.5583617091178894
0.589682936668396
0.568647563457489
0.640486478805542
0.5871260762214661
0.5910449028015137
0.6450322270393372
0.6047245264053345
0.5709601640701294
0.5380287766456604
0.5889973640441895
0.6691837310791016
0.6088258028030396
0.5937129855155945
0.6092212200164795
0.6603612899780273
0.5699625015258789
0.5487267971038818
0.5667749047279358
0.6727759838104248
0.5866429209709167
0.612517237663269
0.5970922112464905
0.5798405408859253
0.5829921364784241
0.6927541494369507
0.6187065839767456
0.5774674415588379
0.5624324083328247
0.5845119953155518
0.6404560208320618
0.5975515246391296
0.6356921792030334
0.6201810836791992
0.5796788334846497
0.6323636174201965
0.6507323384284973
0.5950504541397095
0.5733510255813599
0.5861729383468628
0.6549283266067505
0.6205896735191345
0.5626958608627319
0.5973266363143921
0.6278610825538635
0.6494203209877014
0.6244710087776184
0.5708873271942139
0.6035218834877014
0.600614607334137
0.5925871133804321
0.5974563360214233
0.6020622849464417
0.6345688104629517
0.5824763178825378
0.6095057725906372
0.5489807724952698
0.649808406829834
0.6697105169296265
0.5672327280044556
0.5795159935951233
0.5966917276382446
0.5500521063804626
0.6395823955535889
0.6043896675109863
0.6710651516914368
0.5434117317199707
0.6246578693389893
0.5874544382095337
0.653079628944397
0.5335761308670044
0.5544139742851257
0.578565776348114
0.5638350248336792
0.6156108975410461
0.643626868724823
0.6319034099578857
0.5694724321365356
0.5671107172966003
0.5982176661491394
0.6519514322280884
0.6319137811660767
0.6329877376556396
0.5910808444023132
0.5833324193954468
0.5757315754890442
0.629521369934082
0.6080329418182373
0.5820072889328003
0.5980594754219055
0.7039110660552979
0.6304168105125427
0.5917030572891235
0.6176162958145142
0.5900029540061951
0.5961147546768188
0.6086090207099915
0.6092985272407532
0.5685402750968933
0.5737420320510864
0.5436869859695435
0.5849720239639282
0.6059528589248657
0.6212652325630188
0.6081942319869995
0.5774785280227661
0.5810174942016602
0.5477592945098877
0.6009580492973328
0.5860908031463623
0.5976800918579102
0.5705451369285583
0.5792195796966553
0.5805971622467041
0.5780313014984131
0.6323672533035278
0.5755891799926758
0.6078413128852844
0.5935559272766113
0.6479271650314331
0.5701044201850891
0.5642009973526001
0.6148557066917419
0.6099450588226318
0.5892304182052612
0.6151942014694214
0.5875158309936523
0.6049605011940002
0.6038872003555298
0.5958744287490845
0.6467433571815491
0.6043288707733154
0.6164039969444275
0.5735071897506714
0.5762704610824585
0.6039979457855225
0.6256996393203735
0.5744978785514832
0.6205986738204956
0.6026444435119629
0.6029602289199829
0.6164627075195312
0.5536285638809204
0.5335160493850708
0.6030522584915161
0.5786544680595398
0.6039010286331177
0.632390022277832
0.5750492811203003
0.5582488775253296
0.5716407299041748
0.5935711860656738
0.5920090675354004
0.6295066475868225
0.5888686776161194
0.5699236392974854
0.5456976890563965
0.6142483949661255
0.5752004384994507
0.5713690519332886
0.5947325825691223
0.5837908983230591
0.5660462975502014
0.6096771955490112
0.5665282011032104
0.5618237257003784
0.5695135593414307
0.6348730325698853
0.5538168549537659
0.6169141530990601
0.6004505157470703
0.5400545597076416
0.5608149766921997
0.6451577544212341
0.5995824933052063
0.543109655380249
0.5578573942184448
0.5811053514480591
0.6303712725639343
0.61204993724823
0.6061026453971863
0.6086878776550293
0.5780659317970276
0.5933836698532104
0.6406581997871399
0.544119119644165
0.5723763704299927
0.619705080986023
0.5611062049865723
0.6389991044998169
0.5939737558364868
0.622261643409729
0.5546348094940186
0.5812963843345642
0.5893787145614624
0.5522032380104065
0.6255894303321838
0.5504336357116699
0.578721284866333
0.5833905935287476
0.5963190793991089
0.5773683190345764
0.5762407183647156
0.608051598072052
0.5590079426765442
0.6565382480621338
0.5688110589981079
0.5800744295120239
0.589678168296814
0.6308932900428772
0.598382830619812
0.5820821523666382
0.5772659182548523
0.5803176164627075
0.5899256467819214
0.5726252794265747
0.5392860174179077
0.5406174063682556
0.6042042970657349
0.6069900989532471
0.6061869263648987
0.5767673254013062
0.6211516261100769
0.5599774122238159
0.5771213173866272
0.6335824728012085
0.5869710445404053
0.635657548904419
0.590372622013092
0.5864503979682922
0.5707128643989563
0.5685927867889404
0.5665412545204163
0.5945175886154175
0.571379542350769
0.6212944984436035
0.5867042541503906
0.6021735668182373
0.5930711627006531
0.5969497561454773
0.6113660335540771
0.6254198551177979
0.5863456726074219
0.5417069792747498
0.5971848368644714
0.5492712259292603
0.5658560991287231
0.5900432467460632
0.5847602486610413
0.5941294431686401
0.6563841104507446
0.5266736745834351
0.5537174344062805
0.6312828660011292
0.6252650618553162
0.5697942972183228
0.5979781746864319
0.5362764596939087
0.5963013172149658
0.6234413385391235
0.5589814186096191
0.5926716327667236
0.5725902915000916
0.5797879695892334
0.5673234462738037
0.6399745345115662
0.580366849899292
0.6129441261291504
0.6386241912841797
0.5839785933494568
0.601682186126709
0.565470814704895
0.5688334703445435
0.6000720858573914
0.6111152172088623
0.6152010560035706
0.6127632856369019
0.5689855813980103
0.6447582840919495
0.5796334743499756
0.5571186542510986
0.5769137144088745
0.5874193906784058
0.5385567545890808
0.5997742414474487
0.5862293839454651
0.6049259305000305
0.5836125016212463
0.5377616882324219
0.6313768029212952
0.5825538635253906
0.6172749400138855
0.6051177978515625
0.5556412935256958
0.5788235664367676
0.5409232974052429
0.5791325569152832
0.5905996561050415
0.5393696427345276
0.5440893173217773
0.6023846864700317
0.559391438961029
0.5921541452407837
0.6277890205383301
0.5828883647918701
0.6015313863754272
0.5766273736953735
0.591180682182312
0.5779411792755127
0.5720244646072388
0.5538122653961182
0.6232777833938599
0.5820287466049194
0.5586859583854675
0.5464630722999573
0.5462597608566284
0.6045801639556885
0.5995558500289917
0.535498857498169
0.5698142647743225
0.5675311088562012
0.5656371116638184
0.5912752151489258
0.5871965885162354
0.558379054069519
0.5454761981964111
0.591842532157898
0.5841954946517944
0.5415859222412109
0.5789689421653748
0.5899360179901123
0.5425332188606262
0.6396492719650269
0.6207623481750488
0.5345559120178223
0.541764497756958
0.580342173576355
0.5796924233436584
0.5523641109466553
0.5945642590522766
0.5884098410606384
0.5693848133087158
0.6121131181716919
0.5774476528167725
0.6204477548599243
0.564862847328186
0.5598443746566772
0.6125017404556274
0.5853652954101562
0.5757997632026672
0.5554215908050537
0.5856546759605408
0.5573639869689941
0.6134737730026245
0.5723278522491455
0.5637838840484619
0.5468268394470215
0.6457540988922119
0.6184494495391846
0.572982907295227
0.6362597942352295
0.5633754730224609
0.5842393636703491
0.5939761996269226
0.6292961239814758
0.572168231010437
0.5449244976043701
0.5593522787094116
0.5791165232658386
0.5468909740447998
0.6041236519813538
0.5476641058921814
0.5687519311904907
0.5613142848014832
0.5803393721580505
0.5742268562316895
0.566781759262085
0.5843657851219177
0.5696337819099426
0.605711042881012
0.5880857706069946
0.6009717583656311
0.5594592690467834
0.5568538904190063
0.6228018999099731
0.6005479097366333
0.5549675226211548
0.6122064590454102
0.5913621783256531
0.5448634624481201
0.5794050693511963
0.5838639736175537
0.5375620722770691
0.6236259937286377
0.5563374757766724
0.6070541143417358
0.6033784747123718
0.6234593391418457
0.5979554057121277
0.6037282347679138
0.5447308421134949
0.5884398221969604
0.6069787740707397
0.5838916897773743
0.568152904510498
0.5550623536109924
0.5801007747650146
0.5871149301528931
0.5918843746185303
0.5592771768569946
0.6435030698776245
0.5679944157600403
0.5916538238525391
0.5640126466751099
0.5797216892242432
0.5474470853805542
0.5529720783233643
0.5458419322967529
0.662102222442627
0.6138926148414612
0.5515723824501038
0.5587467551231384
0.5329924821853638
0.5670617818832397
0.5824673771858215
0.5465132594108582
0.5679576992988586
0.5942587852478027
0.6386144161224365
0.5969374179840088
0.5613616108894348
0.5754984617233276
0.5944639444351196
0.5816141963005066
0.5744672417640686
0.5545739531517029
0.5502363443374634
0.6042919158935547
0.5790112018585205
0.6117808818817139
0.6311184167861938
0.6117566823959351
0.6291454434394836
0.5445400476455688
0.5981577634811401
0.5576727986335754
0.5853419899940491
0.5778701305389404
0.5521572828292847
0.6356424689292908
0.6028563976287842
0.5921287536621094
0.5531343817710876
0.5556850433349609
0.5962694883346558
0.5717359185218811
0.5682075619697571
0.6213343739509583
0.6095544099807739
0.6175689101219177
0.6078032851219177
0.5523324012756348
0.6133142113685608
0.6073869466781616
0.6575319766998291
0.5415431261062622
0.5594645738601685
0.5615617036819458
0.5512463450431824
0.5918703079223633
0.5896464586257935
0.5679531097412109
0.6275961399078369
0.5640628337860107
0.5884475111961365
0.6401102542877197
0.6375654935836792
0.5857023000717163
0.5965140461921692
0.5769143104553223
0.5770390629768372
0.5565374493598938
0.6153916716575623
0.6471045613288879
0.6214490532875061
0.5190256237983704
0.5450229644775391
0.5793453454971313
0.5779107809066772
0.5946325659751892
0.5981385707855225
0.5534297227859497
0.5414899587631226
0.548227071762085
0.5740650296211243
0.6036271452903748
0.5458594560623169
0.5775711536407471
0.566669762134552
0.5548187494277954
0.6268970370292664
0.5670815706253052
0.5670234560966492
0.5855429768562317
0.6057471036911011
0.6055240035057068
0.5829324126243591
0.5891777276992798
0.5632341504096985
0.5897995233535767
0.5635011196136475
0.5884323120117188
0.6118191480636597
0.5238943099975586
0.5560656189918518
0.6340886950492859
0.5995303392410278
0.5502315759658813
0.5708708763122559
0.6280903816223145
0.5418160557746887
0.5750737190246582
0.5490661859512329
0.6289726495742798
0.5795111060142517
0.5962205529212952
0.5583651065826416
0.5613406896591187
0.5970342755317688
0.5934114456176758
0.5753651857376099
0.5923967361450195
0.5355715751647949
0.5844830870628357
0.5855236649513245
0.5887683033943176
0.6389908790588379
0.5552240014076233
0.5798406004905701
0.5331690907478333
0.5677406787872314
0.6345462203025818
0.5729438066482544
0.6425601243972778
0.5964968204498291
0.5728622674942017
0.58220374584198
0.6734614372253418
0.5802085399627686
0.5363844633102417
0.5799283981323242
0.5912352204322815
0.5928158164024353
0.5526599884033203
0.5993764400482178
0.5396202802658081
0.6398711204528809
0.5888943672180176
0.5714564323425293
0.5533391833305359
0.6066948175430298
0.5778400301933289
0.5699992775917053
0.624610185623169
0.6047409772872925
0.5856699347496033
0.5836560726165771
0.6073338389396667
0.607957124710083
0.585007905960083
0.6366352438926697
0.578863799571991
0.540145218372345
0.5835119485855103
0.5650299191474915
0.5292254686355591
0.5731416940689087
0.6050000190734863
0.54327392578125
0.5673364400863647
0.5423116087913513
0.5880322456359863
0.6203921437263489
0.5632825493812561
0.5835100412368774
0.5658900737762451
0.6096177101135254
0.5847018957138062
0.5507639646530151
0.5356622934341431
0.579993486404419
0.614845335483551
0.5617727041244507
0.577990710735321
0.588272750377655
0.5578775405883789
0.5539485216140747
0.6212582588195801
0.5657199621200562
0.5418528914451599
0.5490247011184692
0.6039230227470398
0.5572264194488525
0.5753964185714722
0.6257611513137817
0.5922727584838867
0.5246459245681763
0.5593808889389038
0.583017110824585
0.5901644825935364
0.5623081922531128
0.5408179759979248
0.569083034992218
0.5267205834388733
0.5864948630332947
0.5440085530281067
0.5686948299407959
0.5959988236427307
0.5940101742744446
0.5522599816322327
0.5949415564537048
0.5349833369255066
0.5985177755355835
0.5931789875030518
0.5623960494995117
0.5549384951591492
0.5620429515838623
0.605656623840332
0.6007430553436279
0.559577226638794
0.6350885629653931
0.5656307935714722
0.6147556900978088
0.6322211623191833
0.519900918006897
0.5766009092330933
0.5638428926467896
0.5524434447288513
0.5599665641784668
0.5461946725845337
0.5479212999343872
0.6304335594177246
0.5569829940795898
0.5883249640464783
0.5766980648040771
0.5671506524085999
0.5692008137702942
0.5852483510971069
0.6321297883987427
0.5423659086227417
0.5728490352630615
0.5279240608215332
0.5594915747642517
0.5551332831382751
0.5959618091583252
0.5967825055122375
0.6017473340034485
0.5816749334335327
0.5800710916519165
0.5684582591056824
0.5732830762863159
0.5429821014404297
0.5850985050201416
0.5803958177566528
0.5837051272392273
0.5715526938438416
0.5601111054420471
0.5965291261672974
0.5683208703994751
0.6430789232254028
0.6016699075698853
0.5738574266433716
0.5764710307121277
0.5269742608070374
0.566987931728363
0.5629254579544067
0.5791465640068054
0.5413910150527954
0.5342050194740295
0.5724161863327026
0.6726665496826172
0.558297336101532
0.6599307060241699
0.5465124845504761
0.5792021155357361
0.573989748954773
0.6178057789802551
0.5823510885238647
0.5995604395866394
0.5232239961624146
0.554829478263855
0.550995409488678
0.5666548013687134
0.5830295085906982
0.5912749171257019
0.6009310483932495
0.556694746017456
0.5554252862930298
0.5628960132598877
0.539119303226471
0.568723201751709
0.5768983960151672
0.6199383735656738
0.5892729163169861
0.564702033996582
0.509384036064148
0.6093934774398804
0.5533044338226318
0.567345142364502
0.5389269590377808
0.5378929376602173
0.6033402681350708
0.5730007290840149
0.5609804391860962
0.594477653503418
0.5295366644859314
0.5172040462493896
0.5704022645950317
0.5539308190345764
0.5529576539993286
0.5625964403152466
0.627540111541748
0.5906952619552612
0.5705289840698242
0.5633648633956909
0.5630514025688171
0.6387418508529663
0.636696994304657
0.5534375309944153
0.5807201862335205
0.6451671123504639
0.5548290610313416
0.5301499962806702
0.6223310828208923
0.5576940774917603
0.5691640973091125
0.5926207304000854
0.5723401308059692
0.5588967800140381
0.564018189907074
0.5229681730270386
0.6362372040748596
0.5465763807296753
0.5294825434684753
0.5863091945648193
0.529340386390686
0.5393243432044983
0.5993366241455078
0.5254554748535156
0.6149120330810547
0.5586544275283813
0.5706937313079834
0.5572528839111328
0.5761185884475708
0.5656309723854065
0.5590063333511353
0.5733012557029724
0.644558310508728
0.5367391109466553
0.5537981390953064
0.5757763385772705
0.5943034291267395
0.5638740062713623
0.5800740718841553
0.5498934984207153
0.5547081232070923
0.569811224937439
0.5601993799209595
0.5464013814926147
0.5469321608543396
0.5617078542709351
0.5455068945884705
0.5845012068748474
0.59541255235672
0.6186733245849609
0.5731838345527649
0.5789082050323486
0.5680005550384521
0.6655656695365906
0.5907540917396545
0.5864779353141785
0.5712615847587585
0.5984896421432495
0.5636770129203796
0.5545426607131958
0.6129783391952515
0.5958566069602966
0.6541587114334106
0.5930365324020386
0.559918999671936
0.5555644035339355
0.5577535629272461
0.5935081243515015
0.5904897451400757
0.6161209344863892
0.6039290428161621
0.6329615116119385
0.5759342908859253
0.6030863523483276
0.547410249710083
0.5768968462944031
0.5700138807296753
0.5849119424819946
0.5627056956291199
0.615611732006073
0.566140353679657
0.5291987061500549
0.5507788062095642
0.5625847578048706
0.5498188734054565
0.5416065454483032
0.5804935097694397
0.5538785457611084
0.6167210340499878
0.604407548904419
0.5948882699012756
0.5255765914916992
0.5207957625389099
0.5778365135192871
0.6082251071929932
0.5634751319885254
0.560735821723938
0.625916600227356
0.610099196434021
0.5524729490280151
0.5415624976158142
0.6307622790336609
0.5796260833740234
0.5419245362281799
0.6270608901977539
0.582904577255249
0.5323231816291809
0.5373386144638062
0.5657074451446533
0.5434198379516602
0.5624998807907104
0.5842763185501099
0.5571376085281372
0.5689499378204346
0.5725297927856445
0.6195231676101685
0.552323579788208
0.6331079006195068
0.5578328371047974
0.5642044544219971
0.5715229511260986
0.537661075592041
0.5812103748321533
0.627065896987915
0.6068071126937866
0.522540271282196
0.5476396679878235
0.5726714134216309
0.5419117212295532
0.5766988396644592
0.5679494142532349
0.5636575222015381
0.5632752180099487
0.576337993144989
0.5901844501495361
0.5805773138999939
0.5365681052207947
0.5883513689041138
0.5661384463310242
0.5576489567756653
0.5721619129180908
0.5692515969276428
0.593223512172699
0.597915530204773
0.5670107007026672
0.5716044902801514
0.573428750038147
0.5543933510780334
0.5679106712341309
0.5344095230102539
0.6183892488479614
0.5561855435371399
0.5861589908599854
0.5678964257240295
0.6757602691650391
0.563939094543457
0.5966048836708069
0.5846174359321594
0.6010118126869202
0.5650416612625122
0.5482722520828247
0.5766704082489014
0.6215958595275879
0.611864447593689
0.5866276025772095
0.5763533115386963
0.5797227025032043
0.5795045495033264
0.5669524669647217
0.5976661443710327
0.5493910312652588
0.5672241449356079
0.585407555103302
0.5489476323127747
0.5789043307304382
0.5581170320510864
0.5247315168380737
0.5895854234695435
0.5880181789398193
0.5809496641159058
0.5482978820800781
0.5349043607711792
0.5413148999214172
0.5337863564491272
0.6578772068023682
0.556857705116272
0.6192988157272339
0.5538298487663269
0.5501242876052856
0.5519310235977173
0.5896610617637634
0.5834214091300964
0.565308153629303
0.5668349266052246
0.5238599181175232
0.6036912202835083
0.5368266701698303
0.5850569009780884
0.6124125123023987
0.5180953741073608
0.5488244295120239
0.5623418092727661
0.5422912836074829
0.5472797155380249
0.5447994470596313
0.5753045678138733
0.5562886595726013
0.555279016494751
0.587986409664154
0.541820764541626
0.5342751741409302
0.5820482969284058
0.5791956782341003
0.553891122341156
0.576509416103363
0.583624541759491
0.5616682171821594
0.6388822793960571
0.5668500661849976
0.5668013095855713
0.6013903021812439
0.5474525690078735
0.5677493214607239
0.5438334345817566
0.535550594329834
0.5673313140869141
0.5334125757217407
0.6152619123458862
0.5715202689170837
0.5387522578239441
0.5593833923339844
0.5884089469909668
0.6571903824806213
0.5521334409713745
0.6011654734611511
0.6069049835205078
0.5201507210731506
0.5833601951599121
0.5263859033584595
0.5931575298309326
0.5709940791130066
0.5590401887893677
0.5885226726531982
0.534023642539978
0.5569717288017273
0.5416496992111206
0.5446658134460449
0.6025395393371582
0.5412729978561401
0.5330910682678223
0.5625472664833069
0.5093618035316467
0.5698806047439575
0.5438848733901978
0.5669083595275879
0.5370937585830688
0.6066720485687256
0.5756442546844482
0.5465633273124695
0.5638195276260376
0.5779548287391663
0.6141774654388428
0.597622275352478
0.5899004936218262
0.6202775239944458
0.5853294134140015
0.5865432620048523
0.6108402609825134
0.5705368518829346
0.5697702169418335
0.5597548484802246
0.5541601181030273
0.5743387937545776
0.5640696287155151
0.595612108707428
0.5705901980400085
0.5917654037475586
0.580704927444458
0.5922561883926392
0.5818496942520142
0.5426344275474548
0.5842366218566895
0.5357615947723389
0.575890064239502
0.5612086057662964
0.5394795536994934
0.5431166887283325
0.5655084252357483
0.5374248027801514
0.5518801212310791
0.550640881061554
0.541487455368042
0.5490485429763794
0.5839491486549377
0.5785461664199829
0.5920803546905518
0.5708035230636597
0.5385199189186096
0.5347037315368652
0.5636966824531555
0.5651391744613647
0.543274462223053
0.5504337549209595
0.5404967665672302
0.5696561932563782
0.5740424394607544
0.5610229969024658
0.5448562502861023
0.5654613375663757
0.6136549711227417
0.5861737132072449
0.5657426118850708
0.5444108843803406
0.5577783584594727
0.5609815716743469
0.5410771369934082
0.5955612659454346
0.5461181998252869
0.5177017450332642
0.5753792524337769
0.6108992695808411
0.580194890499115
0.6091477870941162
0.5351253747940063
0.5899929404258728
0.599190354347229
0.6472160816192627
0.5480196475982666
0.5791710615158081
0.5316197872161865
0.5316494703292847
0.5987904667854309
0.5251750946044922
0.6145298480987549
0.6143012046813965
0.5966002941131592
0.6068298816680908
0.5478050708770752
0.5412975549697876
0.5501463413238525
0.5475906133651733
0.5083154439926147
0.5434772968292236
0.608525812625885
0.5798085927963257
0.5914292931556702
0.5372695922851562
0.5591861605644226
0.5320224761962891
0.5865284204483032
0.5251894593238831
0.5046887993812561
0.5837305784225464
0.6386467218399048
0.613144040107727
0.5542848706245422
0.5572446584701538
0.6167805194854736
0.5599596500396729
0.5911149382591248
0.5649933218955994
0.5842886567115784
0.5378714203834534
0.5796887874603271
0.6386805772781372
0.5492851138114929
0.5915392637252808
0.530627965927124
0.6108226776123047
0.5820090174674988
0.5771817564964294
0.594659686088562
0.5360440015792847
0.562074601650238
0.5765365958213806
0.620903491973877
0.5914278030395508
0.5399985909461975
0.5475279688835144
0.56827712059021
0.5757899284362793
0.5867267847061157
0.5738058686256409
0.5841727256774902
0.57981938123703
0.5588801503181458
0.5316935777664185
0.5754673480987549
0.5862076282501221
0.5651255249977112
0.5629569292068481
0.5355086922645569
0.5058515071868896
0.5233513116836548
0.5718944668769836
0.6229109764099121
0.5572300553321838
0.5662766098976135
0.5610922574996948
0.5429407358169556
0.5653092861175537
0.5329259634017944
0.5429948568344116
0.6107591986656189
0.5465144515037537
0.5284469127655029
0.5710104703903198
0.5552425980567932
0.5736640691757202
0.5545864701271057
0.5209178924560547
0.5977293252944946
0.551542341709137
0.5768511295318604
0.5929261445999146
0.5509051084518433
0.546244204044342
0.5715271234512329
0.6341130137443542
0.5564324855804443
0.5852146148681641
0.5879690647125244
0.578842043876648
0.5201593041419983
0.5372546911239624
0.5196316838264465
0.5468014478683472
0.5496412515640259
0.565131664276123
0.5404554009437561
0.5586901307106018
0.5655232667922974
0.6409119367599487
0.6021910309791565
0.5940670967102051
0.5999334454536438
0.5461617112159729
0.5756603479385376
0.5996359586715698
0.5180248022079468
0.5822755694389343
0.5500940084457397
0.5797761082649231
0.5913866758346558
0.5447549819946289
0.5744197964668274
0.5960330963134766
0.5533839464187622
0.5474081635475159
0.5379536151885986
0.5453652143478394
0.585502028465271
0.5282891988754272
0.5477901697158813
0.5595462918281555
0.5890510082244873
0.526695191860199
0.5798043012619019
0.5656992197036743
0.563324511051178
0.6727640628814697
0.5888901948928833
0.5961459279060364
0.5588242411613464
0.5346038341522217
0.6193763017654419
0.5224554538726807
0.5587549209594727
0.5470806360244751
0.5535393357276917
0.5299992561340332
0.543858528137207
0.5956507325172424
0.544840395450592
0.553356409072876
0.5488899350166321
0.5567278861999512
0.5481317639350891
0.5452156662940979
0.6102567315101624
0.5831952691078186
0.5405371189117432
0.5635678768157959
0.5421164035797119
0.5880693197250366
0.5722563862800598
0.5664456486701965
0.5871084928512573
0.5733646154403687
0.5711230039596558
0.5575445890426636
0.5714277625083923
0.6429411172866821
0.5461669564247131
0.5206685662269592
0.5495550632476807
0.5477882027626038
0.6816482543945312
0.5781188011169434
0.5757761001586914
0.5124142169952393
0.5491217970848083
0.5801627039909363
0.528551459312439
0.5602133274078369
0.5833266973495483
0.5343806743621826
0.5707403421401978
0.5585525631904602
0.5334571599960327
0.541895866394043
0.5781816244125366
0.5833553671836853
0.6047621965408325
0.5650233030319214
0.5595007538795471
0.5500789880752563
0.5978082418441772
0.5715823173522949
0.5322598814964294
0.5645840764045715
0.5470892190933228
0.5813966989517212
0.5750146508216858
0.5613687038421631
0.5515320897102356
0.5355254411697388
0.5436046123504639
0.5264644622802734
0.5088313221931458
0.5228201746940613
0.5234507918357849
0.5614021420478821
0.5422759056091309
0.585578441619873
0.5283069610595703
0.5871813893318176
0.5988634824752808
0.5373206734657288
0.5826539993286133
0.5580708384513855
0.5337362885475159
0.634812593460083
0.5254502296447754
0.51780104637146
0.6022857427597046
0.5561202764511108
0.5552948117256165
0.5526300668716431
0.5809495449066162
0.5980772376060486
0.5617305636405945
0.5332516431808472
0.5589295625686646
0.5668020844459534
0.6134948134422302
0.5726618766784668
0.5351577997207642
0.5540129542350769
0.5649619698524475
0.6379556655883789
0.5935261249542236
0.5682933330535889
0.5634077787399292
0.5873361825942993
0.5394814014434814
0.5526140332221985
0.6031288504600525
0.5682141184806824
0.5434889793395996
0.5498760938644409
0.5526058077812195
0.553473711013794
0.5995367169380188
0.5990258455276489
0.5712168216705322
0.5752757787704468
0.5714451670646667
0.554349958896637
0.5329235196113586
0.588178813457489
0.5668407678604126
0.5671254396438599
0.5612033605575562
0.5448830723762512
0.5426769256591797
0.6264636516571045
0.5454537868499756
0.5587216019630432
0.5846299529075623
0.5421080589294434
0.5608816742897034
0.5794832706451416
0.5652303695678711
0.5790625214576721
0.5612062811851501
0.5402027368545532
0.5799378752708435
0.5656406879425049
0.5684675574302673
0.5215121507644653
0.5842229127883911
0.5952444672584534
0.5671385526657104
0.531641960144043
0.5070620775222778
0.5659357309341431
0.5687985420227051
0.5963650941848755
0.5882034301757812
0.5673631429672241
0.5515593886375427
0.5520490407943726
0.5771965980529785
0.5635088682174683
0.572982132434845
0.5534435510635376
0.5624501705169678
0.6146718263626099
0.5646829605102539
0.5856232643127441
0.5370283126831055
0.6250680088996887
0.5553398728370667
0.5681262016296387
0.6415372490882874
0.5718555450439453
0.5848597884178162
0.6070247888565063
0.590183675289154
0.6199212074279785
0.5655552744865417
0.56229567527771
0.5425733327865601
0.5393409132957458
0.6258479952812195
0.5917852520942688
0.5751978754997253
0.5736691355705261
0.6363170742988586
0.5220092535018921
0.5356197953224182
0.6000191569328308
0.5874754190444946
0.608171820640564
0.5688601136207581
0.5972079038619995
0.6001679301261902
0.6112531423568726
0.594481348991394
0.6336461901664734
0.5806736350059509
0.5636141300201416
0.5533636808395386
0.6000219583511353
0.5754148960113525
0.5744522213935852
0.6455175876617432
0.6007404923439026
0.5665888786315918
0.55882328748703
0.5563454031944275
0.5828208923339844
0.5573286414146423
0.5613601803779602
0.550747811794281
0.5216530561447144
0.5987216234207153
0.6150282621383667
0.5748875141143799
0.5633702874183655
0.566059947013855
0.540862500667572
0.5592692494392395
0.5142471194267273
0.5958635807037354
0.5380395650863647
0.6094487905502319
0.5559635162353516
0.5466386079788208
0.5528315305709839
0.5327327251434326
0.5477120280265808
0.5094149708747864
0.5886693000793457
0.5482351183891296
0.5360684394836426
0.5535587668418884
0.619787871837616
0.5465407967567444
0.5945470333099365
0.5413958430290222
0.5931417942047119
0.5797621011734009
0.5480932593345642
0.5143356919288635
0.5247565507888794
0.5417780876159668
0.5498981475830078
0.5259906053543091
0.4988032579421997
0.5145645141601562
0.5643128752708435
0.5661776661872864
0.6040034294128418
0.5495737195014954
0.5895204544067383
0.5479718446731567
0.5412535071372986
0.5677210092544556
0.5330389738082886
0.5334254503250122
0.5528769493103027
0.5635111331939697
0.5569457411766052
0.5935609340667725
0.5638176798820496
0.5887584686279297
0.544905960559845
0.5885049700737
0.5374040603637695
0.5258258581161499
0.5442206263542175
0.5373649597167969
0.5463436245918274
0.574817419052124
0.5427833199501038
0.5605172514915466
0.5940945744514465
0.5452075004577637
0.5896430015563965
0.5290459394454956
0.534042239189148
0.537831723690033
0.5671390295028687
0.5499660968780518
0.5855124592781067
0.5755262970924377
0.5524849891662598
0.5612690448760986
0.5519388914108276
0.5643786191940308
0.6045487523078918
0.5380110740661621
0.5452623963356018
0.5543210506439209
0.5533347725868225
0.5275857448577881
0.5312317609786987
0.5236245393753052
0.5594233870506287
0.5579612851142883
0.5370107889175415
0.536381721496582
0.5421193242073059
0.519378125667572
0.5443209409713745
0.5906156897544861
0.5340322256088257
0.5289617776870728
0.5855754017829895
0.5712026357650757
0.5856410264968872
0.5940539240837097
0.6050094962120056
0.5415059328079224
0.5051535367965698
0.543597936630249
0.5703074932098389
0.5991407632827759
0.5562835335731506
0.5336591601371765
0.568270742893219
0.5611181259155273
0.571743369102478
0.5485373139381409
0.5810965895652771
0.5661776065826416
0.5702337026596069
0.5345944762229919
0.5179790258407593
0.613939106464386
0.5830514430999756
0.5813786387443542
0.5460946559906006
0.5246968269348145
0.5492258071899414
0.5410714149475098
0.5525898933410645
0.5653319954872131
0.5070475935935974
0.5794209241867065
0.5824970006942749
0.5422295928001404
0.5788154602050781
0.529700517654419
0.5865347385406494
0.5537177324295044
0.5296332836151123
0.5749826431274414
0.5496669411659241
0.5794365406036377
0.5382099151611328
0.5560810565948486
0.5488592386245728
0.593249499797821
0.5610849261283875
0.5530787706375122
0.5401144027709961
0.542865514755249
0.5357757806777954
0.5635286569595337
0.5414016842842102
0.550239086151123
0.5556882619857788
0.5288153886795044
0.566525936126709
0.5255557298660278
0.5480915307998657
0.528885543346405
0.5349688529968262
0.6188451051712036
0.5938156247138977
0.5393297672271729
0.5848503708839417
0.5364607572555542
0.5410578846931458
0.5314538478851318
0.5881597995758057
0.549359917640686
0.5482065081596375
0.5529619455337524
0.5283905267715454
0.5314435362815857
0.5748068690299988
0.5362752676010132
0.5331974625587463
0.5722180604934692
0.5588775873184204
0.5299041271209717
0.566788911819458
0.5657550692558289
0.5701825618743896
0.5502589344978333
0.5849443674087524
0.5781166553497314
0.5748558044433594
0.5894955396652222
0.5287665724754333
0.5290265679359436
0.5448383092880249
0.5363024473190308
0.5658438801765442
0.5518361926078796
0.6023886799812317
0.5349839925765991
0.5065803527832031
0.5380480885505676
0.5267194509506226
0.5506675243377686
0.5686547756195068
0.6087141633033752
0.5663915872573853
0.5817742347717285
0.5731898546218872
0.5803510546684265
0.5670133829116821
0.6216102838516235
0.5724837183952332
0.5228463411331177
0.55570387840271
0.613713264465332
0.5307096838951111
0.5571986436843872
0.5833032727241516
0.5425426959991455
0.5247581005096436
0.5537025928497314
0.5304883122444153
0.5190245509147644
0.5802574753761292
0.533549427986145
0.5861983895301819
0.6018639802932739
0.6080334782600403
0.5413506031036377
0.5963400602340698
0.5554533004760742
0.521187961101532
0.5636416077613831
0.5533260703086853
0.530095100402832
0.5666365623474121
0.5426572561264038
0.5402532815933228
0.5345433354377747
0.5774993896484375
0.5326745510101318
0.5615266561508179
0.5467571020126343
0.5569667816162109
0.6101830005645752
0.5731366276741028
0.5432682633399963
0.5796056985855103
0.5532703399658203
0.5311174392700195
0.5473446249961853
0.5224902629852295
0.6112158298492432
0.5488277673721313
0.5122430920600891
0.5247478485107422
0.5417537689208984
0.5684667825698853
0.5516955852508545
0.6336745023727417
0.537523627281189
0.5310845375061035
0.5604403018951416
0.5853884220123291
0.5782336592674255
0.5688897967338562
0.5881731510162354
0.49983274936676025
0.5545724630355835
0.5541447997093201
0.550634503364563
0.5412518382072449
0.5239302515983582
0.542778730392456
0.5329224467277527
0.5454553961753845
0.5454123020172119
0.5821793675422668
0.5472489595413208
0.5338994860649109
0.5569791793823242
0.5596299171447754
0.5690168142318726
0.5385642647743225
0.5654830932617188
0.6304778456687927
0.5369992852210999
0.5327050685882568
0.5218430757522583
0.524523138999939
0.5983160138130188
0.5468071103096008
0.5886308550834656
0.5634942054748535
0.5494130253791809
0.49561381340026855
0.578031063079834
0.530995786190033
0.5886839628219604
0.5657041072845459
0.5287734866142273
0.542450487613678
0.5468752384185791
0.5508757829666138
0.5694597959518433
0.5613376498222351
0.5253682136535645
0.5144519209861755
0.5500659942626953
0.508282482624054
0.5786808729171753
0.5137407183647156
0.5560867786407471
0.532975971698761
0.5952775478363037
0.5341863632202148
0.539434552192688
0.5290468335151672
0.548478901386261
0.5482293963432312
0.5352306962013245
0.5228467583656311
0.536227822303772
0.562349259853363
0.5960507392883301
0.5510175824165344
0.5326202511787415
0.532539427280426
0.5622704029083252
0.5667266249656677
0.588942289352417
0.602794349193573
0.5461245775222778
0.5429926514625549
0.5594308972358704
0.5621439218521118
0.5501632690429688
0.5632670521736145
0.5545467734336853
0.5270339250564575
0.520775318145752
0.5695770978927612
0.5769257545471191
0.5338414311408997
0.5380293130874634
0.5462855696678162
0.5695807933807373
0.5387037992477417
0.5578875541687012
0.5141269564628601
0.5088381767272949
0.567980945110321
0.5258374214172363
0.5348321199417114
0.5033157467842102
0.5456528663635254
0.526491641998291
0.553983211517334
0.6007530689239502
0.5713373422622681
0.5640606880187988
0.5459153056144714
0.5591442584991455
0.5180397033691406
0.5419292449951172
0.5517317652702332
0.5124750733375549
0.5453990697860718
0.5264906883239746
0.5527834892272949
0.5776190161705017
0.6040210127830505
0.550040066242218
0.5763863325119019
0.5234416723251343
0.5826659202575684
0.5534180402755737
0.5693926215171814
0.6332442164421082
0.5251885652542114
0.5162047147750854
0.6053147912025452
0.5446587800979614
0.5348495244979858
0.5174046754837036
0.5958907008171082
0.5548775792121887
0.5585124492645264
0.5433489680290222
0.5648276209831238
0.5483573079109192
0.571934163570404
0.5354957580566406
0.5925068855285645
0.5987886190414429
0.5290476679801941
0.5376784801483154
0.5562973618507385
0.5484914779663086
0.5784795880317688
0.5232864022254944
0.5945369005203247
0.5554269552230835
0.5946633815765381
0.6105320453643799
0.5126545429229736
0.5718926191329956
0.5373678803443909
0.5797869563102722
0.5300626754760742
0.573246955871582
0.5431092977523804
0.5796401500701904
0.5303782820701599
0.5919079184532166
0.5151357054710388
0.5069543123245239
0.5410062074661255
0.5618930459022522
0.591623842716217
0.5368995070457458
0.5109494924545288
0.5247011780738831
0.5689956545829773
0.5265281200408936
0.5658919215202332
0.6139978170394897
0.5814442038536072
0.5256720781326294
0.5574150681495667
0.6100043654441833
0.5395115613937378
0.5688006281852722
0.5849229097366333
0.5386637449264526
0.5294760465621948
0.5395556688308716
0.5951673984527588
0.5361732244491577
0.5633888244628906
0.5078570246696472
0.5509733557701111
0.5475276708602905
0.5397139191627502
0.5550444722175598
0.5335770845413208
0.552202582359314
0.5488221645355225
0.5429653525352478
0.5253267288208008
0.5240471959114075
0.5370227098464966
0.569135308265686
0.5474805235862732
0.5410265922546387
0.580351710319519
0.5271463394165039
0.5795572996139526
0.5834285616874695
0.5596663355827332
0.5687088370323181
0.5336508750915527
0.54718017578125
0.5508919954299927
0.551124095916748
0.5910401344299316
0.562786340713501
0.5735287070274353
0.5492581725120544
0.5991097688674927
0.5423026084899902
0.5208136439323425
0.5890021324157715
0.5434452295303345
0.5450902581214905
0.538722813129425
0.5562851428985596
0.5703185796737671
0.5457404851913452
0.5596963763237
0.5454457998275757
0.5116980075836182
0.5315970182418823
0.549392580986023
0.6000150442123413
0.5438356995582581
0.5505462288856506
0.5625382661819458
0.5251923203468323
0.6123259663581848
0.5352754592895508
0.5878223180770874
0.5488116145133972
0.5444052815437317
0.5758758783340454
0.5118834972381592
0.5345160365104675
0.5334278345108032
0.513080358505249
0.5546736717224121
0.544259250164032
0.5800981521606445
0.5222526788711548
0.573060154914856
0.5128366351127625
0.5541750192642212
0.5407773852348328
0.5887628197669983
0.5075709223747253
0.5394604206085205
0.5494228601455688
0.5740658640861511
0.5696598887443542
0.5735869407653809
0.5191202163696289
0.5574830174446106
0.5175600051879883
0.5061912536621094
0.5082709193229675
0.5121806263923645
0.5733911395072937
0.544276237487793
0.5860381126403809
0.5826826095581055
0.5524935722351074
0.5916677713394165
0.5539876222610474
0.5881529450416565
0.5396984219551086
0.539260745048523
0.5570014119148254
0.5589415431022644
0.5187477469444275
0.6285340189933777
0.515418291091919
0.5651815533638
0.5515387058258057
0.5808704495429993
0.515437126159668
0.56834876537323
0.5067892074584961
0.5146897435188293
0.5618116855621338
0.5325236320495605
0.5803908705711365
0.5248745679855347
0.5277539491653442
0.5514571666717529
0.5771102905273438
0.5725008845329285
0.5332016944885254
0.5446521639823914
0.5697347521781921
0.5328535437583923
0.529948353767395
0.5765844583511353
0.5656704902648926
0.542121946811676
0.5206467509269714
0.53382408618927
0.5286511182785034
0.5522913932800293
0.5353472232818604
0.5478492975234985
0.5450103878974915
0.5356922149658203
0.5516255497932434
0.558964729309082
0.5553167462348938
0.5597153902053833
0.5614568591117859
0.5701899528503418
0.5222541689872742
0.5187243223190308
0.5343670845031738
0.574773907661438
0.5066489577293396
0.5714415311813354
0.541631281375885
0.5614660382270813
0.5292428731918335
0.5054831504821777
0.5430219173431396
0.543121874332428
0.52330082654953
0.6044650077819824
0.5555481910705566
0.5552183985710144
0.5368821620941162
0.5697212815284729
0.5328240394592285
0.5435482263565063
0.5178506374359131
0.551607608795166
0.5597390532493591
0.586439847946167
0.5490721464157104
0.5139544010162354
0.6011932492256165
0.5449273586273193
0.5420664548873901
0.5394291877746582
0.6012088060379028
0.5456426739692688
0.5132918357849121
0.5835601091384888
0.5900801420211792
0.5680015683174133
0.5398425459861755
0.5351319909095764
0.5568020343780518
0.5272372364997864
0.5466256141662598
0.5252586007118225
0.5626090168952942
0.5959641933441162
0.5396809577941895
0.5457781553268433
0.5267763733863831
0.5518216490745544
0.517775297164917
0.5290432572364807
0.5342080593109131
0.5198531746864319
0.5702330470085144
0.5099360346794128
0.5191494822502136
0.5755164623260498
0.5475978851318359
0.5810527205467224
0.5485225915908813
0.5746937394142151
0.631084144115448
0.5611064434051514
0.5560976266860962
0.5263280868530273
0.5711202621459961
0.5660490393638611
0.5398406982421875
0.5436146259307861
0.5805585384368896
0.6194666624069214
0.5752811431884766
0.5464080572128296
0.5562641620635986
0.5171257853507996
0.553652286529541
0.5414834022521973
0.5484726428985596
0.5231689810752869
0.532673180103302
0.5370010137557983
0.5407998561859131
0.5626179575920105
0.5290833711624146
0.539775013923645
0.5436037182807922
0.5234582424163818
0.5891975164413452
0.5610479116439819
0.6010957956314087
0.5474373698234558
0.5489012002944946
0.5505377054214478
0.561863899230957
0.52903813123703
0.5701776742935181
0.5120427012443542
0.5426145195960999
0.5198973417282104
0.5482584834098816
0.5553230047225952
0.5995015501976013
0.5410371422767639
0.5168386697769165
0.5288041830062866
0.5650094747543335
0.5640266537666321
0.5275951027870178
0.5750395059585571
0.562663733959198
0.5749310255050659
0.5550149083137512
0.5541896224021912
0.5171718597412109
0.5398876070976257
0.532722532749176
0.5707224607467651
0.5409053564071655
0.6166877746582031
0.5765859484672546
0.5480709075927734
0.5003516674041748
0.540313184261322
0.512505292892456
0.5622098445892334
0.5528349876403809
0.5295106768608093
0.5191354751586914
0.5306134819984436
0.5065237283706665
0.5272861123085022
0.5852590799331665
0.5934088230133057
0.5469955205917358
0.5213690996170044
0.5497174263000488
0.5399249792098999
0.6085941791534424
0.5635712742805481
0.542374312877655
0.5286751985549927
0.5698345899581909
0.545957088470459
0.5191912651062012
0.5861848592758179
0.5527359247207642
0.5585318803787231
0.5519548058509827
0.5412992238998413
0.5488625764846802
0.5195454955101013
0.533536970615387
0.517931342124939
0.5635406970977783
0.5739883780479431
0.546263575553894
0.5288669466972351
0.5873861312866211
0.5743042826652527
0.5399109125137329
0.5414369106292725
0.5479477047920227
0.5204799771308899
0.5672086477279663
0.5199334025382996
0.5487401485443115
0.5428127646446228
0.5421669483184814
0.6118707656860352
0.5409427881240845
0.5401207208633423
0.5489438772201538
0.5374455451965332
0.5351632833480835
0.5783978700637817
0.5295439958572388
0.5523086190223694
0.5409733057022095
0.5842249393463135
0.5349094271659851
0.5352067947387695
0.5594953894615173
0.5623477101325989
0.5849312543869019
0.5220062136650085
0.5293328762054443
0.5330655574798584
0.5233097076416016
0.5639055371284485
0.5484229922294617
0.5120005011558533
0.5642027258872986
0.5602810382843018
0.5587106943130493
0.5242225527763367
0.5581147074699402
0.5280612111091614
0.5596001148223877
0.5389738082885742
0.5504063367843628
0.5202528238296509
0.5062994956970215
0.5341971516609192
0.5335474014282227
0.5615154504776001
0.5063157081604004
0.5363792181015015
0.5399777293205261
0.5384169220924377
0.5224611163139343
0.5447193384170532
0.5234771966934204
0.5323244333267212
0.5482882261276245
0.5723093748092651
0.5224065184593201
0.5177205204963684
0.5306434035301208
0.5731018781661987
0.6099717617034912
0.5140513181686401
0.5489966869354248
0.5355619192123413
0.5293692946434021
0.5836309194564819
0.5372962951660156
0.5294756293296814
0.6169560551643372
0.5385303497314453
0.5520658493041992
0.6519637107849121
0.5513842105865479
0.5390835404396057
0.5359184145927429
0.49887120723724365
0.5335547924041748
0.5501468181610107
0.5117689371109009
0.578149676322937
0.5348256826400757
0.5900779962539673
0.5356172919273376
0.5170069932937622
0.5237424969673157
0.5604202151298523
0.5502613186836243
0.5695151090621948
0.5440245866775513
0.5096310973167419
0.5386658906936646
0.5500390529632568
0.5463182330131531
0.5383084416389465
0.559172511100769
0.49375683069229126
0.5737037658691406
0.5489060878753662
0.5408681631088257
0.5585131645202637
0.5447637438774109
0.5762657523155212
0.555697500705719
0.5174590945243835
0.5430344343185425
0.5609394311904907
0.5451914072036743
0.5077991485595703
0.5316583514213562
0.5589824318885803
0.5368722081184387
0.5365415215492249
0.5171685218811035
0.5257952809333801
0.5345296859741211
0.5442878603935242
0.5320694446563721
0.5376887321472168
0.5053263902664185
0.5201941728591919
0.5155051946640015
0.5381813645362854
0.5092736482620239
0.545081615447998
0.6296122074127197
0.552848219871521
0.5741052627563477
0.5562523603439331
0.5682721138000488
0.5491647720336914
0.5475901961326599
0.5188935399055481
0.6131404042243958
0.5202339887619019
0.5274524688720703
0.5140688419342041
0.5494334697723389
0.5624760389328003
0.6295440793037415
0.528271496295929
0.5383815169334412
0.5229482650756836
0.5272582769393921
0.5311177372932434
0.6032518148422241
0.5621094107627869
0.5805312395095825
0.5354392528533936
0.5783988237380981
0.5175043344497681
0.5301375389099121
0.5645502209663391
0.5450034737586975
0.548791229724884
0.5458317995071411
0.6179853081703186
0.5166870951652527
0.5697293281555176
0.5135172605514526
0.5465273857116699
0.5343273282051086
0.5625689029693604
0.5530285239219666
0.5158188939094543
0.6070480346679688
0.5675901174545288
0.5812256932258606
0.5225164890289307
0.5704230666160583
0.557640552520752
0.547133207321167
0.5617561340332031
0.5758020281791687
0.5676239728927612
0.5633386969566345
0.5285987854003906
0.5333319902420044
0.5847207307815552
0.5606987476348877
0.5536843538284302
0.5398229360580444
0.521328330039978
0.5502103567123413
0.5335851907730103
0.5729145407676697
0.5958899855613708
0.5554325580596924
0.5376706719398499
0.544532060623169
0.5451250076293945
0.5498912334442139
0.5224537253379822
0.5321073532104492
0.5124702453613281
0.5366396307945251
0.5129095315933228
0.5407697558403015
0.5843535661697388
0.530656099319458
0.5707529187202454
0.5620315074920654
0.5324394702911377
0.5209799408912659
0.5477449893951416
0.5431760549545288
0.5581765174865723
0.5254348516464233
0.5297994613647461
0.5137078762054443
0.5347880721092224
0.5116352438926697
0.5218706727027893
0.5569143295288086
0.592851459980011
0.5840616226196289
0.5308459401130676
0.5569626092910767
0.550543487071991
0.5797267556190491
0.5614728927612305
0.5881386399269104
0.5272878408432007
0.5336126089096069
0.5234410166740417
0.5330668687820435
0.6198455095291138
0.5529134273529053
0.5384514927864075
0.5524081587791443
0.5346810221672058
0.5445818901062012
0.5411144495010376
0.5246150493621826
0.5287937521934509
0.567139208316803
0.5380642414093018
0.5154551863670349
0.514840841293335
0.53729248046875
0.5962780117988586
0.5113035440444946
0.5200850963592529
0.5387502312660217
0.5601396560668945
0.5673046708106995
0.49915462732315063
0.5267511010169983
0.5424521565437317
0.565734326839447
0.5160777568817139
0.5512778759002686
0.5366733074188232
0.5567240715026855
0.5836472511291504
0.5152186155319214
0.5485541224479675
0.5735630989074707
0.525112509727478
0.5765909552574158
0.511952817440033
0.5812014937400818
0.5588751435279846
0.5573274493217468
0.6058818697929382
0.5838707685470581
0.5505693554878235
0.6053027510643005
0.5409204959869385
0.561252772808075
0.5866392850875854
0.5299921631813049
0.5328446626663208
0.6333751678466797
0.5361989736557007
0.551479697227478
0.5365400314331055
0.5241999626159668
0.5550961494445801
0.5569650530815125
0.5784499049186707
0.5454834699630737
0.5161826610565186
0.538216233253479
0.5437196493148804
0.5450380444526672
0.5686355233192444
0.5770882368087769
0.5699490308761597
0.5417870879173279
0.5903245806694031
0.5408214926719666
0.5261412262916565
0.5344222784042358
0.5110725164413452
0.5841366648674011
0.544427216053009
0.49750784039497375
0.5342352986335754
0.5627163052558899
0.5816532373428345
0.5282676219940186
0.5260534286499023
0.5028604865074158
0.5699599385261536
0.5523995757102966
0.5472475290298462
0.5295199155807495
0.5381522178649902
0.5111574530601501
0.5426512956619263
0.5601592063903809
0.5552735328674316
0.5113559365272522
0.5630839467048645
0.5334697365760803
0.5508445501327515
0.5522401928901672
0.5194962620735168
0.5117316842079163
0.5617364048957825
0.5317869186401367
0.5269737839698792
0.5951178073883057
0.5740240812301636
0.5876178741455078
0.5509777665138245
0.5485819578170776
0.5395971536636353
0.5354818105697632
0.4943578839302063
0.5689820051193237
0.6156497597694397
0.5105793476104736
0.5514053106307983
0.5516761541366577
0.5171734094619751
0.5292510986328125
0.5641904473304749
0.5097606778144836
0.5456756353378296
0.491473913192749
0.5287800431251526
0.5458083152770996
0.5167991518974304
0.5924053192138672
0.5416709184646606
0.500393807888031
0.6026818156242371
0.5171704292297363
0.5073437690734863
0.5426207780838013
0.49565190076828003
0.5216841697692871
0.5119400024414062
0.530242383480072
0.5175881385803223
0.5530176162719727
0.54161536693573
0.5494976043701172
0.5580486059188843
0.5786805748939514
0.518121600151062
0.5664375424385071
0.5383563041687012
0.5289538502693176
0.5516781806945801
0.5766241550445557
0.5369133949279785
0.5309321880340576
0.5405368208885193
0.5824633836746216
0.5517453551292419
0.5617620348930359
0.5448256134986877
0.5068327784538269
0.54256671667099
0.5384412407875061
0.5961500406265259
0.526501476764679
0.5154051184654236
0.5604864954948425
0.5142789483070374
0.505062997341156
0.5636444091796875
0.5354714393615723
0.5437067151069641
0.5812153220176697
0.5273599624633789
0.5551639795303345
0.5537569522857666
0.5420749187469482
0.5662797093391418
0.5183995366096497
0.5376993417739868
0.6014853715896606
0.5606738328933716
0.5585183501243591
0.5619531869888306
0.5306816101074219
0.5604243278503418
0.5521373748779297
0.6002142429351807
0.5575917959213257
0.5362293720245361
0.5265393257141113
0.6172433495521545
0.5376172661781311
0.5577752590179443
0.5380420684814453
0.5364841222763062
0.5356537699699402
0.5278076529502869
0.4963316023349762
0.5556599497795105
0.522402286529541
0.5285435914993286
0.5464568138122559
0.5122255086898804
0.5539302825927734
0.5532363653182983
0.5650973320007324
0.5225896835327148
0.5810084342956543
0.5286908745765686
0.5285698771476746
0.5424739122390747
0.5397217273712158
0.5345978736877441
0.5242728590965271
0.5746644735336304
0.5046678185462952
0.5865389704704285
0.5494590997695923
0.5504289865493774
0.5423075556755066
0.5501906871795654
0.5401738286018372
0.5131466388702393
0.5458155870437622
0.5583170652389526
0.5601447224617004
0.5303326845169067
0.5281908512115479
0.5497176051139832
0.5406430959701538
0.5937047004699707
0.5082614421844482
0.5624189972877502
0.5443640947341919
0.5333051085472107
0.5573974251747131
0.5702963471412659
0.5572373867034912
0.5223591327667236
0.5557242631912231
0.5192443132400513
0.5425442457199097
0.525613009929657
0.527342677116394
0.5434555411338806
0.6088293790817261
0.5317618250846863
0.5951874852180481
0.5894496440887451
0.5732733011245728
0.5456781983375549
0.5764750242233276
0.5314232110977173
0.5482931733131409
0.542881965637207
0.5332790613174438
0.5259839296340942
0.5362318754196167
0.5147507786750793
0.5518678426742554
0.5403229594230652
0.562299370765686
0.5499311685562134
0.532761812210083
0.5545201301574707
0.5261862874031067
0.5082675218582153
0.5749821662902832
0.525176465511322
0.5301864147186279
0.5095934271812439
0.5662581920623779
0.5426419377326965
0.5138688087463379
0.5558139085769653
0.5340876579284668
0.5711377263069153
0.5261280536651611
0.5555529594421387
0.5452971458435059
0.5499460697174072
0.5283595323562622
0.5438521504402161
0.5751891136169434
0.5673826336860657
0.5280676484107971
0.5003694295883179
0.5837100148200989
0.5109941959381104
0.5557308793067932
0.5144612789154053
0.5145050883293152
0.5533984899520874
0.5146532654762268
0.5555938482284546
0.5202078819274902
0.5742383003234863
0.5503287315368652
0.5519890785217285
0.5867171883583069
0.516629695892334
0.5367906093597412
0.634294867515564
0.5768346786499023
0.5310227870941162
0.5367108583450317
0.5666249990463257
0.5448727011680603
0.5300438404083252
0.5264994502067566
0.531073808670044
0.5298483967781067
0.5194524526596069
0.5589374303817749
0.5361646413803101
0.5266398191452026
0.5472472906112671
0.5106223225593567
0.537140429019928
0.5748245120048523
0.5383897423744202
0.5289936065673828
0.546830952167511
0.5296140909194946
0.5532684922218323
0.5256741046905518
0.5220440626144409
0.5310189127922058
0.5416321754455566
0.5257618427276611
0.5380591154098511
0.5400142669677734
0.506467342376709
0.5853360295295715
0.5362396836280823
0.49702221155166626
0.556674599647522
0.5532341599464417
0.5300658941268921
0.5174845457077026
0.5058380365371704
0.620628833770752
0.5129207372665405
0.5466901659965515
0.548616349697113
0.5335564613342285
0.5554555058479309
0.510619580745697
0.5432199835777283
0.5127241015434265
0.5354413986206055
0.5408468246459961
0.5754148960113525
0.5847718119621277
0.49934089183807373
0.5553688406944275
0.5343464016914368
0.5587717294692993
0.5693925023078918
0.583638072013855
0.5281075835227966
0.5202334523200989
0.5454457402229309
0.5258784294128418
0.5495150089263916
0.6063091158866882
0.5122538805007935
0.5324656367301941
0.5440753102302551
0.5201369524002075
0.5067970752716064
0.5036368370056152
0.49526166915893555
0.5806490182876587
0.5451000332832336
0.5014677047729492
0.5203919410705566
0.5219196081161499
0.5374362468719482
0.5023488402366638
0.48953378200531006
0.5823942422866821
0.5694854855537415
0.5704052448272705
0.579546332359314
0.5797406435012817
0.5338680744171143
0.5572352409362793
0.5379588007926941
0.5043656229972839
0.5598118305206299
0.5542775988578796
0.5175678730010986
0.619478166103363
0.5334801077842712
0.5479050278663635
0.5140107870101929
0.5293298363685608
0.51139897108078
0.6221240162849426
0.49971112608909607
0.5525948405265808
0.5333155393600464
0.5087040066719055
0.5466418862342834
0.5724624395370483
0.5113733410835266
0.5465236306190491
0.5088707804679871
0.5190793871879578
0.5412759780883789
0.5535575151443481
0.502547025680542
0.5417381525039673
0.5514655709266663
0.5232826471328735
0.5336927175521851
0.5655422210693359
0.5651528239250183
0.48134008049964905
0.5334188342094421
0.537943959236145
0.5048666596412659
0.5095106959342957
0.5265424847602844
0.5302672982215881
0.5587339401245117
0.535757303237915
0.5250831842422485
0.5655223727226257
0.5299783945083618
0.5196290612220764
0.5370827913284302
0.5149128437042236
0.5227168798446655
0.5745829343795776
0.5581079125404358
0.5445988178253174
0.5267593860626221
0.5840242505073547
0.6008320450782776
0.5532697439193726
0.5192381143569946
0.518161416053772
0.5373380184173584
0.562260091304779
0.5215408205986023
0.5417122840881348
0.5059544444084167
0.5024147629737854
0.5169625282287598
0.5376025438308716
0.5231673121452332
0.5056682825088501
0.5559946298599243
0.5909007787704468
0.5671117305755615
0.5328164100646973
0.5085499882698059
0.5077307820320129
0.5382478833198547
0.5590813755989075
0.4925900995731354
0.5622133016586304
0.5218305587768555
0.5028940439224243
0.5947432518005371
0.5708478689193726
0.5081638097763062
0.5961043238639832
0.5994096994400024
0.5687644481658936
0.5404655337333679
0.5814504027366638
0.5190105438232422
0.5390499234199524
0.5399726629257202
0.5390701293945312
0.5175464153289795
0.5484403371810913
0.5011449456214905
0.5372669696807861
0.5248922109603882
0.5310158729553223
0.5369004011154175
0.5325946807861328
0.534587025642395
0.5673971772193909
0.5611626505851746
0.5300132632255554
0.5979938507080078
0.5368833541870117
0.5059276223182678
0.5273656845092773
0.5525501370429993
0.5410616397857666
0.5515821576118469
0.5531092286109924
0.5051608085632324
0.5496665239334106
0.525626003742218
0.5250566601753235
0.4964209198951721
0.5248193144798279
0.5155780911445618
0.5093210339546204
0.5252389907836914
0.5230913162231445
0.5120648741722107
0.5325893759727478
0.558525800704956
0.5272713303565979
0.5409117937088013
0.5562594532966614
0.5219901204109192
0.5499134063720703
0.5026720762252808
0.5234578847885132
0.5906328558921814
0.5524251461029053
0.5351259112358093
0.5380958318710327
0.5535131692886353
0.5563206672668457
0.5810768604278564
0.5115833282470703
0.5761309862136841
0.5577815771102905
0.5654629468917847
0.5409911274909973
0.5443191528320312
0.5228574872016907
0.5129286050796509
0.561379075050354
0.5240421295166016
0.5589288473129272
0.5530000925064087
0.5180290937423706
0.552780270576477
0.49631738662719727
0.5659099817276001
0.5547226667404175
0.5328867435455322
0.5616090893745422
0.5388580560684204
0.5777501463890076
0.527300238609314
0.5409208536148071
0.5424500703811646
0.5701380968093872
0.5334023237228394
0.5332040190696716
0.5828258991241455
0.538720965385437
0.5612663626670837
0.5463824272155762
0.5356029868125916
0.528815746307373
0.5724570751190186
0.5307726263999939
0.581932544708252
0.528030276298523
0.599614143371582
0.5487930774688721
0.5339568257331848
0.4974774122238159
0.5394741296768188
0.6127164363861084
0.5391425490379333
0.5113900899887085
0.5947874784469604
0.5964194536209106
0.5442472696304321
0.5071797370910645
0.528832197189331
0.5268699526786804
0.5075615644454956
0.5235645771026611
0.5347565412521362
0.5508007407188416
0.49908143281936646
0.5559536814689636
0.5555942058563232
0.5411921739578247
0.5236626863479614
0.5693710446357727
0.5249689817428589
0.5663225650787354
0.5276855230331421
0.5735539197921753
0.5463376641273499
0.5205616354942322
0.5389022827148438
0.51877361536026
0.5533826351165771
0.5230566263198853
0.5615473985671997
0.5178506970405579
0.5531952977180481
0.5278468132019043
0.5197036266326904
0.5057608485221863
0.5243890285491943
0.5142027735710144
0.5235163569450378
0.5562498569488525
0.5821256637573242
0.5254023671150208
0.6465206146240234
0.5659018158912659
0.5298188328742981
0.508787989616394
0.5168248414993286
0.5151616334915161
0.5341372489929199
0.5241203308105469
0.542266309261322
0.5336335301399231
0.5903393030166626
0.5909100770950317
0.536175549030304
0.5099112391471863
0.573846697807312
0.5498355627059937
0.5245128870010376
0.5782679915428162
0.5607216358184814
0.5368931889533997
0.5839048624038696
0.5429221391677856
0.49021369218826294
0.5076044201850891
0.5904668569564819
0.5717716813087463
0.5390442609786987
0.5188637375831604
0.5840991139411926
0.4997812807559967
0.5197075605392456
0.5418814420700073
0.5078752636909485
0.49368953704833984
0.519160270690918
0.5304372906684875
0.5170110464096069
0.5420690178871155
0.5175818204879761
0.5103321075439453
0.499342679977417
0.5862531661987305
0.5341780781745911
0.5744262337684631
0.5126609802246094
0.5331312417984009
0.524697482585907
0.4941592812538147
0.5358209013938904
0.5093355774879456
0.5882412195205688
0.5355245471000671
0.5704531669616699
0.5205532908439636
0.5079656839370728
0.5261944532394409
0.5767827033996582
0.5407721996307373
0.5239477753639221
0.5331853628158569
0.5858715772628784
0.5470644235610962
0.5078136920928955
0.5286068916320801
0.5360528230667114
0.5517677068710327
0.5504850745201111
0.5280516147613525
0.5432437062263489
0.5180096626281738
0.5525939464569092
0.5493356585502625
0.5346139073371887
0.5244067311286926
0.5825327634811401
0.5107507109642029
0.5161890983581543
0.5326770544052124
0.5246241092681885
0.5807721614837646
0.5334107279777527
0.5501763820648193
0.5240298509597778
0.5409188270568848
0.5553737282752991
0.5209088325500488
0.5433465242385864
0.5563109517097473
0.5243566632270813
0.6096123456954956
0.5632840394973755
0.5399061441421509
0.5112597942352295
0.5653819441795349
0.5375702977180481
0.543641209602356
0.520439624786377
0.5710346698760986
0.5695134997367859
0.5299308896064758
0.5588961839675903
0.5395578145980835
0.5344814658164978
0.5431233644485474
0.518313467502594
0.5334200263023376
0.5430866479873657
0.5197437405586243
0.5102381706237793
0.5905406475067139
0.5142046213150024
0.5393645763397217
0.5091410279273987
0.6016324758529663
0.5252736806869507
0.4920176565647125
0.5101439952850342
0.49319732189178467
0.5964865684509277
0.5948812961578369
0.5166321992874146
0.5416618585586548
0.5247087478637695
0.5280027389526367
0.5812399387359619
0.5020426511764526
0.5698441863059998
0.5372576713562012
0.5269551873207092
0.5357000827789307
0.5722131729125977
0.5714555382728577
0.5285934209823608
0.5496838092803955
0.4993876814842224
0.5069073438644409
0.5487309098243713
0.5333511829376221
0.5484060049057007
0.532318651676178
0.5656452178955078
0.5237067341804504
0.5570104122161865
0.5149734020233154
0.5601130723953247
0.5212880969047546
0.5533610582351685
0.5062645077705383
0.5532461404800415
0.528575599193573
0.5219902992248535
0.5238956212997437
0.5491974353790283
0.5425243377685547
0.5527339577674866
0.5762990713119507
0.5338085889816284
0.522814154624939
0.5625469088554382
0.5191364288330078
0.5276481509208679
0.5482917428016663
0.5551799535751343
0.5646735429763794
0.5337190628051758
0.5581532120704651
0.5173429250717163
0.5255961418151855
0.5489594340324402
0.4992466866970062
0.5356037616729736
0.5489214658737183
0.5440078377723694
0.5577654242515564
0.5370175242424011
0.5229076743125916
0.5452790260314941
0.5162461996078491
0.5103679895401001
0.49503251910209656
0.5428783893585205
0.610934853553772
0.5069404244422913
0.5602177381515503
0.5588265061378479
0.5673331022262573
0.5285011529922485
0.5068148970603943
0.5678080320358276
0.5629340410232544
0.5137471556663513
0.5146463513374329
0.531144917011261
0.5222481489181519
0.5411117076873779
0.5151201486587524
0.5545746088027954
0.5349019765853882
0.6316630244255066
0.5258668065071106
0.550805926322937
0.5079021453857422
0.5077111124992371
0.5417272448539734
0.5874836444854736
0.5652399659156799
0.5718597769737244
0.5326977968215942
0.4972779154777527
0.5049657225608826
0.5293176174163818
0.5350219011306763
0.5249703526496887
0.5886659026145935
0.5801388025283813
0.5650109648704529
0.5529587864875793
0.5253926515579224
0.5503312945365906
0.551223874092102
0.5129571557044983
0.5439348220825195
0.5577495098114014
0.5165690779685974
0.5603818893432617
0.5155936479568481
0.5209602117538452
0.5448800325393677
0.5190827250480652
0.5065302848815918
0.4990653991699219
0.5275323390960693
0.559598445892334
0.5170875787734985
0.5523460507392883
0.5422650575637817
0.5690126419067383
0.5319894552230835
0.533927321434021
0.5244573950767517
0.6076393127441406
0.5689354538917542
0.5529305338859558
0.4980252981185913
0.5760490894317627
0.5569897890090942
0.5773144960403442
0.5309497714042664
0.6006396412849426
0.5126031637191772
0.6113327741622925
0.5668530464172363
0.5627632141113281
0.5256465673446655
0.5463626384735107
0.5300101041793823
0.4992641508579254
0.5676240921020508
0.5230996012687683
0.5587657690048218
0.5679171085357666
0.581006646156311
0.5266992449760437
0.5364565253257751
0.5039994120597839
0.5281240344047546
0.5277194976806641
0.5131719708442688
0.5624746680259705
0.5292008519172668
0.5407973527908325
0.5530136823654175
0.4752381443977356
0.559082567691803
0.6178803443908691
0.5072868466377258
0.5299375057220459
0.5148890018463135
0.549235463142395
0.5066806674003601
0.5294638276100159
0.5545960664749146
0.5609748959541321
0.5553037524223328
0.5319778323173523
0.5406882166862488
0.5107519626617432
0.5477930307388306
0.5687832832336426
0.5435303449630737
0.5635775923728943
0.5744000673294067
0.5256719589233398
0.5431293249130249
0.5304516553878784
0.5341242551803589
0.5239430665969849
0.5479867458343506
0.5384794473648071
0.5215749740600586
0.5173215270042419
0.5241001844406128
0.5961489081382751
0.5576689839363098
0.5103194713592529
0.5917831659317017
0.5575127601623535
0.5592092275619507
0.5264444947242737
0.5698175430297852
0.5547157526016235
0.5455244779586792
0.560942530632019
0.5554356575012207
0.5269585847854614
0.49920037388801575
0.5212211608886719
0.5226224660873413
0.5144321322441101
0.5331286191940308
0.5159438252449036
0.5128893852233887
0.5374048948287964
0.5261625051498413
0.5276165008544922
0.5370699167251587
0.5081624388694763
0.5664771795272827
0.5241186618804932
0.5135044455528259
0.5201518535614014
0.5485771894454956
0.5601279139518738
0.545555830001831
0.5166702270507812
0.5486948490142822
0.5510553121566772
0.5423483848571777
0.5269513130187988
0.523472785949707
0.5405614972114563
0.5371173620223999
0.514837920665741
0.5088005065917969
0.49326133728027344
0.548678994178772
0.5483325123786926
