1.851905270056291
1.3983552943576465
1.3336209540415291
1.2814501355392764
1.2539551246045815
1.1879336225866066
1.1890196475115689
1.1832049362587207
1.1169940263333946
1.1006560479149674
1.1128985791495352
1.0474103339994796
1.0064896357179893
1.036888397703267
1.0356384422441927
0.9781392439447268
1.0019361485134473
0.974890203789027
0.9682650325274227
0.9667269102852754
0.9303507142596774
0.9468386790367088
0.8917145117966816
0.9450414427603134
0.9419886006249322
0.9153696117979108
0.9316395701784076
0.8921902068335601
0.8941433790958289
0.8611207836204104
0.831119789920672
0.8644817001891859
0.8879020491031685
0.8826931272492264
0.8807074030240377
0.8231634774593392
0.8409488357678808
0.803769877462676
0.8053570070652046
0.8330693482750594
0.816267070746181
0.788099470463666
0.809006374592733
0.7830718864094127
0.8074147893924906
0.7915977841675884
0.803386529587736
0.761923331654433
0.7312262744614573
0.7420455536457023
0.7525630834126713
0.7151157708481105
0.7425935337639819
0.7510130665820054
0.742400955672216
0.7326612942146532
0.7584913231507696
0.7106352553825186
0.7237551976936032
0.7067324281340898
0.7101126448674635
0.6884216857377929
0.6837586035030057
0.697174937436075
0.6457371680122433
0.689495236283601
0.6779073332295273
0.6972725930238011
0.6736014154222276
0.6882993904027072
0.6957100193307857
0.6627775164264621
0.6852975329666426
0.6699464300064125
0.675327725783743
0.6435637278388245
0.6573820717708029
0.64994231062104
0.629570251161402
0.6342393695706069
0.6168792801673966
0.6195262939942003
0.6505004274423676
0.6637956923005557
0.6248668235058736
0.6151342566567238
0.6084828503204115
0.663616499515495
0.6063785075840323
0.6117338592355902
0.588933207621478
0.6130048379753575
0.6122019807196627
0.5926960664566117
0.5917069213558929
0.619488174415598
0.6009096542392114
0.6161711659997401
0.5901741593173055
0.6006743614420746
0.5966367923250102
0.6100536453904528
0.6130641060646134
0.5481187525120649
0.6020122460945688
0.5347467778307019
0.5663733479350505
0.598593891118512
0.5611905460104798
0.5659773781745121
0.6017218737891226
0.5538505507689534
0.5651779671510061
0.5501333916127079
0.5813263660729534
0.5394174337688119
0.5684069109083426
0.5506158415416275
0.515778958044871
0.5563460364185199
0.5381639494438364
0.5170624578239942
0.5228315302819917
0.5394792719320818
0.5153915596128714
0.5335117284998749
0.5493646647894022
0.5616612088198614
0.5012041652443433
0.5437862447114906
0.5366633600658841
0.49609806456349115
0.522661793563101
0.5165983655235984
0.510911147702824
0.5027715220595851
0.5082601727259279
0.5089376066068206
0.4872544713393606
0.5222831032793931
0.49314233073682495
0.5072874170210626
0.5017097108442374
0.49462953872150844
0.4981343953898459
0.512309576977383
0.5136595156156656
0.47462724359950637
0.4862296809301232
0.47779971376211955
0.48309485365947086
0.48469333215193316
0.47523401632453455
0.4935034784403714
0.49417503524308254
0.48448315563828054
0.4770680149697294
0.4818159420080859
0.49084775601372577
0.4999257626407074
0.5185069566724276
0.48748414835544546
0.45646487974157235
0.46038207667644576
0.46987164998897396
0.45637055057467835
0.45257432337361153
0.44314458845841764
0.4629266376447196
0.4551030546426773
0.46436209863785544
0.47778791851467556
0.4824545089945649
0.41556316930236237
0.4379540125679488
0.4530080573426353
0.43185670553433775
0.4589361227823026
0.4511553396028702
0.4834931196287425
0.44586776648506976
0.48494470367829007
0.44537148045168984
0.44873393560298763
0.4588016250518837
0.43188124308080383
0.43562136229240533
0.4367930917727827
0.40797409558236
0.43413413797665124
0.45206937596502933
0.46492299603091347
0.4305344351915398
0.4057533120868182
0.4398045598557501
0.4285859003512546
0.39257266966983523
0.4348459517714953
0.38893771066208077
0.3942842871101216
0.4108840483758185
0.44216451560608067
0.44578921147669204
0.3910322278888539
0.40799819143733596
0.4032687194118596
0.4464327911987449
0.4133442592139196
0.38822302508233775
0.4271511035134094
0.40117069476782674
0.38617090843241625
0.40785356445444954
0.4117052203627548
0.36859445258824514
0.4022091527779897
0.4125525630784757
0.39798526736823
0.3949156730162977
0.36288937414535366
0.4011418098452115
0.397054944827099
0.3817941409469855
0.3742979926743893
0.3720145888927609
0.4072387694108366
0.40703533755408394
0.3849428819134982
0.35063964497260375
0.3978144418109547
0.3841337367440715
0.37645910672768196
0.40850524047408443
0.36969048770690205
0.3864950780013595
0.38841410207025934
0.35703438452698966
0.38012559155021053
0.3654879996872912
0.3765621538264583
0.40332289130398724
0.35495250762412045
0.36742891566921965
0.38612364431974866
0.34975181407097616
0.3883263765260427
0.3964364117745197
0.37365244818155213
0.37002171116946925
0.37166858374169376
