1.7976278138883186
1.4118515337356414
1.3540150613495798
1.3555721905496385
1.2649946706463593
1.2754908462967536
1.2106859382956918
1.2133665831402094
1.1653955614928044
1.1404174680661674
1.129952250104962
1.181462874918273
1.0972478961703753
1.1080380304895265
1.0893177492449981
1.068461339281063
1.0413988211540262
1.0540392928653293
1.032572951581743
1.0094365591954704
0.9785078800085819
0.9977440930376149
0.9673862294717268
1.0109053777925896
0.9829926550990403
0.9451765990016436
0.9699614397203079
0.9131538311038354
0.8899201672486584
0.9704505840335229
0.9025712073451341
0.9159886246979839
0.9056970251329017
0.9055899736857174
0.9289511433153441
0.8753055957230654
0.851102681473048
0.8850150234771498
0.8427205612563123
0.858566800452242
0.8717348939842648
0.8637723898646807
0.8322599894470639
0.8252601602462807
0.83424811531799
0.8394501934749912
0.8337094726586582
0.8263315332658363
0.813341556474416
0.8052906162208981
0.8048208644895842
0.8405679608836318
0.7831945262774073
0.7812328266374993
0.792476224477845
0.7936454896975045
0.781235318292271
0.7842336628172133
0.771701483112393
0.7613473489429011
0.7782458307767155
0.7482696600032576
0.7488913960529097
0.7413930754468898
0.7421729582728762
0.7733310114855718
0.7359054841176428
0.7315460467579389
0.7052962575295959
0.7636975513564216
0.7134003043174744
0.727333988806214
0.7788815835509637
0.7325889118994126
0.7119666383121953
0.7600318154301307
0.7080825365552998
0.6994802909668045
0.7610169588917434
0.7558448380894132
0.684213519397408
0.7209281539074098
0.6741414079160402
0.6771091508744943
0.6886496921681394
0.6840786181315027
0.662900184742128
0.6999557126652111
0.6597365776095727
0.6750675421772581
0.651785839085627
0.6419336684424468
0.6711781366605951
0.6602421803305848
0.6720911926693387
0.6484867311788328
0.67702822643097
0.6773393756211407
0.6400139428148366
0.6707345560343578
0.6535499804850781
0.6684823277020695
0.6621357986722329
0.621382045023369
0.64299724198351
0.6421014350472074
0.6420166293780009
0.6334957298305299
0.63322372298048
0.6260250749612095
0.6410319618504456
0.6308861835436388
0.6172991202335165
0.6137555822579548
0.6117096543312073
0.6184927586353186
0.5861908320826713
0.6120651400450504
0.6097889805984016
0.6164903279506799
0.5891345265236768
0.6225602647872887
0.622530273114792
0.5955173737472959
0.5955418215857612
0.5964250311707006
0.5677480130183576
0.6277033956062914
0.5938006847193746
0.6100897667082873
0.5644569958400245
0.5942708493182154
0.5759118437164962
0.6035647148435767
0.5865191221237183
0.5880459137637206
0.5821614065254578
0.5746217695149508
0.5782953651264461
0.5920439678611178
0.5641667800720291
0.5642206799803358
0.5809831202331216
0.564185542891724
0.5635193161892168
0.5582734877714003
0.5322362329020645
0.5663189737483708
0.5429168599422531
0.5718151296329017
0.5184551301327619
0.571063149457026
0.5659822987185584
0.5774321373966005
0.5250499457722962
0.5950317327121292
0.5288501875569122
0.5466120231031167
0.5510077685719789
0.5638189379012946
0.5605360438125302
0.5390418668588003
0.5475261137642041
0.5489335277616375
0.5403453415692455
0.5530412081215117
0.6571628230087685
2.7757258132250624
1.0066944568446188
0.8670942452218797
0.8181905803656337
0.7509475476814039
0.698259238341842
0.6836642562740981
0.659081367531208
0.6481239997377299
0.6039715629033368
0.5986345765566585
0.5803888160170931
0.579244363488573
0.5816645562046706
0.5937057303057777
0.52410333114441
0.5596627266419054
0.545484628791761
0.5499596946468257
0.5472501660838271
0.5234029040192113
0.5252499616507328
0.4920933786967788
0.5527931998173395
0.5470129277067955
0.49671979218420353
0.5060763172429017
0.5278730616726056
0.5005837216822788
0.48304086517203937
0.5246736657137823
0.5242643839482105
0.5031449751119421
0.4840363169258291
0.5005594151790695
0.49768880310684743
0.533789961175485
0.46355238496655166
0.49656675545254136
0.4971031183847273
0.4945531324906783
0.4708023972884573
0.5264897548189067
0.49011011993644216
0.4929998443283216
0.4959078882679795
0.4737338125705719
0.4870763847021141
0.46367987192640403
0.4945880293545097
0.503578192356861
0.492505540450414
0.463052436709404
0.4671484057349388
0.48519287010033924
0.4772289116876294
0.4845138234321517
0.47500869601663914
0.46332805340338235
0.49355949431356755
0.46650162760657493
0.5231569034583641
0.5168456959001946
0.47084966760994207
0.4810668419707905
0.4621000435918268
0.47577308268860136
0.4262157993184196
0.460998646538667
0.49838683535956374
0.4514859825974763
0.46073198258274733
0.4857398407025771
0.5002896697683767
0.46292746744372626
0.4522034122486307
0.4495903560609529
0.4458661291635398
0.45416175717055196
0.47275199236893894
0.5087139371669653
0.4504738645722168
0.4589034349027306
