0.42303030478833903
0.4338047143184777
0.471515152641017
0.4717845128040121
0.47380471455328393
0.5003367003166315
0.5158249174404625
0.5204040417165468
0.5256565697867461
0.5635016813422694
0.5547474767222549
0.5808754226174018
0.5581144798885692
0.5944781176971666
0.5977104357396713
0.5768350167105897
0.5889562284103548
0.6257239062376697
0.6150841764127365
0.6245117864825509
0.6171043753021895
0.6160269373595112
0.6393266022205353
0.6276094305394876
0.6482154886529903
0.655488217418844
0.6347474750846324
0.640134678946601
0.6355555563262014
0.6619528658462294
0.6478114489353064
0.6397306392289172
0.6728619544795065
0.6611447797881232
0.6728619532753722
0.6782491592445758
0.6455218852168382
0.6774410740895704
0.6630303019827063
0.6829629603660468
0.701548819289063
0.6922558916337562
0.6993939400923372
0.7026262632524124
0.6898316509193845
0.6954882166000328
0.715959598319699
0.7066666676540567
0.6977777794154003
0.7070707106831098
0.7068013446499603
0.6882154923496824
0.7214814806827391
0.7291582518755787
0.722962964664806
0.7171717174727508
0.7209427612598496
0.7235016855928633
0.7181144793226262
0.7368350182518815
0.7240404068219541
0.7247138023376465
0.7183838393351044
0.72390572470848
0.7275420893924405
0.7410100996494293
0.7224242416295138
0.7352188566718438
0.5388552194291895
0.48781144889918243
0.5585185187031524
0.5705050522028797
0.6032323226182148
0.6262626238543578
0.6300336709528258
0.6682828300529056
0.6684175082529434
0.6641077456450222
0.6743434342471036
0.6847138055647263
0.6876767687123231
0.6905050527567815
0.6995286179913415
0.7187878787517548
0.6976430954957249
0.7085521901496733
0.7206734024515056
0.7101683484183418
0.7073400676852525
0.7313131334805729
0.7070707070707071
0.7109764326702465
0.7263299693362881
0.7151515164760628
0.7399326614057175
0.6705723901589712
0.6756902367177636
0.6937373741106554
0.721750840996251
0.7204040415359266
0.730909093160822
0.7315824907837492
0.7435690218752081
0.741010102659765
0.7379124561945597
0.7255218871916184
0.7306397292349074
0.7539393956010992
0.739663300189105
0.7442424276260414
0.7578451166851352
0.744511786133352
0.7482828275121823
0.7508417524472631
0.7504377130306128
0.7402020172037259
0.7519191964106127
0.7641750863104155
0.728484851844383
0.7345454530282454
0.7554208768738641
0.7419528645096403
0.7504377064078745
0.7516498348929666
0.7435690254876108
0.7550168407685829
0.7529966349553581
0.7566329987362178
0.7738720545865069
0.7350841784718061
0.753535354679281
0.7431649824585578
0.7505723894244493
0.766464646416481
0.7463973074248342
0.7640404057021093
0.7674074064601552
0.7538047164979608
0.7579798000027435
0.7543434353187831
0.7695622937847869
0.7736026957781628
0.7562289605237017
0.7726599315200189
0.7606734007295936
0.7773737392642281
0.7595959624858818
0.7601346782963685
0.7781818202047637
0.7733333345615503
0.767542090078797
0.7668686864351986
0.7827609428251633
0.7707744090244023
0.7612121231628187
0.7636363644792576
0.7802020190942167
0.7811447818471928
0.7792592623619118
0.7890909103432087
0.7765656583236925
0.7827609422230961
0.7876094272642424
0.7796633002733944
0.7804713830201313
0.7648484833312758
0.7850505065436315
0.7983838386005826
0.794882157535264
0.7826262664313268
0.789090906730806
0.7754882128551753
0.7814141391503691
0.7901683485869205
0.7874747496662717
0.7983838379985154
0.7897643109764716
0.802424244206361
0.7835690228625981
0.7917845119731595
0.7912457910451022
0.8032323236417289
0.6852525243855486
0.7364309758248956
0.7872053860413908
0.7737373745802677
0.7679461282913131
0.7994612822628985
0.7838383852833449
0.7880134690891613
0.7773737401673289
0.7940740723802586
0.800942761729462
0.7975757609714161
0.7925925923116279
0.7820875415898333
0.7842424253020623
0.7974410779548414
0.8158922550654171
0.7818181785670194
0.8076767668579564
0.8001346822940942
0.802289564802189
0.7932659965572935
0.7954208742488514
0.7998653219805824
0.7936700353718767
0.7991919204442188
0.8101010099805966
0.7909764328388252
0.7911111134471316
0.8060606049768853
0.7948821572342304
0.8117171682492651
0.8280134730868869
0.7955555566633591
0.8105050499993142
0.8022895629959877
0.8168350175173595
0.8258585893746578
0.8150841780383178
0.8119865330782804
0.811851851867907
0.8030976424313555
0.8075420880558515
0.8173737375423161
0.8288215501139863
0.8030976472478925
0.8215488231543339
0.8195286242648808
0.8149494980320786
0.823164985035405
0.8175084169464882
0.8087542123264737
0.8072727280433731
0.8251851851289923
0.8134680149531124
0.8041750872978056
0.807407406243411
0.8053872031394882
0.8118518512658398
0.8215488231543339
0.8227609444146204
0.8211447825335493
0.8145454550030256
0.837037038923514
0.8142760943884801
0.8280134718827526
0.8140067343760018
0.8136026991738213
