2.40815406616288
1.5316943435957937
1.5040093901181462
1.4674584588619193
1.4745684585185965
1.4219111228230024
1.3990569861248285
1.3821749073086362
1.3539984659715132
1.303937397219918
1.3205956943107373
1.2594241855120418
1.3146380709879326
1.2467667743413136
1.2416357325785088
1.2603318131331243
1.2241645503525782
1.195326323461051
1.1943692348220132
1.181203058271697
1.1800675663081082
1.2048047251171536
1.1690669619675838
1.1721885204315186
1.1514541783718149
1.1233335974240544
1.1681963349833633
1.1464147585811038
1.172985766271148
1.1232213733172176
1.1377549532688025
1.1513587356817843
1.108588209657958
1.1315398866480046
1.0841432051225142
1.0910573800404866
1.1365807580225396
1.0759384367201064
1.1154656596858092
1.0756998098257817
1.058866833797609
1.0561168067383044
1.0405532019306916
1.0534711510244041
1.0648331250807253
1.051307493990118
1.013764389235564
1.0294209586249456
1.051625856245407
1.0424020380684824
1.0291969414913293
1.072379915401189
1.0021207233270009
0.994342626345278
0.9918306656558105
1.0128839882937344
1.0063016324332266
1.0002528585568824
1.0202401828284215
0.9717583096388615
1.014475127061208
0.9889516764216952
1.0078596111499902
0.9964940710501238
1.000118283310322
0.9795194930500455
0.9951121921491142
0.9723755494512692
1.5504922577829072
1.394277775528455
1.2629876889363685
1.2461560904377638
1.2030938815588903
1.1605028600403757
1.1563987111804461
1.0869357170480671
1.0864425572482022
1.1120421808175367
1.080497023433146
1.0494964977707526
1.0532692405912611
1.0570689686621078
1.0260550747014054
0.9969096960443439
1.0324978244425072
1.028828476414536
0.9968403770466043
1.0129787879760819
1.0102370495748039
0.976529613287762
1.0286845414325445
1.0133370582503503
0.9852640153181673
1.0032085378964741
0.9686654396731444
1.1659379408817099
1.0906416490824535
1.0457024357535623
1.0153057743804623
1.003287860239395
0.9832467015343483
0.9661214411860765
0.9580532788026213
0.9573973676170966
0.9520754326473583
0.9829240537653066
0.9719660619292596
0.9504879682955115
0.962864076248323
0.9574541347195403
0.9331353553617844
0.9662986096709666
0.949601457576559
0.9563575405063052
0.9543324185140205
0.9597281753414809
0.9399376523615134
0.9208263616369228
0.9855306768658185
0.9624289804034762
0.9219892982280615
0.9572997773536528
0.9417770083504494
0.9354853864872095
0.9613643577604583
0.9325094957544346
0.9355172996569161
0.9310005060350052
0.9047958254814148
0.9668410679306647
0.9221402021369549
0.9439212722007675
0.9323487372109385
0.9095693634013937
0.9529489242669308
0.9110686128789728
0.8918438662182201
0.9195881979634063
0.9305617068753098
0.9246641246959416
0.9027276231785013
0.8883592943952541
0.9343889981809289
0.8923713221694484
0.925477901492456
0.891856849193573
0.9123958529848041
0.9215542059956174
0.8878872828050093
0.9042170661868472
0.9179659275093464
0.911000588325539
0.8811269173718462
0.8924758343985586
0.9226572369084214
0.9019272935510886
0.9024588712538132
0.8861721537329934
0.8834932482603824
0.8731338447994657
0.8859025426585265
0.8783680405279602
0.8722219906672083
0.8876535356646836
0.8804882764816284
0.9110788179166389
0.8654718146179662
0.8629069213915352
0.8735875469265562
0.866807966521292
0.8655822915260238
0.8866567641797692
0.8853444866459779
0.8651293763006577
0.8813215614569307
0.8466049697664049
0.862216809783319
0.8480392429563735
0.8785004116067983
0.8554708951651447
0.8542556485744438
0.8399267184613931
1.1282670521976972
0.9620168925535799
0.8812998135884603
0.9020324584209558
0.8944831138307398
0.8509006632698907
0.8799073136214054
0.8765601100343646
0.8836713198459509
0.8514373260315018
0.8492353986007999
0.8502507095385079
0.8604641791545984
0.8705704182085364
0.8765835557321106
0.8372294628860975
0.8299217681692104
0.8891926317503958
0.8347364555705677
0.8524398821772952
0.8439814249674479
0.8615811075827088
0.8502437797459689
0.8406968785054756
0.8556321287395978
0.8457559919116473
0.8270143294575238
0.8642851138355756
0.8613731740701078
0.8270946819372852
0.8578388594617747
0.8311271029289322
0.8026199244489574
0.8456657203761014
0.826030273931195
0.8453850282563103
0.8214710228370897
0.7968295866792853
0.811271395346131
0.8235603402359317
0.8262252891906584
0.8413469375986041
0.8387596787828387
0.8159983886612786
0.7972937304564197
0.8513198392559783
0.8144761095143328
0.8151046501265632
0.8220785783998894
0.8023855848745867
0.8011529252986715
0.8360067425352155
0.831616956778247
0.8053248392211066
0.8186542217177574
0.835308247744435
0.8311613153929662
0.8317952818340726
0.8193557057717834
0.8174640024551237
0.8077273922737198
0.8033076277886978
0.8209856230803211
0.7794583373599582
0.8152491311834316
0.7948775399814952
0.8209931224283545
0.826934854791622
