2.4701069039527814
2.0867635938856335
1.9752488678151912
1.891240464316474
1.7893138810841724
1.7714846362971297
1.719925216954164
1.6513744448170518
1.6049194119193337
1.5785102699742173
1.527431760171447
1.4932618237505055
1.4515932714096222
1.423911199425206
1.4194883445296624
1.3600458352252691
1.3375445267166755
1.3041864416816018
1.269535000878151
1.296614817898683
1.2441120641400116
1.184246797754307
1.1836028496424358
1.2008872628211975
1.1508299714387065
1.1523122179387795
1.1422964430818654
1.1368664768007066
1.0933821117035065
1.0725977824191855
1.053178401306422
1.0265249712298614
1.0398263780757635
1.0204682163517884
1.0073418105491485
0.9687197587706826
0.9823787176247799
0.9563810753099846
0.9524451668816384
0.9673605181954124
0.9452395860594932
0.9154056894658792
0.9056176103726782
0.8802658978736762
0.8871574630640974
0.8770440865044642
0.8442661394976606
0.848780328577215
0.8158593502911654
0.8188016866192673
0.8097338836000423
0.8141412199145616
0.8038370850110295
0.7956524629785557
0.7926870596529257
0.7617444293667571
0.7685008455406536
0.718381903689317
0.7600020946878375
0.726506928903888
0.7107874495212478
0.7260487781028555
0.7219460663771389
0.7051645393925484
0.6921528195491945
0.6892630114699855
0.6690306967557079
0.6591039092251749
0.6559483475155301
0.6573971434675082
0.6150559903395296
0.6444454602520875
0.616854813363817
0.635668566431662
0.6220342146627831
0.61986445176481
0.6379237177998128
0.5945429503917694
0.5937419792618415
0.6037058026501627
0.6199371266846705
0.5913260964432148
0.5913211898972289
0.5872820483313667
0.5900340062199216
0.5483556868452014
0.5576548284352428
0.5695658861988723
0.5409202647931648
0.5523194962679737
0.5411228633890248
0.5228644037487531
0.5259157958054783
0.526483482182628
0.5179693912616884
0.5309228505751099
0.5132332630831786
0.5032579624893689
0.5029756098684638
0.5000264638602131
0.5121520354290201
0.49391702931336684
0.4961686156915896
0.4971707509924667
0.49862789987313627
0.4806987595076513
0.49331543165625946
0.46985380757938733
0.47513397293861465
0.47704059156504547
0.46300295446858264
0.4593487017684513
0.4652913399416991
0.46171222100354203
0.43752437980488096
0.4788241290082835
0.4383003753845138
0.46472472554505473
0.4415851921746225
0.4547311473976482
0.4384938507068037
0.43489378314427657
0.41859596365630025
0.42917264907649066
0.41017932768421944
0.4271401261741465
0.41842384019283335
0.411443027282002
0.43715626874355357
0.43470294020994743
0.40932740918313615
0.41388465659786955
0.4087282902363575
0.3982933237396105
0.411698168425849
0.40303903577303646
0.4036793729873619
0.3847910805483057
0.3893474555677838
0.40071522843356083
0.3895039797732324
0.40245144596003524
0.39035048328264793
0.3737133649563549
0.3742788220294798
0.3914857881538796
0.3698644054056418
0.37647481804544275
0.38695319177526416
0.37260346942477757
0.3783765960522372
0.37049901771425
0.33446343423742236
0.3604887162495141
0.3668572708512797
0.3661745104825858
0.37008387843767804
0.3609056952926848
0.3547084897455543
0.3585842250272481
0.3832891517215305
0.3587066403242073
0.33998863248511996
0.3551722453399138
0.3415594630771213
0.34453281865577506
0.31969315761869604
0.35599474819621657
0.33618827299638226
0.3335340728964468
0.3298290221378057
0.3346379063647203
0.3348120450973511
0.3402377972097108
0.3357323335878777
0.33516728095333986
0.34392982525656923
0.33560922802096665
0.3260105289895125
0.32491916086938644
0.33063775376238
0.3170809316815752
0.33715215445768953
0.3206775528613967
0.3163837876283761
0.30303074509808514
0.3203426694328135
0.309808756064887
0.31982208953963387
0.3147103526074477
0.3169055374884846
0.3110596308804522
0.30962594350179035
0.3039540824565021
0.3045729382170571
0.2966624895731608
0.3050711446940297
0.31439732767716805
0.30298659280695095
0.2956460459966852
0.29911346838931846
0.30819692440105206
0.2973004937774003
0.2957824519788376
0.3028750582174821
0.3050512632336279
0.29857730428979856
0.3036491563825896
0.28509501691418465
0.290867706440916
0.2954149852798443
0.28822883782964764
0.2839779882418989
0.2770906628081293
0.29163560256211446
0.29844014150927767
0.3007654088615167
0.2933364709218343
0.28928420323916154
0.28085723895617204
0.26573724156678324
0.2669684698786398
0.2783579596064307
0.2722036525456592
0.2959825587694091
0.28036418835623095
0.2641200477426702
0.2525306453156953
0.2735333065643455
0.264431079605011
0.2638428798227599
0.26428979928746366
0.2674013025531865
0.2690795666039592
0.27681612614730394
0.2737249673315973
0.2518678110356283
0.26669396399849593
0.2575456667127031
0.26210486775997915
0.2704620529906918
0.2724729339883785
0.2512671280689914
0.26544763012365863
0.2674112663124547
0.2632097066050828
0.25844894319471684
0.25123024333005
0.25790689810357914
0.25471140233555223
