0.2699438828711558
0.3219753082352455
0.3450505056164481
0.3686644204638221
0.4089337828183415
0.43160493957875956
0.44606060813171694
0.458226712364139
0.47578002527506663
0.4851627398018885
0.49813692557691325
0.5146576921747188
0.5313580276990177
0.5428058372603523
0.5438832791164668
0.5596857492369834
0.5761616187866287
0.5753535369429925
0.5824915854015735
0.5887766561724923
0.5986980949387406
0.6071829437607467
0.6032772175591401
0.6206060572706088
0.6242424225566363
0.6266666686896122
0.6350168384084798
0.6366329942688798
0.6336251428030958
0.6378002220934088
0.6578675625902234
0.6553984272359598
0.6635690174921595
0.6698540966920178
0.6707070680579754
0.6754657692379422
0.686554431313216
0.6956228963052383
0.6817059480782711
0.6953535332824244
0.6924354650757529
0.7085521895476062
0.7053198633771954
0.7033894495530562
0.7098989920182661
0.7141189701629408
0.7161840603809164
0.7350392829288136
0.7293827136357626
0.731178449259864
0.736161617317585
0.7559147007537611
0.743389448734245
0.74684624178241
0.755510662541245
0.7466217743025886
0.7498989893932535
0.7624691369557621
0.7574410781715856
0.759281706930411
0.7719865332950245
0.7655218839645386
0.7652076332256047
0.7688888895391214
0.7680808082975522
0.7752188558530326
0.7825364753453419
0.7814141433648388
0.7823120090696547
0.7817283959099741
0.7873400690579655
0.7986980929519191
0.7876094290704438
0.8015712674217995
0.79138046924514
0.8021099916612259
0.7943434323927369
0.7963187423619357
0.796094278494517
0.8004489342371622
0.8007631879864316
0.8092480331960351
0.8136475856858071
0.8132884388018136
0.8028731791660039
0.813153761203843
0.818675646276185
0.8188552200192153
0.8204713776858166
0.8311111084138504
0.8246464651040356
0.8326374852296078
0.8244219976242142
0.828282827078694
0.8278338927211184
0.8303479209090724
0.8374410765339629
0.840673398489904
0.8312906809527465
0.8379797995692552
0.8453423097880199
0.8394612790358187
0.8404938235427394
0.8439955103276956
0.8487542084973267
0.841975308427907
0.852166104196298
0.8391919178192062
0.8567901181452202
0.8522558922719474
0.8540067323530564
0.856745229224966
0.8634343424228706
0.861503926190463
0.8601571297404742
0.8607407392877521
0.8522558892616118
0.8662177318274372
0.85661054440219
0.8627160492569509
0.8592592562087858
0.8691806925667657
0.8649158230935684
0.8653198649184872
0.8601571243218701
0.8646015687422319
0.8669360231871557
0.8731313094948278
0.8746576899229878
0.8680583581779943
0.8804938287445994
0.8752861962173925
0.8835465733451072
0.8735802444544706
0.8785185181733334
0.879551062078187
0.8845791220664978
0.8720538718531831
0.8739842850752552
0.8901907958165564
0.8797306412398213
0.8817059439842148
0.8823344532889549
0.882918068856904
0.8835465733451072
0.8848484856913789
0.8902805838922058
0.8847138032768712
0.8930639726947053
0.8899663295408692
0.8871380451953772
0.8989899001940332
0.8931088658294293
0.8904152663067134
0.8918967469774112
0.8933333345133849
0.8897418644693162
0.8988552189836598
0.8943658814285741
0.8978226720684707
0.8962065119936009
0.8975084183192013
0.9029405159179611
0.8949046002493964
0.8960718253646234
0.9045566784010993
0.9038383828269111
0.898496070293465
0.9003367008584918
0.9037934914983884
0.9006958483445524
0.8981369234094716
0.9092255921074839
0.9046464652726145
0.9049158270912941
0.9115151564280192
0.9037934884880529
0.9085970822006765
0.9066666677744701
0.9031200902630584
0.9064870934293727
0.9070258158625979
0.9107968578434954
0.9063524116169323
0.9079236845777492
0.909135801623566
0.9093153753665962
0.9098989933428138
0.9106621814496589
0.9088215526908335
0.9133108878376508
0.9102132464900161
0.9075645346834202
0.9134904603765468
0.9132659965091281
0.9199551042884287
0.9167227823324878
0.9183389472238945
0.9138047165340848
0.9186083048281043
0.9172166152433916
0.9110213271295181
0.9197306428292785
0.915645344690843
0.9140291816056377
0.9174410785087431
0.9229180758649652
0.9188776702591868
0.9210325503590131
0.9203142571930933
0.9237710472309228
0.9260157190188013
0.9178900128663189
0.9220650972742023
0.9248484854746346
0.9221548835436503
0.917755334666281
0.9211223372305283
0.9175757609232508
0.925881032991891
0.9222446698130984
0.9251178490995157
0.9264197530168475
0.9263299679515338
0.9229629683976222
0.9287991060150994
0.924040406641334
0.9324354685918249
0.9303703753635136
0.9294276129115712
0.9248035953502463
0.931358029746046
0.9248035935440448
0.9236812579511392
0.9285746355249425
0.9253872097140611
0.9321661091814137
0.9336026919008505
0.9296520773810569
0.9275420898138874
0.9335578017764621
0.9325701485980641
0.9301908016204834
0.9318518530238759
0.9335129074376038
0.9289786791560626
0.9345454609755314
0.9339169510687241
0.9330190817515055
0.937822674259995
