2.6172044120653712
2.225460481162023
2.1408274631307584
2.0450757308439775
1.9176215740165325
1.856853475474348
1.7913946154141667
1.7593949840526388
1.7088466954953743
1.6752241970312716
1.632938730596292
1.578273912872931
1.5382552556317262
1.4952813543454566
1.4836034871111012
1.4486731242651891
1.3918804345708904
1.383881815154143
1.3616370402201257
1.3525927590601372
1.3220213049589986
1.2974100149039067
1.2943563238538878
1.2487667859202685
1.2345654585144736
1.2380591167343988
1.2068989030038468
1.1789794744867268
1.1990061576920326
1.1937905170700767
1.1310198957269841
1.1255609447305852
1.114495033567602
1.0936152621953175
1.0913560565071876
1.0805225727534054
1.0424513925205579
1.0264324052165252
1.0403667959299954
1.0064345387497333
0.9958718846542667
0.9726916346887146
0.9661334211176092
0.9840333877187787
0.9543933380733837
0.9497565783635534
0.9362836100838401
0.8929359822562246
0.9045839442147149
0.9001022962608722
0.8828674554824829
0.8289882354062013
0.8547563140440468
0.858415445294043
0.8252904294717192
0.8449344972167352
0.839123020870517
0.8022060159480933
0.8182462917433845
0.8168375991811656
0.7832214459024295
0.794667322226245
0.79379939611512
0.7896933501416986
0.7768802979979852
0.7711224700465347
0.7592671363040654
0.7505575936250012
0.7445906343484165
0.7455859861590646
0.7315101394749651
0.703311238626037
0.7286137104636491
0.7051488347727843
0.7053939341896712
0.6885868741406335
0.7038995123872853
0.6965567063201558
0.702555180499048
0.6952511060117471
0.6866426765918732
0.6746120362570791
0.647412387710629
0.6522718947945219
0.6762345532576243
0.6557487815317481
0.6410595217738488
0.6365736376757574
0.636885110778038
0.609682007871493
0.633804020255503
0.6093333592318525
0.623467626595738
0.6144191833457562
0.6148725326615151
0.6092301607131958
0.5915852047578253
0.5899170345128185
0.6026042200098134
0.5820073810490695
0.5659231371951826
0.5814188270255772
0.5704180857147834
0.5660058256953654
0.5538952540267598
0.5769611482668404
0.5531229102852369
0.5870222798501602
0.5402423895970739
0.5433691270423658
0.5357830945891563
0.5375439792570441
0.521210063888569
0.5204617462374947
0.530664775106642
0.5262969708201861
0.5495478447639581
0.511426307035215
0.5337228464959848
0.5222432736796562
0.5268290554634248
0.5048371104881016
0.5151687095863651
0.5130627483430535
0.5283941108771045
0.5109076563156012
0.5054557702758096
0.4989259965492017
0.49260826875465086
0.5015482845330479
0.48010187919693764
0.48721093451133884
0.46031148235003155
0.4926511964412651
0.4747920162750013
0.4746311999330617
0.4694100452793969
0.49243748127812087
0.4897022539317006
0.45323687611204205
0.4727303786109192
0.4625566309750682
0.46448042747950313
0.4711208494022639
0.4695997686699183
0.457297589140709
0.45157805867869444
0.4576152240989184
0.4409963946149807
0.44947971403598785
0.4525774648093214
0.4268415907416681
0.4430231346626474
0.4434784605647578
0.43751681182119584
0.4437998545290244
0.44899023181260234
0.42144227118203137
0.4401304776018316
0.4232625356226256
0.4304090542624695
0.43108517985151273
0.41328342033155036
0.43563951717482674
0.4270056699863588
0.41262743689797143
0.4128073134807625
0.4190798115850699
0.4217318693796794
0.41230214153877415
0.4154257051872485
0.42281801471806535
0.3996537914781859
0.41134891455823724
0.4072316394309805
0.3896251739275576
0.4071500533156925
0.39934142310209947
0.4010119338830312
0.41170603548637547
0.40665684234012256
0.40251810231594126
0.3954188206581154
0.404443621635437
0.39751099576853743
0.40023324736441024
0.40276177182342066
0.394915651642915
0.3945263676872157
0.39313515087570805
0.384234601801092
0.39016615591868004
0.3991648353109456
0.38097312805628536
0.38522749567272685
0.37207188976533484
0.374691450535649
0.3756640785270267
0.3847192849474724
0.37023943752953503
0.37475948743145876
0.3904220084048281
0.3693908690804183
0.37514844717401447
0.3842270277967357
0.3727527886930138
0.3630615207884047
0.3732416093951524
0.36766148320954256
0.36682796508374843
0.35933527997647874
0.35411891837914783
0.37171104685826734
0.3635458914619504
0.34903624638764547
0.3647816155595009
0.36859706029145406
0.3654377279859601
0.3728672807866877
0.3550395535098182
0.35809283063869285
0.3575048177230238
0.34830653863121763
0.3527161915494938
0.35770861036849744
0.349104167235018
0.3600178767334331
0.34450919038117533
0.34110541355730306
0.3390331188536654
0.3583087150496666
0.33892763097478884
0.35574304590923617
0.3621935781204339
0.34770313793360585
0.35715225098109005
0.3393321702576647
0.33781546339242147
0.33830529707248763
0.34899065033956006
0.33631596390647117
0.3408350005294337
0.3399155638133637
0.33753101919034517
0.3317728594999121
0.3469302777690117
0.3319113784366184
0.33130464830783884
0.3346171151809018
0.327684507225499
