3.2154988351494374
2.471667665423769
2.319625421003862
2.2326417679738517
2.169063175567473
2.127810088070956
2.077940494123131
2.0116629913599806
1.9921388686305346
1.9439268714249736
1.9072415070100264
1.8963289393319025
1.8753297425279714
1.8380538502124826
1.7822349709693832
1.7659374511603154
1.7362597891778657
1.7415721428514732
1.7073784717405684
1.7273183037536313
1.6758333191727146
1.644568515546394
1.6290886691122344
1.6289323568344116
1.6050556837910352
1.5782284688467931
1.6132718613653472
1.5638614182520394
1.5720520344647495
1.5314066939883761
1.5215783480441931
1.5101231806205981
1.5121821261415578
1.486123917078731
1.4870250706720833
1.459190354202733
1.4612798582423816
1.444080635754749
1.4379061544784393
1.4190310083254418
1.4028620948695174
1.4031133699898768
1.3956020444330544
1.372997932963901
1.3483910343863748
1.364581276672055
1.3577717940012615
1.344751618125222
1.3060950787380488
1.3095799202870841
1.3042380653246484
1.2834549564303774
1.3095741982411857
1.292585896121131
1.2882311584973576
1.2620851487824412
1.2575646963986484
1.241240710923166
1.247416666059783
1.2370738965092283
1.2176983537095967
1.216504231847898
1.20620654086874
1.203038417329692
1.213052314339262
1.2108312694713323
1.178678576994424
1.1737618777487013
1.1571206311986904
1.162435243226061
1.1737913603734489
1.1441772441671352
1.1737191020840345
1.130640775868387
1.1420276104801832
1.149969417037386
1.128672343913955
1.103943447271983
1.1047396918739936
1.1114945881294482
1.1193075860389556
1.1038032601578067
1.1084430765623998
1.0985949882353194
1.099935527401741
1.0950200750370218
1.0756856040521101
1.0906951505728442
1.0591861437065433
1.0668304731147458
1.0599154270056523
1.0695004288596337
1.0509280905579075
1.0566954022706156
1.0516127203450059
1.0324514694888183
1.064396493964725
1.0419996471116038
1.0536590453350183
1.055557628472646
1.0476474497053359
1.0216845924204045
1.0228770333107071
1.024507300420241
1.0228914347561924
1.0278909880705553
1.009729230644727
0.9891099165184329
1.0054718629278319
0.9929369597723989
0.9994131621688304
0.98358485313377
0.991075686132065
0.9805974755624328
0.9891178951118932
0.975930402977298
0.9829705194993452
0.9905084371566772
0.9791030450300737
0.9737091516003464
0.969924352385781
0.9687276940153102
0.9686735723957871
0.952870123314135
0.9649775624275208
0.9431037613839814
0.94808771152689
0.9493874377674527
0.94729015441856
0.9584518147237373
0.9493906359479884
0.944798509881954
0.9543662215724136
0.936037787885377
0.9396032191286183
0.9417560522002403
0.9289573461118371
0.926521158579624
0.943718129938299
0.9182024297088084
0.9244540050776318
0.9211374780144355
0.9104906055662367
0.9202285126002148
0.9054560456613098
0.918496644858158
0.92321119284389
0.9088216074789414
0.9131905882045476
0.9053086024342161
0.9162004487683074
0.9120378283539203
0.9149355888366699
0.8956636864729602
0.8968262353328743
0.9152962065706349
0.903694955989568
0.8814314814529034
0.8987484369615112
0.8867572991534917
0.896123179883668
0.8812632012848902
0.8995589342984286
0.9175357348991163
0.9004011352856954
0.8938410149680244
0.8972110453278127
0.8900302449862162
0.8756460047731496
0.8837389873735833
0.8921947912736372
0.873724826658615
0.8797266380955474
0.8668923143184546
0.882994137629114
0.8658045265409682
0.8593557464956033
0.8599891295336713
0.8559895789984501
0.8653544037028996
0.8734802531473564
0.8542032542854848
0.8564950721432464
0.8626336623923947
0.8641352213994421
0.8646166619628367
0.8540033264593645
0.8502945099214111
0.8524586209143051
0.8503864732655612
0.8637927210692203
0.8430485141397727
0.8468464323968599
0.847358049166323
0.8469806349638737
0.840440262447704
0.8359632793098989
0.8319208050014997
0.8363340749885096
0.843208190768656
0.8315745525889926
0.8398245892139397
0.8388492115820297
0.836328189782422
0.8460404764522206
0.8309496592993688
0.8371654357572998
0.8352789920989914
0.8418739341726207
0.8461062691428445
0.8271014010063326
0.8225031657652422
0.826205131381449
0.819545647712669
0.8226989778605375
0.8262432024936484
0.8318614183050214
0.8277321867268495
0.8216772537038783
0.8198033444809191
0.8116606215033868
0.8200270340900229
0.8241285717848575
0.8187570740478207
0.8079186828449519
0.7996639826081016
0.8058375270679744
0.8102870210252627
0.8195241912446841
0.8091593866396432
0.8089751739694615
0.8056693396182976
0.8060541785124576
0.8090313480357931
0.7969640083987304
0.8083796224208794
0.8059416834754173
0.8029139252624127
0.8096532111216073
0.798169904285007
0.8026706576347351
0.7985910568574462
0.8004994031154749
0.8003057674928145
0.8029262363308608
0.8038341944867914
0.8045575570578527
0.7955322855650776
0.7898146233173332
0.8037790162394746
