22.106587924957275
2.5591007602214813
1.7847381055355072
1.6739723289012909
1.6065186393260955
1.6042035973072053
1.5669366419315338
1.5679234945774079
1.5477427959442138
1.5239154136180877
1.515771014690399
1.5332043290138244
1.5497614336013794
1.533184094429016
1.5033306050300599
1.487930458188057
1.4926553344726563
1.4937763357162475
1.516888120174408
1.4523796260356903
1.4690258705615997
1.495606662631035
1.4575714635849
1.4564190661907197
1.4694879245758057
1.4679920601844787
1.45098708152771
1.4452622669935227
1.4490983855724335
1.4336460173130035
1.4322082567214967
1.4276213312149049
1.4319368463754654
1.4191068202257155
1.431879892349243
1.4524357718229295
1.4116635620594025
1.4265075570344925
1.4071226912736892
1.418761396408081
1.3801812219619751
1.4070257425308228
1.407652268409729
1.3970333206653596
1.4094711244106293
1.4343089383840562
1.3958437967300414
1.4247731113433837
1.3800948750972748
1.384076156616211
1.3810321366786957
1.3863515174388885
1.3854626697301864
1.4117416048049927
1.372134929895401
1.369869691133499
1.3757583606243133
1.350546007156372
1.3449206751585008
1.3507941871881486
1.3805255490541457
1.3913185662031173
1.3682902646064758
1.3500239437818526
1.3831435060501098
1.3547640699148178
1.3209937447309494
1.3503102725744247
1.3572291219234467
1.3452524274587632
1.3114649468660355
1.3332769507169724
1.3586125600337982
1.3610605633258819
1.3464193105697633
1.3173745667934418
1.375555025935173
1.3136591666936874
1.3335883700847626
1.322710581421852
1.3224144399166107
1.292381751537323
1.3314448249340058
1.3357713174819947
1.3063596177101136
1.3125796109437942
1.2884036725759507
1.2906729936599732
1.326270517706871
1.3381998324394226
1.3128907454013825
1.3363669681549073
1.2873093581199646
1.3027430218458176
1.317755937576294
1.3275075787305832
1.3189148646593094
1.3209146904945372
1.313678018450737
1.2774017786979674
1.2951951426267625
1.3003616601228714
1.2873896145820618
1.2976531094312669
1.298099895119667
1.2635231977701187
1.3086935877799988
1.2622820657491685
1.256858903169632
1.2723087817430496
1.276016896367073
1.2695838868618012
1.296109745502472
1.2413846278190612
1.2635813254117965
1.3128501188755035
1.2612887197732925
1.2883395671844482
1.2423771184682846
1.2664298278093338
1.2243911665678024
1.2511653304100037
1.2841008138656616
1.2541442495584487
1.2662141174077988
1.270937558412552
1.224296707510948
1.2711550164222718
1.2175580883026123
1.2170412588119506
1.1958857214450835
1.2313984370231628
1.2500047099590301
1.245725217461586
1.240815690755844
1.2281002992391585
1.208131986260414
1.2537649548053742
1.1959337162971497
1.2426631247997284
1.241367934346199
1.237170033454895
1.1816628420352935
1.210314591526985
1.2313350749015808
1.2283712708950043
1.2107583618164062
1.2450098705291748
1.1992371773719788
1.2245301026105881
1.2416436940431594
1.1749288022518158
1.2071198362112046
1.2207416427135467
1.2015872704982757
1.2105119627714158
1.1958883917331695
1.1812540704011918
1.2384828674793242
1.2147508490085601
1.2307867741584777
1.2402380752563475
1.202964385151863
1.2052048969268798
1.1912372189760208
1.1837582886219025
1.1579186344146728
1.1707478332519532
1.2043650609254837
1.1845432257652282
1.176389222741127
1.1988370883464814
1.188997101187706
1.173497970700264
1.1705023735761642
1.2015606719255447
1.1988641035556793
1.2254873931407928
1.1750163340568542
1.2273047429323196
1.1735313957929612
1.159789900481701
1.1808459758758545
1.196991528272629
1.164000540971756
1.1674964225292206
1.187675677537918
1.1651542484760284
1.176880742907524
1.1688827180862427
1.1813387846946717
1.160116662979126
1.178789466023445
1.1473355251550674
1.1579626715183258
1.1629954743385316
1.1633836710453034
1.1781062322854996
1.1623522555828094
1.1352920883893967
1.1942498642206192
1.1463933992385864
1.1642111641168595
1.145343641638756
1.1999468046426773
1.162367401123047
1.1712055373191834
1.2082719558477402
1.1942571038007737
1.1263273602724075
1.1476128596067428
1.1633402198553084
1.1117858612537384
1.1712813180685044
1.1984951448440553
1.150424945950508
1.1862143689393998
1.1416461426019668
1.2093365126848221
1.0941168969869615
1.0921947678923607
1.126344159245491
1.1567634290456772
1.140739067196846
1.2033507651090622
1.103968632519245
1.162203450202942
1.1565266221761703
1.1034680449962615
1.144248366355896
1.1648870718479156
1.1313578659296035
1.1115869241952896
1.1521420621871947
1.1638834369182587
1.1452016496658326
1.175787706375122
1.1182536482810974
1.1241727256774903
1.1277966022491455
1.0956215971708299
1.1780709367990494
1.1455620694160462
1.1011737781763076
1.1433078080415726
1.1746632474660874
1.1228033035993576
1.1198990070819854
1.1058533042669296
1.1043208873271941
1.1169821098446846
1.1637554615736008
1.1330648577213287
1.0988000455498694
1.0692726030945778
1.0892731285095214
1.1498443347215652
1.1119309532642365
1.1059455996751786
1.1122971150279044
1.0647495621442795
1.1457879984378814
1.1032768243551254
1.1160677403211594
1.1306130665540695
1.1070164090394974
1.1135125920176505
1.076659912765026
1.1449396294355392
1.133468142747879
1.0992730206251144
1.1675045740604402
1.1383698803186417
1.0927206540107728
1.090407446026802
1.1056641626358032
1.0810411149263381
1.1361847907304763
1.1207829356193542
1.0830225610733033
1.1246517699956895
1.1247737914323808
1.131970172226429
1.0742742091417312
1.118695231974125
1.0845983111858368
1.1171950566768647
1.093749438226223
1.1163198220729829
1.1329955822229385
1.081571992635727
1.0720333042740822
1.0778605130314827
1.1034460747241974
1.0688875305652619
1.0614874356985091
1.114004539847374
1.0907466363906861
1.1096092069149017
1.1026464474201203
1.1329950827360153
1.0970969188213349
1.0769225782155991
1.0751881623268127
1.0698145979642868
1.1439555037021636
1.0856549972295761
1.123555333018303
1.0970442628860473
1.104180433154106
1.108612979054451
1.0848731413483619
1.0842391008138657
1.133151308298111
1.0859775960445404
1.1385442644357682
1.0811170101165772
1.071063831448555
1.1145488232374192
1.074560936689377
1.0849189564585686
1.0874620544910432
1.0737644505500794
1.1202231454849243
1.0740215581655503
1.087985367178917
1.0785710710287093
1.0844937574863434
1.060356588959694
1.1153033423423766
1.0958305686712264
1.107123381793499
1.1129215067625047
1.1379602620005607
1.1130641254782676
1.109272345304489
1.0220309871435165
1.0547157740592956
1.0791220045089722
1.0599958980083466
1.038944485783577
1.136841500401497
1.1204573118686676
1.10224917024374
1.081536086499691
1.1236431089043617
1.0938692438602446
1.0859992498159408
1.057992055416107
1.0882595092058183
1.084732282757759
1.1018152624368667
1.1080381786823272
1.1000813126564026
1.0356374818086624
1.0876003801822662
1.027470737695694
1.0380282574892044
1.066601569056511
1.0614466685056687
1.0546325793862343
1.0682702639698982
1.0569133514165878
1.0247534424066544
1.064340900182724
1.1047246271371842
1.0400721377134323
1.0335578736662865
1.058380069732666
1.0677882027626038
1.0722906696796417
1.044482850432396
1.0831212627887725
1.0791332653164865
1.0639130380749702
1.0900170391798019
1.0440035611391068
1.0611168694496156
1.0860969090461732
1.0555074781179428
1.0521414613723754
1.0735849756002427
1.0113274139165878
1.059930768609047
1.0632518899440766
1.025403190255165
1.0619145241379737
1.0752130484580993
1.0746202868223191
1.0727152770757675
1.0461219567060471
1.0684341675043105
1.0400799843668938
1.029503048658371
1.0649853801727296
1.0323578593134881
1.0483285728096963
1.1066249781847
1.0466793921589852
1.0608998107910157
1.0180247384309768
1.0636610770225525
1.0491852563619615
1.0334030985832214
1.0254720696806907
1.043058878183365
1.0604129219055176
1.1043773716688157
1.0739866504073143
1.0913093370199203
1.0409674942493439
1.0347458234429359
1.0318757745623588
1.071104078888893
1.039342982172966
1.0721360483765603
1.0484300696849822
1.0190593069791793
1.0821010574698449
1.0664472270011902
1.0470073843002319
1.0296612873673439
1.0549655836820602
1.0208637857437133
1.0513517248630524
1.0508492594957353
1.048850025832653
1.0546402564644815
1.0498345053195954
1.0482728710770608
1.023710260987282
1.060824730992317
1.0368859624862672
1.048899579644203
1.0337352487444877
1.018958564698696
1.0139769253134727
0.9974654713273048
1.0527030724287032
1.0317394134402276
1.0057692751288414
1.0871923354268074
1.0293395739793778
1.0200706189870834
1.0096837827563285
1.007222342789173
1.0566236066818238
1.055269951224327
1.0563187098503113
1.0794893285632134
1.0023262998461724
1.1158522003889084
1.0339981278777122
1.0750456848740577
1.0239683610200883
1.0631092077493667
1.044838480055332
1.0562337934970856
1.0180555906891824
1.0438174629211425
1.0023550492525102
1.0542644846439362
1.0192005535960198
1.0387466776371002
0.999639766216278
1.0310955184698105
1.0234225228428842
1.0195115637779235
1.0018800780177117
1.02973415851593
1.0522014662623405
0.9999298062920571
1.0676084554195404
1.0463249334692954
1.0007304966449737
1.0074230018258095
1.0184702578186988
1.0809866428375243
1.0417327266931533
1.0346487253904342
1.0656686028838158
1.0197325086593627
1.0441943049430846
1.043077980875969
1.0115647611021996
1.0310388034582139
1.0213345283269881
1.0375277864933015
1.0614333581924438
1.0504229751229286
1.0297044950723648
1.0285554671287536
1.0348035421967507
1.0229655462503433
1.0086222529411315
1.0499621045589447
1.0128549483418465
0.981582168340683
1.0098479402065277
1.0214538380503655
1.0200297775864602
1.0591859006881714
1.0339560914039612
1.0333722800016403
1.04488187789917
1.0436100000143052
0.9964872175455093
1.0422459962964057
1.017783916890621
0.9928730529546738
1.0019668969511986
0.9976680266857147
0.9950110468268395
1.0206583634018898
1.0030851757526398
0.9959538421034813
1.0340132695436477
0.9858643165230752
1.0130926066637038
0.9951802062988281
0.9959011885523796
1.0095313867926599
1.030977224111557
1.0124872252345085
1.0119254395365715
1.0067224183678627
1.0248207780718803
1.0177792227268219
1.024251189827919
1.0448213762044907
0.9888805019855499
1.007988552749157
0.998283498287201
1.014452302455902
1.06580426633358
0.9917584872245788
1.0366352933645249
1.0184123128652574
1.0237396350502967
0.9715583935379982
1.0159747463464737
1.008772931098938
0.9918431687355042
1.0237012401223182
1.038487457036972
1.0249673289060592
1.0216995006799698
0.9689421489834785
1.0180005887150765
0.9739971929788589
0.9856412237882615
1.0350770860910417
1.0288809570670128
1.0200641173124314
1.0883072915673255
1.0121235701441764
0.967213471531868
0.9820713341236115
0.9996517559885979
1.0469302907586098
1.0002921003103256
1.0033238130807876
0.9896653160452843
0.9989075171947479
1.0127019760012628
0.9946513640880584
1.003427956700325
0.9667089116573334
1.0314510715007783
0.9918849954009056
1.0107912719249725
0.9913506925106048
1.0438165760040283
0.9959698414802551
1.055204789340496
0.9913993898034096
1.0611053729057311
1.06815239995718
1.021369171142578
0.9779471600055695
0.9556206464767456
0.9613452804088592
0.9746344381570816
1.006688728928566
0.9781268811225892
0.9982498377561569
1.039732773900032
1.0261653181910515
0.9760781422257423
1.0483457690477371
1.0031231105327607
0.9757843300700187
0.9699567154049873
1.0038957154750825
1.0172462582588195
0.9568655130267143
1.0138010680675507
1.0212589618563652
0.9851941579580307
1.0336476898193359
1.0160548993945122
0.9651883298158646
1.0170625817775727
1.0100605237483977
1.0640713733434677
1.0301490360498429
1.028205245733261
0.9416515097022057
0.9841856157779694
1.0219470727443696
0.9852653333544731
0.9846734598278999
1.008785168528557
0.9985674107074738
0.9931925940513611
0.9694777897000313
1.0229735034704208
0.9865317192673683
1.0221658223867416
1.0074742576479911
1.0051876913011073
0.9855082589387893
0.9948715090751648
0.9858538821339607
1.03548730134964
0.9392653599381446
1.0397618359327316
0.9563891381025315
0.9732151061296463
0.9999176627397537
1.0010276105999947
0.9148095706105233
1.0125717055797576
0.9737238281965256
1.017468424141407
0.9601813980937004
0.9779285278916359
1.0215634298324585
0.9713416546583176
1.0041088306903838
0.9618556374311447
1.0053735023736954
0.9664215344190598
0.9451623782515526
1.006825461089611
0.9767991811037063
1.0080052354931832
0.9998219281435012
0.9844391319155693
1.0004000923037528
1.0014535722136497
0.9820842054486275
1.0183175909519195
1.0306417369842529
1.0105065885186195
0.9613885310292244
0.9513832113146782
0.9908118602633477
0.9908179980516434
0.9905779853463172
0.9832848536968232
0.982367730140686
0.9802679169178009
0.9888778892159462
0.9817079597711563
1.001236420273781
0.9871294394135475
1.006767781972885
0.9583029294013977
0.9989884749054909
0.9843142196536064
0.9771545764803886
0.9921597096323967
1.0072791749238967
0.9580171126127243
0.9860996955633163
1.001588293015957
0.9231184446811675
0.943109065592289
1.0064835846424103
1.0265642622113227
1.0162053668498994
0.9883718729019165
0.9546654149889946
0.9497474560141563
1.0020216327905656
0.9352401453256607
0.9964277237653733
0.9829900872707367
0.972383386194706
0.9804677391052246
0.9699927377700805
0.9777517431974411
1.0001141512393952
1.001859118938446
1.0062978693842888
1.0444457682967185
0.9934842136502265
0.997691839337349
0.9022382259368896
0.9523648616671562
0.9752942955493927
0.9832811751961708
1.0240050435066224
0.9996652185916901
0.9244460076093673
0.9543317249417305
0.9537752678990364
0.956905030310154
0.9895359301567077
0.9766433417797089
0.9837202653288841
0.9590707021951675
0.9500349396467209
0.9465410614013672
0.9577128314971923
0.9854443162679672
0.9718890252709389
0.9936237928271293
0.9550367459654808
1.0195133835077286
0.9287658569216728
0.9708660119771957
0.9547085845470429
0.9810434985160827
0.9386923491954804
0.9978446018695831
1.013917200565338
0.9400992298126221
0.9983974054455758
0.9420279759168625
0.9629145270586014
0.968147679567337
0.9428958204388619
0.9878168290853501
0.9581480965018272
0.9512467926740646
1.0062262165546416
0.9618719953298569
0.953835092484951
1.0052053549885749
0.9623652243614197
0.9730136606097222
0.9400533750653267
0.9789018416404724
0.9434673663973808
0.9703961554169654
0.9627715533971787
0.9545832052826881
0.9585863864421844
0.9607050228118896
0.9496538445353508
0.9758045428991318
0.959515862762928
0.9717229163646698
0.975070739686489
0.9568780994415284
0.9610007727146148
0.96892947524786
0.9379757151007653
0.9528484466671944
0.9794807106256485
0.9880251309275627
0.9455958592891693
0.9419174638390541
0.9746985307335854
0.9776463043689728
0.9989980149269104
0.9914274242520332
0.9766638392210006
0.9859244376420975
1.009281194806099
0.9726330211758614
0.9805857655405998
0.953445630967617
0.9330994355678558
0.9280012932419777
1.061431389451027
0.9729280421137809
0.9698917669057846
0.9832901161909103
0.9492366921901703
0.9593410807847976
0.9616830703616143
0.9495080590248108
0.9134515661001206
0.9632354801893235
0.882188333272934
0.9584146317839622
0.949489623606205
0.9340263143181801
0.986762466430664
1.0035953265428543
0.9804825258255004
0.9265850016474724
0.9579984313249588
0.9615538042783737
0.9472764483094216
0.9653702515363694
0.9951329752802849
0.9540513458848
0.9581451591849327
0.9535047557950019
0.9643948641419411
0.97388791680336
0.9789898693561554
0.8899490058422088
0.9673777216672897
0.9735747826099396
0.9335995650291443
0.9160717731714249
0.9559653890132904
0.9280393406748771
0.9486554828286171
0.954306591451168
0.9330315440893173
0.9462973937392235
0.9629409068822861
0.925663733780384
0.9546193981170654
0.9483051040768623
0.9607602840662003
0.9337170958518982
0.9402224558591843
0.9640909031033515
0.9177592173218727
0.9754348558187484
0.9578552085161209
0.9251719883084297
0.8917025569081306
0.9356014606356621
0.9616637638211251
0.985884040594101
0.9616130730509758
0.9756361272931099
0.9849865379929542
0.935963797569275
0.952170513868332
0.9001180467009544
0.9793203327059746
0.9257992812991143
0.9844289675354958
1.0214496105909348
0.9038366264104843
0.9487760981917381
0.9386990728974343
0.983759515285492
0.9992984956502915
0.944812912940979
0.8958595356345177
0.9840376740694046
0.9134367170929909
0.9755610090494156
0.9332011839747429
1.0047580280900001
0.9507600864768029
0.9663117748498916
0.9691735792160034
0.9616618096828461
0.9190194162726403
0.9523686373233795
0.9797337567806244
0.913487634062767
0.9505725780129433
0.9514669290184975
0.9904902365803718
0.9599631768465042
0.9477840387821197
0.9382774066925049
0.9605073690414428
0.9539331969618797
0.9526397734880447
0.9837207168340683
0.9393562793731689
0.9149471962451935
0.9346377757191658
0.9101574552059174
0.9276561552286148
0.9459979128837586
0.9339084637165069
0.9187432569265366
0.9487505275011062
0.9480864211916924
0.9758150801062584
0.9505498591065407
0.9759780755639076
0.9444518685340881
0.918472355902195
0.9363690695166588
0.9317751097679138
0.9718363299965859
0.9351242515444755
0.9571210178732872
0.9627703329920769
0.9610865586996078
0.9090996706485748
0.9315591052174568
0.9949045246839523
0.9343063724040985
0.9288448923826218
0.9867325168848038
0.9401677799224853
0.9623193171620369
0.9295551341772079
0.9573839667439461
0.944236997961998
0.9440715396404267
0.9351562032103539
0.9298990631103515
0.8831663793325424
0.954618606865406
0.9212058904767036
0.9123859080672264
0.9778785154223442
0.957229962348938
0.9240396472811699
0.9119784739613533
0.9221540540456772
0.9343783298134803
0.9910859277844429
0.9279788258671761
0.8996240994334221
0.946526347398758
0.919154851436615
0.9364629781246185
0.8903949892520905
0.9170255446434021
0.9260030290484429
0.9556447559595108
0.9424354147911072
0.9558134856820106
0.9634546008706093
0.9421232697367669
0.9150520572066307
0.9450986912846565
0.9229674577713013
0.9084513410925865
0.9214230117201805
0.9672645166516304
0.9266308739781379
0.9196962118148804
0.971723943054676
0.933382396697998
0.9411569756269454
1.022654732465744
0.9589287659525871
0.9405527335405349
0.9848315969109536
0.9421700611710548
0.9426695713400841
0.8880962839722634
0.9486265358328819
0.947475049495697
0.9094954949617385
0.9244950741529465
0.9471418589353562
0.9363113531470298
0.9690012741088867
0.9190595188736915
0.8826058742403984
0.926185311973095
0.9156130719184875
0.9268554973602295
0.9550776517391205
0.9239203557372093
0.9324038273096085
0.9244952249526978
0.9679453539848327
0.9500439396500587
0.9165362754464149
0.9184520614147186
0.9484290423989296
0.9803701600432396
0.8523427419364452
0.8907968831062317
0.9149228316545487
0.9379016773402691
0.9519016861915588
0.9265640261769295
0.9031433498859406
0.901401459723711
0.9634792318940163
0.9332131910324096
0.8873958584666252
0.8833324050903321
0.9059519878029824
0.9521436357498169
0.9342111977934837
0.8899452731013298
0.9412304848432541
0.8821547830104828
0.9341886141896247
0.9243819984793663
0.9750638365745544
0.9029060378670692
0.9153383335471154
0.9261591005325317
0.901126012802124
0.9216910055279732
0.9149839028716087
