3.116445541381836
3.0775909423828125
2.829561233520508
2.6125950813293457
2.6687169075012207
2.468085765838623
2.328594923019409
2.0216593742370605
2.2419610023498535
2.1268882751464844
1.8507566452026367
1.8379547595977783
1.881483793258667
1.8626072406768799
1.685945987701416
1.5820645093917847
1.6248440742492676
1.46383798122406
1.7023470401763916
1.5811471939086914
1.838586449623108
1.5119221210479736
1.4249838590621948
1.545367956161499
1.36488676071167
1.2483165264129639
1.2676769495010376
1.3598761558532715
1.5366278886795044
1.5317951440811157
1.5466009378433228
1.1559796333312988
1.3664591312408447
1.403496503829956
1.4489781856536865
1.294635534286499
1.1871423721313477
1.3279800415039062
1.4052220582962036
1.1730189323425293
1.1531819105148315
1.2551301717758179
1.2341222763061523
1.1365272998809814
1.2033480405807495
1.2043184041976929
1.1978262662887573
1.3728842735290527
1.2122578620910645
1.1321680545806885
1.1655807495117188
1.2192327976226807
1.1429815292358398
1.2857730388641357
1.1391040086746216
1.2409918308258057
1.1069767475128174
1.1811509132385254
1.0816832780838013
1.141152262687683
1.1398694515228271
1.130120873451233
1.1296026706695557
1.266140103340149
1.0882612466812134
1.1270966529846191
1.0080387592315674
1.0111647844314575
1.1333556175231934
1.0544836521148682
1.0962940454483032
1.2826850414276123
1.0559003353118896
0.9960005283355713
1.2405731678009033
1.0945484638214111
1.0054413080215454
1.0502065420150757
1.176782488822937
1.0464850664138794
1.010694980621338
1.1743181943893433
1.0043693780899048
1.0694382190704346
1.1538554430007935
1.0371203422546387
0.9884835481643677
0.9702187180519104
1.0356806516647339
1.0530977249145508
0.9729932546615601
1.003724217414856
1.0396620035171509
1.015586256980896
0.9243265390396118
1.011380672454834
0.9797565937042236
0.9354287385940552
1.0430859327316284
0.9640722274780273
0.903301477432251
0.9439892768859863
0.9797159433364868
1.0359556674957275
1.0143252611160278
1.1308075189590454
0.9390726685523987
0.9850388765335083
0.9732913374900818
1.0223090648651123
0.8900738954544067
0.9715355634689331
0.9867154359817505
0.9149631261825562
0.9467688798904419
1.0116217136383057
0.9154422283172607
0.9077603816986084
0.8322533369064331
0.9160597324371338
0.8933084011077881
0.946466326713562
0.9656968116760254
0.9023318290710449
0.9112998247146606
0.8527815341949463
0.9577628970146179
0.995396614074707
0.8448099493980408
1.0642178058624268
0.9287727475166321
0.8980199098587036
0.8413537740707397
0.9042569398880005
0.8832356333732605
0.8508294820785522
0.8695756196975708
0.8918946385383606
0.989975094795227
0.8964546918869019
0.8142009973526001
0.9096541404724121
0.8291802406311035
0.9300215244293213
0.8381474018096924
0.827197790145874
0.909494161605835
0.9424141645431519
0.8215008974075317
0.8546392917633057
0.8686969876289368
0.8106845617294312
0.8438181281089783
0.8557250499725342
0.9173709750175476
0.9141407012939453
0.862381100654602
0.9403586387634277
0.8687634468078613
0.7948845624923706
0.815590500831604
0.7746778130531311
0.9854201674461365
1.0360428094863892
0.782848596572876
1.0092542171478271
0.8817510604858398
0.8439699411392212
0.8898473978042603
0.8617774844169617
0.9246639013290405
0.9208227396011353
0.8576585054397583
0.8885470628738403
0.9193738698959351
0.8618651032447815
0.8233063220977783
0.9149262309074402
0.8695386052131653
0.8943004012107849
0.8543009161949158
0.815473198890686
0.8628417253494263
0.8207360506057739
0.8665094375610352
0.8310582637786865
0.8634764552116394
0.7855668663978577
0.788073718547821
0.9339044094085693
0.8241217732429504
0.8143079280853271
0.8206499814987183
0.9034504890441895
0.7427918910980225
0.8560822010040283
0.9480088949203491
0.750391960144043
0.8394395112991333
0.7225754261016846
0.8829330205917358
0.8966776132583618
0.8086615204811096
0.8541802167892456
0.8874009251594543
0.847148060798645
0.8953263759613037
0.8135206699371338
0.8156549334526062
0.77837073802948
0.8966264724731445
0.9432806968688965
0.8606554269790649
0.9176089763641357
0.8420728445053101
0.8187023401260376
0.8261910676956177
0.8592652082443237
1.01223623752594
0.8593807220458984
0.921791672706604
0.8052033185958862
0.8450326919555664
0.8335282802581787
0.8122401833534241
0.8370792865753174
0.834874153137207
0.8140379190444946
0.7699613571166992
0.7604962587356567
0.7679338455200195
0.8058433532714844
0.7927142381668091
0.8824993968009949
0.7814149856567383
0.7738004922866821
0.7424437999725342
0.727688193321228
0.849082350730896
0.7925004959106445
0.8344042301177979
0.7855833768844604
0.6827053427696228
0.7316961288452148
0.7836066484451294
0.8336637616157532
0.8098917007446289
0.7789639830589294
0.7221031188964844
0.7653631567955017
0.7576504945755005
0.7296281456947327
0.7244406938552856
0.8041508197784424
0.7282116413116455
0.7707091569900513
0.8243852853775024
0.7874608039855957
0.6785224676132202
0.7204673290252686
0.8186851739883423
0.7311348915100098
0.7865471839904785
0.7986786365509033
0.7439939975738525
0.7406580448150635
0.7685492038726807
0.7682479619979858
0.6929302215576172
0.6813690662384033
0.7192203402519226
0.679700493812561
0.6685084104537964
0.6806751489639282
0.7515584826469421
0.7844303846359253
0.8181055784225464
0.7836085557937622
0.7574405670166016
0.8598477840423584
0.7000994086265564
0.738978385925293
0.7578773498535156
0.7562448978424072
0.7486865520477295
0.7993612289428711
0.7616894245147705
0.7270213961601257
0.7715157270431519
0.7702609300613403
0.7613843083381653
0.7539979219436646
0.6995143890380859
0.7939359545707703
0.7287095785140991
0.7319005727767944
0.7729582786560059
0.8672739267349243
0.7760373950004578
0.801997184753418
0.7337449193000793
0.8761893510818481
0.7423266172409058
0.7852814197540283
0.7829968929290771
0.7249969244003296
0.7471321821212769
0.6878573894500732
0.7414901852607727
0.7033442854881287
0.666722297668457
0.7619767785072327
0.6963066458702087
0.7321628332138062
0.8197653889656067
0.7551896572113037
0.8120390176773071
0.7663202285766602
0.7882052659988403
0.7970454692840576
0.7033993005752563
0.7390349507331848
0.8343449831008911
0.7866955995559692
0.7988314032554626
0.7198296785354614
0.7720158100128174
0.7630484104156494
0.749153196811676
0.7022316455841064
0.7742728590965271
0.750316858291626
0.7107553482055664
0.7551782131195068
0.7095789909362793
0.7490712404251099
0.7649298310279846
0.7706106305122375
0.7244679927825928
0.7881627082824707
0.697986364364624
0.7864983677864075
0.7628278136253357
0.7588785290718079
0.6710728406906128
0.7692219018936157
0.7782155275344849
0.7558348178863525
0.7356866002082825
0.8007251620292664
0.715984046459198
0.7255089282989502
0.7830106019973755
0.7542328834533691
0.7157136797904968
0.7120974659919739
0.7049105167388916
0.7429628968238831
0.8487077951431274
0.6742790341377258
0.7799543142318726
0.7368648648262024
0.8184470534324646
0.7648639678955078
0.7668649554252625
0.7338453531265259
0.6965513825416565
0.82303786277771
0.7019964456558228
0.7388663291931152
0.690503716468811
0.7466861605644226
0.6938302516937256
0.7781474590301514
0.6959303617477417
0.7305217981338501
0.7304885387420654
0.8064876794815063
0.6903895139694214
0.7668722867965698
0.6705266237258911
0.7367628216743469
0.7315655946731567
0.7637289762496948
0.6916619539260864
0.7918606400489807
0.7215708494186401
0.7118388414382935
0.7044401168823242
0.7285181283950806
0.6953082084655762
0.7671744227409363
0.7218837738037109
0.7916259765625
0.7763873934745789
0.7548565864562988
0.6627711057662964
0.7777199745178223
0.6896182298660278
0.7177834510803223
0.6481224298477173
0.721477210521698
0.7108848094940186
0.7713965177536011
0.8086877465248108
0.6845027208328247
0.6894183158874512
0.6539103984832764
0.8032727241516113
0.728763222694397
0.7719981074333191
0.7230970859527588
0.7768526077270508
0.7388017773628235
0.8261687755584717
0.7464396357536316
0.7557085752487183
0.7251842021942139
0.7280675768852234
0.7318294048309326
0.6892889738082886
0.6869285106658936
0.7845077514648438
0.7888941764831543
0.6815694570541382
0.6699862480163574
0.7122693061828613
0.7707745432853699
0.8139083385467529
0.673022449016571
0.7474547028541565
0.7215865850448608
0.6780298948287964
0.7235913276672363
0.6785659790039062
0.7743856906890869
0.7309821844100952
0.6925781965255737
0.7491822242736816
0.6612371206283569
0.762719988822937
0.6826711297035217
0.7132811546325684
0.6730130910873413
0.6935319304466248
0.6990037560462952
0.7704986333847046
0.7019144296646118
0.7318060994148254
0.7255352735519409
0.7136536836624146
0.67516028881073
0.7121509909629822
0.6847190856933594
0.7975388765335083
0.7068761587142944
0.69356369972229
0.7269880175590515
0.7613204717636108
0.7530992031097412
0.6427369713783264
0.7127504348754883
0.6946188807487488
0.636651337146759
0.6854678392410278
0.694609522819519
0.7185639142990112
0.7288289070129395
0.6835996508598328
0.6835814714431763
0.7022479176521301
0.7029756307601929
0.8577938079833984
0.6076486706733704
0.7086129188537598
0.6945924758911133
0.738831639289856
0.6872392296791077
0.6117925643920898
0.7458679676055908
0.6835744380950928
0.7146586179733276
0.7599855661392212
0.6868132948875427
0.6879323124885559
0.6763553023338318
0.7184274196624756
0.7468289136886597
0.7800750732421875
0.7342046499252319
0.6930261254310608
0.7601886987686157
0.7758121490478516
0.7124974727630615
0.7656387090682983
0.6908832788467407
0.6708124876022339
0.7344584465026855
0.674251139163971
0.7253705859184265
0.6590449810028076
0.7064318656921387
0.6859540939331055
0.6936002969741821
0.6196939945220947
0.6389701962471008
0.7402925491333008
0.7013856172561646
0.7090984582901001
0.6897388696670532
0.7041929364204407
0.7205444574356079
0.6602947115898132
0.6623109579086304
0.8015657663345337
0.6979873180389404
0.6693031787872314
0.7005859613418579
0.7323836088180542
0.6558119058609009
0.651943564414978
0.7021770477294922
0.6474223136901855
0.7298417091369629
0.6631745100021362
0.7233184576034546
0.7757999897003174
0.7733100652694702
0.6813992261886597
0.7297278642654419
0.6927892565727234
0.7011931538581848
0.7048113346099854
0.675510823726654
0.7034340500831604
0.6907698512077332
0.6736983060836792
0.6970937252044678
0.6883426308631897
0.6627074480056763
0.655289351940155
0.6878615617752075
0.741918683052063
0.65424644947052
0.7055509090423584
0.7230499982833862
0.6256654262542725
0.6278494596481323
0.7044844627380371
0.6450525522232056
0.6992851495742798
0.6667192578315735
0.6899738311767578
0.7087865471839905
0.7490100860595703
0.7903993129730225
0.6487389206886292
0.6838335990905762
0.6919456720352173
0.6681839823722839
0.6357596516609192
0.6729376912117004
0.7364155054092407
0.690223753452301
0.7032191157341003
0.7449610233306885
0.6555268168449402
0.6530303955078125
0.6865788102149963
0.7004939913749695
0.677432119846344
0.6441491842269897
0.6655029654502869
0.6434361338615417
0.6448372602462769
0.6586442589759827
0.6554702520370483
0.7211698293685913
0.7839508056640625
0.7017438411712646
0.7620564699172974
0.6771652698516846
0.7271071672439575
0.6926823854446411
0.729544997215271
0.6943480968475342
0.6751808524131775
0.6985310316085815
0.6575574278831482
0.7558562755584717
0.6968122124671936
0.6828590035438538
0.7031614184379578
0.7371851205825806
0.6902620196342468
0.6459105014801025
0.6805623769760132
0.6995047330856323
0.6862615942955017
0.726201057434082
0.7121094465255737
0.6433011889457703
0.6922808885574341
0.6092976331710815
0.6222034692764282
0.7155900001525879
0.696155309677124
0.6429629325866699
0.6938760280609131
0.6670880317687988
0.7161650657653809
0.7207170724868774
0.6586503386497498
0.6773262619972229
0.6035979986190796
0.6709832549095154
0.6652662754058838
0.6807316541671753
0.7263911962509155
0.610795795917511
0.7524445056915283
0.7513118982315063
0.7184041142463684
0.6773802042007446
0.6456720232963562
0.6716009378433228
0.6694937348365784
0.7007057666778564
0.7216863632202148
0.7632119655609131
0.6499395370483398
0.64620041847229
0.724934995174408
0.7263056039810181
0.6652872562408447
0.6740404367446899
0.6560559272766113
0.657363772392273
0.6436195969581604
0.6377145051956177
0.631537914276123
0.7270722389221191
0.6794322729110718
0.674342155456543
0.6435456871986389
0.6210225820541382
0.6634355783462524
0.6862616539001465
0.6556892395019531
0.631980299949646
0.6816364526748657
0.6609744429588318
0.6421043872833252
0.614995539188385
0.6570245623588562
0.6852506995201111
0.6869291663169861
0.6318784356117249
0.6518837213516235
0.7121334075927734
0.6899538040161133
0.6469194889068604
0.6585760116577148
0.6807066202163696
0.6140366792678833
0.6762604713439941
0.7072399854660034
0.6762259006500244
0.6982806921005249
0.7445592880249023
0.6840307116508484
0.7148180603981018
0.6700732707977295
0.7687753438949585
0.6963075399398804
0.6299912929534912
0.6705858707427979
0.7612794637680054
0.6340193152427673
0.6194470524787903
0.676430344581604
0.6837738156318665
0.7126681804656982
0.7092157006263733
0.6455409526824951
0.6495782136917114
0.6310731768608093
0.7420001029968262
0.7161887288093567
0.6257269978523254
0.6479013562202454
0.703629732131958
0.6728515028953552
0.6505939960479736
0.6485388278961182
0.6589410305023193
0.6328369379043579
0.6536176800727844
0.6919031143188477
0.6426649689674377
0.6583827137947083
0.6362587213516235
0.6290110349655151
0.7020949721336365
0.7118266820907593
0.6488909721374512
0.7121257185935974
0.6760688424110413
0.6660546660423279
0.5878108739852905
0.652373194694519
0.6867163181304932
0.6182472705841064
0.7414605617523193
0.6760721206665039
0.7066981196403503
0.6305420994758606
0.6558306217193604
0.7017182111740112
0.6300960779190063
0.7012560963630676
0.6280940771102905
0.6212544441223145
0.7521200180053711
0.6255499124526978
0.6177738904953003
0.7017149925231934
0.6357756853103638
0.6665751934051514
0.6836473941802979
0.7272248268127441
0.6692310571670532
0.6880959272384644
0.6965101361274719
0.6219581365585327
0.6198161840438843
0.646808385848999
0.6275837421417236
0.6555344462394714
0.6267580986022949
0.6997236013412476
0.653590202331543
0.6513278484344482
0.640307605266571
0.6493746638298035
0.6884630918502808
0.6211076974868774
0.623976469039917
0.6356054544448853
0.6364500522613525
0.6905986070632935
0.6515744924545288
0.638895571231842
0.6818580627441406
0.6287053823471069
0.6530576944351196
0.7146289944648743
0.6666879057884216
0.6720743775367737
0.6627931594848633
0.6587163209915161
0.6555052995681763
0.6155089735984802
0.7192549705505371
0.7232582569122314
0.6747052669525146
0.6557031273841858
0.6078640818595886
0.6998165845870972
0.6455813050270081
0.6997348070144653
0.67725670337677
0.681804895401001
0.620792031288147
0.715059757232666
0.6796096563339233
0.6700140237808228
0.6258916854858398
0.632218599319458
0.6913063526153564
0.6748719215393066
0.6962118148803711
0.656745433807373
0.6472856998443604
0.6272064447402954
0.65265953540802
0.7701848745346069
0.7209988832473755
0.7008296847343445
0.6603338718414307
0.685030996799469
0.6408848166465759
0.6465060710906982
0.6383643746376038
0.718733549118042
0.6463158130645752
0.6754399538040161
0.6570826172828674
0.6321257948875427
0.6769930124282837
0.6275314092636108
0.6336370706558228
0.6570900678634644
0.6765663623809814
0.6377912759780884
0.6438441276550293
0.6514653563499451
0.6883754134178162
0.6019124984741211
0.6625441908836365
0.6668025255203247
0.6688803434371948
0.6466302871704102
0.6323256492614746
0.6306723356246948
0.700225830078125
0.7030441761016846
0.6896024942398071
0.6637996435165405
0.6352669596672058
0.6978219747543335
0.6094971299171448
0.6299251914024353
0.6424655914306641
0.6553678512573242
0.6134140491485596
0.7207211256027222
0.633343517780304
0.6077998876571655
0.679483950138092
0.603617250919342
0.6261212229728699
0.637324869632721
0.6604735255241394
0.677634060382843
0.6587575078010559
0.6232089400291443
0.6942281126976013
0.6069051027297974
0.6701335906982422
0.6236203908920288
0.6238095760345459
0.5832263231277466
0.6344686150550842
0.6564939618110657
0.6221312284469604
0.7122390270233154
0.582451581954956
0.6444804668426514
0.6015651226043701
0.6384332180023193
0.6472330093383789
0.6119928359985352
0.6602607369422913
0.6533454060554504
0.6064524054527283
0.6658493280410767
0.6554058194160461
0.6839314103126526
0.6325244903564453
0.5905231833457947
0.6590873003005981
0.6148535013198853
0.6727649569511414
0.6022163033485413
0.6421230435371399
0.6313065886497498
0.6349440813064575
0.6392349004745483
0.6442810297012329
0.7006708383560181
0.6289538145065308
0.5991217494010925
0.6037617325782776
0.6469968557357788
0.6294763684272766
0.5995774269104004
0.6691067218780518
0.6354048848152161
0.5723109245300293
0.6824478507041931
0.63355553150177
0.6896119117736816
0.7259564399719238
0.7118526697158813
0.6309959292411804
0.6965829133987427
0.6695153713226318
0.5854167342185974
0.6205892562866211
0.6965155601501465
0.5946381092071533
0.5942237973213196
0.6533006429672241
0.6594621539115906
0.7436457276344299
0.6453872323036194
0.6499059200286865
0.6317776441574097
0.598900556564331
0.7061294317245483
0.6173735857009888
0.5959461331367493
0.581398606300354
0.5893561840057373
0.656470537185669
0.5803006887435913
0.6173457503318787
0.6444690823554993
0.6746534109115601
0.612265944480896
0.6403629779815674
0.6450327038764954
0.5841470956802368
0.6722654700279236
0.6035300493240356
0.7011072635650635
0.6687553524971008
0.6801892518997192
0.6883599162101746
0.5940850973129272
0.6321254968643188
0.6310931444168091
0.6498227715492249
0.6546633243560791
0.6240503191947937
0.6344636082649231
0.6670947074890137
0.6262279152870178
0.6467463374137878
0.6398848295211792
0.707865834236145
0.6200119853019714
0.5714026689529419
0.5887720584869385
0.6314048171043396
0.6171287894248962
0.5951669812202454
0.689092755317688
0.5877887606620789
0.6476519703865051
0.6160601377487183
0.6101180911064148
0.6282875537872314
0.6541519165039062
0.6380048394203186
0.6056323051452637
0.602128267288208
0.6444701552391052
0.6323710083961487
0.5905706882476807
0.6122215986251831
0.6460025310516357
0.6461386680603027
0.6859917640686035
0.605781078338623
0.6151940226554871
0.7453092932701111
0.6060460805892944
0.6476337909698486
0.6606370806694031
0.6703664660453796
0.5914878249168396
0.6397479772567749
0.697846531867981
0.6096794605255127
0.5927780866622925
0.6799336671829224
0.7042727470397949
0.6306831240653992
0.6444426774978638
0.6633485555648804
0.6155630946159363
0.6015372276306152
0.6305993795394897
0.6909298896789551
0.6329425573348999
0.6479360461235046
0.6432170271873474
0.6865164041519165
0.6379238963127136
0.6106696128845215
0.5839498043060303
0.6693781614303589
0.6067501306533813
0.6399244666099548
0.6469366550445557
0.656975269317627
0.6077383756637573
0.645107626914978
0.6025053262710571
0.6521999835968018
0.6063706278800964
0.5848482847213745
0.6672548651695251
0.6842842698097229
0.6117535829544067
0.698814868927002
0.6942844390869141
0.6662920117378235
0.6609562635421753
0.6331374645233154
0.6253050565719604
0.6641026735305786
0.6413206458091736
0.6553689241409302
0.6129274964332581
0.610928475856781
0.6675904989242554
0.616308331489563
0.6532807350158691
0.6106483340263367
0.6326947808265686
0.6343626379966736
0.6727421283721924
0.6852560639381409
0.6660595536231995
0.6315608620643616
0.6904776096343994
0.6300489902496338
0.6363056302070618
0.7327146530151367
0.6382203102111816
0.6772236824035645
0.6855075359344482
0.6333200931549072
0.6494482159614563
0.6816083192825317
0.6839698553085327
0.6887489557266235
0.6740763187408447
0.6192057728767395
0.5753642320632935
0.6214396357536316
0.670433521270752
0.6426733732223511
0.6350306868553162
0.6051111221313477
0.5713999271392822
0.717083752155304
0.6069461107254028
0.6320654153823853
0.6157905459403992
0.6559984683990479
0.6090251803398132
0.6468839049339294
0.6244827508926392
0.5957424640655518
0.6316430568695068
0.5954782366752625
0.6533395051956177
0.6234647631645203
0.6418061852455139
0.6279807686805725
0.648188591003418
0.6883245706558228
0.6239964365959167
0.6036925315856934
0.6000010967254639
0.6214819550514221
0.6334532499313354
0.6134459972381592
0.6297059655189514
0.6492453813552856
0.7141412496566772
0.6011536717414856
0.5857359766960144
0.6179859638214111
0.6812938451766968
0.6602209210395813
0.7108057737350464
0.6932587027549744
0.6396276354789734
0.6043195128440857
0.5599945783615112
0.5794582366943359
0.6174563765525818
0.6589466333389282
0.6382408142089844
0.6480308771133423
0.6311137080192566
0.6024056673049927
0.6180620193481445
0.6998518705368042
0.6400589942932129
0.6595326066017151
0.5945922136306763
0.6431313753128052
0.6117154359817505
0.6103112697601318
0.5738621950149536
0.6492236256599426
0.6355574131011963
0.5794433355331421
0.5770514011383057
0.6795380711555481
0.6390187740325928
0.6462244987487793
0.6120440363883972
0.6150288581848145
0.6228453516960144
0.6613138914108276
0.6123412847518921
0.6746828556060791
0.5777506232261658
0.6859850883483887
0.6025875806808472
0.6219131350517273
0.6416341066360474
0.5939804911613464
0.629564642906189
0.6730068325996399
0.6360329985618591
0.6028429269790649
0.6342785954475403
0.6515988111495972
0.5902420282363892
0.665698230266571
0.6510246992111206
0.6104685068130493
0.6151021718978882
0.6710982322692871
0.6342495083808899
0.6402482390403748
0.6502638459205627
0.6543090343475342
0.62212735414505
0.6129006743431091
0.6289262771606445
0.6542497873306274
0.6482216119766235
0.6207153797149658
0.7335708737373352
0.5721819400787354
0.6197819113731384
0.6164662837982178
0.5967155694961548
0.6492629051208496
0.6407931447029114
0.600536048412323
0.5969374179840088
0.5952169299125671
0.578596293926239
0.655351459980011
0.7327187061309814
0.618280827999115
0.6229945421218872
0.6049078702926636
0.6239899396896362
0.60997474193573
0.6285136342048645
0.6485589742660522
0.6153889298439026
0.6775897145271301
0.657787024974823
0.6095079183578491
0.5970286130905151
0.6439679861068726
0.6912908554077148
0.5678488612174988
0.5756629705429077
0.6329835057258606
0.5981326103210449
0.6963993906974792
0.6082632541656494
0.6017583608627319
0.6488164067268372
0.6474390625953674
0.634756326675415
0.6315329074859619
0.6023412942886353
0.5804189443588257
0.6100313663482666
0.6255929470062256
0.6096723675727844
0.6295279264450073
0.5957784652709961
0.6115334630012512
0.6244112253189087
0.593193769454956
0.6041127443313599
0.6424158215522766
0.6528357267379761
0.59710693359375
0.5952415466308594
0.6713613867759705
0.6586848497390747
0.5821889638900757
0.6596657633781433
0.5575857162475586
0.5842350721359253
0.5631836652755737
0.6491242051124573
0.6211525797843933
0.5689173936843872
0.6139910221099854
0.6081681251525879
0.6259996891021729
0.6094205379486084
0.5812505483627319
0.6391538381576538
0.6317181587219238
0.6208144426345825
0.5968490839004517
0.5899540185928345
0.6274497509002686
0.6109223365783691
0.5836203098297119
0.6066957712173462
0.6351504325866699
0.6407355070114136
0.5639902949333191
0.586152195930481
0.5815669894218445
0.5919045805931091
0.5850712656974792
0.5892130136489868
0.66951984167099
0.594764769077301
0.614744246006012
0.574478030204773
0.6087221503257751
0.5831274390220642
0.6007510423660278
0.6222444176673889
0.6417031288146973
0.5831655263900757
0.6022221446037292
0.6672821640968323
0.6195975542068481
0.6049492955207825
0.592214822769165
0.6161405444145203
0.6216155886650085
0.6742480993270874
0.6691668033599854
0.605376124382019
0.6387870907783508
0.6104791164398193
0.5792231559753418
0.6443244218826294
0.6416289806365967
0.6212220191955566
0.5814429521560669
0.6205002069473267
0.6112274527549744
0.6186950206756592
0.6039091348648071
0.6253335475921631
0.6261712312698364
0.6091833114624023
0.6176487803459167
0.6357704401016235
0.5621580481529236
0.6096432209014893
0.6093282699584961
0.6412779092788696
0.6062076091766357
0.5871099829673767
0.6040043830871582
0.6457568407058716
0.5772488117218018
0.6585919260978699
0.5700103044509888
0.6261543035507202
0.6114652752876282
0.5900695323944092
0.5978031158447266
0.6072250604629517
0.6091299057006836
0.6025809049606323
0.6932615041732788
0.6758758425712585
0.674288809299469
0.6679186224937439
0.62430739402771
0.6877448558807373
0.5739671587944031
0.6018478870391846
0.6013652086257935
0.6805828213691711
0.6150741577148438
0.5921388268470764
0.6428223252296448
0.5697252154350281
0.5944684147834778
0.6126668453216553
0.573813796043396
0.6224590539932251
0.6215137243270874
0.5688245296478271
0.642889678478241
0.6153872609138489
0.6551230549812317
0.5827366709709167
0.6243575811386108
0.6066019535064697
0.567962646484375
0.5824419260025024
0.6661030650138855
0.6190528273582458
0.5672857761383057
0.6396386623382568
0.5958155393600464
0.5587741732597351
0.6229261159896851
0.6821826100349426
0.5920408964157104
0.5746057033538818
0.6650381684303284
0.5968195199966431
0.674666166305542
0.6810611486434937
0.5795229077339172
0.5817514061927795
0.579616367816925
0.5917012095451355
0.596108078956604
0.6016615033149719
0.6418505907058716
0.5869965553283691
0.6181754469871521
0.6606204509735107
0.6019502878189087
0.5916652083396912
0.6049373745918274
0.6605328917503357
0.6676177382469177
0.6050534844398499
0.7096654176712036
0.6355752944946289
0.6113938093185425
0.6396315097808838
0.6634557247161865
0.5603690147399902
0.622647762298584
0.6294885277748108
0.6140142679214478
0.5679318904876709
0.6317821741104126
0.6148144602775574
0.5959741473197937
0.5913820862770081
0.5947184562683105
0.619024395942688
0.594779908657074
0.6102964878082275
0.6748095154762268
0.60099196434021
0.6168111562728882
0.5880009531974792
0.5607469081878662
0.599136233329773
0.5910437107086182
0.6110695600509644
0.6836435198783875
0.5699589252471924
0.5906882286071777
0.5939071178436279
0.6176433563232422
0.5993178486824036
0.6251596212387085
0.6355364322662354
0.6340773105621338
0.6662654280662537
0.6023182272911072
0.6194977760314941
0.6228017807006836
0.6031937599182129
0.5661734938621521
0.5705786943435669
0.593615710735321
0.687882661819458
0.6179527044296265
0.590686559677124
0.5663460493087769
0.6041186451911926
0.6297690868377686
0.5948163866996765
0.6324257850646973
0.6072369813919067
0.6065706014633179
0.578507661819458
0.5947854518890381
0.5735722780227661
0.6239054203033447
0.5797443985939026
0.5917809009552002
0.6267386674880981
0.6384913921356201
0.6235512495040894
0.6465053558349609
0.6909880638122559
0.6334036588668823
0.6159178614616394
0.5712321400642395
0.6913884878158569
0.6276561617851257
0.5977935791015625
0.6953748464584351
0.6141532063484192
0.6411179304122925
0.5782546997070312
0.6231231093406677
0.5844753384590149
0.5783577561378479
0.5790058970451355
0.5984714031219482
0.5961212515830994
0.6911488771438599
0.5928961038589478
0.6079949140548706
0.585976243019104
0.6037750840187073
0.6253949403762817
0.6079338788986206
0.5925272703170776
0.5708144903182983
0.6466049551963806
0.5754785537719727
0.6061782836914062
0.6294755339622498
0.5724680423736572
0.688234806060791
0.6024799942970276
0.5970783233642578
0.5843105316162109
0.5706842541694641
0.5817109942436218
0.5819684267044067
0.6109381318092346
0.6100518107414246
0.5892849564552307
0.5695158839225769
0.5892159938812256
0.5863147974014282
0.593852162361145
0.6593426465988159
0.6152988076210022
0.5911105275154114
0.6104769110679626
0.5882432460784912
0.6404880881309509
0.5770877599716187
0.6271589994430542
0.5990344285964966
0.5753850340843201
0.5874989032745361
0.5585225224494934
0.6647642850875854
0.55814129114151
0.598454475402832
0.5872920155525208
0.6021403074264526
0.6254050731658936
0.569314181804657
0.6070417165756226
0.6335477828979492
0.5680487751960754
0.5756516456604004
0.6344218254089355
0.6073802709579468
0.6241338849067688
0.5770615339279175
0.5770704746246338
0.6182390451431274
0.641411304473877
0.6244654655456543
0.5667776465415955
0.610937237739563
0.5872819423675537
0.5647425651550293
0.5873763561248779
0.5879907608032227
0.5849684476852417
0.6115806698799133
0.5993682742118835
0.6022857427597046
0.5531827211380005
0.6208432912826538
0.6280347108840942
0.5894057750701904
0.6424827575683594
0.5990784168243408
0.6304681301116943
0.5837631225585938
0.5295675992965698
0.5798639059066772
0.65418541431427
0.6328620314598083
0.6180291175842285
0.5563432574272156
0.586894690990448
0.5654016733169556
0.5936880111694336
0.6199102997779846
0.5835493803024292
0.6756571531295776
0.6484627723693848
0.5811557769775391
0.5810391902923584
0.5896360874176025
0.6857887506484985
0.6059475541114807
0.5970905423164368
0.651509702205658
0.6339401602745056
0.5864048600196838
0.5482620000839233
0.5839486718177795
0.5656168460845947
0.5926365256309509
0.5904843211174011
0.6617244482040405
0.607532262802124
0.6196534633636475
0.5796701908111572
0.5859977602958679
0.6027456521987915
0.5967569947242737
0.6408295631408691
0.6738487482070923
0.6019304990768433
0.6130819320678711
0.5594867467880249
0.6283532381057739
0.5769002437591553
0.5428062081336975
0.6030634045600891
0.5936063528060913
0.6026285886764526
0.6309613585472107
0.5457247495651245
0.5445810556411743
0.6360727548599243
0.6138311624526978
0.6015492677688599
0.5634061694145203
0.6113021373748779
0.677920401096344
0.6073610782623291
0.5449589490890503
0.6207026243209839
0.5648586750030518
0.578799843788147
0.5903196334838867
0.570307195186615
0.5564712285995483
0.6302687525749207
0.5798120498657227
0.5962235927581787
0.5901908874511719
0.5999146699905396
0.5536342859268188
0.5650418400764465
0.5994471907615662
0.6158086657524109
0.5720487236976624
0.6110047101974487
0.6030540466308594
0.6209108829498291
0.6305761337280273
0.6211438179016113
0.6262789368629456
0.5905742645263672
0.6280641555786133
0.5799887180328369
0.5799130797386169
0.5436599254608154
0.647165834903717
0.6121667623519897
0.5589717626571655
0.6213034391403198
0.5999457240104675
0.5943470001220703
0.5851629376411438
0.5519313812255859
0.639359712600708
0.6507628560066223
0.5759410262107849
0.6095988750457764
0.5681816935539246
0.5771072506904602
0.569843053817749
0.6070601940155029
0.5900542140007019
0.6466952562332153
0.5789802074432373
0.666869044303894
0.6124110817909241
0.6165876388549805
0.5892161130905151
0.6194625496864319
0.6495867371559143
0.5750764012336731
0.5938313007354736
0.5702603459358215
0.6072450876235962
0.5555524826049805
0.5997762084007263
0.6051355600357056
0.5806185007095337
0.5713858604431152
0.6255921125411987
0.5962428450584412
0.6515079140663147
0.5497727394104004
0.569850504398346
0.5834001302719116
0.5960463285446167
0.5662730932235718
0.580467700958252
0.6496751308441162
0.6003546714782715
0.579789400100708
0.5509304404258728
0.6126517653465271
0.5885005593299866
0.6052855253219604
0.5766950249671936
0.6209582090377808
0.5607591271400452
0.656664252281189
0.6081169247627258
0.6046298146247864
0.6290697455406189
0.5840039253234863
0.5717509388923645
0.5689834952354431
0.6092560887336731
0.6056596040725708
0.5755624771118164
0.5531446933746338
0.6048345565795898
0.5812078714370728
0.6341781616210938
0.5681617856025696
0.5545552372932434
0.6175934076309204
0.5611828565597534
0.5982085466384888
0.6050446629524231
0.6126292943954468
0.6307777166366577
0.6164578199386597
0.6217753887176514
0.6168195009231567
0.584067702293396
0.5363972783088684
0.5587074756622314
0.580251157283783
0.5815654993057251
0.558002769947052
0.6152687072753906
0.5588846206665039
0.5762908458709717
0.5749030113220215
0.5986330509185791
0.6177564859390259
0.6161525249481201
0.6212841272354126
0.5364055633544922
0.5524423122406006
0.5832603573799133
0.6130149364471436
0.5629315376281738
0.6217328310012817
0.5865289568901062
0.5527374148368835
0.675710916519165
0.6319063901901245
0.6070286631584167
0.5929365158081055
0.5736778378486633
0.576920747756958
0.5891842842102051
0.5442020893096924
0.6050192713737488
0.7090667486190796
0.6107874512672424
0.6230603456497192
0.5417723655700684
0.6113490462303162
0.5743646621704102
0.5820969939231873
0.6274945735931396
0.6048668622970581
0.6053756475448608
0.628510594367981
0.578069806098938
0.6009471416473389
0.5829163193702698
0.6061716079711914
0.5867328643798828
0.6322302222251892
0.6170769929885864
0.5411769151687622
0.5676472187042236
0.635698676109314
0.6258553862571716
0.5893368124961853
0.6032622456550598
0.5940341353416443
0.5433275699615479
0.5882383584976196
0.570797324180603
0.5544013381004333
0.6379293203353882
0.5785518884658813
0.6080840826034546
0.5737740993499756
0.6010626554489136
0.5673619508743286
0.5883762836456299
0.558582603931427
0.6028177738189697
0.6074227094650269
0.5957462787628174
0.6062300205230713
0.5435062646865845
0.5952247381210327
0.5627642273902893
0.5861979722976685
0.6131728291511536
0.595311164855957
0.6113387942314148
0.6151440739631653
0.6020632386207581
0.5972490310668945
0.6333132386207581
0.5744947791099548
0.557525634765625
0.6420865654945374
0.6063923239707947
0.6164767742156982
0.6160380244255066
0.5632995963096619
0.5783075094223022
0.6520500183105469
0.617518961429596
0.6017389893531799
0.6000621318817139
0.5934181213378906
0.577747642993927
0.5942761301994324
0.6148240566253662
0.620659351348877
0.598272442817688
0.6158266067504883
0.6026791930198669
0.5912843942642212
0.5671468377113342
0.6110766530036926
0.5994873642921448
0.627784252166748
0.616969108581543
0.5967234969139099
0.5619992017745972
0.5954351425170898
0.6078172326087952
0.6298761367797852
0.5900907516479492
0.556455135345459
0.5442289113998413
0.6255376935005188
0.607728123664856
0.5893300771713257
0.5992118120193481
0.5907212495803833
0.6135618090629578
0.6491429805755615
0.5935970544815063
0.5751527547836304
0.5811914205551147
0.5699118375778198
0.5887062549591064
0.5676823258399963
0.6466488242149353
0.6019553542137146
0.5918813943862915
0.5577268004417419
0.5822954773902893
0.5868839621543884
0.5626053810119629
0.6302502155303955
0.6029180288314819
0.5666334629058838
0.5985010862350464
0.5811374187469482
0.5770269632339478
0.5644795894622803
0.5664656162261963
0.5722404718399048
0.6413055658340454
0.5759788751602173
0.6063810586929321
0.5953386425971985
0.57076096534729
0.5684371590614319
0.5415301322937012
0.5556877851486206
0.6027772426605225
0.5654585957527161
0.6090656518936157
0.5323339104652405
0.5358386039733887
0.6061621904373169
0.5224849581718445
0.5630815625190735
0.5742577314376831
0.6397867798805237
0.571770191192627
0.5887156128883362
0.6225116848945618
0.6514869928359985
0.6150009036064148
0.6053361296653748
0.6733835935592651
0.5744973421096802
0.5626498460769653
0.6024097204208374
0.5649195909500122
0.6055886149406433
0.5819841027259827
0.5945618748664856
0.5598123073577881
0.6008358001708984
0.5629329681396484
0.5406124591827393
0.5611940026283264
0.565018355846405
0.5986120700836182
0.6685130000114441
0.5728374719619751
0.5785515308380127
0.5459531545639038
0.586391270160675
0.5606147646903992
0.5426877737045288
0.540881872177124
0.5270890593528748
0.5893572568893433
0.5660700798034668
0.6281658411026001
0.5754605531692505
0.5927358865737915
0.6190140247344971
0.5784575939178467
0.5740262866020203
0.6078754663467407
0.5646467208862305
0.5667753219604492
0.5609546899795532
0.593957781791687
0.6013281941413879
0.544911801815033
0.5498766899108887
0.5650457143783569
0.6557371616363525
0.5802937150001526
0.5625739097595215
0.6111264228820801
0.6039853096008301
0.6104472875595093
0.5698867440223694
0.6403895616531372
0.5773923993110657
0.5734896063804626
0.6183192729949951
0.5647926330566406
0.5704610347747803
0.6124510765075684
0.6174870729446411
0.5697668194770813
0.6103163957595825
0.5749948024749756
0.5769778490066528
0.5199451446533203
0.5610157251358032
0.6012983918190002
0.5498866438865662
0.6907258629798889
0.5784809589385986
0.5898892879486084
0.5946214199066162
0.6002750396728516
0.6092529296875
0.5704215168952942
0.6032180190086365
0.6334252953529358
0.6521539688110352
0.6060119271278381
0.5673425793647766
0.6009477376937866
0.5773680210113525
0.560899019241333
0.6000361442565918
0.569293737411499
0.5773659944534302
0.5901275277137756
0.5330833196640015
0.603665292263031
0.5781880617141724
0.5597565174102783
0.5702781677246094
0.5830311179161072
0.5694224834442139
0.5756765604019165
0.5710573792457581
0.5438748598098755
0.5374993085861206
0.5506962537765503
0.6632908582687378
0.6057761311531067
0.6347327828407288
0.5848690867424011
0.6021812558174133
0.5647321939468384
0.5539920926094055
0.6078256368637085
0.6241368055343628
0.6223769187927246
0.6028962135314941
0.6055459976196289
0.5640069246292114
0.6063193678855896
0.558680534362793
0.5560196042060852
0.5551313161849976
0.5941605567932129
0.6183810234069824
0.5442283749580383
0.547831654548645
0.6002377271652222
0.5782417058944702
0.5654457807540894
0.6887456178665161
0.6320077180862427
0.6032921075820923
0.5465066432952881
0.5557541847229004
0.60343337059021
0.6065789461135864
0.5628583431243896
0.5486021637916565
0.5914322137832642
0.5723937749862671
0.5402186512947083
0.5706661343574524
0.6171383857727051
0.5694787502288818
0.5874251127243042
0.5722577571868896
0.5591498613357544
0.5555847883224487
0.5929080247879028
0.5530840754508972
0.6206660866737366
0.5453528761863708
0.6311222314834595
0.5742861032485962
0.6318762302398682
0.6432693600654602
0.576517641544342
0.6246417164802551
0.5897097587585449
0.6398628354072571
0.6038907766342163
0.6066230535507202
0.5820854902267456
0.6164131164550781
0.6231915950775146
0.5664143562316895
0.5391234159469604
0.6090067028999329
0.5941116809844971
0.5424043536186218
0.5638829469680786
0.6077271699905396
0.6254416108131409
0.5783972144126892
0.5659277439117432
0.5591511726379395
0.5619789361953735
0.5678926706314087
0.574118435382843
0.5656032562255859
0.6313548684120178
0.5596117377281189
0.5296581983566284
0.6930985450744629
0.5266279578208923
0.5703212022781372
0.6319031715393066
0.5334460735321045
0.5591698288917542
0.5660831928253174
0.6242893934249878
0.544232189655304
0.6139150857925415
0.6037330031394958
0.6390975117683411
0.5653898119926453
0.6091659665107727
0.5647485852241516
0.5114879608154297
0.6508210301399231
0.5803319215774536
0.596529483795166
0.558198094367981
0.6004253625869751
0.581150472164154
0.5591648817062378
0.56989586353302
0.6241876482963562
0.5773419141769409
0.6313656568527222
0.6108331680297852
0.6231750249862671
0.5589203238487244
0.5739523768424988
0.5588251352310181
0.5191464424133301
0.5463898181915283
0.5708349943161011
0.5736069679260254
0.5544220805168152
0.5243915319442749
0.528712272644043
0.6011608242988586
0.5473482608795166
0.6138862371444702
0.6299191117286682
0.5643531084060669
0.5947487354278564
0.5584473609924316
0.5867326855659485
0.6160457730293274
0.6083646416664124
0.5766103267669678
0.626144289970398
0.5686618685722351
0.6033868789672852
0.5669945478439331
0.5723750591278076
0.5823633074760437
0.6612603068351746
0.5754260420799255
0.5894025564193726
0.5451604723930359
0.5618634223937988
0.5822319388389587
0.5356093645095825
0.5966193675994873
0.6055699586868286
0.5950451493263245
0.591455340385437
0.5810079574584961
0.6064001321792603
0.6188578605651855
0.5508044958114624
0.5793091058731079
0.5750030279159546
0.5874766111373901
0.5364768505096436
0.5545462965965271
0.5709850788116455
0.6043975353240967
0.6070762872695923
0.6118071675300598
0.557474672794342
0.5775548219680786
0.5981602668762207
0.5968877077102661
0.6097628474235535
0.6037198305130005
0.5965573191642761
0.5537216663360596
0.5237783193588257
0.5936568379402161
0.5898722410202026
0.5738595724105835
0.5483836531639099
0.6042569875717163
0.5776519775390625
0.6026649475097656
0.561680793762207
0.5434011220932007
0.5546536445617676
0.6151348352432251
0.5899814367294312
0.5533711910247803
0.5477156043052673
0.6414119005203247
0.5740243792533875
0.6198062896728516
0.556803822517395
0.5818199515342712
0.5787136554718018
0.5895000696182251
0.5642576217651367
0.5761711597442627
0.561424970626831
0.5450661182403564
0.584911048412323
0.5663537979125977
0.560279369354248
0.5728644132614136
0.5384984016418457
0.5801762938499451
0.5802528858184814
0.542113721370697
0.558271050453186
0.5538508892059326
0.5853768587112427
0.5314359664916992
0.6137391328811646
0.623672366142273
0.5975564122200012
0.586326539516449
0.5585017800331116
0.6295095086097717
0.5220878720283508
0.578058660030365
0.5624755620956421
0.5717694759368896
0.5758032202720642
0.5831270217895508
0.5440095663070679
0.557673990726471
0.5486701130867004
0.5577986836433411
0.6031904220581055
0.5675827264785767
0.5612189173698425
0.5734803676605225
0.5720289945602417
0.5728073120117188
0.6668079495429993
0.60198575258255
0.6104840040206909
0.6162446737289429
0.5479015111923218
0.577521800994873
0.5690755248069763
0.5673213601112366
0.5742069482803345
0.6180698871612549
0.5584565997123718
0.5658166408538818
0.5454009175300598
0.5611061453819275
0.5572993755340576
0.5744435787200928
0.5364742875099182
0.5827350616455078
0.5730142593383789
0.5369405746459961
0.6110963821411133
0.5403656959533691
0.5478992462158203
0.5531072616577148
0.5808995962142944
0.5880069732666016
0.5568761229515076
0.5613310933113098
0.5830067992210388
0.6312514543533325
0.563636064529419
0.6155941486358643
0.5803717970848083
0.6226822733879089
0.5954849720001221
0.548216700553894
0.5827006101608276
0.6323941946029663
0.578571081161499
0.548524796962738
0.6056625843048096
0.5713001489639282
0.5514321327209473
0.5186237096786499
0.6048595905303955
0.5563330054283142
0.5433831214904785
0.5439355373382568
0.6152555346488953
0.5706154108047485
0.5962800979614258
0.6150093078613281
0.6550145149230957
0.5701411366462708
0.5754574537277222
0.6007070541381836
0.5931630730628967
0.6137834191322327
0.5833863615989685
0.609350323677063
0.5522398352622986
0.5652285814285278
0.5596596598625183
0.5518019795417786
0.5986014008522034
0.546337366104126
0.5349698066711426
0.569882869720459
0.6253524422645569
0.5294507145881653
0.5681688189506531
0.5652120113372803
0.6109331846237183
0.5951989889144897
0.5776164531707764
0.58838951587677
0.5914279222488403
0.5700905919075012
0.6288971304893494
0.6275941133499146
0.605820894241333
0.6224405169487
0.6600784063339233
0.5414129495620728
0.5676936507225037
0.5562877655029297
0.5690847635269165
0.5417690277099609
0.5701035261154175
0.6305898427963257
0.5724666118621826
0.5516756772994995
0.6371533870697021
0.6007388830184937
0.5439048409461975
0.5487785339355469
0.5311142206192017
0.6010192632675171
0.5982385277748108
0.6102594137191772
0.5421144962310791
0.5313449501991272
0.5547231435775757
0.5769042372703552
0.5431976318359375
0.5473852157592773
0.5757149457931519
0.5861063003540039
0.5674489736557007
0.5563827157020569
0.577897310256958
0.5658386945724487
0.5588101148605347
0.5993838310241699
0.555665135383606
0.5608039498329163
0.5614157915115356
0.5717616081237793
0.5553003549575806
0.5799802541732788
0.5352200269699097
0.5766873955726624
0.5983119010925293
0.5777881741523743
0.5691059827804565
0.5955185890197754
0.6027629971504211
0.5699900388717651
0.5278726816177368
0.5323867797851562
0.5629681944847107
0.5373386144638062
0.6063455939292908
0.6287827491760254
0.6066573262214661
0.5751084089279175
0.5508716106414795
0.5378656387329102
0.5622733235359192
0.5600439310073853
0.5335668325424194
0.5439777970314026
0.618515133857727
0.5617331862449646
0.5748580694198608
0.5656901597976685
0.5570114850997925
0.6038845777511597
0.5893782377243042
0.5894962549209595
0.5791298151016235
0.5531835556030273
0.608566164970398
0.6039462685585022
0.5326094031333923
0.604936957359314
0.5586968660354614
0.5968253016471863
0.6136561632156372
0.555923581123352
0.5983797311782837
0.535397469997406
0.5524922013282776
0.5278182029724121
0.5436079502105713
0.552993893623352
0.5657449960708618
0.5424527525901794
0.588113009929657
0.5608103275299072
0.5812738537788391
0.6183679103851318
0.5781888961791992
0.5452538132667542
0.5732875466346741
0.5668120980262756
0.5426043272018433
0.5224010944366455
0.5948266983032227
0.5698370933532715
0.6322478652000427
0.5556459426879883
0.5499585866928101
0.5959486961364746
0.5907814502716064
0.5997093915939331
0.5957499742507935
0.5927259922027588
0.5680829286575317
0.5824862718582153
0.5378897786140442
0.5920221209526062
0.5849934816360474
0.5941669940948486
0.5495518445968628
0.5849632024765015
0.555575966835022
0.5786972045898438
0.5420204997062683
0.5485801696777344
0.594714343547821
0.5721759796142578
0.5268516540527344
0.5631994009017944
0.5227688550949097
0.5378695726394653
0.6021778583526611
0.5705686807632446
0.5477113127708435
0.6158461570739746
0.6130214929580688
0.5365979671478271
0.5420172214508057
0.5378912091255188
0.5167685151100159
0.5466182231903076
0.5565767288208008
0.5634557008743286
0.563259482383728
0.7220945358276367
0.5601650476455688
0.6030881404876709
0.6064119935035706
0.5662721395492554
0.6032257676124573
0.57938152551651
0.5797830820083618
0.5809252262115479
0.6055789589881897
0.643717885017395
0.6120647192001343
0.5468631386756897
0.5972931385040283
0.5431691408157349
0.570180356502533
0.5322058200836182
0.5715677738189697
0.5478662848472595
0.5772250890731812
0.5848733186721802
0.5617772340774536
0.5344848036766052
0.6617893576622009
0.5406658053398132
0.5418369770050049
0.5844843983650208
0.5623142123222351
0.6295512318611145
0.6341560482978821
0.5623269081115723
0.5850488543510437
0.5806235074996948
0.5499306917190552
0.5778715014457703
0.5796611309051514
0.5444808006286621
0.5739976763725281
0.5276840925216675
0.5366470813751221
0.5648123025894165
0.5921450853347778
0.5723975896835327
0.5632083415985107
0.5543907284736633
0.5824546217918396
0.6279308795928955
0.5341523289680481
0.5946179628372192
0.5723558664321899
0.582669198513031
0.5678405165672302
0.5899204015731812
0.5885823369026184
0.5533463358879089
0.5311754941940308
0.5644546747207642
0.6637653708457947
0.560543417930603
0.5659308433532715
0.5931729078292847
0.5414540767669678
0.548163890838623
0.5747454166412354
0.5768199563026428
0.628463864326477
0.5647124648094177
0.5664526224136353
0.6053825616836548
0.6334593892097473
0.5982955098152161
0.5737050771713257
0.5553684234619141
0.5703957676887512
0.624156653881073
0.5618715286254883
0.5572590827941895
0.5483202338218689
0.576012134552002
0.5781451463699341
0.5347248315811157
0.5590969920158386
0.5285641551017761
0.553387463092804
0.5551985502243042
0.5542619824409485
0.5762690305709839
0.576310932636261
0.5660331845283508
0.5385451912879944
0.5560658574104309
0.5076392889022827
0.6582480072975159
0.5479947328567505
0.5428283214569092
0.5651140809059143
0.5981548428535461
0.5566391348838806
0.6040247678756714
0.5443801879882812
0.5650247931480408
0.5670412182807922
0.6039692759513855
0.5177945494651794
0.5642755031585693
0.5330079197883606
0.5430747270584106
0.5343509316444397
0.6618562936782837
0.545496940612793
0.5481300354003906
0.5508787631988525
0.5424984097480774
0.5705816745758057
0.5886897444725037
0.5629377961158752
0.5955914855003357
0.5495865345001221
0.5899311304092407
0.589514970779419
0.5527644157409668
0.6032236814498901
0.5547612309455872
0.5891909003257751
0.5823335647583008
0.575954794883728
0.5579549670219421
0.5386145114898682
0.5636828541755676
0.5796900987625122
0.573194146156311
0.5247795581817627
0.5288763046264648
0.5703242421150208
0.5763376951217651
0.5847116112709045
0.5819936394691467
0.5899209380149841
0.5311294198036194
0.531206488609314
0.6983996629714966
0.5850107669830322
0.5456316471099854
0.5517463088035583
0.5815067291259766
0.5783886909484863
0.5986624956130981
0.5557888150215149
0.5534651875495911
0.5669041872024536
0.5694234371185303
0.5596908330917358
0.5760302543640137
0.5726915597915649
0.5456923246383667
0.5443493127822876
0.5380560159683228
0.5597101449966431
0.5442609786987305
0.5587487816810608
0.5607799887657166
0.5603834986686707
0.5669341683387756
0.5609415769577026
0.6076319813728333
0.5293807983398438
0.5835750102996826
0.6191284656524658
0.5762858986854553
0.5854064226150513
0.6206842064857483
0.5949339270591736
0.5436543226242065
0.5930674076080322
0.6019846796989441
0.5858585238456726
0.5541220903396606
0.5541291832923889
0.5759545564651489
0.5545695424079895
0.5347163677215576
0.5457643270492554
0.5598706603050232
0.563796877861023
0.5961726307868958
0.597320020198822
0.6200493574142456
0.5717803239822388
0.5920979380607605
0.5794520974159241
0.6059221029281616
0.554227888584137
0.5567768812179565
0.5112960338592529
0.5274268984794617
0.5378881096839905
0.5931079387664795
0.5516919493675232
0.5732408761978149
0.5301186442375183
0.5886430144309998
0.5614268183708191
0.5980179309844971
0.6074209213256836
0.5227122902870178
0.6008444428443909
0.6187929511070251
0.5315878391265869
0.5891078114509583
0.5643550753593445
0.5332823991775513
0.5542640686035156
0.5424185395240784
0.6412626504898071
0.5555468201637268
0.5608770251274109
0.5828425884246826
0.6119415760040283
0.5445097088813782
0.6443148851394653
0.5583575963973999
0.5451470613479614
0.5734942555427551
0.5314587950706482
0.5387457609176636
0.6623507142066956
0.5574538707733154
0.5637485980987549
0.5240065455436707
0.5625693798065186
0.5727258920669556
0.5977253913879395
0.5479457974433899
0.5916168689727783
0.5580698847770691
0.5563787817955017
0.5565881729125977
0.5607852935791016
0.5587611198425293
0.5737829804420471
0.5376812219619751
0.5672322511672974
0.5506580471992493
0.5982248783111572
0.5710572004318237
0.585263192653656
0.5586481094360352
0.589159369468689
0.578895092010498
0.5666121244430542
0.5543106198310852
0.6030870079994202
0.627018928527832
0.5907846689224243
0.5892295837402344
0.5939503908157349
0.5519671440124512
0.5532180666923523
0.5526760220527649
0.5960997343063354
0.6093138456344604
0.5753030776977539
0.5938495397567749
0.5798578262329102
0.5491323471069336
0.55467289686203
0.6070375442504883
0.5482519268989563
0.5591093301773071
0.5317467451095581
0.5982599854469299
0.5945852994918823
0.5526106357574463
0.5939449071884155
0.5122057199478149
0.5763627886772156
0.5479338765144348
0.519993782043457
0.6061468124389648
0.5123384594917297
0.5827882289886475
0.6202954053878784
0.5360126495361328
0.5417167544364929
0.5766429901123047
0.6395356059074402
0.5507949590682983
0.6051868200302124
0.5527775883674622
0.5928076505661011
0.5347607135772705
0.5463354587554932
0.594536304473877
0.5803972482681274
0.5075859427452087
0.6220094561576843
0.5501432418823242
0.5454614162445068
0.5991050601005554
0.5327361822128296
0.5730493664741516
0.5676686763763428
0.5882959365844727
0.576673686504364
0.5529899597167969
0.558566689491272
0.5419521331787109
0.5327256917953491
0.5585218071937561
0.5370280742645264
0.6321525573730469
0.6188662648200989
0.51585453748703
0.5526902675628662
0.549717903137207
0.5576031804084778
0.5374326109886169
0.5867330431938171
0.5543098449707031
0.552113950252533
0.6196637749671936
0.5832704901695251
0.5473058223724365
0.6587052345275879
0.5697890520095825
0.5623090267181396
0.5622148513793945
0.5692657828330994
0.5855311751365662
0.5817399024963379
0.5548309087753296
0.596047043800354
0.5857213735580444
0.5707418918609619
0.5400311946868896
0.6170227527618408
0.6627957820892334
0.5691864490509033
0.5369250774383545
0.5473891496658325
0.5486760139465332
0.5358192324638367
0.6354487538337708
0.5565261244773865
0.5894507765769958
0.5485655665397644
0.5608574151992798
0.5989229679107666
0.5929043889045715
0.5126509666442871
0.5581528544425964
0.5989341735839844
0.5407670736312866
0.5896117091178894
0.6036398410797119
0.5513087511062622
0.620151698589325
0.5766473412513733
0.5242990851402283
0.5590735077857971
0.5161100625991821
0.6020028591156006
0.5596007108688354
0.648509681224823
0.5775498151779175
0.5585273504257202
0.5787147879600525
0.5417852401733398
0.549960196018219
0.5343910455703735
0.5520899295806885
0.5395480394363403
0.5706868767738342
0.5648168325424194
0.5935257077217102
0.6195874214172363
0.5704055428504944
0.5483760237693787
0.583386242389679
0.5524656772613525
0.5225030183792114
0.5933637022972107
0.5587259531021118
0.6425721645355225
0.5793541073799133
0.5718882083892822
0.5953630208969116
0.5789002180099487
0.548582911491394
0.5652844905853271
0.5438170433044434
0.6122645735740662
0.600105881690979
0.5803318023681641
0.5892410278320312
0.5761508345603943
0.5693638324737549
0.5701411962509155
0.5714598894119263
0.5502158403396606
0.5773364305496216
0.6013932228088379
0.5213042497634888
0.5533477067947388
0.5543164014816284
0.5340660214424133
0.5564677715301514
0.6200777888298035
0.544953465461731
0.5443384647369385
0.5914209485054016
0.5522316694259644
0.6242173910140991
0.5300052165985107
0.5276204943656921
0.551623523235321
0.5451552867889404
0.561620831489563
0.5199307203292847
0.5933079719543457
0.5872117280960083
0.5726432204246521
0.5876792669296265
0.614315390586853
0.6305955052375793
0.5398489236831665
0.584404706954956
0.5645275115966797
0.5660983324050903
0.5981004238128662
0.5514715909957886
0.5358811616897583
0.5988747477531433
0.5221152901649475
0.5592815279960632
0.5442004203796387
0.5673462152481079
0.5499229431152344
0.6002481579780579
0.5474377274513245
0.5603377223014832
0.5521105527877808
0.5763068199157715
0.5649234652519226
0.5643208026885986
0.6259849071502686
0.583655595779419
0.5552897453308105
0.540422260761261
0.592414140701294
0.6032307147979736
0.6462301015853882
0.5621388554573059
0.5508419275283813
0.6228553056716919
0.6166634559631348
0.5630245208740234
0.5653015375137329
0.5630637407302856
0.5672880411148071
0.5932286977767944
0.5126474499702454
0.5449619293212891
0.5876220464706421
0.5961523652076721
0.5952843427658081
0.5654510259628296
0.5703867673873901
0.594813346862793
0.5783665180206299
0.5785548686981201
0.5901000499725342
0.5668429732322693
0.5322006940841675
0.599238395690918
0.521262526512146
0.5449239015579224
0.533172607421875
0.5529553890228271
0.5958018898963928
0.5462077260017395
0.5484836101531982
0.5531577467918396
0.5368131399154663
0.5557307600975037
0.5498002171516418
0.6181915402412415
0.5575578212738037
0.519607424736023
0.5699728727340698
0.5474607348442078
0.6314405202865601
0.608992874622345
0.5741370916366577
0.5692582726478577
0.5315272808074951
0.5317522287368774
0.5268051624298096
0.6080313920974731
0.521981954574585
0.6359338760375977
0.5637916326522827
0.5884605050086975
0.5717145204544067
0.5532890558242798
0.546829104423523
0.5968628525733948
0.618502140045166
0.5454202890396118
0.6068447828292847
0.5608654022216797
0.5837756395339966
0.568953275680542
0.532166600227356
0.5094379186630249
0.5418435335159302
0.5435623526573181
0.5496081113815308
0.5584307909011841
0.5934951305389404
0.5618427991867065
0.5426821708679199
0.5473034381866455
0.5448141098022461
0.5582132339477539
0.5342531204223633
0.5133563280105591
0.5913570523262024
0.5862884521484375
0.5258500576019287
0.5296978950500488
0.550765335559845
0.5267492532730103
0.5587526559829712
0.5577352046966553
0.511300802230835
0.5315971374511719
0.5451688766479492
0.581147313117981
0.6733349561691284
0.5320415496826172
0.5523588061332703
0.6576986312866211
0.5748291015625
0.5826073884963989
0.553845226764679
0.5475946068763733
0.6038280129432678
0.6008572578430176
0.5720091462135315
0.5655152797698975
0.5511395335197449
0.5798074007034302
0.5758821368217468
0.5821051597595215
0.5375497341156006
0.5169830918312073
0.5395452380180359
0.6052558422088623
0.5834989547729492
0.5429457426071167
0.5822317600250244
0.5581641793251038
0.5507287979125977
0.5891824960708618
0.5478542447090149
0.5854006409645081
0.5311707258224487
0.5324304103851318
0.5743339657783508
0.5405130982398987
0.523612916469574
0.55540931224823
0.54676353931427
0.5015138983726501
0.5320088863372803
0.5315823554992676
0.5439944863319397
0.5620521903038025
0.543054461479187
0.5783030390739441
0.5787519812583923
0.557024359703064
0.5991014242172241
0.6013913750648499
0.547196626663208
0.5488865971565247
0.5497618317604065
0.5561280250549316
0.5429564714431763
0.5864007472991943
0.5512853860855103
0.6018736362457275
0.5601378679275513
0.5300257205963135
0.5302579998970032
0.5070846080780029
0.6007226705551147
0.5604925155639648
0.5895872116088867
0.5465475916862488
0.5710533261299133
0.528546929359436
0.553032398223877
0.534755289554596
0.633882999420166
0.5759409666061401
0.537071168422699
0.5887399315834045
0.5466370582580566
0.5867552757263184
0.5401105284690857
0.5562382936477661
0.5527734160423279
0.5194657444953918
0.6016584634780884
0.5696756839752197
0.5468358993530273
0.6022506952285767
0.5538086891174316
0.5680710077285767
0.567009687423706
0.5559151768684387
0.5620844960212708
0.5533372163772583
0.5579288005828857
0.5583721995353699
0.5325653553009033
0.5340730547904968
0.5888439416885376
0.5751705169677734
0.5439006686210632
0.5156768560409546
0.5704448223114014
0.5577315092086792
0.55173659324646
0.5264156460762024
0.5758680105209351
0.5166833400726318
0.5571019053459167
0.5209848284721375
0.5603351593017578
0.55121910572052
0.5277968645095825
0.5241559743881226
0.5635445713996887
0.4994673728942871
0.5712283253669739
0.5588282942771912
0.5860002636909485
0.5370334386825562
0.60006183385849
0.5219994187355042
0.5624625086784363
0.6145219802856445
0.5177033543586731
0.5576014518737793
0.5588109493255615
0.5825691223144531
0.5744170546531677
0.5716961622238159
0.5285470485687256
0.5366793274879456
0.5944223999977112
0.5941506624221802
0.5085942149162292
0.5706661939620972
0.5541507005691528
0.5918312668800354
0.5303633809089661
0.5662949085235596
0.6183913350105286
0.538496732711792
0.4983173608779907
0.5813482999801636
0.5750794410705566
0.5345869660377502
0.5195521712303162
0.5347941517829895
0.5467917323112488
0.575619637966156
0.5637952089309692
0.5924664735794067
0.5438213348388672
0.6190969944000244
0.5875835418701172
0.5342281460762024
0.5418504476547241
0.5974388718605042
0.5497516989707947
0.5782536864280701
0.6115912795066833
0.5976369976997375
0.5651932954788208
0.536994993686676
0.6323850154876709
0.5618480443954468
0.5836673974990845
0.6040001511573792
0.5467444658279419
0.5404688715934753
0.5709211826324463
0.5400768518447876
0.5382537841796875
0.5816527009010315
0.5636844635009766
0.5544257760047913
0.5557520389556885
0.5491017699241638
0.570598840713501
0.5816000699996948
0.5265696048736572
0.5983712673187256
0.5285124182701111
0.549720048904419
0.5909239649772644
0.5668857097625732
0.5055803060531616
0.5676183700561523
0.5432928800582886
0.5465091466903687
0.5408614873886108
0.6313674449920654
0.5485880374908447
0.6234257221221924
0.5493993759155273
0.5498927235603333
0.5744239687919617
0.5452303290367126
0.5135962963104248
0.6282190084457397
0.5312014818191528
0.6128841042518616
0.5641385316848755
0.5769029855728149
0.5492331981658936
0.5730735063552856
0.528677225112915
0.5317952036857605
0.57535320520401
0.5332931280136108
0.5546878576278687
0.6084280014038086
0.5317397713661194
0.6352308988571167
0.553496778011322
0.5825738906860352
0.529508113861084
0.5305193662643433
0.5197179913520813
0.5474635362625122
0.5138605237007141
0.5345455408096313
0.5543821454048157
0.5898352861404419
0.5845464468002319
0.5170453786849976
0.5491924285888672
0.5245561003684998
0.5842087268829346
0.5247116684913635
0.560554027557373
0.5284600257873535
0.6072525382041931
0.5240172147750854
0.5762837529182434
0.5279163718223572
0.5795578956604004
0.5859251618385315
0.5382818579673767
0.6150496006011963
0.5402830839157104
0.5544222593307495
0.546538233757019
0.5226463079452515
0.564183235168457
0.5563392639160156
0.5368385314941406
0.6252861618995667
0.49879276752471924
0.5761781930923462
0.612984836101532
0.5525676608085632
0.5431935787200928
0.6401355266571045
0.5405972599983215
0.5496955513954163
0.5488870739936829
0.527001142501831
0.5586665868759155
0.5497024655342102
0.536348819732666
0.5761739015579224
0.5543835759162903
0.5744359493255615
0.5700325965881348
0.5346094965934753
0.5607349872589111
0.6259505748748779
0.5378175973892212
0.5429030656814575
0.4975132942199707
0.5311212539672852
0.5883358716964722
0.5605162382125854
0.5356103777885437
0.5547492504119873
0.6636431813240051
0.5572810173034668
0.5762401819229126
0.5511182546615601
0.550055742263794
0.5448877215385437
0.5287473797798157
0.5589908361434937
0.5381076335906982
0.5968469381332397
0.5398920774459839
0.5448600053787231
0.5334648489952087
0.5267507433891296
0.5275705456733704
0.5849826335906982
0.5357282161712646
0.5561922788619995
0.5767866969108582
0.5201696753501892
0.5314682126045227
0.5774164795875549
0.539821445941925
0.5526309013366699
0.5539147257804871
0.48694586753845215
0.5513412356376648
0.5559168457984924
0.5364777445793152
0.5327621102333069
0.555997908115387
0.5802791118621826
0.5393147468566895
0.5329024791717529
0.5553022027015686
0.5462744235992432
0.5636312961578369
0.6184782981872559
0.594885528087616
0.5601110458374023
0.5366009473800659
0.5247918963432312
0.5954981446266174
0.578934907913208
0.567541241645813
0.5597578287124634
0.5645540952682495
0.5469565391540527
0.5698460340499878
0.5377613306045532
0.5755395293235779
0.5469381809234619
0.5277420282363892
0.5931140184402466
0.5771678686141968
0.5918024778366089
0.5228310227394104
0.5663772821426392
0.5253519415855408
0.5413881540298462
0.5786064863204956
0.5948605537414551
0.5720824003219604
0.5130571722984314
0.5559303164482117
0.507115364074707
0.5859236717224121
0.5842845439910889
0.5720044374465942
0.5475269556045532
0.6108598709106445
0.5401522517204285
0.5694520473480225
0.5730632543563843
0.5336679816246033
0.5518115758895874
0.5259332060813904
0.5560458898544312
0.5661585927009583
0.5341300964355469
0.5565263032913208
0.5421113967895508
0.5388257503509521
0.5256863236427307
0.5344112515449524
0.5436587929725647
0.5268822312355042
0.5084173083305359
0.5263700485229492
0.5488311052322388
0.4964893162250519
0.534537672996521
0.5390159487724304
0.554763674736023
0.5319880843162537
0.5558006167411804
0.5613894462585449
0.5359633564949036
0.5717764496803284
0.5391960144042969
0.5324601531028748
0.5666521191596985
0.5663319826126099
0.5239917635917664
0.507543683052063
0.5905705690383911
0.5607891082763672
0.5643168687820435
0.5144455432891846
0.525814950466156
0.5519005656242371
0.5579594373703003
0.5919268131256104
0.5459020137786865
0.5708985924720764
0.6012008786201477
0.5594669580459595
0.6058917045593262
0.5988447666168213
0.5988019704818726
0.5825785398483276
0.5438967943191528
0.5662115216255188
0.5160738229751587
0.5212669372558594
0.5747952461242676
0.6115885376930237
0.5356809496879578
0.5463309288024902
0.5616598129272461
0.5104894638061523
0.550926685333252
0.565137505531311
0.5483061075210571
0.5762580633163452
0.5709821581840515
0.5562375783920288
0.534160315990448
0.5538510680198669
0.6103312969207764
0.5646869540214539
0.561977744102478
0.5663180351257324
0.5426089763641357
0.5086808204650879
0.5418152809143066
0.5187840461730957
0.5371440052986145
0.5242750644683838
0.5819765329360962
0.5392802953720093
0.5187903046607971
0.619731605052948
0.5598740577697754
0.5510141849517822
0.5627614259719849
0.5393766164779663
0.6085965037345886
0.5993174910545349
0.536906898021698
0.5110576152801514
0.5329334139823914
0.5682647824287415
0.5796040296554565
0.5456582307815552
0.5763850808143616
0.551865816116333
0.504791796207428
0.5348412394523621
0.5582965612411499
0.5685493350028992
0.5766387581825256
0.5729021430015564
0.5007613301277161
0.5527390837669373
0.5667031407356262
0.6022365093231201
0.6016187071800232
0.5618610382080078
0.6127458810806274
0.5417777299880981
0.5299457311630249
0.5791953802108765
0.5317434668540955
0.5531664490699768
0.5389648675918579
0.5145156979560852
0.596939742565155
0.5348926186561584
0.567199170589447
0.5089704990386963
0.5491756200790405
0.5419513583183289
0.5273339748382568
0.5740535855293274
0.5254313945770264
0.5370892286300659
0.5813109874725342
0.5441962480545044
0.5840486288070679
0.5467784404754639
0.5398826599121094
0.5614232420921326
0.5788170099258423
0.6093038320541382
0.5441606640815735
0.5551683902740479
0.6098287105560303
0.5383071303367615
0.5265979766845703
0.5630943775177002
0.5410869121551514
0.5260145664215088
0.5717935562133789
0.5484665632247925
0.526613712310791
0.5464014410972595
0.5177265405654907
0.5877817869186401
0.5354637503623962
0.5706291198730469
0.5236082077026367
0.532978355884552
0.5410184860229492
0.5976715087890625
0.5629346966743469
0.5361140966415405
0.5349498391151428
0.5318086743354797
0.575158417224884
0.5601687431335449
0.5689849853515625
0.5506500005722046
0.5312765836715698
0.5554814338684082
0.5848326683044434
0.5380076169967651
0.5556341409683228
0.5364311933517456
0.5605366230010986
0.5665900707244873
0.5119897127151489
0.5213241577148438
0.5948017239570618
0.5878567099571228
0.5482692718505859
0.5292155742645264
0.5739582180976868
0.5053632855415344
0.54730623960495
0.5480680465698242
0.5155113935470581
0.599563479423523
0.5587625503540039
0.5209540128707886
0.5711652040481567
0.5374810695648193
0.5514386892318726
0.5608184933662415
0.5559832453727722
0.5360003113746643
0.5391506552696228
0.5201201438903809
0.5676562190055847
0.5330454111099243
0.5159859657287598
0.5696272253990173
0.5021294355392456
0.5910929441452026
0.5200710296630859
0.5540851354598999
0.5637953281402588
0.6135752201080322
0.5587103962898254
0.5687141418457031
0.5347270369529724
0.5403108596801758
0.6281979084014893
0.5615969896316528
0.553110659122467
0.5415728092193604
0.5586134791374207
0.5190607309341431
0.5711462497711182
0.5618147253990173
0.6028120517730713
0.5679119825363159
0.5443790555000305
0.5666463375091553
0.5388468503952026
0.5438640117645264
0.5497152805328369
0.5749638080596924
0.5233340263366699
0.5602589249610901
0.49621129035949707
0.5494306683540344
0.5463665127754211
0.5811029672622681
0.5912057161331177
0.5410366654396057
0.5612514615058899
0.5404605269432068
0.507081151008606
0.5896729826927185
0.5658748745918274
0.5346128940582275
0.5625575184822083
0.5268610119819641
0.5496523380279541
0.5615374445915222
0.5738064050674438
0.5647523403167725
0.5319587588310242
0.5082054734230042
0.5539590120315552
0.602774977684021
0.5583209991455078
0.5515088438987732
0.557317316532135
0.5265048742294312
0.547878623008728
0.5456191301345825
0.5812767148017883
0.5707610845565796
0.549206554889679
0.5343652367591858
0.5218971967697144
0.5196775197982788
0.5484676361083984
0.5374801158905029
0.6101934909820557
0.5787656903266907
0.5376666188240051
0.5237126350402832
0.5384620428085327
0.5156407356262207
0.5093502998352051
0.5612843036651611
0.5282538533210754
0.5922569036483765
0.5695364475250244
0.5959591865539551
0.5487491488456726
0.5416779518127441
0.5508535504341125
0.5274170637130737
0.5490887761116028
0.5163432955741882
0.5374979376792908
0.6112816333770752
0.5410473942756653
0.5093974471092224
0.5409111380577087
0.5582927465438843
0.525488555431366
0.5154110193252563
0.5325908660888672
0.5024835467338562
0.5698140263557434
0.5445767641067505
0.6054471135139465
0.5116472244262695
0.5696518421173096
0.6024563908576965
0.5351801514625549
0.5573107004165649
0.5462979078292847
0.5870373249053955
0.5476259589195251
0.6000692844390869
0.6151655912399292
0.5137017965316772
0.5420256853103638
0.5432286858558655
0.5597832798957825
0.514226496219635
0.5399699807167053
0.5610252022743225
0.6236960887908936
0.5748850107192993
0.5624691843986511
0.5485008955001831
0.5519782304763794
0.532992959022522
0.5185855031013489
0.5783011317253113
0.5751503109931946
0.5724965333938599
0.5294409990310669
0.5441238880157471
0.49927783012390137
0.5287043452262878
0.5744876861572266
0.5635843873023987
0.560906171798706
0.5304956436157227
0.5558066964149475
0.5486041903495789
0.5503743290901184
0.5837658643722534
0.5850711464881897
0.5569889545440674
0.532600998878479
0.5465417504310608
0.5584725737571716
0.5224640369415283
0.5516027808189392
0.5675584077835083
0.5234941244125366
0.51458740234375
0.5492925643920898
0.552426278591156
0.5172924995422363
0.5105032324790955
0.5144282579421997
0.5428789854049683
0.5875530242919922
0.5210002064704895
0.5594977140426636
0.5798356533050537
0.5507361888885498
0.5790024995803833
0.6308442950248718
0.5413820147514343
0.5305880904197693
0.5709488987922668
0.5102219581604004
0.6089312434196472
0.5626341700553894
0.5755683183670044
0.5453319549560547
0.6408382654190063
0.5769147276878357
0.5311077833175659
0.5648394823074341
0.5388442873954773
0.5410367250442505
0.5877631306648254
0.5408020615577698
0.5592401623725891
0.6192969083786011
0.562562882900238
0.537883460521698
0.6205239295959473
0.5275033712387085
0.5787035226821899
0.5545152425765991
0.5770156383514404
0.5408757925033569
0.5205490589141846
0.5045175552368164
0.5317608714103699
0.5330234169960022
0.6012400388717651
0.5386478900909424
0.535713791847229
0.5457441806793213
0.5273935794830322
0.5324015617370605
0.5609998106956482
0.5127565264701843
0.5700498819351196
0.5402953624725342
0.5166254043579102
0.5176308155059814
0.5653660297393799
0.5350919365882874
0.580115556716919
0.5345891714096069
0.5023117661476135
0.5192753076553345
0.5465468764305115
0.5717926025390625
0.6145155429840088
0.5444272756576538
0.5435987710952759
0.5431593656539917
0.5335885882377625
0.5502861142158508
0.5319859981536865
0.5617338418960571
0.5535675287246704
0.5033881664276123
0.5299191474914551
0.5596213340759277
0.5647087097167969
0.5398499965667725
0.5680848956108093
0.5380200743675232
0.5288832783699036
0.5406821966171265
0.5089219212532043
0.5428482294082642
0.5620617270469666
0.5674694776535034
0.5285162329673767
0.5696084499359131
0.5232385396957397
0.5511561632156372
0.5177538394927979
0.5521336197853088
0.5226044654846191
0.49287936091423035
0.5593659281730652
0.5890097618103027
0.5592524409294128
0.5173881649971008
0.5385510921478271
0.5490085482597351
0.553725004196167
0.5494691133499146
0.5241663455963135
0.5678466558456421
0.6117596626281738
0.5372215509414673
0.5430122017860413
0.5364706516265869
0.608549952507019
0.5774915218353271
0.5307519435882568
0.5528037548065186
0.548448920249939
0.5454864501953125
0.5872571468353271
0.5086007714271545
0.5708842873573303
0.5224297046661377
0.5110952854156494
0.5512837767601013
0.5206418633460999
0.5185037851333618
0.5307225584983826
0.5583381652832031
0.5316271781921387
0.5604498386383057
0.5397821068763733
0.553668737411499
0.5329544544219971
0.5602042078971863
0.5254261493682861
0.5488891005516052
0.5028002858161926
0.5105924606323242
0.5490017533302307
0.5156046152114868
0.48777198791503906
0.5220797061920166
0.5727263689041138
0.5885297656059265
0.5132078528404236
0.5272878408432007
0.5273890495300293
0.5490524768829346
0.5080622434616089
0.5085309147834778
0.5345745086669922
0.5274115800857544
0.5209649205207825
0.49905532598495483
0.5531484484672546
0.5820370316505432
0.5037519931793213
0.5798931121826172
0.5534948110580444
0.5369406938552856
0.5208287239074707
0.5668532848358154
0.5610946416854858
0.5843756794929504
0.5313584804534912
0.5378410220146179
0.5572563409805298
0.5653831362724304
0.5315306186676025
0.5434455871582031
0.5527317523956299
0.5555867552757263
0.5360539555549622
0.5624534487724304
0.5119038820266724
0.5271214246749878
0.5481340289115906
0.525806188583374
0.566879391670227
0.5197122097015381
0.5699842572212219
0.5441914796829224
0.5748022794723511
0.5416002869606018
0.547097384929657
0.5667180418968201
0.6061859130859375
0.6029984951019287
0.5191802978515625
0.5635751485824585
0.6069366335868835
0.5532793402671814
0.5336930751800537
0.6777311563491821
0.5586904287338257
0.6040300726890564
0.6057663559913635
0.5991405248641968
0.5849961638450623
0.5827544927597046
0.5496752858161926
0.5620450973510742
0.5373371243476868
0.5667340755462646
0.5449154376983643
0.5286166071891785
0.5778099298477173
0.5407439470291138
0.541828453540802
0.5435763597488403
0.5825306177139282
0.544424831867218
0.5627079010009766
0.5199409127235413
0.5495541095733643
0.5450724363327026
0.5773733258247375
0.5919396877288818
0.5162073969841003
0.5953340530395508
0.572074294090271
0.6173779964447021
0.5492545366287231
0.5550708770751953
0.5160379409790039
0.5424492359161377
0.5713035464286804
0.5282543897628784
0.5675453543663025
0.5190521478652954
0.5715254545211792
0.5053121447563171
0.580782949924469
0.5436314344406128
0.5463417768478394
0.573252260684967
0.5634006261825562
0.5764309167861938
0.5554920434951782
0.5636757016181946
0.5574362874031067
0.5204907059669495
0.5785154104232788
0.5860209465026855
0.5497901439666748
0.537331223487854
0.5852920413017273
0.5125172138214111
0.5083550810813904
0.5354887247085571
0.5987983345985413
0.5369877219200134
0.6170381307601929
0.6031831502914429
0.5033391714096069
0.5563214421272278
0.544158935546875
0.5434811115264893
0.5329398512840271
0.5230470895767212
0.5027136206626892
0.5658867955207825
0.5401719808578491
0.5517163872718811
0.5643279552459717
0.638545572757721
0.5038056373596191
0.4950902462005615
0.4984615445137024
0.5392836332321167
0.5584014654159546
0.5492631196975708
0.5939499735832214
0.5576920509338379
0.5487934350967407
0.6297343969345093
0.5382989645004272
0.5523679256439209
0.5876461863517761
0.55500328540802
0.5254473686218262
0.5299895405769348
0.5440539121627808
0.5476028919219971
0.5417126417160034
0.5808656215667725
0.5875014066696167
0.5493371486663818
0.5479896068572998
0.5369852185249329
0.5557969212532043
0.5423072576522827
0.5389301180839539
0.5572804808616638
0.5399532318115234
0.5331389904022217
0.5462131500244141
0.5908083319664001
0.579971432685852
0.5419808030128479
0.58659827709198
0.5471704602241516
0.5091884732246399
0.5679349899291992
0.5622866153717041
0.5527182221412659
0.5618031024932861
0.5281079411506653
0.5571509003639221
0.583299994468689
0.547465443611145
0.5514203310012817
0.5210524201393127
0.5573680400848389
0.5492072701454163
0.556402325630188
0.5808115005493164
0.5620736479759216
0.5886261463165283
0.5767709016799927
0.5733728408813477
0.5408653020858765
0.5586110949516296
0.512730062007904
0.5381819009780884
0.5524857044219971
0.5730183124542236
0.5892045497894287
0.544495701789856
0.5417513847351074
0.5497549176216125
0.4995688199996948
0.5338159203529358
0.6019268035888672
0.6005692481994629
0.5147376656532288
0.5433949828147888
0.6069730520248413
0.540784478187561
0.5711004137992859
0.5889623761177063
0.5760364532470703
0.5787210464477539
0.5085427761077881
0.5289683938026428
0.563960611820221
0.52474045753479
0.5482701659202576
0.5194962024688721
0.5633319020271301
0.5484863519668579
0.5736372470855713
0.5362365245819092
0.5216244459152222
0.5231533646583557
0.5694988369941711
0.5665326714515686
0.5232678055763245
0.5433214902877808
0.5165429711341858
0.5516289472579956
0.5149972438812256
0.5385423898696899
0.595504879951477
0.5873304009437561
0.5392477512359619
0.535949170589447
0.5105588436126709
0.5407034158706665
0.5510180592536926
0.523339569568634
0.5167950391769409
0.5199552774429321
0.5687933564186096
0.6043283939361572
0.5072580575942993
0.5236351490020752
0.5554013252258301
0.5415789484977722
0.5450615882873535
0.5153273344039917
0.5371673703193665
0.5775355100631714
0.5635989308357239
0.546751081943512
0.5256616473197937
0.5796167850494385
0.5488718748092651
0.550391674041748
0.5482078194618225
0.6224220991134644
0.5212664008140564
0.5582065582275391
0.5717403292655945
0.5156614780426025
0.5139431357383728
0.5603847503662109
0.5186904072761536
0.5414609909057617
0.5426256656646729
0.5531892776489258
0.5519347190856934
0.571178674697876
0.5730977058410645
0.5323644876480103
0.5728163123130798
0.5252977013587952
0.48349714279174805
0.5608916282653809
0.5408110618591309
0.5332241058349609
0.579931378364563
0.5351117253303528
0.5153374075889587
0.5557569265365601
0.5820569396018982
0.567944347858429
0.540795624256134
0.5902381539344788
0.5339990854263306
0.5638850927352905
0.5808045268058777
0.5435220003128052
0.5174880027770996
0.5549086928367615
0.5644127130508423
0.6018103361129761
0.5243139863014221
0.5158742070198059
0.5147062540054321
0.5096555948257446
0.5558859705924988
0.5546523332595825
0.5133550763130188
0.5118389129638672
0.5313532948493958
0.5835366249084473
0.5054668188095093
0.5409684181213379
0.515813946723938
0.5435153841972351
0.5232722759246826
0.5364617705345154
0.5328160524368286
0.5150978565216064
0.6109006404876709
0.5459770560264587
0.5468378067016602
0.5425692796707153
0.5990824699401855
0.6090907454490662
0.5269918441772461
0.5480539202690125
0.5476642847061157
0.5525578260421753
0.5055429935455322
0.5106719136238098
0.5620835423469543
0.5747137069702148
0.5539532899856567
0.5219542980194092
0.5518302917480469
0.582090437412262
0.5285166501998901
0.6257079839706421
0.5108001828193665
0.5550235509872437
0.5615497827529907
0.5669277310371399
0.5462723970413208
0.5277459621429443
0.5214869976043701
0.5350619554519653
0.5481525659561157
0.5341848731040955
0.5514837503433228
0.6398974657058716
0.5861564874649048
0.5559331178665161
0.5626853108406067
0.550298810005188
0.5453146696090698
0.5386799573898315
0.5563647150993347
0.5345073938369751
0.5383210182189941
0.5722604393959045
0.5781429409980774
0.5430245399475098
0.5295268297195435
0.5031059980392456
0.5560691356658936
0.5687547326087952
0.5570622682571411
0.5318447351455688
0.5593281388282776
0.5271495580673218
0.5770595073699951
0.49551209807395935
0.5260320901870728
0.557514488697052
0.5684233903884888
0.5805495977401733
0.5391552448272705
0.5234018564224243
0.5952752828598022
0.5013233423233032
0.5405542850494385
0.5615333318710327
0.5274902582168579
0.5384901762008667
0.5618112087249756
0.5499606132507324
0.5331127643585205
0.5691624283790588
0.5414588451385498
0.5533028841018677
0.549737811088562
0.5970008373260498
0.5663044452667236
0.5301465392112732
0.5342836380004883
0.4981133043766022
0.5555039048194885
0.5532796382904053
0.6078223586082458
0.5258604884147644
0.5398221015930176
0.5505232214927673
0.5252878665924072
0.5266356468200684
0.537703275680542
0.5312601327896118
0.49839627742767334
0.5644543766975403
0.5024490356445312
0.5709717869758606
0.5551438331604004
0.49580222368240356
0.5175144672393799
0.5549536347389221
0.5205816626548767
0.5295668840408325
0.5587441921234131
0.5685093998908997
0.5549440383911133
0.5459198355674744
0.5204759240150452
0.5210349559783936
0.5918984413146973
0.5116447806358337
0.5548059940338135
0.5453779697418213
0.5404621958732605
0.5086473226547241
0.5496951341629028
0.5211751461029053
0.516209065914154
0.5471407175064087
0.5252007246017456
0.5524407625198364
0.5576043725013733
0.5884121656417847
0.5543043613433838
0.5603888630867004
0.5717756152153015
0.5580838322639465
0.5078840851783752
0.5247960686683655
0.5261827707290649
0.5356274247169495
0.5669289827346802
0.5139268040657043
0.5369275808334351
0.5415305495262146
0.5051059126853943
0.5241003632545471
0.5991509556770325
0.5694785118103027
0.5187631845474243
0.5620639324188232
0.5357872247695923
0.5514676570892334
0.5943911671638489
0.5438247919082642
0.5287750363349915
0.5538897514343262
0.5353586673736572
0.566881000995636
0.5478860139846802
0.5334804058074951
0.5836924910545349
0.5543715953826904
0.5263708233833313
0.5921411514282227
0.5715779662132263
0.5164415240287781
0.5299568176269531
0.5401089191436768
0.5623913407325745
0.506736159324646
0.5296280980110168
0.521676242351532
0.5371055603027344
0.594879150390625
0.5119725465774536
0.5513687133789062
0.5482469797134399
0.5846446752548218
0.5224087834358215
0.5197415351867676
0.5880463123321533
0.5293455123901367
0.5340038537979126
0.591266930103302
0.5058014988899231
0.5406743288040161
0.5460187196731567
0.5326947569847107
0.569203794002533
0.564559817314148
0.5282971262931824
0.5267957448959351
0.54004967212677
0.5208349227905273
0.5800504684448242
0.5452327728271484
0.5670047402381897
0.550544798374176
0.5254815220832825
0.5176440477371216
0.5318232178688049
0.5264764428138733
0.5010901689529419
0.502609372138977
0.5450341701507568
0.5039567947387695
0.5044050812721252
0.5376408696174622
0.5221529006958008
0.5634587407112122
0.5694064497947693
0.5477293133735657
0.5288482904434204
0.5449289083480835
0.5334451198577881
0.5733257532119751
0.5393353700637817
0.5130620002746582
0.5084092617034912
0.5391049385070801
0.5174545645713806
0.5677605867385864
0.5594244003295898
0.5163658857345581
0.5642039179801941
0.5029112100601196
0.5137714147567749
0.5683526396751404
0.5163174867630005
0.5668346881866455
0.5491551160812378
0.5256505012512207
0.5126552581787109
0.581924319267273
0.5167139172554016
0.5033560395240784
0.5693501234054565
0.5532652139663696
0.5602895617485046
0.5269942879676819
0.5378305912017822
0.5134963393211365
0.5398340225219727
0.501226007938385
0.544970691204071
0.5620757937431335
0.5078347325325012
0.5418679714202881
0.5696853399276733
0.49501752853393555
0.5415661931037903
0.5217040777206421
0.5187548995018005
0.5469156503677368
0.538922905921936
0.512732982635498
0.5588871240615845
0.5462906360626221
0.5145174860954285
0.5750190615653992
0.5575724840164185
0.5504341125488281
0.5417584180831909
0.5401971936225891
0.5492666363716125
0.5147395133972168
0.5601613521575928
0.5892305374145508
0.5850890874862671
0.5788254141807556
0.5274502038955688
0.5293838977813721
0.5734604001045227
0.5285096168518066
0.5529806613922119
0.6140309572219849
0.5663037896156311
0.5049337148666382
0.5142921209335327
0.5552847385406494
0.5521823167800903
0.5550884008407593
0.5333923697471619
0.5388239026069641
0.5436028242111206
0.5322356820106506
0.5357159376144409
0.5444793701171875
0.6046930551528931
0.601861834526062
0.5436187386512756
0.5605126619338989
0.556664764881134
0.5315183401107788
0.536136269569397
0.5353920459747314
0.5511907935142517
0.5307610034942627
0.511765718460083
0.5467185974121094
0.5142476558685303
0.5403483510017395
0.5643575191497803
0.578363835811615
0.5034466981887817
0.5331261157989502
0.4968034327030182
0.5538953542709351
0.5241590142250061
0.5861477255821228
0.5249449014663696
0.5405292510986328
0.545515239238739
0.5428454875946045
0.5028855204582214
0.5300424695014954
0.5054198503494263
0.5462179183959961
0.5206411480903625
0.5239386558532715
0.5988591313362122
0.5586868524551392
0.513016939163208
0.530288815498352
0.5402337908744812
0.5430601835250854
0.5295313596725464
0.54656583070755
0.5188922882080078
0.5116242170333862
0.5671682357788086
0.5406699180603027
0.506256639957428
0.533456563949585
0.5648137331008911
0.5208052396774292
0.5194087624549866
0.5455970764160156
0.5115716457366943
0.5285017490386963
0.5134415626525879
0.5464962720870972
0.5229745507240295
0.5525991916656494
0.5240619778633118
0.5243175029754639
0.535848081111908
0.5777265429496765
0.5440133810043335
0.511847734451294
0.5402308702468872
0.5421695709228516
0.5600073337554932
0.5378910899162292
0.5234073400497437
0.533904492855072
0.5669063329696655
0.5131964087486267
0.5255610942840576
0.5084425210952759
0.5232177972793579
0.495779424905777
0.5208138227462769
0.5482313632965088
0.5554333925247192
0.5279053449630737
0.5282716751098633
0.5243375301361084
0.5064375400543213
0.5588094592094421
0.5482313632965088
0.5138425230979919
0.5566522479057312
0.5218632221221924
0.4997802972793579
0.5443288087844849
0.5760164260864258
0.5116406083106995
0.5665675401687622
0.4962618052959442
0.5273959636688232
0.5576460361480713
0.5770667791366577
0.5117098093032837
0.59039705991745
0.5743896961212158
0.5485376119613647
0.5647649168968201
0.5670415163040161
0.5156150460243225
0.5112133622169495
0.5215831995010376
0.5663425326347351
0.5509881973266602
0.5071414709091187
0.5278679132461548
0.5450154542922974
0.5128918290138245
0.5278136730194092
0.5603890419006348
0.5028622150421143
0.5334447026252747
0.5481759309768677
0.5371119379997253
0.5411399006843567
0.5295239686965942
0.561470627784729
0.590645432472229
0.5050553679466248
0.5646772384643555
0.5531933307647705
0.48969021439552307
0.5118935108184814
0.5410470962524414
0.5236154794692993
0.5504484176635742
0.5548346042633057
0.5443230271339417
0.575926661491394
0.5543650388717651
0.5109645128250122
0.5693759322166443
0.6088055372238159
0.5390670895576477
0.5313313007354736
0.5340677499771118
0.5345557928085327
0.5520777702331543
0.5827011466026306
0.5784900188446045
0.520130455493927
0.5307009220123291
0.4920385479927063
0.5500544905662537
0.5555745363235474
0.5528395175933838
0.5337873697280884
0.5610320568084717
0.5210099220275879
0.5261020660400391
0.5603647232055664
0.5144078731536865
0.539771318435669
0.5243743658065796
0.524763286113739
0.5169672966003418
0.5266196131706238
0.6279767155647278
0.5247637629508972
0.5114547610282898
0.5357112884521484
0.556254506111145
0.5572174787521362
0.5374574065208435
0.5016419887542725
0.5391799211502075
0.5783791542053223
0.5307530164718628
0.5269123911857605
0.5790311694145203
0.5309374928474426
0.5485105514526367
0.5421449542045593
0.5640743970870972
0.55112624168396
0.5185534954071045
0.551752507686615
0.5234687924385071
0.520747184753418
0.503623902797699
0.5044183135032654
0.5352423191070557
0.5367469787597656
0.5358847379684448
0.5470099449157715
0.5574784278869629
0.5165623426437378
0.5362653136253357
0.5495547652244568
0.5149573683738708
0.5464375615119934
0.5418316721916199
0.5096709728240967
0.5184209942817688
0.5425126552581787
0.5302785038948059
0.568270742893219
0.5783364772796631
0.5785534381866455
0.5567561388015747
0.5146089196205139
0.5111939311027527
0.5703125596046448
0.5430564880371094
0.5916076302528381
0.5007471442222595
0.5603783130645752
0.5243023633956909
0.5327063798904419
0.5347528457641602
0.5906621813774109
0.5022847056388855
0.5707582235336304
0.5511304140090942
0.5511564016342163
0.5436028242111206
0.5384559035301208
0.5586551427841187
0.5511932969093323
0.5138731002807617
0.5471636056900024
0.5649644136428833
0.5222110748291016
0.5340650081634521
0.5547529458999634
0.5625466704368591
0.5473979115486145
0.5718318819999695
0.6063980460166931
0.5412213802337646
0.5378134250640869
0.557324230670929
0.5224693417549133
0.5244108438491821
0.5707120895385742
0.5665998458862305
0.6207754015922546
0.5182397365570068
0.5761994123458862
0.5690303444862366
0.6175209283828735
0.5113041996955872
0.5293960571289062
0.5594767332077026
0.6202433705329895
0.5158856511116028
0.5416578650474548
0.5229535698890686
0.5471677780151367
0.5526857376098633
0.532547652721405
0.5147968530654907
0.5392934083938599
0.5321528911590576
0.5536388158798218
0.5621117949485779
0.6781115531921387
0.5419573187828064
0.5533294677734375
0.5028973817825317
0.49796944856643677
0.5188412070274353
0.5016499757766724
0.523653507232666
0.5710573196411133
0.5460537672042847
0.5586631894111633
0.5065943598747253
0.5383105278015137
0.5528119802474976
0.5397712588310242
0.5561908483505249
0.5232191681861877
0.5161560773849487
0.5334250926971436
0.5356111526489258
0.5457082986831665
0.540806233882904
0.5190098285675049
0.4973127245903015
0.5591868758201599
0.5641365051269531
0.5248368978500366
0.5387548804283142
0.5307182669639587
0.5618865489959717
0.5078389644622803
0.5093963146209717
0.54632967710495
0.5500332117080688
0.5357481241226196
0.5376451015472412
0.5492848753929138
0.5429879426956177
0.5189733505249023
0.4953932762145996
0.5257182121276855
0.5312764048576355
0.5737066864967346
0.5194665193557739
0.5023130178451538
0.506409764289856
0.5335301160812378
0.5736030340194702
0.5164963006973267
0.5238939523696899
0.5460380911827087
0.5845555663108826
0.48424339294433594
0.6377750039100647
0.5927120447158813
0.5108106136322021
0.4957358241081238
0.5210160613059998
0.53839111328125
0.48855558037757874
0.5208783149719238
0.5511364936828613
0.507876455783844
0.5261110067367554
0.5708938837051392
0.5587553977966309
0.5263222455978394
0.5097712278366089
0.5414260625839233
0.5337373614311218
0.5288587212562561
0.5189306735992432
0.553271472454071
0.5410082340240479
0.5257723331451416
0.5693727731704712
0.5125490427017212
0.544356644153595
0.5583815574645996
0.5189642310142517
0.5163171291351318
0.5908800363540649
0.49286529421806335
0.5366862416267395
0.5518192052841187
0.5147687196731567
0.5321931838989258
0.5168002247810364
0.5085524916648865
0.5700281858444214
0.529154896736145
0.5060458183288574
0.5803027749061584
0.5420376658439636
0.5390140414237976
0.5275052785873413
0.5553408265113831
0.5672921538352966
0.6154635548591614
0.49412715435028076
0.48408395051956177
0.5283014178276062
0.5270960330963135
0.5608413219451904
0.5357317924499512
0.5188933610916138
0.5309398770332336
0.5653616786003113
0.5208450555801392
0.556914746761322
0.5394709706306458
0.5472556948661804
0.5489646792411804
0.5102546811103821
0.5299947261810303
0.548896312713623
0.518247663974762
0.5259462594985962
0.5598726272583008
0.5774174928665161
0.5111237168312073
0.5182902216911316
0.5237278342247009
0.5156370997428894
0.5685317516326904
0.5075075030326843
0.5108879804611206
0.5458701848983765
0.5436893701553345
0.5617715716362
0.5830408334732056
0.549623429775238
0.5981708765029907
0.533600389957428
0.5775342583656311
0.5405469536781311
0.5256088972091675
0.5830262899398804
0.565212607383728
0.5397915244102478
0.5498108267784119
0.5473878383636475
0.5191634893417358
0.5643685460090637
0.5204333662986755
0.5474853515625
0.5553945302963257
0.5220885872840881
0.510676920413971
0.5492942929267883
0.520180344581604
0.5145147442817688
0.6188997030258179
0.5162970423698425
0.5090847611427307
0.49460917711257935
0.5239235162734985
0.5217296481132507
0.5872862339019775
0.5938655734062195
0.5279242396354675
0.511522114276886
0.5178930759429932
0.5103175640106201
0.5188395380973816
0.5284737348556519
0.519792377948761
0.5307232141494751
0.5002625584602356
0.5304390788078308
0.5860885381698608
0.588621973991394
0.5244821310043335
0.5703920722007751
0.508940577507019
0.5630732178688049
0.5207340717315674
0.535139799118042
0.5545578598976135
0.5410535931587219
0.550712525844574
0.5037948489189148
0.5665104985237122
0.535743772983551
0.5258431434631348
0.5354575514793396
0.5436450242996216
0.5698069334030151
0.5434635281562805
0.5161930918693542
0.6280511617660522
0.5451738834381104
0.596703290939331
0.535772979259491
0.5824030041694641
0.5123962163925171
0.5345805883407593
0.6032118201255798
0.5906164050102234
0.49137985706329346
0.561172366142273
0.5307504534721375
0.5373241901397705
0.5392646193504333
0.5471383929252625
0.4859335720539093
0.5094025135040283
0.5170638561248779
0.533568799495697
0.5015271902084351
0.4929388165473938
0.5230819582939148
0.5386995077133179
0.5346132516860962
0.5365235805511475
0.511260986328125
0.4986673593521118
0.5209285020828247
0.5333855152130127
0.5039244294166565
0.514646053314209
0.48422014713287354
0.5147168636322021
0.5738871693611145
0.5268852710723877
0.5397985577583313
0.5305543541908264
0.5375226736068726
0.5243727564811707
0.5292460918426514
0.5607146620750427
0.596767008304596
0.4986688494682312
0.5050911903381348
0.5220265984535217
0.5363631248474121
0.5357289910316467
0.5317704677581787
0.59322589635849
0.5314615964889526
0.5328249335289001
0.50392746925354
0.5214802026748657
0.5318707227706909
0.5274995565414429
0.5156950354576111
0.5268399715423584
0.5784672498703003
0.5215362906455994
0.5381191372871399
0.502281665802002
0.5394672155380249
0.5224422812461853
0.4926968812942505
0.5209916234016418
0.5241439342498779
0.5226272940635681
0.5897455811500549
0.5122269988059998
0.5681865811347961
0.5115087032318115
0.5577921271324158
0.5101500749588013
0.5121538043022156
0.5717166066169739
0.5138044953346252
0.5576478838920593
0.5391972064971924
0.5531332492828369
0.5349410772323608
0.5317426919937134
0.538599967956543
0.5736412405967712
0.5369973182678223
0.5382280945777893
0.5321418642997742
0.5457018613815308
0.5151009559631348
0.5151773691177368
0.545261025428772
0.6025869846343994
0.5664136409759521
0.529776930809021
0.5750055909156799
0.511777400970459
0.5227645635604858
0.5452647805213928
0.5455490946769714
0.5292539000511169
0.48271286487579346
0.5299650430679321
0.5212731957435608
0.5764862298965454
0.521095871925354
0.528658926486969
0.5165671706199646
0.5147170424461365
0.5195971727371216
0.5231664180755615
0.5495309829711914
0.5445191264152527
0.5240604281425476
0.4928847551345825
0.52609783411026
0.5045049786567688
0.5428996086120605
0.5021098852157593
0.5117675065994263
0.5418201684951782
0.5143195986747742
0.5480988025665283
0.5384734272956848
0.5400301814079285
0.5076899528503418
0.5290905237197876
0.4964778423309326
0.5828218460083008
0.58378666639328
0.5368567705154419
0.5389065742492676
0.5150483250617981
0.5375406742095947
0.508755087852478
0.514727771282196
0.5472342371940613
0.5431705713272095
0.49818331003189087
0.5476986765861511
0.6027196645736694
0.6565404534339905
0.5873144865036011
0.5055398344993591
0.560503363609314
0.5435796976089478
0.5127710103988647
0.5367649793624878
0.5184168815612793
0.5705499649047852
0.5807114839553833
0.5375775098800659
0.5219879746437073
0.5439446568489075
0.5603290796279907
0.5758185386657715
0.538679301738739
0.5563863515853882
0.5212610363960266
0.519052267074585
0.5293030142784119
0.4988156259059906
0.5529534816741943
0.5363486409187317
0.5121802091598511
0.5199519395828247
0.5079754590988159
0.5552164316177368
0.5150758624076843
0.5229109525680542
0.555877685546875
0.5147885680198669
0.49995875358581543
0.5043471455574036
0.5126632452011108
0.5050988793373108
0.5252692699432373
0.5596292018890381
0.5345785617828369
0.5447831153869629
0.5677525997161865
0.568899929523468
0.49881431460380554
0.5222295522689819
0.5075545907020569
0.4960916042327881
0.5138000249862671
0.5546604990959167
0.5751636028289795
0.5235015153884888
0.5471254587173462
0.5127105712890625
0.5052436590194702
0.5406907796859741
0.515190839767456
0.5153754353523254
0.5038689970970154
0.5218847990036011
0.5178804397583008
0.5507645010948181
0.528359055519104
0.5370421409606934
0.5674708485603333
0.588483989238739
0.5974994897842407
0.5509350299835205
0.5189219117164612
0.5299299359321594
0.51551353931427
0.5053845047950745
0.5393954515457153
0.5286139249801636
0.5596465468406677
0.5459905862808228
0.5201272368431091
0.5313845872879028
0.5285331010818481
0.5051110982894897
0.579841673374176
0.5399454236030579
0.5090442895889282
0.5539630651473999
0.5692563652992249
0.5158640742301941
0.5005042552947998
0.5247147083282471
0.5285083651542664
0.5461059808731079
0.5413049459457397
0.5036232471466064
0.5451161861419678
0.5899938344955444
0.542951226234436
0.5309371948242188
0.5639788508415222
0.5348434448242188
0.5149540305137634
0.5430280566215515
0.5007084608078003
0.5066624283790588
0.5305183529853821
0.4987819790840149
0.5912395715713501
0.542860209941864
0.6095167398452759
0.5215921401977539
0.5337455868721008
0.5133249759674072
0.5538929104804993
0.5338922739028931
0.5134353637695312
0.5415163040161133
0.5433735251426697
0.5073138475418091
0.510360598564148
0.5203865170478821
0.5586866140365601
0.557074785232544
0.5301188230514526
0.5060011744499207
0.5700602531433105
0.5580028295516968
0.5405488014221191
0.5150576233863831
0.5240052938461304
