2.8248453164341476
2.069544528469895
1.9557836368830517
1.8989801009496052
1.8027877446376916
1.7950536060814906
1.7354636565603392
1.6805885078931095
1.611575171200916
1.595767343887175
1.4989436876894249
1.500572474315913
1.463575662988605
1.45128164508126
1.374557897298023
1.3982062002625129
1.2987195867480654
1.3402266327780907
1.2992940003221685
1.2788329244864107
1.245336576543673
1.2427180909147166
1.2373974714616331
1.1632178991731972
1.193651420299453
1.1583730108810193
1.1434354649649725
1.1163241875292076
1.0875297122531467
1.1067384987166433
1.07308001289464
1.0396626128090753
1.0425993324530245
1.0179583508558947
1.0030929693067916
0.9771878514627014
0.9542403335523124
0.9536800101549938
0.9571745612404563
0.9440676353194497
0.8964996241559886
0.8905064903124414
0.8889730759341308
0.8553225921862053
0.8775759634345469
0.8440619923851707
0.8485821226630548
0.8410610472313081
0.8247760624596567
0.823535047998332
0.797735492689441
0.7957127268868264
0.7855114118017331
0.7807353235254384
0.7728709780206584
0.772318040180688
0.7553298358965401
0.7469250857830048
0.7506607963581278
0.7383629327470606
0.7171860460681144
0.6924511218311811
0.679861086486566
0.6726508462669873
0.6691431914917146
0.6593373764042902
0.6721873274355223
0.6647922899385895
0.65328691734208
0.6310613715287411
0.6355230736010002
0.6543040955909575
0.6157873408360914
0.6063730990645861
0.6062546926315384
0.6065676314662202
0.6089420968836005
0.5922651941126044
0.5894544386502468
0.5787375015441818
0.6046940955248746
0.5529280289857075
0.5464875687553425
0.5556122928556769
0.5401913373157231
0.5486611434907624
0.5298072441358759
0.5359860679717979
0.538126816653242
0.5306871422011443
0.5133695743902765
0.5260844191517493
0.5186507548346664
0.4983519577618801
0.48147032959292635
0.5029859792704534
0.5186773255617931
0.49176475164866207
0.48439354095796144
0.4622185763084527
0.47414464029398834
0.45083345457760976
0.46207207049986326
0.470198886262046
0.46124286874376164
0.4649329978709269
0.446551794957633
0.4527220671827143
0.4642678833369053
0.43428629802332985
0.4288359449969398
0.43715929894736316
0.4437783459822337
0.4320722539918591
0.42865913233371694
0.44458947067308907
0.4332732905944188
0.41191809616907676
0.4263387445849602
0.42643364300631514
0.42058312245691665
0.4016088942686717
0.4173104612514226
0.3935297905194639
0.4039290908611182
0.39420861216506575
0.40545538760194877
0.40157946748564943
0.39332094683189583
0.3824313045150102
0.369843906224376
0.3765345665842596
0.3769626668607346
0.38142027171573256
0.3762059315587535
0.38566369013954893
0.3607505868480663
0.362551321962265
0.37618915104504785
0.36169590432234483
0.36707554125424585
0.37006391795596694
0.34449025235994896
0.3709714099614307
0.3489513567300758
0.35915146346646126
0.35005982837291677
0.35148107267991463
0.34440252892296724
0.345992454675713
0.3472941057248549
0.3530511628798764
0.3491973056636675
0.33393456282639744
0.33155805053132953
0.33762232146479865
0.34504081685133653
0.31988707681496936
0.3193193166845977
0.34186223931986875
0.3198812251741236
0.319385545723366
0.3248382191164325
0.3233251848606148
0.3257363208315589
0.31590220979367845
0.30551223261187777
0.3084536438638514
0.3038312783747008
0.30178345950564955
0.31887006910160337
0.31339056022239453
0.3212628474440237
0.3074710340511919
0.305216581833483
0.3047206373226763
0.3173678327690471
0.2888099640005767
0.3022635728120804
0.3111121508509222
0.2870741165196053
0.29403609097606004
0.30261062853264087
0.2915207149103434
0.28157873105521153
0.2887597091571249
0.2730972666029978
0.2811503586443988
0.30384564279305815
0.28983469247215926
0.2872812576366193
0.2777549800547687
0.28204250659304436
0.29193762441476184
0.27354373850605707
0.276809776070142
0.292270764708519
0.2763473889743439
0.2653385473020149
0.2791519042367887
0.2754931988740208
0.2807727656280152
0.26949021129897144
0.2926218792645618
0.2633509492934352
0.2646340937024415
0.26370292322503197
0.2726575434207916
0.25723832130733165
0.2648071390811843
0.2540563925950214
0.2613874006301466
0.26259468879663583
0.2605056974923972
0.24320957832264178
0.2637609722036304
0.24977196805705928
0.2634683144514007
0.26126389416179274
0.26658568388283854
0.2596476243601905
0.24662719094994093
0.25539860821733573
0.24702339468881337
0.25323050980917133
0.2558816520102096
0.2460387572646141
0.25155886495956264
0.24176636157613812
0.252474095860515
0.24321520825227103
0.24647479865587119
0.22585379354881518
0.2356009166499581
0.24786885865408964
0.25018519689940444
0.23604927949532115
0.24726524166386538
0.2416990962293413
0.24285412707714119
0.22706846343447465
0.23775160508324403
0.23893187202588476
0.2305932260221905
0.24395259221394858
0.24620398404923352
0.23860995426322473
0.22710834872542005
0.22758473132294837
0.22152839405368072
