0.28606060719249227
0.35739618419396757
0.3890011220267325
0.41001122467445605
0.43977553495252975
0.442154884940446
0.4540516297624569
0.4721436626983411
0.49265993604756364
0.49993266120101465
0.5295622959883526
0.523367006670345
0.5410101013352172
0.5410549983833776
0.5699214372369978
0.5586532014186936
0.5905723917965937
0.576610553445238
0.5909315383795536
0.5984736274589192
0.6057912448439935
0.6039506172893023
0.6081705939288091
0.6290909088019169
0.62253647380405
0.6351515166085175
0.6389225585894152
0.6453872043074984
0.6564758681889736
0.6480808062384827
0.658047138139455
0.6697194145785438
0.6666217744350433
0.6714702573689547
0.6788327699959881
0.6861952856333569
0.6934680119909421
0.6944556651693402
0.696565654542711
0.7014590345247828
0.7114253676298893
0.7129517384249755
0.714478111026263
0.7287542097496263
0.713086420839483
0.7290684574782246
0.7260606054103735
0.7274971959566829
0.7353086447474932
0.7312682361313791
0.7441975335882167
0.743793491763298
0.7499438879465816
0.7454545473811602
0.7514253650048767
0.749854098666798
0.758698091964529
0.7610325500218555
0.7581593719395724
0.7603591445720557
0.7713131314576275
0.7767901239973126
0.7780920321291144
0.7824466920862294
0.7844219972388913
0.7890909103432087
0.7859034803178575
0.7876094260601082
0.7937149267003993
0.7958249166758373
0.7951066223057833
0.7913804734596098
0.8020650937099649
0.8027833880800189
0.8070482617676861
0.8034118937723564
0.8032772185826542
0.8080808086828752
0.8101459043194549
0.8114029175103313
0.8041301905506789
0.82397306507284
0.8245117869039978
0.821459032670416
0.8260830544462108
0.827429853304468
0.8273849589656098
0.8283277232237537
0.8294051626715997
0.827429853304468
0.8348821522009493
0.8319191884512853
0.8316498308470754
0.8407182892163595
0.8467340084037396
0.8389674503393848
0.8326823765581305
0.8418406284216678
0.8477216615821376
0.8511784498137657
0.8484399517377218
0.8577328842095654
0.8489786753750811
0.8536475866731971
0.8557126811056426
0.847811449657787
0.8613692491945594
0.8561616106466814
0.8538271574058918
0.861728391864083
0.8664421950927889
0.8632098761471835
0.8604713798773409
0.8619977542848298
0.8641526349867233
0.8593490442844353
0.8624017961097487
0.8702132388798878
0.8668911306544987
0.8649158236956356
0.8676543211696124
0.8748821543924736
0.8684624006049801
0.8764534201284852
0.8713355750748606
0.876857461953404
0.8715600419526148
0.8721885470428852
0.8788776626490583
0.881032549371623
0.8847586970136623
0.8836812551575478
0.8810774413022128
0.8823344562992905
0.8829629625936951
0.8778002244053464
0.8881257007820438
0.8848484832831104
0.8827833864423964
0.8898765402610855
0.8861503920169792
0.8860157096024716
0.8913580239421189
0.8839955089068172
0.8920314233712475
0.8898316477284287
0.8920314245753818
0.8905050483616915
0.8937373727259009
0.895533106543801
0.8935578031973406
0.8908641946436179
0.891223345140014
0.8968350128694014
0.8956228970277189
0.8963411895915715
0.8935129040419453
0.902671157109617
0.8999775527703642
0.8942760933529247
0.9037485971595302
0.9013692465695468
0.9001122309704019
0.8997979784252668
0.8993490482821609
0.9059034784634908
0.9072951764771433
0.9054994408530418
0.9076543227590695
0.9100785682899784
0.9029405195303638
0.9041526383823819
0.9037485983636644
0.9054994390468405
0.9076992158937935
0.9064870976438426
0.9010549946264788
0.9144781147590791
0.9080134708471973
0.9049607166136154
0.9138047159320176
0.9108866465212119
0.908237934714616
0.9122334459815362
0.9162738509852477
0.9115600483586089
0.9166329990733754
0.9160942754360161
0.9096296345344698
0.914478114157012
0.9131313140946206
0.9181144803461402
0.9140291810035706
0.91344556784389
0.9194163896820762
0.9155106622763355
0.9118742966892743
0.9169921381304963
0.9239506179636175
0.9163187441199717
0.9173512934434294
0.916677890401898
0.9196857496945545
0.9126823815432462
0.9221997772804414
0.9210325479507446
0.9218406291923138
0.9182491603523794
0.9226936077830767
0.9198204278945923
0.9250729535565232
0.9215263790554471
0.9209876554180877
0.9257463584042559
0.9292031460338168
0.9219753104026871
0.9277665572937088
0.9224242453623299
0.9228731779137043
0.9215712685777684
0.9243097660517452
0.9280808086347099
0.9248035917378435
0.9273176205278647
0.9274971954750292
0.9254769983917775
0.9303254768101856
0.9276767686159924
0.9287542128803754
0.9248484878829031
0.9309988810558512
0.9292480379644067
0.9339169504666569
0.932076319299563
0.927991023569396
0.9269584748480055
0.9331088680209536
0.9296071854504672
0.9302356923469389
0.9295174021913548
0.9360269356255579
0.9311784554009486
0.9305499454941413
0.933782271664552
0.929741869069109
0.9282603853880756
0.9308642034578805
0.9353535398088321
0.9346352466429123
0.9390347973264829
