0.2567901247077518
0.3294725028252361
0.369831650395586
0.38922558875397
0.4250505069891612
0.4425589249591635
0.448529743184947
0.4680134693179468
0.4832323235694808
0.4909988831390034
0.5127272759423112
0.521750843284106
0.5291582508520647
0.5368350211418036
0.5512457935497014
0.5525028061385107
0.5703254817712187
0.5747250270361852
0.5807856363479538
0.578361393526347
0.5824017982290248
0.5928619516016257
0.6100112211824668
0.6026936028942917
0.611268236480578
0.6272951716726477
0.6265319844689032
0.640808077472629
0.6422446677179048
0.641391695147813
0.6459259225262536
0.6584960727980642
0.6595735110417761
0.6515375947711444
0.6599326597319709
0.6600673361258074
0.6837710382962467
0.6822446659959928
0.6853423112570637
0.6874971919589572
0.6976879877273483
0.6927497212332908
0.6899214356836646
0.70819303905121
0.7050505057729856
0.7105723902432606
0.7163187421933569
0.7155555564947803
0.7220650965517218
0.7190572366569982
0.7224242446398494
0.7283501685267747
0.7300112229405027
0.7461728387408786
0.7375533093105663
0.7517396211624146
0.7551515144531173
0.7552861986738263
0.7477890024281512
0.7591919218650972
0.7545230081587126
0.7520538712992813
0.7592368131936199
0.7686644238655014
0.7688888919473899
0.7595959588734791
0.7648484857395442
0.7665095401532722
0.7816386090384589
0.7789899002421986
0.7804713779025607
0.7764309807257219
0.7824466878717596
0.7903030291952268
0.790931538499967
0.7977104373652526
0.7933557810205402
0.8031874317111392
0.803860832946469
0.8018855229772702
0.8030527486945643
0.8027384961494292
0.8078114450579942
0.8073625113024856
0.8118518536741083
0.8170145888521214
0.8207856326392202
0.8140067331718676
0.8129292937240216
0.8167003345007848
0.8250953970533429
0.8261728383073903
0.8237037056624287
0.8317396159123893
0.8279236838071033
0.8251851857310594
0.8210101001190416
0.8269809195489595
0.8280134646579472
0.831649828438807
0.8308417484013721
0.834433219649575
0.842109987832079
0.8384287333247638
0.8458361366782525
0.8439506183971058
0.841301907192577
0.8513131292179378
0.8520314205776561
0.847093150471196
0.842154880966803
0.8536026905281375
0.8527946092865684
0.8492929231036793
0.8634792343534604
0.8567901217576229
0.853512906666958
0.8648709257443746
0.8512233429484897
0.8631200868673999
0.8649607174324266
0.8560269324466435
0.8625364737077192
0.8632547662715719
0.8637485943659388
0.8669809193322153
0.8679685725106133
0.8649158206852999
0.8629405137264368
0.8719640813692652
0.8656790099962793
0.8762738499978576
0.867250281752962
0.8785634101039231
0.8738496044669488
0.8739393901343298
0.8800448901725538
0.8699887768186704
0.8871829407383697
0.8748821525862722
0.8799999976398969
0.8790572363920887
0.8829629589812924
0.8791021349454167
0.8850729513649989
0.8872278332710266
0.8861952851517032
0.8873625126751986
0.8807182896016824
0.8808978663550483
0.8835016838227859
0.8879012351084237
0.8858810295962324
0.8871380457974444
0.8786531975775054
0.8826936019791497
0.878877665659394
0.8849382695525584
0.8975533096477238
0.8932884401745267
0.8841750832519146
0.8953984289458303
0.8979124595420529
0.900426487730007
0.8932884395724595
0.8983164947442334
0.8991245789961382
0.8969696964880433
0.9036588090838809
0.8954433232846887
0.9067564534418511
0.9016835033291518
0.8958922564381301
0.8953086396660468
0.8993939366003479
0.9023569015541462
0.8958922564381301
0.9051851852975711
0.9018630746639136
0.909270485844275
0.9051851865017053
0.9027160496422739
0.9074298534730468
0.900965210163232
0.9094051634422456
0.910617288917002
0.9139842866647123
0.9147025852492361
0.9103030315553299
0.9095847389914773
0.9100336745531872
0.9046913602135398
0.9120538734426402
0.904781147687122
0.9079685728959362
0.9170819322268168
0.9107519647087714
0.9151964091291331
0.9210325509610803
0.9114702578746912
0.9116498322197886
0.916228959656725
0.9169023596879208
0.916318745324106
0.9123681277939768
0.9195959622209723
0.9182042678197225
0.9145679022326614
0.9195510672800469
0.9195061735432557
0.9201795729723844
0.9226487134442185
0.9209876572242891
0.9216161629166266
0.9193714929349495
0.9201795747785857
0.9230527474422647
0.9280808152574481
0.9231874340712422
0.9171717203024662
0.9207631921527362
0.920493827925788
0.9241750896579087
0.921391694834738
0.9238608298879681
0.9288439967415549
0.9239506209739531
0.9208978679445055
0.9264646515701757
0.9297867603976318
0.9256116723773455
0.9290235734949208
0.9276318778895368
0.9269584742459384
0.9253872079078598
0.9280808116450454
0.9328844017452664
0.934051634687366
0.9269135811112144
0.9288888904783461
0.9277216665672533
0.9305499454941413
0.9330639784986322
0.9328844029494007
0.9336475892500444
0.9332435498333941
0.9357126860907583
0.9295622917136761
0.9342312048179935
0.9342760985547846
