3.193444454308712
2.200096961223718
2.0856240626537437
2.01333831416236
1.8900843810553503
1.832607337922761
1.8042704095744124
1.7410079373253717
1.6962132237174294
1.668756729424602
1.6010493148456921
1.5728714646715107
1.5479689920791473
1.509104690166435
1.4681492032426777
1.4676347778301047
1.4121204217274983
1.3854233026504517
1.380913126348245
1.377825166239883
1.3825020477025196
1.3423491102276426
1.2818604484953062
1.3176746470759613
1.2682951520187686
1.2252088718944125
1.242171960045593
1.1937069609911755
1.1748939909116187
1.182959962372828
1.1718738362042591
1.1400166466982677
1.1276289754443698
1.1491512415385006
1.1157907163253937
1.1216858300295742
1.0621003063038141
1.0569508051631427
1.0489367499495998
1.033387253380785
1.0138888937054258
1.0167046490341727
1.018473754025469
0.9837858857530536
0.9778277229781103
0.9682817874532758
0.9376600161947385
0.9547238578700056
0.9294989927850589
0.9415419143859787
0.9257974281455531
0.9018858839767148
0.9068113288494072
0.8626389003763295
0.8767204916838444
0.8438355940760989
0.8339008255438372
0.8314489234577526
0.8580588186630095
0.8148855801784631
0.8224218415491509
0.8307400249471568
0.8169064581996263
0.7963589941612398
0.7909806388797183
0.819498669017445
0.800031820330957
0.7986816312327529
0.7549859447912737
0.7582530692370251
0.758656119457399
0.7595594410944466
0.7388367797389175
0.7193276821964919
0.7232126379855955
0.7087073160542382
0.7165817365501866
0.6869786032522568
0.6928796334700151
0.6936006010180772
0.6774781472755201
0.6884538892543677
0.6820020175943471
0.6721106454579517
0.659597283360934
0.6504780144402476
0.6446781164467937
0.6615017929462471
0.6597073406282098
0.652107012091261
0.6272639042199261
0.6165167626106378
0.6311133398552133
0.6014314113241254
0.6189402715124265
0.6268830793072478
0.6377195974793097
0.6278881430625916
0.6214558409922051
0.6073594141488123
0.6109901356576669
0.5961243802248829
0.5742177978308514
0.582881006628576
0.5755308095854942
0.5741395598108118
0.577056644239811
0.552529800118822
0.5539660667530214
0.5657083771445535
0.5748027532991736
0.54911828492627
0.5570141769418813
0.5562317410502771
0.5186331931388739
0.5382687858860902
0.5413482800276592
0.5195515197936935
0.5521765465688224
0.5180304128714283
0.5145873800672666
0.539643439680639
0.5301822104839363
0.5204512663561889
0.5212671850064788
0.5121431097839818
0.5088556288468717
0.5082335249342099
0.5159119773994792
0.49680210123158464
0.5143629122864116
0.48350421768246277
0.5074994362363912
0.48085371291998663
0.4951518608464135
0.4947816657297539
0.46678788944928334
0.5020866038823368
0.45362379123466184
0.4822367610353412
0.4764093278032361
0.4807296705366385
0.46687008305029437
0.478047692414486
0.4567437930540605
0.45689665879866087
0.46205502567869244
0.4571126542910181
0.4688332357791939
0.47439585400350165
0.45683872187980495
0.4554242022109754
0.4590875127098777
0.4589595075207527
0.48354539636409644
0.4679111528276193
0.47862934464156026
0.4602273115606019
0.4347805082798004
0.44294003404752175
0.46386062195806793
0.43761612851210313
0.4289366055016566
0.42544643776585356
0.44057897937418233
0.42924184419892053
0.4228865754122686
0.4300376321330215
0.4118737503133639
0.43415675982080326
0.4028603570027785
0.41777079033129144
0.43138470162044873
0.43405665171266805
0.4259929930922961
0.4226395770756885
0.4336621586722557
0.4081152734732387
0.4191383882002397
0.3949884995065554
0.40692075033380526
0.415396227981105
0.4036914057502843
0.42038216584860677
0.3951479723357191
0.394960452510853
0.39041425242568506
0.38162325879540104
0.4000756057223888
0.39527261738825326
0.3985431161191728
0.4060715467038781
0.3875843393381196
0.4053359320669463
0.40161484389594104
0.3798314627974924
0.39158157929025517
0.38278719316227267
0.3702749793577676
0.3944014584777331
0.38844854286824815
0.38390226526693866
0.3798593342906297
0.3803602366736441
0.38838540424000134
0.36750738969956986
0.37368348632195986
0.3869155871145653
0.373647786150075
0.369625913223835
0.3745135676981223
0.36939024172648033
0.36951133699128125
0.3670229577656948
0.3710588907653635
0.3685258643494712
0.35989486644364366
0.351832326915529
0.3616700801584456
0.37409306731488967
0.3677237541085542
0.36432497880675574
0.3618890107280076
0.3688177082574729
0.36230268171339325
0.34509383969836765
0.3593429245732047
0.3712667946261589
0.3555532049651098
0.3435987565252516
0.3513808154096507
0.34298011961609426
0.351558135464938
0.35456088110051975
0.3492682848614876
0.34900396234459347
0.33578803789133976
0.33712791854685004
0.3496924605634477
0.3442309179691353
0.35349418147645817
0.3434463328484333
0.33902192431868927
0.33471047998678805
0.3367377831177278
0.33063885524417413
0.32910157228359066
0.34435873561435276
0.33341931213032117
0.33212396984148507
