0.22343434408457594
0.27717171744866803
0.29683501672263096
0.32637485982191683
0.3604938284014211
0.3615263756176438
0.38482603822091616
0.4100112225672211
0.4100112225672211
0.44323232318415784
0.4509988773350764
0.4671156006027954
0.4610101041769741
0.4820202044164292
0.4997979820978762
0.49670033984714085
0.5085970843681181
0.5113804749768189
0.5139842897352546
0.5300561198682496
0.5342760980129242
0.5507968594931593
0.5429854116054497
0.5612570176822971
0.5486419769850645
0.5703703727987077
0.5848260362340947
0.5920089811387689
0.5906172873395862
0.5905723890872917
0.6043546570069862
0.6012121213204933
0.6174635224872165
0.61059483795455
0.6191245817174815
0.6133333306119899
0.6378900092659574
0.6378451140239986
0.6320987659873385
0.6356004458485227
0.6449382711540569
0.6498316511361286
0.6564309762583839
0.655263749035922
0.6594388298314027
0.6712457886849991
0.6745679011248579
0.6799999981215505
0.6759595925157721
0.6874971925610244
0.6909539813947196
0.6898765389365379
0.6932884400541132
0.7145679015101809
0.7003815938728024
0.7107070684432983
0.7147025797102187
0.7269135815928681
0.725476992250693
0.7272278329338691
0.7285297446780734
0.7450056130235846
0.7484624024593469
0.7437037066979841
0.7455892261832652
0.7401571279824383
0.747340071080911
0.7579349068680195
0.7574410799777869
0.7551066219204604
0.7610325482156541
0.7591919200588958
0.771402920737411
0.7718518508805169
0.7687991050758747
0.7757126827432652
0.7724354682546674
0.7726150401914963
0.7862626259977167
0.7874747472580033
0.7877890016093398
0.7952861900281425
0.7974410785569085
0.7934904598226451
0.7973512886750578
0.7977553298979094
0.7923232335032839
0.8123007868275498
0.8076767674600235
0.8051627404762037
0.8130639719240593
0.8123456769519382
0.8121661032089079
0.8163860843639181
0.8114478136553909
0.8118069551207803
0.8202918069531219
0.8223120070467091
0.8189001131539393
0.8296745208778766
0.8340291772225891
0.8285072957626497
0.8257687958804044
0.824377103285356
0.8405836068018518
0.8369023553048721
0.8385185195942118
0.8415712678071224
0.8408978665717924
0.8300336683639372
0.844219977807517
0.8465993241830305
0.8460157110233499
0.8543209848981915
0.8587654293185533
0.8500112216882031
0.8480808072619967
0.8529741854378672
0.8537822672815034
0.8604264909570868
0.8567452274187647
0.8510437686033924
0.8597081905663616
0.8636588099026921
0.8594837248927415
0.8595286174253984
0.8701234550187082
0.8633894498902138
0.8743434331633828
0.8701234550187082
0.8763636326549029
0.8578226698769463
0.8631200892756684
0.8710662162665165
0.8743434331633828
0.8715600437588162
0.8759595938403197
0.8775757569255251
0.8814365899924076
0.8748372588494812
0.8871829401363026
0.8867788959031153
0.8858361424821796
0.876812569420747
0.8813468001105569
0.8817957338660655
0.8826487076402915
0.8886644238173359
0.892345677120517
0.8876767640161995
0.8961616152464741
0.8881705927126335
0.9017732889965328
0.8813467983043555
0.8784287313018182
0.8930639751029738
0.8934231195786987
0.8954882176235469
0.8913580227379847
0.8919865314406578
0.8982716076301805
0.8989450088655105
0.8993939402127507
0.8950392820618369
0.9005162776118577
0.9009203158243738
0.8990796858614142
0.9015039277799202
0.9088215508846321
0.9019977540680857
0.9016835039312189
0.9072502785258822
0.9018630740618465
0.904197532119173
0.9032996640060887
0.9090909108971105
0.9037934927025226
0.903613917153291
0.9092255896992154
0.9090909108971105
0.9049607184198167
0.9105723945781438
0.9117845146342961
0.9133108896438522
0.9153759828721634
0.9105274990351513
0.9161391721831428
0.912906846012732
0.91658810413245
0.9158698091603289
0.9169472528226448
0.9186083078384399
0.9161840659199338
0.9154657715498798
0.9161391721831428
0.9196857502966216
0.9154657667333429
0.9212570196450359
0.9157800222888137
0.9184736266280665
0.9240404018247971
0.917620655262109
0.9237261504837961
0.9220202047415454
0.9159147059074556
0.9287991036068309
0.9230527534629359
0.9255218897203003
0.9187429872426119
0.9239057260330277
0.9251178472933143
0.9301459060774909
0.9298316511240873
0.9244444490683199
0.925970819261339
0.9257014622591963
0.9245791224518207
0.9259708228737417
0.9252525254933521
0.9299663335385949
0.9314029204725015
0.929741863650505
0.9278563459714254
0.9320314279710403
0.9315376004787407
0.9261503948105706
0.9296969705157809
0.9316722810870469
0.9301010111365655
0.928439959131106
0.9329292948799904
0.9342760979527175
0.9336026961153204
0.9338271635951418
0.9357126872948925
0.9363411917830958
0.9402918087111579
0.9318518548300772
0.9352637529373169
0.9392143686612447
0.9345005654325389
0.9147474747715574
0.9249831678891423
0.9349046108698604
0.9371941685676575
0.9384511835647352
0.9345903535081883
0.9349494961777118
0.9393490486674838
0.9420875443352593
