4.455778774588999
2.4971143019319784
2.4198445792150016
2.350911427025843
2.2613640277072635
2.252475927574466
2.175339998620929
2.1263596168672194
2.122243978760459
2.034257761155716
2.015891760286659
1.9787819517983332
1.9828444719314575
1.92537918114903
1.8850209231328483
1.890266650854939
1.8598156926607845
1.8528441780745382
1.8302734355733852
1.8163698116938274
1.7912610070873993
1.7456285652488168
1.7588423153366706
1.7289255387855298
1.7617384303699841
1.7075554108378863
1.6854128548593232
1.643711805343628
1.6513775346255062
1.644943846596612
1.6242799397670862
1.6236584270843353
1.5728487378419047
1.5973999957845668
1.569829448304995
1.5871422603876904
1.5319252604185933
1.529377499012032
1.546090305453599
1.5324360084052038
1.5057744462080676
1.4870343220354332
1.4828342476276437
1.4685556069769041
1.4729179131864296
1.4486854919279464
1.440998543392528
1.416440725326538
1.4316948808804908
1.3947035158523406
1.3913502054985123
1.4013171123735833
1.3860501231569233
1.3439554421588629
1.3822550629124497
1.3554799532649493
1.3365841501891012
1.3035836111415515
1.315032260586517
1.303997693639813
1.3073445823457506
1.2679233081413037
1.2653758200732144
1.2759015090537793
1.26330857927149
1.2790303687856655
1.2510316034760138
1.2342205854377362
1.232855686033615
1.2409075956151943
1.2252987135540356
1.2319330253986398
1.204866394852147
1.1930097076627943
1.2133486427441993
1.191198923371055
1.2046324460193365
1.189234363912332
1.1702499184945616
1.1663253397652598
1.15959973648341
1.1484829307806612
1.1412559254000885
1.1527417759702663
1.144683671118033
1.145141677422957
1.1434313703064967
1.1052160347350921
1.1200292802820302
1.1202955468736513
1.1188172198305226
1.1068097407167607
1.1132029276905637
1.096007637303285
1.1011550896095508
1.1110780762903618
1.0897070283841606
1.0875624213555846
1.0936091156921002
1.079038128106281
1.0601669814851549
1.075498033653606
1.0829614581483784
1.0878466265370148
1.0404731516886239
1.0584382529210563
1.0431584974732062
1.039467337155583
1.0444678236739804
1.060331449364171
1.032557720487768
1.0374665555327829
1.0269464212234574
1.0133381275215534
1.0004864310977435
1.023030739239972
1.0254000882909755
1.0137444602118597
1.014960685161629
1.00652332016916
1.0081318357978204
1.0197392942929508
0.9936949412027994
0.9908038413885868
1.002599865499169
1.003328677981791
0.979033811525865
0.9897640720762387
0.9754766773695898
0.9762381784843676
0.9666675395435758
1.0152758859624766
0.9987605454945805
0.9770773637174356
0.9694372240943138
0.9751119541399407
0.9634236940229782
0.9598341373482135
0.9568851307185009
0.9628914149120601
0.9425014383865126
0.9387924327994838
0.9461519549591373
0.9612463056439101
0.9438636369175382
0.9489366038881167
0.9482339741003634
0.9325145627513076
0.9280780565859091
0.9354069533974233
0.919966788002939
0.9354238004395456
0.9043909973568387
0.9602527744842299
0.949144286338729
0.9272830739165797
0.9264624016453521
0.9094865719477335
0.9211723256592799
0.9218755388500715
0.9117006617363053
0.9144088403143064
0.9122992007419316
0.920757031199908
0.904359211223294
0.9028463152923969
0.9067469588433853
0.9007149176164106
0.8850721307475158
0.9000080119479786
0.8996966655808266
0.89276604941397
0.8997438634284819
0.8954386018743419
0.8966511289278666
0.8805652254759663
0.8918383753660953
0.9001202559230304
0.8849151790744126
0.8787504609185036
0.895714196893904
0.8721581781753386
0.8806262624384177
0.8787119659510526
0.873106447133151
0.8756560707333112
0.8702376009237887
0.8691397640440199
0.8692442208829553
0.8689996443613611
0.8644761696006312
0.8623124348996866
0.8684121556956359
0.8711661154573614
0.8656663816384594
0.8611500750888478
0.8696158817320159
0.855318672729261
0.8665862938370368
0.8509023544764278
0.8498091529114078
0.8598112433847754
0.8481550108302723
0.8538516374549481
0.8651688580561165
0.8401673743219087
0.8441038366520044
0.8523310290442573
0.8657373238091517
0.8557900804461855
0.8500912309897066
0.8288597675284954
0.8349234413618993
0.8482923038078077
0.8435489932696024
0.8417035937309265
0.8443210239362235
0.8358732720818183
0.8461375206407874
0.8323961538497848
0.8227640185693298
0.8303233969091165
0.8319964944714248
0.8281980993771794
0.8311423370332429
0.8389718315818093
0.8327743832511131
0.830898930930128
0.8263552104583894
0.8320764477806862
0.8194446912919632
0.8224357486975313
0.8227660457293192
0.8229539261923896
0.8154369387963806
0.8200002812375926
0.8117523891757233
0.8231684697998894
0.8197358623899594
0.810679984815193
0.8147301914716008
0.8811551314411741
0.8463563919067383
0.8196051199026783
0.8202398196615354
0.8096257056852784
0.8096568175036498
0.8182911656119607
0.8103460308277246
0.8024540260584667
