2.432392120361328
1.793557047843933
1.874701976776123
1.554081678390503
1.5090324878692627
1.2420064210891724
1.0326743125915527
1.0811104774475098
1.1735584735870361
1.0040690898895264
0.7999299764633179
0.7066382169723511
0.6459873914718628
0.8042903542518616
0.589053750038147
0.6314898133277893
0.7489194869995117
0.6748934984207153
0.6508357524871826
0.7022303342819214
0.6487310528755188
0.6116001009941101
0.6145193576812744
0.3580631613731384
0.6759926080703735
0.4763296842575073
0.5814606547355652
0.5287556648254395
0.4148547947406769
0.4429664611816406
0.47345802187919617
0.5149218440055847
0.46905893087387085
0.4827433228492737
0.40692633390426636
0.4868273138999939
0.396703839302063
0.3439550995826721
0.3526427745819092
0.4929148554801941
0.5443217754364014
0.3914770483970642
0.27089282870292664
0.33649808168411255
0.5633357167243958
0.4020669758319855
0.48849600553512573
0.3763952851295471
0.37573620676994324
0.3268841803073883
0.37557852268218994
0.31102877855300903
0.31125277280807495
0.41147029399871826
0.3216383457183838
0.3002651333808899
0.3517815172672272
0.3594331741333008
0.4112555682659149
0.24302881956100464
0.25336748361587524
0.5079619288444519
0.34781748056411743
0.34574344754219055
0.3988032639026642
0.30765092372894287
0.315463662147522
0.4313763976097107
0.29103994369506836
0.3165660798549652
0.2933727502822876
0.3207661509513855
0.3729851245880127
0.3356192708015442
0.3403736650943756
0.3587206304073334
0.31531912088394165
0.33430561423301697
0.2907956540584564
0.42409756779670715
0.2673318386077881
0.2783924341201782
0.29997479915618896
0.3048788011074066
0.3658069670200348
0.23695108294487
0.38392871618270874
0.25399884581565857
0.29039716720581055
0.31861618161201477
0.2991132438182831
0.4695528745651245
0.2869320213794708
0.41533219814300537
0.30898216366767883
0.33036187291145325
0.3400944769382477
0.3295307159423828
0.3028063178062439
0.3362346887588501
0.3603118062019348
0.3498280942440033
0.355148047208786
0.24133896827697754
0.2697809636592865
0.41245153546333313
0.2541044056415558
0.22020979225635529
0.18100956082344055
0.23619644343852997
0.32460451126098633
0.23091959953308105
0.28485870361328125
0.2270461916923523
0.21783578395843506
0.2923879027366638
0.385839581489563
0.22376024723052979
0.2589254081249237
0.2906198501586914
0.2770557999610901
0.30803823471069336
0.24468570947647095
0.2038094401359558
0.2000083029270172
0.25454023480415344
0.32852452993392944
0.2850009799003601
0.33373135328292847
0.2540161609649658
0.22572098672389984
0.2256070226430893
0.2732959985733032
0.2557174861431122
0.2571316361427307
0.3055524528026581
0.22725756466388702
0.3660886585712433
0.2641887068748474
0.19219768047332764
0.24759675562381744
0.22461971640586853
0.18287023901939392
0.1882920265197754
0.21747902035713196
0.2543778121471405
0.2829786539077759
0.23081013560295105
0.20245659351348877
0.3482019007205963
0.28020423650741577
0.2511745095252991
0.25065720081329346
0.33197683095932007
0.20194189250469208
0.25471845269203186
0.22899436950683594
0.35601139068603516
0.3608759045600891
0.25040537118911743
0.18335002660751343
0.22196179628372192
0.28623542189598083
0.2968248128890991
0.27440330386161804
0.1940992772579193
0.24070098996162415
0.20848864316940308
0.19921478629112244
0.22189190983772278
0.26666122674942017
0.2041167914867401
0.22571641206741333
0.222063809633255
0.3007346987724304
0.2505662441253662
0.30352842807769775
0.27680814266204834
0.22111302614212036
0.23651167750358582
0.26462504267692566
0.2117903232574463
0.21172314882278442
0.19775272905826569
0.17917698621749878
0.2471320629119873
0.1699601113796234
0.1938982903957367
0.1821005940437317
0.17571260035037994
0.2810818552970886
0.16766467690467834
0.1933898776769638
0.15788011252880096
0.2349390983581543
0.1827702820301056
0.18121977150440216
0.29181545972824097
0.3272154629230499
0.22010546922683716
0.34310370683670044
0.20915892720222473
0.21034303307533264
0.22233344614505768
0.2113371193408966
0.19886770844459534
0.19975414872169495
0.15772828459739685
0.25965604186058044
0.1801546812057495
0.1837460696697235
0.21992415189743042
0.1828884482383728
0.20725570619106293
0.28339821100234985
0.17326202988624573
0.25874921679496765
0.1816633939743042
0.23103272914886475
0.21949276328086853
0.20413422584533691
0.22616073489189148
0.16720572113990784
0.20186826586723328
0.18241043388843536
0.17867617309093475
0.22081270813941956
0.16934914886951447
0.19154608249664307
0.16750577092170715
0.22292476892471313
0.19422201812267303
0.16060788929462433
0.24159543216228485
0.2651557922363281
0.1697857677936554
0.21395961940288544
0.26486754417419434
0.1726914644241333
0.1892106533050537
0.14913538098335266
0.1957036256790161
0.14461064338684082
0.18137696385383606
0.19084495306015015
0.32486993074417114
0.16798901557922363
0.21705055236816406
0.2412082701921463
0.21817876398563385
0.14597941935062408
0.2035967856645584
0.1590365171432495
0.16589614748954773
0.19001400470733643
0.17315848171710968
0.26128318905830383
0.22542375326156616
0.2741542160511017
0.20204438269138336
0.20921958982944489
0.24922212958335876
0.15772831439971924
0.23069432377815247
0.1957271695137024
0.312752902507782
0.22686409950256348
0.20871374011039734
0.19454942643642426
0.15763433277606964
0.1541547328233719
0.16981855034828186
0.22840866446495056
0.20904521644115448
0.18765076994895935
0.20318447053432465
0.17571589350700378
0.2481359839439392
0.20213709771633148
0.20486564934253693
0.23163744807243347
0.2486799955368042
0.1327362358570099
0.19537419080734253
0.28460225462913513
0.1571863889694214
0.1810295432806015
0.21533408761024475
0.18959441781044006
0.22960084676742554
0.14234179258346558
0.19546988606452942
0.18990276753902435
0.26422345638275146
0.15538504719734192
0.14576822519302368
0.1469653844833374
0.16498282551765442
0.20930537581443787
0.15778851509094238
0.20303691923618317
0.2009047567844391
0.19793006777763367
0.19818732142448425
0.17785826325416565
0.2217516005039215
0.15826281905174255
0.15860940515995026
0.17866969108581543
0.16851478815078735
0.14703191816806793
0.22066058218479156
0.19558557868003845
0.14291542768478394
0.18858963251113892
0.20865276455879211
0.20662374794483185
0.24314019083976746
0.1839209944009781
0.1748255491256714
0.17021629214286804
0.213185653090477
0.1641925871372223
0.17339646816253662
0.19266879558563232
0.2122216820716858
0.21091842651367188
0.2247377634048462
0.18425044417381287
0.21958699822425842
0.1735261082649231
0.15280389785766602
0.24552637338638306
0.21851599216461182
0.14300023019313812
0.20814812183380127
0.22240450978279114
0.29102468490600586
0.15005670487880707
0.1418755054473877
0.15656110644340515
0.20759521424770355
0.1577363908290863
0.18872031569480896
0.166558176279068
0.20652325451374054
0.2062469720840454
0.23461154103279114
0.18199947476387024
0.1892033815383911
0.17160077393054962
0.19895516335964203
0.16686798632144928
0.3256271183490753
0.1492317169904709
0.17566999793052673
0.21871405839920044
0.1814182847738266
0.2031690627336502
0.2103426158428192
0.16458582878112793
0.15359312295913696
0.17970339953899384
0.2414669692516327
0.22438368201255798
0.145452618598938
0.1509590744972229
0.2324570119380951
0.21829530596733093
0.18549400568008423
0.26709914207458496
0.22934383153915405
0.19424320757389069
0.15221494436264038
0.19938109815120697
0.17386922240257263
0.23917517066001892
0.1580735296010971
0.18167521059513092
0.19609853625297546
0.1505396068096161
0.1602054238319397
0.23861312866210938
0.19137951731681824
0.16724148392677307
0.21331025660037994
0.20853891968727112
0.20608824491500854
0.14592087268829346
0.19282250106334686
0.18394635617733002
0.2218046337366104
0.1740458756685257
0.139251247048378
0.20728155970573425
0.20593199133872986
0.22075369954109192
0.14310044050216675
0.15480422973632812
0.1939108669757843
0.17654290795326233
0.16901683807373047
0.20067891478538513
0.251694917678833
0.20836153626441956
0.21907128393650055
0.19066473841667175
0.160348042845726
0.17318810522556305
0.14923885464668274
0.17664211988449097
0.18624351918697357
0.12693478167057037
0.23016440868377686
0.170858234167099
0.25189074873924255
0.1598237007856369
0.15169000625610352
0.18568313121795654
0.16799867153167725
0.1650770753622055
0.2139376997947693
0.1554138958454132
0.17333237826824188
0.16671031713485718
0.1920880526304245
0.13894568383693695
0.1804194450378418
0.16847124695777893
0.17200176417827606
0.13103178143501282
0.14637552201747894
0.1673874706029892
0.1649925410747528
0.1738770306110382
0.20713701844215393
0.1721334010362625
0.16897247731685638
0.1626216620206833
0.14641816914081573
0.19511379301548004
0.14540544152259827
0.18175308406352997
0.15010157227516174
0.19043953716754913
0.125510111451149
0.18836668133735657
0.21740476787090302
0.1468125432729721
0.15524573624134064
0.13118386268615723
0.14926128089427948
0.14294478297233582
0.16056855022907257
0.18349027633666992
0.1952132284641266
0.15263941884040833
0.1874638944864273
0.14508973062038422
0.21118050813674927
0.12990550696849823
0.15294739603996277
0.1746629774570465
0.18018878996372223
0.11609069257974625
0.1822827160358429
0.1570286601781845
0.17383629083633423
0.22460249066352844
0.15349015593528748
0.17241773009300232
0.2034296989440918
0.16212469339370728
0.14375504851341248
0.14931195974349976
0.1435498595237732
0.15658649802207947
0.17778149247169495
0.1692143976688385
0.1995413601398468
0.1351454257965088
0.18978220224380493
0.15127214789390564
0.13856853544712067
0.13705095648765564
0.1572648584842682
0.1640562266111374
0.14052003622055054
0.18761107325553894
0.13451500236988068
0.16930432617664337
0.1437288224697113
0.20368453860282898
0.17196092009544373
0.1515747606754303
0.17061883211135864
0.1429995447397232
0.15262216329574585
0.14165116846561432
0.23135752975940704
0.18764187395572662
0.1543635129928589
0.15610304474830627
0.152821883559227
0.15847134590148926
0.17318978905677795
0.1603682041168213
0.15011215209960938
0.14525265991687775
0.18959687650203705
0.18710362911224365
0.18338468670845032
0.143702894449234
0.197031632065773
0.17392760515213013
0.16507938504219055
0.16090944409370422
0.141723170876503
0.16333487629890442
0.17848746478557587
0.16974183917045593
0.19519954919815063
0.1517333686351776
0.13771677017211914
0.16360896825790405
0.15407973527908325
0.18841807544231415
0.16596877574920654
0.14740288257598877
0.16129106283187866
0.2062736302614212
0.13721726834774017
0.15957283973693848
0.1637490689754486
0.1569145768880844
0.17409256100654602
0.16679345071315765
0.17454709112644196
0.12850385904312134
0.17979225516319275
0.1595022976398468
0.12805624306201935
0.1546953320503235
0.1722787320613861
0.15210627019405365
0.14655251801013947
0.15718534588813782
0.1368151307106018
0.18668369948863983
0.17224858701229095
0.17464810609817505
0.14484497904777527
0.1942337602376938
0.15459898114204407
0.15694068372249603
0.17352917790412903
0.1359638273715973
0.17961826920509338
0.12454905360937119
0.15934398770332336
0.2030389904975891
0.20367833971977234
0.19266930222511292
0.138524129986763
0.16007693111896515
0.16021054983139038
0.17967626452445984
0.15419569611549377
0.176510751247406
0.1542910933494568
0.17302989959716797
0.1663799285888672
0.19008973240852356
0.16557389497756958
0.2372341901063919
0.17403580248355865
0.20761755108833313
0.1793522834777832
0.18684405088424683
0.1664949655532837
0.17625562846660614
0.1585225611925125
0.15964150428771973
0.2132309079170227
0.1610850691795349
0.14255426824092865
0.1957099586725235
0.15953859686851501
0.15683533251285553
0.20592579245567322
0.18770956993103027
0.14796701073646545
0.16017431020736694
0.1473107933998108
0.15488436818122864
0.1227894127368927
0.13965150713920593
0.2201738953590393
0.19296680390834808
0.1962222456932068
0.15429025888442993
0.16830328106880188
0.15059258043766022
0.1777823120355606
0.14396518468856812
0.1640927493572235
0.20517610013484955
0.1433822214603424
0.13892805576324463
0.141514852643013
0.15417449176311493
0.17495837807655334
0.13642564415931702
0.1699526011943817
0.15300974249839783
0.15691843628883362
0.14199304580688477
0.12358155101537704
0.1663292944431305
0.1617899239063263
0.1465979665517807
0.19602932035923004
0.13468942046165466
0.173841655254364
0.22311919927597046
0.19409120082855225
0.19754540920257568
0.20673176646232605
0.1563684642314911
0.17309747636318207
0.18896892666816711
0.18250113725662231
0.16013313829898834
0.15088844299316406
0.14494726061820984
0.1864529550075531
0.1376652866601944
0.1823112666606903
0.15317142009735107
0.1787663996219635
0.17451466619968414
0.1885140836238861
0.15154191851615906
0.12864039838314056
0.13210049271583557
0.19110752642154694
0.1463603675365448
0.18106809258460999
0.17149513959884644
0.15135571360588074
0.1706819236278534
0.1557411551475525
0.15021836757659912
0.1381153166294098
0.17792817950248718
0.17424355447292328
0.14244498312473297
0.16328585147857666
0.12237155437469482
0.2247759997844696
0.18461540341377258
0.1443924903869629
0.14669817686080933
0.18390114605426788
0.13861706852912903
0.18905231356620789
0.1461401730775833
0.17960092425346375
0.13238264620304108
0.12507498264312744
0.14387434720993042
0.19592808187007904
0.1343356966972351
0.15422771871089935
0.14989811182022095
0.14723755419254303
0.20194077491760254
0.14006172120571136
0.1355571746826172
0.1446104645729065
0.17506010830402374
0.13492637872695923
0.20796051621437073
0.16081030666828156
0.13036932051181793
0.1473388969898224
0.15378448367118835
0.15914364159107208
0.17375577986240387
0.1482260376214981
0.21132059395313263
0.13870562613010406
0.15209351480007172
0.14469178020954132
0.15162181854248047
0.13043899834156036
0.19657066464424133
0.15526433289051056
0.1943172961473465
0.13968363404273987
0.144064262509346
0.13817131519317627
0.14816142618656158
0.1879749447107315
0.17650596797466278
0.15148387849330902
0.16994953155517578
0.14721180498600006
0.14184875786304474
0.15653684735298157
0.2118801772594452
0.19510425627231598
0.20109811425209045
0.21235817670822144
0.1290934532880783
0.12622399628162384
0.132756769657135
0.15571656823158264
0.13865777850151062
0.1443483680486679
0.1526494026184082
0.1471368670463562
0.15846866369247437
0.3056238293647766
0.16499990224838257
0.15100960433483124
0.12817004323005676
0.16213156282901764
0.13117435574531555
0.1528724581003189
0.14802700281143188
0.1540025770664215
0.13376551866531372
0.16639146208763123
0.12756335735321045
0.18156832456588745
0.12396669387817383
0.17172306776046753
0.1654495894908905
0.21039792895317078
0.13715298473834991
0.14745688438415527
0.15288935601711273
0.1660538911819458
0.15937165915966034
0.14327451586723328
0.1561543345451355
0.1266375184059143
0.13833242654800415
0.19163933396339417
0.13796178996562958
0.1535995751619339
0.1330777406692505
0.14616000652313232
0.1489553600549698
0.1255992352962494
0.13343197107315063
0.19788111746311188
0.14899016916751862
0.15785081684589386
0.1593429446220398
0.15377509593963623
0.14826089143753052
0.13173039257526398
0.188656285405159
0.15448781847953796
0.1502693146467209
0.13129182159900665
0.1546422690153122
0.14083264768123627
0.15644341707229614
0.14734381437301636
0.138886958360672
0.15609131753444672
0.1284702867269516
0.1490573137998581
0.21476039290428162
0.18744739890098572
0.12502779066562653
0.14612847566604614
0.13153111934661865
0.16262617707252502
0.12001204490661621
0.1904393881559372
0.13966938853263855
0.14740346372127533
0.1450132578611374
0.16091033816337585
0.13572785258293152
0.15044258534908295
0.12994521856307983
0.14434278011322021
0.18589583039283752
0.12685547769069672
0.1846429705619812
0.16800090670585632
0.26571667194366455
0.12589417397975922
0.1743205189704895
0.12313292920589447
0.1536855399608612
0.13103243708610535
0.18181133270263672
0.14936263859272003
0.1318478286266327
0.1484692394733429
0.1422000527381897
0.13733869791030884
0.12861113250255585
0.11407941579818726
0.13868755102157593
0.14902828633785248
0.14011695981025696
0.15602274239063263
0.15803685784339905
0.13825860619544983
0.18038171529769897
0.15798351168632507
0.1506970226764679
0.15299244225025177
0.12906645238399506
0.13600003719329834
0.13159595429897308
0.13417302072048187
0.14309291541576385
0.13749027252197266
0.17301759123802185
0.13343067467212677
0.14931297302246094
0.1474229097366333
0.12818703055381775
0.11792964488267899
0.13961803913116455
0.11842740327119827
0.14566731452941895
0.17163372039794922
0.12597735226154327
0.13663509488105774
0.16011923551559448
0.12138043344020844
0.1794096827507019
0.15332205593585968
0.18614234030246735
0.24979273974895477
0.15860259532928467
0.12924781441688538
0.11961907148361206
0.16030432283878326
0.14156296849250793
0.17443378269672394
0.1271815001964569
0.1503090113401413
0.16237419843673706
0.134646475315094
0.17884981632232666
0.12577638030052185
0.15710508823394775
0.17803263664245605
0.14642609655857086
0.14194433391094208
0.14817921817302704
0.15556038916110992
0.14020206034183502
0.15708383917808533
0.16858625411987305
0.14943236112594604
0.18379032611846924
0.15566638112068176
0.17746713757514954
0.1335417926311493
0.17151999473571777
0.13859492540359497
0.16257017850875854
0.17095448076725006
0.1349378526210785
0.12216785550117493
0.1451195776462555
0.21083268523216248
0.16881132125854492
0.1322593241930008
0.16140873730182648
0.1513642966747284
0.12534531950950623
0.1660463511943817
0.12940643727779388
0.1258089244365692
0.15562008321285248
0.13854725658893585
0.1390770673751831
0.18287217617034912
0.1302451342344284
0.1306144744157791
0.14600656926631927
0.2277546226978302
0.15845924615859985
0.2079252302646637
0.13879719376564026
0.14401891827583313
0.14466524124145508
0.12634530663490295
0.12251652777194977
0.15951377153396606
0.18412750959396362
0.16610363125801086
0.13904637098312378
0.14722700417041779
0.19775521755218506
0.15613991022109985
0.12733440101146698
0.15036851167678833
0.11751437187194824
0.1449001580476761
0.13692159950733185
0.14210855960845947
0.14562061429023743
0.1386537104845047
0.13680103421211243
0.14000214636325836
0.19662167131900787
0.12952786684036255
0.1483921855688095
0.18607836961746216
0.15206435322761536
0.13480669260025024
0.14075374603271484
0.14306209981441498
0.14580243825912476
0.13762402534484863
0.13757193088531494
0.13626021146774292
0.18296298384666443
0.16552478075027466
0.14521175622940063
0.1396264284849167
0.14370130002498627
0.16993370652198792
0.12623485922813416
0.13736745715141296
0.13437622785568237
0.14777979254722595
0.24805012345314026
0.14292621612548828
0.12508702278137207
0.13723573088645935
0.13248808681964874
0.1446835994720459
0.12891077995300293
0.13134251534938812
0.18346552550792694
0.17320799827575684
0.14122064411640167
0.14248597621917725
0.15955081582069397
0.1463143527507782
0.14123128354549408
0.14915618300437927
0.13869984447956085
0.11556898802518845
0.14637413620948792
0.13504451513290405
0.15311184525489807
0.14121684432029724
0.1102859377861023
0.14970962703227997
0.12549132108688354
0.16560330986976624
0.14485007524490356
0.13458532094955444
0.13216643035411835
0.18423837423324585
0.1421274095773697
0.1296282261610031
0.12945795059204102
0.1448715627193451
0.14048971235752106
0.15078771114349365
0.16879399120807648
0.18237288296222687
0.12863783538341522
0.11941081285476685
0.13750478625297546
0.14845389127731323
0.13543486595153809
0.14667704701423645
0.17397096753120422
0.1382310837507248
0.15693967044353485
0.12018793821334839
0.18343140184879303
0.12239678204059601
0.14271610975265503
0.11984479427337646
0.1509588658809662
0.13216955959796906
0.11282876878976822
0.13492898643016815
0.11943434178829193
0.15944582223892212
0.16064876317977905
0.11938346177339554
0.13617858290672302
0.14980150759220123
0.1368904709815979
0.12507784366607666
0.20546671748161316
0.1273728311061859
0.13062730431556702
0.14532610774040222
0.12934400141239166
0.1679772287607193
0.14631259441375732
0.11623656749725342
0.13493801653385162
0.12102624773979187
0.1321934461593628
0.14234843850135803
0.11457794904708862
0.14119890332221985
0.12804660201072693
0.14904771745204926
0.13696438074111938
0.13675783574581146
0.13139097392559052
0.13589854538440704
0.14036254584789276
0.12079610675573349
0.14655619859695435
0.12015701830387115
0.13780376315116882
0.1430332213640213
0.20943188667297363
0.12484313547611237
0.18098996579647064
0.1391274780035019
0.16262008249759674
0.12076891213655472
0.1259906142950058
0.11231039464473724
0.14193038642406464
0.1315535604953766
0.14396703243255615
0.1268320083618164
0.18977823853492737
0.14895455539226532
0.15432941913604736
0.10959178954362869
0.1419508159160614
0.12499597668647766
0.21042872965335846
0.15149377286434174
0.15019994974136353
0.14633460342884064
0.12312741577625275
0.1436876505613327
0.191398024559021
0.1547396183013916
0.13409118354320526
0.15290027856826782
0.16998618841171265
0.13679534196853638
0.14991581439971924
0.14300817251205444
0.14726176857948303
0.11536335945129395
0.12885431945323944
0.1329478919506073
0.12983548641204834
0.1705411672592163
0.12797299027442932
0.13560989499092102
0.1312616765499115
0.13649049401283264
0.14769677817821503
0.14374664425849915
0.1425868719816208
0.13665466010570526
0.12493306398391724
0.12659354507923126
0.12395769357681274
0.13079005479812622
0.16303503513336182
0.17365339398384094
0.16963106393814087
0.12328183650970459
0.12413067370653152
0.11359740793704987
0.15947061777114868
0.13063327968120575
0.1279096156358719
0.1313936710357666
0.15780243277549744
0.1149706095457077
0.13287143409252167
0.12911227345466614
0.13389362394809723
0.12308748066425323
0.12903228402137756
0.13782057166099548
0.1283925473690033
0.1411590427160263
0.15923887491226196
0.1421021819114685
0.1787308156490326
0.15057894587516785
0.14671501517295837
0.13890340924263
0.16522535681724548
0.1336260885000229
0.1447850912809372
0.15057992935180664
0.1304049789905548
0.11954847723245621
0.11441419273614883
0.11964333057403564
0.1439363807439804
0.12312628328800201
0.12249100208282471
0.13592398166656494
0.1647125482559204
0.10853029787540436
0.15154708921909332
0.12072984874248505
0.12302624434232712
0.1291707456111908
0.16974608600139618
0.13777580857276917
0.1279962658882141
0.12028733640909195
0.1291576623916626
0.2397879660129547
0.11533556878566742
0.10716435313224792
0.12875887751579285
0.14057216048240662
0.19905462861061096
0.12455093860626221
0.12900200486183167
0.14071202278137207
0.140132874250412
0.11998783051967621
0.15927714109420776
0.12258302420377731
0.13758935034275055
0.1523224413394928
0.12750816345214844
0.11369571089744568
0.1341838538646698
0.1337379813194275
0.13350893557071686
0.1362861692905426
0.13388967514038086
0.1735464632511139
0.1745530664920807
0.15579743683338165
0.14757132530212402
0.1649734079837799
0.12979063391685486
0.12188440561294556
0.1519608199596405
0.13735422492027283
0.15131887793540955
0.15325967967510223
0.18575917184352875
0.19794467091560364
0.14456939697265625
0.14225535094738007
0.12525500357151031
0.14912782609462738
0.1210920438170433
0.14802619814872742
0.13037633895874023
0.14939206838607788
0.15893346071243286
0.18707340955734253
0.1432189643383026
0.12948645651340485
0.13297022879123688
0.14199846982955933
0.19259294867515564
0.15703363716602325
0.12191831320524216
0.1251739114522934
0.11495229601860046
0.13419486582279205
0.12464249134063721
0.12255364656448364
0.10780380666255951
0.11900806427001953
0.1389569640159607
0.13731729984283447
0.15159408748149872
0.17261236906051636
0.18614141643047333
0.11969920992851257
0.13281401991844177
0.12657003104686737
0.1201353520154953
0.11405026167631149
0.11513043195009232
0.1594848334789276
0.11838744580745697
0.1145753264427185
0.200217142701149
0.1495353877544403
0.11936670541763306
0.1155075654387474
0.1361672580242157
0.12780433893203735
0.1276327520608902
0.13809368014335632
0.11167534440755844
0.11316609382629395
0.12440162897109985
0.12833376228809357
0.11327497661113739
0.21172749996185303
0.1327175498008728
0.1626344919204712
0.12387146055698395
0.20439225435256958
0.1540108621120453
0.12096120417118073
0.14122799038887024
0.12404410541057587
0.11682171374559402
0.12406815588474274
0.135049968957901
0.1440078318119049
0.1280933916568756
0.1627337634563446
0.11893068999052048
0.12178605794906616
0.13881665468215942
0.11806856095790863
0.10975288599729538
0.12823586165905
0.11373013257980347
0.15505702793598175
0.1149410530924797
0.12162494659423828
0.14224086701869965
0.13795620203018188
0.1154327467083931
0.13420593738555908
0.1605910360813141
0.14617055654525757
0.15119637548923492
0.14192277193069458
0.12995372712612152
0.1431724578142166
0.14606471359729767
0.11216385662555695
0.12634225189685822
0.1258537620306015
0.12919969856739044
0.13311612606048584
0.16143211722373962
0.21015441417694092
0.15815454721450806
0.12981584668159485
0.15311071276664734
0.13257375359535217
0.11169973015785217
0.13013549149036407
0.13408133387565613
0.11598493158817291
0.23456500470638275
0.11847487092018127
0.1323803961277008
0.17004497349262238
0.10924441367387772
0.13909505307674408
0.1542205810546875
0.12772822380065918
0.12166576087474823
0.21319130063056946
0.1530912220478058
0.17128050327301025
0.13285356760025024
0.14404869079589844
0.11214673519134521
0.13386675715446472
0.1502486765384674
0.13591492176055908
0.11959666013717651
0.12665581703186035
0.11930403113365173
0.15454739332199097
0.14143440127372742
0.15749627351760864
0.1295313835144043
0.10582492500543594
0.14212577044963837
0.1403237134218216
0.13453295826911926
0.19315281510353088
0.1302362084388733
0.13324232399463654
0.11545157432556152
0.12009703367948532
0.11594855785369873
0.19137457013130188
0.1288350224494934
0.15209633111953735
0.15363919734954834
0.15360134840011597
0.130427747964859
0.15842348337173462
0.12592743337154388
0.12651364505290985
0.12008187174797058
0.14585790038108826
0.139558345079422
0.16780447959899902
0.11701035499572754
0.11394250392913818
0.12491463124752045
0.12621210515499115
0.13921725749969482
0.1135919988155365
0.1171443983912468
0.13939201831817627
0.13917790353298187
0.1726326048374176
0.13097164034843445
0.11329114437103271
0.1242045909166336
0.13673053681850433
0.16109982132911682
0.14608831703662872
0.1257232129573822
0.13761992752552032
0.13253365457057953
0.1348644196987152
0.14569437503814697
0.11280125379562378
0.14398157596588135
0.13548338413238525
0.13400119543075562
0.14025269448757172
0.13171184062957764
0.1474801003932953
0.12237907946109772
0.12530653178691864
0.119805246591568
0.14830777049064636
0.1178007498383522
0.12771780788898468
0.11332983523607254
0.13144782185554504
0.11392996460199356
0.11614462733268738
0.10612210631370544
0.15006490051746368
0.15993627905845642
0.12701614201068878
0.11741512268781662
0.1608172059059143
0.1360635608434677
0.12038173526525497
0.11401031166315079
0.10657971352338791
0.10757237672805786
0.11848684400320053
0.11807489395141602
0.11236116290092468
0.11193008720874786
0.12454210966825485
0.13996288180351257
0.16529223322868347
0.11041189730167389
0.13261331617832184
0.1335422247648239
0.10432324558496475
0.1530630886554718
0.16240298748016357
0.1358134150505066
0.17227277159690857
0.1244487389922142
0.1261003464460373
0.1558060646057129
0.11885776370763779
0.1374884694814682
0.11129819601774216
0.11347372829914093
0.17724373936653137
0.160946786403656
0.15107198059558868
0.21388733386993408
0.12629780173301697
0.10558116436004639
0.1513814926147461
0.15903332829475403
0.12680348753929138
0.11294431984424591
0.13531312346458435
0.1251181960105896
0.12313608825206757
0.11513162404298782
0.11591916531324387
0.12482216954231262
0.14563418924808502
0.12604796886444092
0.10957752168178558
0.11166742444038391
0.11886858195066452
0.11072557419538498
0.12219488620758057
0.17715758085250854
0.11308911442756653
0.1029287800192833
0.10766807198524475
0.14839836955070496
0.10081648826599121
0.12637081742286682
0.1138928160071373
0.15483519434928894
0.11947987228631973
0.11261162161827087
0.11316882073879242
0.19751639664173126
0.1344989836215973
0.15412956476211548
0.16048415005207062
0.17034775018692017
0.11557245999574661
0.15729056298732758
0.16957229375839233
0.11421866714954376
0.12710383534431458
0.11862482130527496
0.11876741051673889
0.12196934223175049
0.11107298731803894
0.1292755901813507
0.12412761151790619
0.11601173132658005
0.21695764362812042
0.11704788357019424
0.11469314992427826
0.12240545451641083
0.12744376063346863
0.11459168791770935
0.1384967714548111
0.11135151237249374
0.14930011332035065
0.13541191816329956
0.1213509738445282
0.13250654935836792
0.14637428522109985
0.14163930714130402
0.11411511898040771
0.13423384726047516
0.1333570033311844
0.11358965933322906
0.12773771584033966
0.10452865809202194
0.1671087145805359
0.10353214293718338
0.12136606872081757
0.12180061638355255
0.129164919257164
0.13331297039985657
0.1274206042289734
0.11196818947792053
0.14827656745910645
0.13235196471214294
0.1649932563304901
0.10355343669652939
0.1250508576631546
0.14747628569602966
0.10296839475631714
0.13872049748897552
0.10946734249591827
0.1861596703529358
0.1431034803390503
0.13930420577526093
0.1556110829114914
0.1334385722875595
0.1216992735862732
0.14289113879203796
0.1372588872909546
0.1257266104221344
0.11120651662349701
0.11056708544492722
0.12829023599624634
0.14597973227500916
0.20839406549930573
0.11246311664581299
0.1229986846446991
0.12335649132728577
0.13370583951473236
0.13059589266777039
0.12708087265491486
0.1152804046869278
0.17007282376289368
0.12066792696714401
0.13415393233299255
0.12084470689296722
0.13200309872627258
0.12545838952064514
0.12016317993402481
0.13397380709648132
0.15363295376300812
0.10728079080581665
0.11498729884624481
0.13090461492538452
0.150809183716774
0.11403951048851013
0.12053535133600235
0.12733981013298035
0.13765664398670197
0.11218337714672089
0.11384332925081253
0.12901681661605835
0.12396913766860962
0.13968363404273987
0.12324276566505432
0.1571255326271057
0.1322786808013916
0.12746073305606842
0.14535485208034515
0.16791203618049622
0.12362460792064667
0.11670619249343872
0.1295895278453827
0.10681941360235214
0.15266656875610352
0.12659713625907898
0.1263607293367386
0.12166357785463333
0.17455828189849854
0.16135653853416443
0.15518134832382202
0.14671394228935242
0.1367456018924713
0.13828805088996887
0.12100861966609955
0.10857117921113968
0.15822666883468628
0.12446119636297226
0.1407487392425537
0.13609129190444946
0.1080053448677063
0.11937329173088074
0.14057865738868713
0.12337680906057358
0.142054945230484
0.11204955726861954
0.1077205091714859
0.1347602903842926
0.10777600109577179
0.1335124373435974
0.11848817765712738
0.11447244882583618
0.1325824111700058
0.14415962994098663
0.10700175166130066
0.11712206155061722
0.13426567614078522
0.1057567149400711
0.12031509727239609
0.1259901225566864
0.13076859712600708
0.12867340445518494
0.11581528931856155
0.1697484254837036
0.11434772610664368
0.13085845112800598
0.11881676316261292
0.12907704710960388
0.13048386573791504
0.10793178528547287
0.13157591223716736
0.11828982084989548
0.13579019904136658
0.10677412897348404
0.13491955399513245
0.126071035861969
0.11582732200622559
0.11269855499267578
0.11780788749456406
0.152920663356781
0.11739572882652283
0.12407927215099335
0.11957912147045135
0.1474641114473343
0.14017575979232788
0.13005679845809937
0.12842336297035217
0.1220615804195404
0.14031624794006348
0.14863304793834686
0.10421400517225266
0.14028844237327576
0.12172656506299973
0.11720775812864304
0.12075167149305344
0.11832887679338455
0.13118591904640198
0.1269165277481079
0.10897664725780487
0.14006838202476501
0.11980047821998596
0.12708361446857452
0.13206198811531067
0.1135675236582756
0.10528689622879028
0.12278319150209427
0.11996139585971832
0.11183418333530426
0.10951478779315948
0.11381299048662186
0.12513180077075958
0.12632937729358673
0.14111292362213135
0.1303427815437317
0.1083444133400917
0.1288509964942932
0.1264282912015915
0.12197794020175934
0.15212106704711914
0.12319909036159515
0.12578445672988892
0.12470555305480957
0.10657603293657303
0.11771118640899658
0.13129831850528717
0.10738534480333328
0.11741084605455399
0.10549093037843704
0.13366331160068512
0.12839394807815552
0.12534448504447937
0.1432536542415619
0.1279277354478836
0.12689948081970215
0.13562746345996857
0.14048349857330322
0.14139898121356964
0.14109136164188385
0.116581492125988
0.10197824984788895
0.11502234637737274
0.13956667482852936
0.14682374894618988
0.10859788209199905
0.12804850935935974
0.15077859163284302
0.15076366066932678
0.13346555829048157
0.13355505466461182
0.13756121695041656
0.13249164819717407
0.11373255401849747
0.13029523193836212
0.1626497507095337
0.12952227890491486
0.16035479307174683
0.11989741772413254
0.12518072128295898
0.12007876485586166
0.1096784844994545
0.13203446567058563
0.1332947313785553
0.14160923659801483
0.13921919465065002
0.112396240234375
0.11137056350708008
0.1141209676861763
0.16087716817855835
0.1363600790500641
0.1267087161540985
0.12514452636241913
0.11705026030540466
0.11219951510429382
0.17109066247940063
0.1973864734172821
0.12196402251720428
0.1073911190032959
0.10905493795871735
0.11781376600265503
0.12648852169513702
0.12315553426742554
0.11089760810136795
0.1285506933927536
0.12337496876716614
0.1083550974726677
0.14136889576911926
0.117987260222435
0.12238970398902893
0.12822626531124115
0.1966778039932251
0.11826527118682861
0.175534188747406
0.11607161909341812
0.10758720338344574
0.10640648007392883
0.11117320507764816
0.1128857359290123
0.10417623072862625
0.13373635709285736
0.1241607740521431
0.11475823819637299
0.16688209772109985
0.13187682628631592
0.10532084107398987
0.10203845053911209
0.15404865145683289
0.146287202835083
0.12521815299987793
0.11794566363096237
0.10262081772089005
0.13093380630016327
0.12756440043449402
0.12932713329792023
0.14714911580085754
0.10385853052139282
0.13177531957626343
0.11575248837471008
0.10998707264661789
0.12275531142950058
0.11465449631214142
0.1336338371038437
0.12937963008880615
0.10854517668485641
0.16626206040382385
0.1329779475927353
0.12426450848579407
0.12899857759475708
0.12363356351852417
0.1133478656411171
0.1613818109035492
0.13870275020599365
0.13900741934776306
0.10999391973018646
0.1418144404888153
0.17111638188362122
0.18893620371818542
0.142436221241951
0.13011914491653442
0.11243340373039246
0.14197713136672974
0.1256924718618393
0.1262856125831604
0.11292797327041626
0.11257433891296387
0.1185462698340416
0.12212445586919785
0.1057303324341774
0.11397403478622437
0.11329291015863419
0.1234356239438057
0.12722045183181763
0.11035085469484329
0.15100383758544922
0.11634181439876556
0.1228252500295639
0.15984688699245453
0.1306697428226471
0.1400814950466156
0.12594498693943024
0.142073854804039
0.10531224310398102
0.10841049998998642
0.13379232585430145
0.1973961889743805
0.12227065861225128
0.19027724862098694
0.11449968814849854
0.1133260726928711
0.11900802701711655
0.10704439133405685
0.14047151803970337
0.10366187989711761
0.10885840654373169
0.1510816365480423
0.13940592110157013
0.12426508963108063
0.11913124471902847
0.12670250236988068
0.1296888291835785
0.1133660227060318
0.13408461213111877
0.11868182569742203
0.12266063690185547
0.12997159361839294
0.12765394151210785
0.1374601423740387
0.11694463342428207
0.1267528086900711
0.11278685927391052
0.11088106036186218
0.19297261536121368
0.11068116873502731
0.10176420956850052
0.12688662111759186
0.15067386627197266
0.16181936860084534
0.12354081869125366
0.14697280526161194
0.12376169115304947
0.13860765099525452
0.14858336746692657
0.10407435148954391
0.11765580624341965
0.12567993998527527
0.10870696604251862
0.12546472251415253
0.14458753168582916
0.13097375631332397
0.12819936871528625
0.10015349835157394
0.1136343777179718
0.11778242886066437
0.12220252305269241
0.12706290185451508
0.11099834740161896
0.1044725626707077
0.12928234040737152
0.10877148061990738
0.1321110725402832
0.16233941912651062
0.10560736805200577
0.1145799532532692
0.12454088032245636
0.14174006879329681
0.16694168746471405
0.12961240112781525
0.11103479564189911
0.11172065138816833
0.12414832413196564
0.19445586204528809
0.12128093838691711
0.11344774812459946
0.1161382868885994
0.13073153793811798
0.11174437403678894
0.1133790910243988
0.15401503443717957
0.11746181547641754
0.18744179606437683
0.11334796249866486
0.10992744565010071
0.11752639710903168
0.14281851053237915
0.11316859722137451
0.15437084436416626
0.14377452433109283
0.1175793707370758
0.11742249876260757
0.10890789330005646
0.15209069848060608
0.1755722463130951
0.10951177775859833
0.16915488243103027
0.11256616562604904
0.14531749486923218
0.11081154644489288
0.16537964344024658
0.12804675102233887
0.15920794010162354
0.14374832808971405
0.13721290230751038
0.176561176776886
0.1644923835992813
0.1533435732126236
0.13855120539665222
0.1158282607793808
0.11393187940120697
0.1259228140115738
0.2110259234905243
0.11379355937242508
0.1128125935792923
0.13061559200286865
0.136898934841156
0.11632918566465378
0.12259028851985931
0.10615436732769012
0.1312083750963211
0.1127082109451294
0.11297886073589325
0.10794970393180847
0.11854921281337738
0.11298280954360962
0.1330118328332901
0.10022671520709991
0.11989390850067139
0.12621638178825378
0.10882104188203812
0.11797399818897247
0.13824087381362915
0.107123002409935
0.11643976718187332
0.1563287079334259
0.1372201144695282
0.11018658429384232
0.16511085629463196
0.18381179869174957
0.12357597798109055
0.11203314363956451
0.13234591484069824
0.11793391406536102
0.13460491597652435
0.12514621019363403
0.12120982259511948
0.11924129724502563
0.10443101823329926
0.12885859608650208
0.1265970915555954
0.10211078077554703
0.13046841323375702
0.1096944734454155
0.10999155044555664
0.14107747375965118
0.14818352460861206
0.1334303617477417
0.12803907692432404
0.11600750684738159
0.1606394648551941
0.10843262821435928
0.12369605898857117
0.17769542336463928
0.10609390586614609
0.12476478517055511
0.11783964186906815
0.1079387217760086
0.15085552632808685
0.11085287481546402
0.173805832862854
0.12730726599693298
0.13245636224746704
0.11906550824642181
0.15099848806858063
0.11431008577346802
0.11547068506479263
0.11849650740623474
0.1160520389676094
0.1195315420627594
0.10775535553693771
0.1348303258419037
0.11747680604457855
0.11445671319961548
0.10234338790178299
0.12087486684322357
0.11663314700126648
0.14371919631958008
0.11062322556972504
0.14798426628112793
0.12424381077289581
0.13879024982452393
0.16024628281593323
0.1284908801317215
0.1615518480539322
0.11646158993244171
0.1033884733915329
0.12683822214603424
0.11240127682685852
0.11065518856048584
0.11372114717960358
0.11507086455821991
0.1979849934577942
0.13368520140647888
0.13846558332443237
0.10192498564720154
0.19643963873386383
0.11495567858219147
0.1094677522778511
0.14360474050045013
0.1109609603881836
0.1858019381761551
0.11013464629650116
0.1241985559463501
0.12165981531143188
0.12459484487771988
0.1032075583934784
0.12720990180969238
0.12968291342258453
0.11521829664707184
0.11763127148151398
0.12730734050273895
0.11471620947122574
0.0984780341386795
0.12074664235115051
0.19233998656272888
0.11663871258497238
0.13093887269496918
0.13405442237854004
0.11254577338695526
0.13041740655899048
0.1652895212173462
0.13843415677547455
0.14710518717765808
0.18437924981117249
0.14308038353919983
0.16974171996116638
0.2127818465232849
0.11096043884754181
0.1620224565267563
0.12448274344205856
0.11736373603343964
0.12717857956886292
0.1244063675403595
0.11807433515787125
0.15944987535476685
0.11508656293153763
0.15708374977111816
0.1372641772031784
0.11230213195085526
0.11250337958335876
0.13169914484024048
0.11953684687614441
0.11299731582403183
0.1069621592760086
0.1294892430305481
0.11797109246253967
0.16777431964874268
0.16333673894405365
0.1296473890542984
0.11013820022344589
0.11014021188020706
0.15626481175422668
0.13700217008590698
0.14308753609657288
0.1382443606853485
0.11058566719293594
0.11301374435424805
0.1658540666103363
0.15127304196357727
0.1405654102563858
0.17849740386009216
0.14248867332935333
0.12416494637727737
0.11109250783920288
0.1293543577194214
0.10120874643325806
0.11218902468681335
0.11754085123538971
0.126666858792305
0.11657868325710297
0.1290326714515686
0.11728223413228989
0.11105895042419434
0.12199176847934723
0.10546575486660004
0.11774046719074249
0.11870242655277252
0.12259423732757568
0.10881377011537552
0.1020728051662445
0.11617329716682434
0.1271110326051712
0.11263494193553925
0.11776936054229736
0.0991600751876831
0.12734316289424896
0.13074585795402527
0.10549892485141754
0.11818581819534302
0.1359746903181076
0.1482100933790207
0.11430465430021286
0.10782036185264587
0.10694406181573868
0.1397976130247116
0.12103082239627838
0.11334341019392014
0.11102677881717682
0.10839394479990005
0.11739673465490341
0.1157698854804039
0.11053583025932312
0.14796435832977295
0.14911164343357086
0.12234072387218475
0.10809113830327988
0.13576996326446533
0.10264403373003006
0.12508633732795715
0.10118073225021362
0.12985582649707794
0.1309984028339386
0.15369263291358948
0.11470823734998703
0.10468217730522156
0.12099270522594452
0.12263952195644379
0.12461109459400177
0.2213711440563202
0.11354851722717285
0.10078809410333633
0.1543070524930954
0.12231604009866714
0.1084543764591217
0.10475485026836395
0.11123690009117126
0.11584414541721344
0.1116412952542305
0.11694652587175369
0.129187673330307
0.156334787607193
0.11830751597881317
0.12292547523975372
0.12162017822265625
0.12291117757558823
0.16276532411575317
0.12614455819129944
0.1139029711484909
0.13385537266731262
0.10511744022369385
0.10832138359546661
0.1380973756313324
0.12668180465698242
0.12136074155569077
0.12084681540727615
0.15810826420783997
0.1258590668439865
0.10419724881649017
0.1137663945555687
0.11307381093502045
0.11748511344194412
0.14774799346923828
0.12753643095493317
0.10334176570177078
0.1193869486451149
0.11075780540704727
0.10789983719587326
0.10773655772209167
0.13852721452713013
0.10831665992736816
0.12433766573667526
0.11305776983499527
0.1525779664516449
0.11385902762413025
0.1920851171016693
0.11486977338790894
0.10090884566307068
0.10044024884700775
0.13049140572547913
0.11149285733699799
0.11640149354934692
0.10399318486452103
0.11460848152637482
0.12221716344356537
0.14269591867923737
0.1043555960059166
0.10712888091802597
0.11309199780225754
0.12188860774040222
0.13844119012355804
0.11275555193424225
0.10678792744874954
0.11512308567762375
0.12469962239265442
0.13130925595760345
0.11444009840488434
0.11364512145519257
0.15009458363056183
0.12298533320426941
0.103488028049469
0.12110331654548645
0.11058986932039261
0.12078497558832169
0.12377329915761948
0.11698633432388306
0.11933547258377075
0.16226910054683685
0.10438726097345352
0.13985088467597961
0.11395600438117981
0.13192234933376312
0.10581759363412857
0.10789057612419128
0.10812394320964813
0.11233364045619965
0.11233995109796524
0.11497265100479126
0.12152338773012161
0.1669735312461853
0.11954812705516815
0.12725742161273956
0.10896749049425125
0.20002378523349762
0.1083715409040451
0.14694194495677948
0.12825286388397217
0.11657139658927917
0.15195077657699585
0.15672633051872253
0.1155083030462265
0.19355526566505432
0.1194574236869812
0.12400518357753754
0.1432245522737503
0.12701663374900818
0.1371096670627594
0.14103834331035614
0.11101281642913818
0.15320201218128204
0.12080282717943192
0.10254121571779251
0.11897410452365875
0.12606535851955414
0.11587537080049515
0.15042731165885925
0.10985013097524643
0.1637727916240692
0.1310141235589981
0.12187843024730682
0.11501111090183258
0.11003894358873367
0.13152198493480682
0.12425203621387482
0.1182948648929596
0.10886259377002716
0.12966172397136688
0.10557448863983154
0.1149623915553093
0.17728886008262634
0.12812890112400055
0.11453912407159805
0.15319572389125824
0.13733655214309692
0.13642768561840057
0.10794934630393982
0.13091060519218445
0.10480164736509323
0.127789705991745
0.10998976230621338
0.1066853255033493
0.1061348170042038
0.10381976515054703
0.09963647276163101
0.12289279699325562
0.10814596712589264
0.10302034020423889
0.16341622173786163
0.10733155161142349
0.12266479432582855
0.1128116101026535
0.10899949073791504
0.11977112293243408
0.11772406846284866
0.10874637216329575
0.11036796867847443
0.11664313822984695
0.1277148425579071
0.13644374907016754
0.1089288592338562
0.12759944796562195
0.10616204887628555
0.10444284975528717
0.09653326123952866
0.11447789520025253
0.11397741734981537
0.11313874274492264
0.11604835093021393
0.10538866370916367
0.10753066837787628
0.11799637973308563
0.11725720763206482
0.11939816921949387
0.10629768669605255
0.12284526973962784
0.11248080432415009
0.09808678179979324
0.10891472548246384
0.11475364863872528
0.11860145628452301
0.11429566144943237
0.10932699590921402
0.11536926031112671
0.12450670450925827
0.10804550349712372
0.11014556139707565
0.12057673186063766
0.10709583759307861
0.10596887022256851
0.13064540922641754
0.1138315424323082
0.11432096362113953
0.12431466579437256
0.13475531339645386
0.10014419257640839
0.13262653350830078
0.14181998372077942
0.1169465184211731
0.11988229304552078
0.10212001204490662
0.11454054713249207
0.13419534265995026
0.12319675832986832
0.10311658680438995
0.12760725617408752
0.11007202416658401
0.11620820313692093
0.11175738275051117
0.11538918316364288
0.12753526866436005
0.16682320833206177
0.12199296057224274
0.14710400998592377
0.11376647651195526
0.10419080406427383
0.1290905773639679
0.11060188710689545
0.09976643323898315
0.10039559006690979
0.1313130408525467
0.1183508038520813
0.1364206075668335
0.1081935241818428
0.10616860538721085
0.1976463794708252
0.11514584720134735
0.11470088362693787
0.09844304621219635
0.11156385391950607
0.12666070461273193
0.11847687512636185
0.11169105768203735
0.10367077589035034
0.10550682246685028
0.12205944955348969
0.1065010353922844
0.11579281091690063
0.11731982976198196
0.11190769076347351
0.13400767743587494
0.11782921850681305
0.10320202261209488
0.13252438604831696
0.1218411773443222
0.10047896206378937
0.10740934312343597
0.13156388700008392
0.12908712029457092
0.12710534036159515
0.11208003014326096
0.12639765441417694
0.10616384446620941
0.1039656400680542
0.10624872148036957
0.12321257591247559
0.12484803795814514
0.10991785675287247
0.11409373581409454
0.1278487741947174
0.1257360279560089
0.11381985992193222
0.14860183000564575
0.1047048270702362
0.13874122500419617
0.11284183710813522
0.10586771368980408
0.11123092472553253
0.1010994017124176
0.12017405033111572
0.11362071335315704
0.11336755752563477
0.11430314928293228
0.13707709312438965
0.12547066807746887
0.11105351150035858
0.1350015550851822
0.12647688388824463
0.12129358947277069
0.1028955951333046
0.11892049014568329
0.1058080792427063
0.14877109229564667
0.11451783776283264
0.12398262321949005
0.11376621574163437
0.11836238205432892
0.1047191470861435
0.1134936511516571
0.10390344262123108
0.1290409415960312
0.10679886490106583
0.11230234056711197
0.12589982151985168
0.10842671990394592
0.11059742420911789
0.10971957445144653
0.11680102348327637
0.17207109928131104
0.10975824296474457
0.10721985995769501
0.10562865436077118
0.1506374180316925
0.11147274076938629
0.09885966777801514
0.1670815646648407
0.11972829699516296
0.11755247414112091
0.10810749232769012
0.10656344890594482
0.0975174829363823
0.1260775774717331
0.12152495235204697
0.13427236676216125
0.103312186896801
0.11572550237178802
0.10538866370916367
0.1319189965724945
0.14646697044372559
0.11284038424491882
0.11320433765649796
0.18059976398944855
0.1124916523694992
0.10766543447971344
0.1342730075120926
0.12781178951263428
0.14974874258041382
0.11177313327789307
0.1109442338347435
0.13468937575817108
0.13927198946475983
0.11602926254272461
0.10443142056465149
0.1408773958683014
0.11851955950260162
0.11218635737895966
0.1368422508239746
0.12136611342430115
0.1068456694483757
0.10220933705568314
0.1031828224658966
0.10325472056865692
0.11262091249227524
0.12754249572753906
0.11282621324062347
0.10498563945293427
0.1269257366657257
0.10576676577329636
0.11202363669872284
0.12065035104751587
0.09782440215349197
0.1229117214679718
0.10695207118988037
0.10054077208042145
0.11536416411399841
0.10651493817567825
0.13262486457824707
0.13407695293426514
0.11597573757171631
0.14815405011177063
0.12087792158126831
0.14364130795001984
0.11661532521247864
0.11178427934646606
0.11909104138612747
0.17519259452819824
0.10574770718812943
0.141814723610878
0.11075115948915482
0.11247662454843521
0.11194781213998795
0.1018419861793518
0.10913793742656708
0.1249772161245346
0.14511358737945557
0.12522485852241516
0.10473623126745224
0.1181245744228363
0.11810015887022018
0.11830051988363266
0.11226415634155273
0.10652579367160797
0.12390436232089996
0.13530807197093964
0.12132179737091064
0.1531798541545868
0.11455026268959045
0.11594239622354507
0.11018802225589752
0.15366731584072113
0.14963378012180328
0.10547783970832825
0.10988863557577133
0.11095262318849564
0.12280243635177612
0.12732724845409393
0.11413342505693436
0.117695152759552
0.10103240609169006
0.13008660078048706
0.12071052938699722
0.1423589587211609
0.11929512023925781
0.10843813419342041
0.10755126923322678
0.1079714447259903
0.11051519960165024
0.12614093720912933
0.1299332231283188
0.14120276272296906
0.11143779009580612
0.11293493211269379
0.11821102350950241
0.12432101368904114
0.12396034598350525
0.10173273086547852
0.13524703681468964
0.11593881994485855
0.12861162424087524
0.12147186696529388
0.12727957963943481
0.10778485983610153
0.11247768998146057
0.10913332551717758
0.11181119084358215
0.09929335117340088
0.1406308114528656
0.1503295600414276
0.10583557933568954
0.12868845462799072
0.14063653349876404
0.11465876549482346
0.11927494406700134
0.10959838330745697
0.10613196343183517
0.16093164682388306
0.10761547833681107
0.11796253174543381
0.11490415036678314
0.11791936308145523
0.11717461049556732
0.10974745452404022
0.1518869698047638
0.12495718896389008
0.14671622216701508
0.16454651951789856
0.09985708445310593
0.1301272213459015
0.16012528538703918
0.10963193327188492
0.14545834064483643
0.11390233039855957
0.10727298259735107
0.10603540390729904
0.10198632627725601
0.10864397883415222
0.14144861698150635
0.1148827001452446
0.11136384308338165
0.1172751784324646
0.10075300931930542
0.11880801618099213
0.12280476838350296
0.11536385118961334
0.1232428252696991
0.11988505721092224
0.10677830874919891
0.10916934907436371
0.10396463423967361
0.14387761056423187
0.11479128897190094
0.1271125227212906
0.12916015088558197
0.16354238986968994
0.11930608749389648
0.128050297498703
0.1003606989979744
0.10452144593000412
0.10788647830486298
0.1736583411693573
0.1008288785815239
0.1190747395157814
0.12611013650894165
0.11555758118629456
0.12268773466348648
0.10687664896249771
0.12233604490756989
0.09944555163383484
0.11478838324546814
0.10133303701877594
0.11215555667877197
0.1208505928516388
0.11678169667720795
0.1350066065788269
0.13432204723358154
0.11312080919742584
0.10583731532096863
0.11560869216918945
0.10541164875030518
0.11103642731904984
0.1705421805381775
0.1249842718243599
0.10800465941429138
0.1055188924074173
0.1081092581152916
0.1113307774066925
0.12802325189113617
0.10967808961868286
0.10331608355045319
0.11030994355678558
0.1481560468673706
0.1073060929775238
0.11249163746833801
0.11961278319358826
0.13220219314098358
0.11874709278345108
0.13517998158931732
0.12589311599731445
0.1452626734972
0.11133505403995514
0.1758790761232376
0.11589315533638
0.12053734064102173
0.1224280595779419
0.12009894847869873
0.12425986677408218
0.11660487949848175
0.11970794200897217
0.11852589249610901
0.11861695349216461
0.10838847607374191
0.1497890055179596
0.11322664469480515
0.12018658220767975
0.1183619499206543
0.12146729230880737
0.11018969118595123
0.12560415267944336
0.11214499175548553
0.14681774377822876
0.1453857272863388
0.10172662883996964
0.12274415045976639
0.1157812550663948
0.11052393168210983
0.110560841858387
0.13085632026195526
0.10487522929906845
0.13225722312927246
0.11521396040916443
0.1425875425338745
0.11610324680805206
0.17859837412834167
0.11099041253328323
0.20019927620887756
0.13129010796546936
0.11173202842473984
0.09611407667398453
0.14748512208461761
0.10485260933637619
0.10926129668951035
0.1123380959033966
0.14632843434810638
0.09780330955982208
0.12303091585636139
0.10373665392398834
0.17567089200019836
0.11945110559463501
0.11323453485965729
0.11032065749168396
0.11659166216850281
0.11291378736495972
0.165366068482399
0.13401927053928375
0.10115115344524384
0.12893541157245636
0.10676175355911255
0.10711100697517395
0.10832314938306808
0.12616442143917084
0.10474099218845367
0.11436453461647034
0.10653258115053177
0.10940714180469513
0.1290881335735321
0.09968608617782593
0.12169913947582245
0.11743995547294617
0.12476309388875961
0.11391475796699524
0.10910040140151978
0.09669665992259979
0.12200839817523956
0.16402667760849
0.14281202852725983
0.10156378149986267
0.11005518585443497
0.12416096031665802
0.09587462246417999
0.11353471875190735
0.11714658886194229
0.1162114366889
0.1118989884853363
0.11789762228727341
0.14334289729595184
0.1351809948682785
0.11542562395334244
0.10865440219640732
0.10585832595825195
0.1114649847149849
0.12580616772174835
0.11022379994392395
0.10090848058462143
0.18256539106369019
0.09962991625070572
0.11939811706542969
0.10161171853542328
0.10973834991455078
0.1117451936006546
0.13663671910762787
0.09936068207025528
0.09598954021930695
0.14053280651569366
0.14314711093902588
0.1301378309726715
0.09704966098070145
0.11160534620285034
0.12863412499427795
0.16058754920959473
0.11089575290679932
0.1301557719707489
0.1596718281507492
0.10347718000411987
0.10737967491149902
0.11026687920093536
0.12769067287445068
0.12051016092300415
0.11499834805727005
0.11653417348861694
0.12846794724464417
0.10913068056106567
0.11513514071702957
0.11310939490795135
0.11082486063241959
0.10327912122011185
0.12728376686573029
0.15698085725307465
0.11316127330064774
0.11411581933498383
0.1097017377614975
0.12626689672470093
0.10137438774108887
0.10125401616096497
0.1289224475622177
0.1471315324306488
0.1095425933599472
0.10871237516403198
0.11848859488964081
0.12091667950153351
0.10329010337591171
0.13022318482398987
0.10174481570720673
0.1532517373561859
0.10500213503837585
0.09708011150360107
0.10490088909864426
0.11264771223068237
0.11715540289878845
0.14034974575042725
0.1450197547674179
0.10061466693878174
0.11281771957874298
0.13443641364574432
0.11477375030517578
0.12311628460884094
0.1170303151011467
0.1097421944141388
0.14007709920406342
0.10077129304409027
0.10372040420770645
0.11885355412960052
0.09593141078948975
0.11669495701789856
0.12862639129161835
0.11844934523105621
0.09452252835035324
0.10655459761619568
0.10273002088069916
0.1041904166340828
0.11262843012809753
0.10766775161027908
0.10802336037158966
0.11562633514404297
0.10094211995601654
0.10704545676708221
0.11500385403633118
0.11630595475435257
0.10387168824672699
0.11186838150024414
0.09456600248813629
0.1065494492650032
0.15493544936180115
0.1071871966123581
0.098963163793087
0.11788575351238251
0.10165634006261826
0.10483293235301971
0.1322464644908905
0.11302115023136139
0.11804020404815674
0.11781947314739227
0.11700514703989029
0.10481767356395721
0.12347961962223053
0.10860702395439148
0.1160060465335846
0.12127779424190521
0.10499061644077301
0.10582472383975983
0.10154484957456589
0.10754268616437912
0.10815486311912537
0.11864972114562988
0.09881822019815445
0.1465928554534912
0.13698947429656982
0.11038261651992798
0.10100238025188446
0.09841299057006836
0.13950084149837494
0.12299102544784546
0.10959794372320175
0.09926221519708633
0.10262570530176163
0.11373972147703171
0.18058663606643677
0.16594278812408447
0.09903337806463242
0.10913412272930145
0.10187221318483353
0.09818919003009796
0.1302492618560791
0.10103052854537964
0.11460603028535843
0.130533367395401
0.13373051583766937
0.14918264746665955
0.09683910012245178
0.11886055767536163
0.10221461951732635
0.09859007596969604
0.11427733302116394
0.09942834079265594
0.11349299550056458
0.10836344957351685
0.11023100465536118
0.1317332684993744
0.09852342307567596
0.10348029434680939
0.10186627507209778
0.131128191947937
0.10214680433273315
0.11405302584171295
0.09819690883159637
0.10248298197984695
0.18831925094127655
0.16253066062927246
0.12261957675218582
0.10718788951635361
0.15473179519176483
0.12825283408164978
0.10168267786502838
0.13912205398082733
0.10409059375524521
0.10943637788295746
0.1261674463748932
0.1195906400680542
0.10466191172599792
0.11586342751979828
0.11408531665802002
0.11710140109062195
0.11024384200572968
0.10123628377914429
0.10279056429862976
0.1845686137676239
0.11273105442523956
0.12159663438796997
0.11254257708787918
0.10513252019882202
0.09926927834749222
0.10957711189985275
0.1101599931716919
0.10854600369930267
0.11466456204652786
0.11586542427539825
0.10556436330080032
0.117546945810318
0.10398131608963013
0.10682965070009232
0.125442236661911
0.10410428792238235
0.11448373645544052
0.11671600490808487
0.10575076192617416
0.09860755503177643
0.11234506964683533
0.10073281079530716
0.110348179936409
0.09435134381055832
0.10240024328231812
0.1097320094704628
0.10658283531665802
0.10813292860984802
0.10078496485948563
0.10689429938793182
0.09965100884437561
0.10594983398914337
0.10318292677402496
0.10514127463102341
0.1109614223241806
0.09950917214155197
0.10599584132432938
0.1087329164147377
0.10433974117040634
0.18562504649162292
0.11430292576551437
0.11061371117830276
0.1707841455936432
0.11759603023529053
0.11800377070903778
0.10882702469825745
0.11424659192562103
0.11415137350559235
0.10402247309684753
0.10623703896999359
0.106475330889225
0.10636401176452637
0.12359760701656342
0.09669280797243118
0.1083754152059555
0.1282067894935608
0.0964079201221466
0.11516554653644562
0.10604508966207504
0.11851555854082108
0.1175311878323555
0.10093295574188232
0.10867821425199509
0.13300999999046326
0.17989008128643036
0.16600936651229858
0.11586274206638336
0.11194965988397598
0.12006964534521103
0.12322472035884857
0.11692748963832855
0.11100222915410995
0.125712588429451
0.11872447282075882
0.10968868434429169
0.10817226767539978
0.10253437608480453
0.10273370146751404
0.1446046680212021
0.09934766590595245
0.1090688407421112
0.106132872402668
0.11905631422996521
0.14445330202579498
0.12159019708633423
0.09660413861274719
0.1142185628414154
0.13316220045089722
0.11337889730930328
0.10374224185943604
0.11029459536075592
0.11858288943767548
0.10367171466350555
0.1112561821937561
0.1475124955177307
0.11761586368083954
0.16801829636096954
0.11225959658622742
0.1286521852016449
0.13974741101264954
0.1060093343257904
0.1183912456035614
0.10559206455945969
0.10076554864645004
0.12420539557933807
0.11801771819591522
0.10583575069904327
0.17659711837768555
0.10739795118570328
0.11573780328035355
0.09987740963697433
0.11044178158044815
0.10571194440126419
0.09336767345666885
0.11527375876903534
0.10820835828781128
0.10917128622531891
0.1047498881816864
0.11493847519159317
0.11985667049884796
0.12480311095714569
0.09790829569101334
0.10254201292991638
0.11316835135221481
0.09977059066295624
0.1454925835132599
0.11276610195636749
0.11263079196214676
0.09770334511995316
0.11001663655042648
0.11026684939861298
0.10554294288158417
0.1491788625717163
0.10130485892295837
0.11881209164857864
0.11632436513900757
0.11254230886697769
0.11544109880924225
0.13909155130386353
0.11139512062072754
0.10159142315387726
0.10630828887224197
0.10882735997438431
0.10129810124635696
0.10146243870258331
0.11603595316410065
0.10369642078876495
0.13814857602119446
0.1390034258365631
0.11836186051368713
0.10710330307483673
0.1181720420718193
0.11237813532352448
0.1003335490822792
0.10824717581272125
0.1666630059480667
0.10420893132686615
0.13776227831840515
0.10778433829545975
0.1051216647028923
0.11903011798858643
0.09792754054069519
0.11349519342184067
0.10164064913988113
0.13153868913650513
0.11741255223751068
0.11043734103441238
0.11273050308227539
0.12017577141523361
0.13091710209846497
0.11564541608095169
0.09786199033260345
0.10435086488723755
0.1194847971200943
0.11212695389986038
0.10509561002254486
0.11950717866420746
0.1263352781534195
0.1479092538356781
0.10701502859592438
0.10812775790691376
0.10488143563270569
0.12736308574676514
0.10677766054868698
0.11344078928232193
0.10916495323181152
0.11165141314268112
0.11434045433998108
0.10943759977817535
0.13426156342029572
0.10657466948032379
0.11555321514606476
0.12483718991279602
0.09751273691654205
0.11016350984573364
0.12072411924600601
0.10544266551733017
0.1164189875125885
0.11214227974414825
0.11143288016319275
0.10386063158512115
0.12047374248504639
0.10500825941562653
0.1050812378525734
0.11408665776252747
0.11317324638366699
0.11317931115627289
0.11310829222202301
0.11935969442129135
0.11876941472291946
0.10720863938331604
0.129225492477417
0.13127504289150238
0.10806239396333694
0.10813000798225403
0.11608868837356567
0.11249769479036331
0.10321406275033951
0.11048687994480133
0.12875482439994812
0.11328718066215515
0.10370739549398422
0.1039140447974205
0.11610464006662369
0.12161489576101303
0.11367273330688477
0.12732040882110596
0.10418665409088135
0.12614816427230835
0.10041211545467377
0.10438283532857895
0.11488865315914154
0.11026710271835327
0.11418715864419937
0.10880976915359497
0.10191839933395386
0.09691694378852844
0.10098805278539658
0.10488446801900864
0.11060084402561188
0.09979937225580215
0.11454567313194275
0.09893281757831573
0.09832355380058289
0.12012609839439392
0.1009005531668663
0.10952184349298477
0.10257184505462646
0.09668652713298798
0.14943599700927734
0.2043207734823227
0.10879862308502197
0.12620705366134644
0.10588601231575012
0.10696866363286972
0.1167697161436081
0.09858512133359909
0.13191819190979004
0.10496770590543747
0.09586408734321594
0.11168015748262405
0.11390096694231033
0.10830290615558624
0.10220953822135925
0.11143001168966293
0.095420703291893
0.13545726239681244
0.11801949143409729
0.09680096060037613
0.10884979367256165
0.10388188064098358
0.10929253697395325
0.10276931524276733
0.09661011397838593
0.1319502592086792
0.1494225263595581
0.11063489317893982
0.1423170268535614
0.11297430843114853
0.10156546533107758
0.10178299993276596
0.10150951147079468
0.11654692888259888
0.11146526038646698
0.11088337749242783
0.09743308275938034
0.11143844574689865
0.1607688069343567
0.1198858842253685
0.1035139188170433
0.12488076090812683
0.1264992356300354
0.09778060019016266
0.09780183434486389
0.11464826762676239
0.1351567506790161
0.10747412592172623
0.10041938722133636
0.09814964979887009
0.10361851751804352
0.10929969698190689
0.10711930692195892
0.11981848627328873
0.11683095246553421
0.1206439658999443
0.1034771129488945
0.10755286365747452
0.11265166103839874
0.11575247347354889
0.09695431590080261
0.10748199373483658
0.09820066392421722
0.10078912228345871
0.10266746580600739
0.10508690029382706
0.09361531585454941
0.12370176613330841
0.11514472216367722
0.10386689752340317
0.1073213741183281
0.09585662186145782
0.10894624143838882
0.122078076004982
0.11438948661088943
0.14866143465042114
0.11461427807807922
0.11707322299480438
0.10149858146905899
0.10410814732313156
0.12701117992401123
0.1021106168627739
0.10968726873397827
0.10534650087356567
0.11504256725311279
0.09787614643573761
0.10679329931735992
0.10877250134944916
0.1105651706457138
0.15498492121696472
0.11182228475809097
0.10303958505392075
0.12662501633167267
0.10829467326402664
0.10295125842094421
0.10173369944095612
0.10474394261837006
0.11710411310195923
0.11578288674354553
0.09902207553386688
0.09578828513622284
0.17059297859668732
0.15203344821929932
0.10095490515232086
0.11532659083604813
0.1159738302230835
0.1029343232512474
0.10283131897449493
0.09878038614988327
0.10820067673921585
0.12288525700569153
0.11691262573003769
0.10024934262037277
0.118410624563694
0.11306647956371307
0.14413341879844666
0.11614560335874557
0.12211394309997559
0.10318806022405624
0.12221769988536835
0.09617747366428375
0.10732260346412659
0.13985808193683624
0.11026597023010254
0.10977043211460114
0.12374185025691986
0.11878494918346405
0.11041875183582306
0.09873316437005997
0.12679210305213928
0.10860046744346619
0.10605540126562119
0.0999293178319931
0.10163244605064392
0.09527523815631866
0.1481090486049652
0.12335048615932465
0.12192367017269135
0.11600233614444733
0.10093746334314346
0.10406104475259781
0.12422912567853928
0.10378150641918182
0.10609785467386246
0.10399259626865387
0.10243885964155197
0.10744602978229523
0.09897148609161377
0.10127734392881393
0.14173302054405212
0.10199658572673798
0.13984405994415283
0.1197262555360794
0.09594303369522095
0.10003247857093811
0.12139597535133362
0.10391663759946823
0.10497170686721802
0.10038401931524277
0.10033100098371506
0.12696297466754913
0.11395628750324249
0.10601593554019928
0.09566794335842133
0.13652963936328888
0.11684077233076096
0.10382635146379471
0.14041313529014587
0.1016651839017868
0.11625471711158752
0.09927345812320709
0.11008486151695251
0.10865726321935654
0.11564786732196808
0.14707839488983154
0.11022025346755981
0.12501300871372223
0.10319018363952637
0.10463017970323563
0.11232905834913254
0.14136996865272522
0.1016712412238121
0.14616452157497406
0.10633839666843414
0.10424687713384628
0.10104317218065262
0.11305789649486542
0.1101197749376297
0.12024590373039246
0.1261296272277832
0.11442043632268906
0.11322441697120667
0.11352282762527466
0.13217313587665558
0.12274383753538132
0.13602867722511292
0.10178530216217041
0.1324261575937271
0.10249967128038406
0.10562039166688919
0.1205674558877945
0.10647733509540558
0.11068284511566162
0.11347479373216629
0.11641101539134979
0.1122933179140091
0.11558468639850616
0.10275299102067947
0.11173585802316666
0.13534799218177795
0.10192679613828659
0.10260587930679321
0.0992860198020935
0.11380700767040253
0.0971597284078598
0.11136958003044128
0.13999095559120178
0.10392851382493973
0.10387639701366425
0.12291540205478668
0.1022731214761734
0.10304485261440277
0.1141413003206253
0.1267894059419632
0.10037526488304138
0.09796120226383209
0.10471409559249878
0.09909871220588684
0.1110052540898323
0.10105415433645248
0.11122957617044449
0.15669207274913788
0.11477519571781158
0.11808134615421295
0.11997295916080475
0.10240819305181503
0.12709741294384003
0.1007968857884407
0.10258586704730988
0.11407364904880524
0.12541140615940094
0.09538460522890091
0.09938136488199234
0.09943318367004395
0.09675672650337219
0.13245901465415955
0.13079681992530823
0.0947430282831192
0.09907796233892441
0.1218995749950409
0.10080164670944214
0.1062481701374054
0.10848904401063919
0.14545561373233795
0.09611982107162476
0.11771992594003677
0.10867872834205627
0.10595788806676865
0.11993648111820221
0.12915952503681183
0.1104409322142601
0.10175016522407532
0.12585130333900452
0.12740063667297363
0.0999893918633461
0.11273901909589767
0.11322632431983948
0.11091789603233337
0.10756120830774307
0.09931357204914093
0.10293714702129364
0.10979059338569641
0.12429618835449219
0.10789310932159424
0.11545911431312561
0.09916985780000687
0.10671061277389526
0.11281365156173706
0.1187964454293251
0.11253362149000168
0.10796656459569931
0.11425766348838806
0.10949329286813736
0.11505905538797379
0.0962090864777565
0.09857695549726486
0.1412685215473175
0.09434647858142853
0.11336139589548111
0.1276618391275406
0.10646045953035355
0.11889186501502991
0.106681227684021
0.09841477125883102
0.10281117260456085
0.13259528577327728
0.1301894634962082
0.09711921215057373
0.10722039639949799
0.11276648938655853
0.10517024248838425
0.11531829833984375
0.0988534614443779
0.10626822710037231
0.1004708856344223
0.11057212948799133
0.1032450944185257
0.11558117717504501
0.09258566796779633
0.11909599602222443
0.13537557423114777
0.10796304047107697
0.09667269885540009
0.11243504285812378
0.10627775639295578
0.10131650418043137
0.11038433015346527
0.1256701648235321
0.15226584672927856
0.10316085070371628
0.1068325936794281
0.09787032753229141
0.09779942780733109
0.10918507725000381
0.10224685072898865
0.1675146520137787
0.09795025736093521
0.12740346789360046
0.10271082073450089
0.10655780881643295
0.1042071133852005
0.11909309029579163
0.10239984095096588
0.10731866955757141
0.09598331153392792
0.1185329258441925
0.12435987591743469
0.12565654516220093
0.10919928550720215
0.1057695746421814
0.09495442360639572
0.10176917910575867
0.09460712969303131
0.10741424560546875
0.09393063187599182
0.16378775238990784
0.1058395653963089
0.09788186848163605
0.10922978818416595
0.10054973512887955
0.11368002742528915
0.10025802999734879
0.10275556892156601
0.10864215344190598
0.10058321058750153
0.1240164041519165
0.11677832156419754
0.11746948957443237
0.0994051843881607
0.09680594503879547
0.10040536522865295
0.10196183621883392
0.1098560318350792
0.10234968364238739
0.1861255168914795
0.09498831629753113
0.10003576427698135
0.10141754150390625
0.09435385465621948
0.13692976534366608
0.09792788326740265
0.14171475172042847
0.10109370946884155
0.11787569522857666
0.09683123230934143
0.10205542296171188
0.10333159565925598
0.09680681675672531
0.11207624524831772
0.09915687888860703
0.11882971972227097
0.10039546340703964
0.10389503836631775
0.09885888546705246
0.11721809208393097
0.10021515190601349
0.10579559206962585
0.1242445856332779
0.11466819792985916
0.14392705261707306
0.1305614411830902
0.11664073169231415
0.10459858179092407
0.10309477150440216
0.1071241945028305
0.1077757477760315
0.09956269711256027
0.10380291938781738
0.1368504911661148
0.0982934758067131
0.13286814093589783
0.1111827939748764
0.09552836418151855
0.10122504830360413
0.09612765163183212
0.10573458671569824
0.10771771520376205
0.10460024327039719
0.11028223484754562
0.10150804370641708
0.1102079451084137
0.09611614048480988
0.09569480270147324
0.10350585728883743
0.1097600907087326
0.12850625813007355
0.11061207950115204
0.13944342732429504
0.1061369776725769
0.09804791957139969
0.10645116865634918
0.09473510831594467
0.14908796548843384
0.13706450164318085
0.10955322533845901
0.10920700430870056
0.10061774402856827
0.09865130484104156
0.09923463314771652
0.09943567216396332
0.1306777447462082
0.11823813617229462
0.09574829787015915
0.13237835466861725
0.09971828013658524
0.11389398574829102
0.10456442832946777
0.10290287435054779
0.09326820820569992
0.10456956923007965
0.10321739315986633
0.11385788023471832
0.11064492166042328
0.10096244513988495
0.10436989367008209
0.10889768600463867
0.097857765853405
0.12742790579795837
0.11721591651439667
0.10344555974006653
0.12080925703048706
0.1137467473745346
0.10806736350059509
0.13678866624832153
0.1166878193616867
0.10103736817836761
0.10811344534158707
0.11271820962429047
0.10841421782970428
0.10051558166742325
0.10592406243085861
0.09582745283842087
0.12040631473064423
0.10656072199344635
0.09493018686771393
0.10360661149024963
0.10437732189893723
0.10476909577846527
0.10013680160045624
0.14865225553512573
0.10280532389879227
0.10572177916765213
0.10528701543807983
0.11273512244224548
0.12141641974449158
0.104350745677948
0.11280408501625061
0.11020161211490631
0.10657937824726105
0.09893350303173065
0.0972217321395874
0.09576842188835144
0.10665088891983032
0.11973931640386581
0.09626349806785583
0.12857620418071747
0.11131146550178528
0.15547971427440643
0.12006385624408722
0.096036896109581
0.09630842506885529
0.10728155821561813
0.09934137761592865
0.09895624220371246
0.10737282782793045
0.10374507308006287
0.11674316227436066
0.1025254875421524
0.09919685125350952
0.1493758261203766
0.13886481523513794
0.11731953918933868
0.11317932605743408
0.09951192140579224
0.1200556755065918
0.11957412958145142
0.09489527344703674
0.11925044655799866
0.12288787215948105
0.10394999384880066
0.10459516942501068
0.10178099572658539
0.10302429646253586
0.09993605315685272
0.14434784650802612
0.12615343928337097
0.0923508033156395
0.10644696652889252
0.09882660955190659
0.11077515780925751
0.0970793291926384
0.10323257744312286
0.12964119017124176
0.1328916996717453
0.14280587434768677
0.14081062376499176
0.11803179979324341
0.10729536414146423
0.11422818899154663
0.10733529925346375
0.13125893473625183
0.1434384286403656
0.11405119299888611
0.11329421401023865
0.09692180156707764
0.1048809140920639
0.11269810795783997
0.09587374329566956
0.09849736094474792
0.11145196855068207
0.12059006094932556
0.10280773043632507
0.11866791546344757
0.14656855165958405
0.10350113362073898
0.11379419267177582
0.10101129859685898
0.11186151206493378
0.11724627017974854
0.09923084825277328
0.09974201768636703
0.09869658201932907
0.11908899247646332
0.10557788610458374
0.10301327705383301
0.1190757304430008
0.10353414714336395
0.11869412660598755
0.09486258029937744
0.1113390401005745
0.13467875123023987
0.12572097778320312
0.15577241778373718
0.11083117127418518
0.1007695347070694
0.11254841834306717
0.0964190736413002
0.10811103880405426
0.10516977310180664
0.10520574450492859
0.09847456216812134
0.11901368200778961
0.10094504058361053
0.10212557017803192
0.10916066914796829
0.15396949648857117
0.1102832481265068
0.11016374081373215
0.10816717147827148
0.10253549367189407
0.12371785938739777
0.09874910116195679
0.09215632826089859
0.11717405915260315
0.12053799629211426
0.09849953651428223
0.09194507449865341
0.10990981012582779
0.08851924538612366
0.12823721766471863
0.11376986652612686
0.1365777999162674
0.11021117120981216
0.1050177738070488
0.1305290162563324
0.13458171486854553
0.13162001967430115
0.13078196346759796
0.10588511824607849
0.09990498423576355
0.12799471616744995
0.10142016410827637
0.1138693317770958
0.10509447753429413
0.12516166269779205
0.10341273993253708
0.11597499251365662
0.10823796689510345
0.12728458642959595
0.13346515595912933
0.10608503222465515
0.11392368376255035
0.11845390498638153
0.11646218597888947
0.11838628351688385
0.10166573524475098
0.1214483380317688
0.16534721851348877
0.1086224615573883
0.10416337847709656
0.10194278508424759
0.10793127864599228
0.1007358729839325
0.11785493791103363
0.11961968243122101
0.1424441933631897
0.10483482480049133
0.10270266234874725
0.10511705279350281
0.10469935834407806
0.10735691338777542
0.09940066933631897
0.11739127337932587
0.11791859567165375
0.09501795470714569
0.09518006443977356
0.10239733755588531
0.10477689653635025
0.09663151949644089
0.11379918456077576
0.10367833077907562
0.09908850491046906
0.1117468774318695
0.17220422625541687
0.10240828990936279
0.11925681680440903
0.11870317161083221
0.10208834707736969
0.1072612926363945
0.12645576894283295
0.09794986993074417
0.10544904321432114
0.11492938548326492
0.12449081987142563
0.09829533845186234
0.1036396250128746
0.14854609966278076
0.10304098576307297
0.1347011774778366
0.13982412219047546
0.18092459440231323
0.10178250074386597
0.09516368061304092
0.10218258947134018
0.10333660244941711
0.09728687256574631
0.11119355261325836
0.12593138217926025
0.099061518907547
0.10806576162576675
0.12423603236675262
0.09101568162441254
0.10483449697494507
0.12084098160266876
0.1041959598660469
0.12324613332748413
0.10966366529464722
0.09683331102132797
0.10044841468334198
0.10295382142066956
0.09231065213680267
0.11048974841833115
0.09797672182321548
0.11963967978954315
0.10643534362316132
0.10392525792121887
0.10188677906990051
0.0935511663556099
0.10364814847707748
0.10243088752031326
0.09429298341274261
0.09718794375658035
0.11256592720746994
0.09530290216207504
0.10543891787528992
0.09824862331151962
0.09450040757656097
0.12719301879405975
0.10145542770624161
0.1265045404434204
0.09777016937732697
0.10134921222925186
0.10371965169906616
0.09913663566112518
0.10825230181217194
0.10136645287275314
0.11787010729312897
0.09859631210565567
0.10622954368591309
0.09315869957208633
0.09639877825975418
0.10611212253570557
0.13912129402160645
0.10967034101486206
0.09327603876590729
0.14619074761867523
0.0974884033203125
0.09627196192741394
0.132439523935318
0.1053512766957283
0.09876377135515213
0.10425353795289993
0.09534332901239395
0.11183971166610718
0.10260920226573944
0.10587242245674133
0.09848325699567795
0.11563723534345627
0.14573460817337036
0.09726999700069427
0.10524765402078629
0.1088801845908165
0.0944354459643364
0.10555399954319
0.10706648230552673
0.10523012280464172
0.12303056567907333
0.10277941823005676
0.09428657591342926
0.09772153198719025
0.10149053484201431
0.09839324653148651
0.10281206667423248
0.11485911905765533
0.10717426985502243
0.15540015697479248
0.16569191217422485
0.11539742350578308
0.11642046272754669
0.10074309259653091
0.10104326903820038
0.12210634350776672
0.13355393707752228
0.10725080966949463
0.11584656685590744
0.10041069984436035
0.09987154603004456
0.10231195390224457
0.11215613782405853
0.11139757931232452
0.09745128452777863
0.1012481227517128
0.1494280993938446
0.10784891247749329
0.10514812171459198
0.10548938065767288
0.1018620952963829
0.09816675633192062
0.11688342690467834
0.1209820955991745
0.10033254325389862
0.11289049685001373
0.110752172768116
0.10853808373212814
0.09345775097608566
0.10428142547607422
0.09782898426055908
0.09447532147169113
0.09662508964538574
0.10777036845684052
0.11217515170574188
0.11654961109161377
0.10989963263273239
0.10681915283203125
0.0959051325917244
0.11488789319992065
0.10571697354316711
0.11213310062885284
0.0988549292087555
0.11261571943759918
0.09441884607076645
0.1386421173810959
0.10895834863185883
0.10188882052898407
0.10178246349096298
0.0998629555106163
0.12927725911140442
0.0937102660536766
0.13538144528865814
0.09594069421291351
0.0900682732462883
0.10898949205875397
0.10947577655315399
0.09753759950399399
0.10379523783922195
0.12215946614742279
0.10139970481395721
0.10573919117450714
0.15581846237182617
0.09651187807321548
0.0990036129951477
0.1007075384259224
0.10742291063070297
0.10478456318378448
0.10002680867910385
0.10371499508619308
0.10574793070554733
0.09563300758600235
0.10021180659532547
0.10618481040000916
0.1014714390039444
0.09860985726118088
0.10549862682819366
0.10227303951978683
0.10780386626720428
0.10274758189916611
0.10415216535329819
0.11333709955215454
0.11252083629369736
0.1127568781375885
0.09509442746639252
0.10983121395111084
0.09936779737472534
0.1223539412021637
0.1917966902256012
0.0935959741473198
0.09699807316064835
0.09437446296215057
0.109181709587574
0.1177988052368164
0.11355960369110107
0.10812826454639435
0.14212995767593384
0.11021371185779572
0.10661830008029938
0.09650887548923492
0.10099311172962189
0.11560806632041931
0.09822714328765869
0.09764121472835541
0.10014435648918152
0.16800087690353394
0.10836447775363922
0.11876222491264343
0.1085573360323906
0.09764184057712555
0.12399576604366302
0.11708109825849533
0.09563958644866943
0.10031695663928986
0.16311457753181458
0.14103233814239502
0.10504817962646484
0.11756835132837296
0.13310739398002625
0.1021929606795311
0.11130397766828537
0.09902642667293549
0.10818850249052048
0.10338689386844635
0.11482244729995728
0.11337162554264069
0.12053757905960083
0.1075262576341629
0.11197403073310852
0.10254208743572235
0.10276174545288086
0.09422275424003601
0.10201701521873474
0.10085400938987732
0.10691480338573456
0.0926261842250824
0.10203506797552109
0.11079529672861099
0.09636722505092621
0.1445872038602829
0.09776481986045837
0.09645193070173264
0.12364033609628677
0.09318498522043228
0.11126944422721863
0.11355438083410263
0.10962661355733871
0.09977163374423981
0.1379171460866928
0.12861882150173187
0.1077900156378746
0.10126619040966034
0.09867388755083084
0.12744128704071045
0.10528592765331268
0.09872693568468094
0.11441713571548462
0.11302047222852707
0.11110900342464447
0.1278756856918335
0.10850048810243607
0.09945210814476013
0.09357880055904388
0.09429037570953369
0.11168374866247177
0.10542722046375275
0.09684977680444717
0.1378110945224762
0.09894482046365738
0.11680314689874649
0.10130876302719116
0.09838750213384628
0.10098488628864288
0.17560677230358124
0.11222565174102783
0.10594946891069412
0.11967325210571289
0.09944301843643188
0.09417735040187836
0.10385769605636597
0.1059383824467659
0.12710659205913544
0.09280260652303696
0.11260165274143219
0.10813155025243759
0.10636787116527557
0.10217723995447159
0.09425082057714462
0.09849727153778076
0.10191981494426727
0.09574691206216812
0.1069771945476532
0.11671587824821472
0.11344315856695175
0.12349078059196472
0.09720060229301453
0.10353346168994904
0.1359887421131134
0.10431277751922607
0.11483212560415268
0.09805028140544891
0.10984624922275543
0.10124284029006958
0.11270621418952942
0.1005106195807457
0.09706812351942062
0.18760278820991516
0.10196945816278458
0.09909552335739136
0.10328029841184616
0.09419277310371399
0.11124341189861298
0.09508604556322098
0.09126904606819153
0.1054118424654007
0.11087200045585632
0.10521339625120163
0.10777552425861359
0.11626508086919785
0.09805312007665634
0.1268041431903839
0.09281600266695023
0.12699489295482635
0.09650015085935593
0.10054117441177368
0.11152321100234985
0.0971791073679924
0.11518068611621857
0.13588948547840118
0.09509536623954773
0.12289414554834366
0.12206786870956421
0.10328933596611023
0.10954372584819794
0.0979946181178093
0.14514479041099548
0.09900307655334473
0.11988040804862976
0.09706063568592072
0.11176788806915283
0.12568551301956177
0.13618911802768707
0.1304723620414734
0.1053929552435875
0.11092010140419006
0.09831061959266663
0.13206689059734344
0.11133108288049698
0.10329249501228333
0.09883999824523926
0.10589592158794403
0.10380632430315018
0.12621791660785675
0.11597058176994324
0.09894373267889023
0.09407664835453033
0.10606130957603455
0.13871991634368896
0.10360465198755264
0.16733458638191223
0.09902101755142212
0.09801828116178513
0.09552589058876038
0.14617717266082764
0.10406838357448578
0.12623979151248932
0.10858973860740662
0.1215226799249649
0.10791674256324768
0.1018410250544548
0.14042112231254578
0.1330997347831726
0.09817975759506226
0.10654322803020477
0.1126793920993805
0.10912413895130157
0.1475343555212021
0.09937800467014313
0.10949382185935974
0.09719940274953842
0.10843658447265625
0.15812282264232635
0.1336468756198883
0.12217594683170319
0.09951186925172806
0.10352170467376709
0.11595321446657181
0.1167488545179367
0.1324470043182373
0.1169244796037674
0.11390437185764313
0.11850202828645706
0.10104434937238693
0.09611169248819351
0.10141702741384506
0.09949739277362823
0.09440409392118454
0.10199053585529327
0.10806474089622498
0.10532962530851364
0.12075777351856232
0.09185218065977097
0.09402355551719666
0.11730453372001648
0.09064685553312302
0.09527471661567688
0.09164018929004669
0.10594970732927322
0.10781042277812958
0.10329490900039673
0.10030168294906616
0.10486973077058792
0.09633423388004303
0.09509842842817307
0.10989847779273987
0.0975748747587204
0.12910814583301544
0.10911688208580017
0.10094823688268661
0.12556205689907074
0.09257321804761887
0.10188406705856323
0.1056668609380722
0.09911257773637772
0.10563118010759354
0.0983441174030304
0.10947068780660629
0.09885337203741074
0.1029030978679657
0.10756264626979828
0.10771417617797852
0.0951310396194458
0.11361104249954224
0.1108194962143898
0.09633538126945496
0.09643486142158508
0.10486066341400146
0.10502952337265015
0.12815673649311066
0.10621944069862366
0.10116715729236603
0.0967671126127243
0.09391070157289505
0.16139976680278778
0.09639856219291687
0.09871222078800201
0.11863559484481812
0.11361294239759445
0.1065482646226883
0.11049497127532959
0.10296172648668289
0.10664822161197662
0.09933985769748688
0.11218643188476562
0.09408263862133026
0.09391286969184875
0.09715154021978378
0.10198059678077698
0.12143164873123169
0.10925959050655365
0.09286268800497055
0.1092563271522522
0.10115978866815567
0.09444832801818848
0.09347747266292572
0.11109687387943268
0.0944862812757492
0.10871624946594238
0.09709575027227402
0.09822267293930054
0.10496318340301514
0.0998215302824974
0.10119016468524933
0.11909859627485275
0.09532269835472107
0.10413100570440292
0.10543760657310486
0.09700912982225418
0.10473809391260147
0.10617944598197937
0.1687639057636261
0.10250572860240936
0.09248276799917221
0.11106493324041367
0.09104707837104797
0.10290326178073883
0.10691314935684204
0.10308590531349182
0.1035485789179802
0.1224704384803772
0.10261741280555725
0.1206752136349678
0.09256274253129959
0.1148974597454071
0.09316164255142212
0.09766435623168945
0.11140028387308121
0.12503769993782043
0.12560421228408813
0.0980028286576271
0.09554681181907654
0.12480832636356354
0.11752349883317947
0.10427414625883102
0.14786559343338013
0.11434710770845413
0.10530587285757065
0.09207437187433243
0.09646832197904587
0.09460911899805069
0.09184224903583527
0.11657696962356567
0.0943533405661583
0.10704617947340012
0.10081721097230911
0.10070616006851196
0.11625662446022034
0.09571658074855804
0.15132835507392883
0.13343563675880432
0.10215552151203156
0.10229207575321198
0.141224667429924
0.0956893041729927
0.10651855170726776
0.10490883141756058
0.11403834819793701
0.0929141640663147
0.11869193613529205
0.0963362380862236
0.11182920634746552
0.09465416520833969
0.09951568394899368
0.10623283684253693
0.11273402720689774
0.09463966637849808
0.11341476440429688
0.12093810737133026
0.13677607476711273
0.10169833153486252
0.09454241394996643
0.09582383185625076
0.10392175614833832
0.1125842034816742
0.13933485746383667
0.09964460134506226
0.09812761098146439
0.13418669998645782
0.13238471746444702
0.11295802891254425
0.10896344482898712
0.1471320390701294
0.10361723601818085
0.11136908829212189
0.1055038645863533
0.10624302178621292
0.10685788840055466
0.10102640092372894
0.10041172057390213
0.0941624566912651
0.11037035286426544
0.11438093334436417
0.13663916289806366
0.10842493921518326
0.1184663474559784
0.10904008150100708
0.10170035064220428
0.122598797082901
0.09563327580690384
0.10870003700256348
0.10108812153339386
0.11383460462093353
0.10527623444795609
0.09316129982471466
0.1152477115392685
0.0962560847401619
0.11233271658420563
0.12191268801689148
0.09567806869745255
0.1090061366558075
0.09828057885169983
0.09359700977802277
0.10919075459241867
0.0961238369345665
0.10806670784950256
0.1083378940820694
0.13600900769233704
0.13907749950885773
0.14835192263126373
0.11487129330635071
0.11436566710472107
0.09497763216495514
0.11172729730606079
0.11539193987846375
0.095296710729599
0.09941188991069794
0.12204478681087494
0.11777258664369583
0.10843530297279358
0.10455837845802307
0.09154009819030762
0.1212824136018753
0.11053631454706192
0.10228963196277618
0.12101131677627563
0.11487086862325668
0.1175335943698883
0.13080701231956482
0.09522730857133865
0.11400676518678665
0.11841325461864471
0.10875851660966873
0.10067287087440491
0.10410287976264954
0.10029501467943192
0.098402239382267
0.09837472438812256
0.11142764240503311
0.0978289395570755
0.09705641120672226
0.11303356289863586
0.10189189016819
0.10677189379930496
0.151386097073555
0.0998319610953331
0.11350582540035248
0.10745063424110413
0.10172799229621887
0.10015151649713516
0.12225624918937683
0.10307735949754715
0.1035800352692604
0.10697963833808899
0.1411718726158142
0.10338132083415985
0.10153643786907196
0.10320038348436356
0.1045602411031723
0.12233703583478928
0.11257107555866241
0.09669394046068192
0.10053388774394989
0.09417324513196945
0.11254850775003433
0.17812523245811462
0.10709531605243683
0.10007112473249435
0.09588264673948288
0.1000034362077713
0.11644746363162994
0.09496677666902542
0.10192042589187622
0.10449212789535522
0.15606865286827087
0.10027805715799332
0.10278381407260895
0.13051049411296844
0.10236670821905136
0.09974992275238037
0.09691020101308823
0.10399889945983887
0.10928195714950562
0.15466678142547607
0.10743285715579987
0.11243516206741333
0.10029847919940948
0.0970604196190834
0.10461591184139252
0.11239506304264069
0.14049209654331207
0.09641767293214798
0.105321004986763
0.11170065402984619
0.1285822093486786
0.10698849707841873
0.10519742965698242
0.10133430361747742
0.10234233736991882
0.09879046678543091
0.08952545374631882
0.1170407086610794
0.11484698951244354
0.10194806754589081
0.09236792474985123
0.09352432191371918
0.1035429909825325
0.09988106787204742
0.10389088094234467
0.10071689635515213
0.09405627846717834
0.09756360203027725
0.10136917233467102
0.1467321366071701
0.11010463535785675
0.10443924367427826
0.10826007276773453
0.1013670563697815
0.11538586765527725
0.10439981520175934
0.11486124992370605
0.10112617164850235
0.1097809299826622
0.10574811697006226
0.0980616882443428
0.09281414747238159
0.10240596532821655
0.10664952546358109
0.10668428987264633
0.10007715225219727
0.16099855303764343
0.09862756729125977
0.10550272464752197
0.09759008139371872
0.1072978526353836
0.09828171133995056
0.09909465163946152
0.08976808935403824
0.11068783700466156
0.09412673115730286
0.09194512665271759
0.10875125974416733
0.09684795141220093
0.09869906306266785
0.11682245880365372
0.1009368970990181
0.10684887319803238
0.09905698150396347
0.09314273297786713
0.10573219507932663
0.09215445816516876
0.09269574284553528
0.13949191570281982
0.09535980969667435
0.12936586141586304
0.11152088642120361
0.15113240480422974
0.10688851028680801
0.11487577855587006
0.09316954761743546
0.1460648775100708
0.11191937327384949
0.10425913333892822
0.12141209840774536
0.0993465706706047
0.10368029773235321
0.094729483127594
0.09746433794498444
0.10148780047893524
0.0955284833908081
0.09893713891506195
0.10968537628650665
0.10852254927158356
0.10192492604255676
0.09905966371297836
0.09619942307472229
0.10425803065299988
0.10006193071603775
0.09942370653152466
0.11285123229026794
0.10822932422161102
0.11854864656925201
0.10303325951099396
0.13345111906528473
0.09554646164178848
0.09678661823272705
0.09909465909004211
0.0950857400894165
0.0995163694024086
0.09134320914745331
0.09965649247169495
0.09798921644687653
0.11040449142456055
0.12674400210380554
0.11215919256210327
0.11173338443040848
0.09753932058811188
0.0982830822467804
0.0990428701043129
0.09682224690914154
0.0934700146317482
0.09969992935657501
0.09962022304534912
0.09017161279916763
0.10061229765415192
0.11818087100982666
0.09248479455709457
0.10199757665395737
0.16993552446365356
0.11658395081758499
0.09392078220844269
0.10530082136392593
0.09639305621385574
0.1047656312584877
0.11627360433340073
0.11567188054323196
0.0965251624584198
0.10240639746189117
0.10510818660259247
0.09532639384269714
0.10134834051132202
0.10533162951469421
0.10043828934431076
0.09814871847629547
0.10716580599546432
0.09648232161998749
0.10384103655815125
0.0920640081167221
0.11720963567495346
0.097959503531456
0.11884933710098267
0.16220521926879883
0.1207113042473793
0.09896626323461533
0.10175658762454987
0.09657160937786102
0.09873063117265701
0.13569454848766327
0.10290698707103729
0.10334599018096924
0.12296805530786514
0.11468368768692017
0.1154957115650177
0.1020374745130539
0.09898646175861359
0.0985371470451355
0.11144831776618958
0.12686797976493835
0.1097474992275238
0.1011052280664444
0.12796294689178467
0.1114221066236496
0.09448948502540588
0.0898454561829567
0.11106748878955841
0.09885762631893158
0.1249721497297287
0.09815366566181183
0.11161267757415771
0.10924437642097473
0.1007748544216156
0.10474160313606262
0.0971422791481018
0.16213595867156982
0.11288444697856903
0.10485508292913437
0.11102007329463959
0.09389153867959976
0.09545066207647324
0.12897270917892456
0.1013847216963768
0.09217474609613419
0.1288272589445114
0.11542005836963654
0.14331406354904175
0.09083305299282074
0.11875563114881516
0.1034642904996872
0.09572760760784149
0.11165511608123779
0.09112254530191422
0.09288079291582108
0.09714008867740631
0.09793592989444733
0.10775726288557053
0.09871213883161545
0.11241331696510315
0.10326924920082092
0.09535738080739975
0.10611321777105331
0.10453683882951736
0.09064065665006638
0.09727910161018372
0.10020965337753296
0.10945683717727661
0.10892432928085327
0.09622301161289215
0.10723750293254852
0.10760078579187393
0.10134871304035187
0.10274209082126617
0.10205690562725067
0.13398435711860657
0.10531777143478394
0.09638064354658127
0.10691557824611664
0.1096334457397461
0.10570230334997177
0.0912495106458664
0.09518011659383774
0.10408851504325867
0.08760468661785126
0.09127088636159897
0.1026783213019371
0.09727539867162704
0.11865885555744171
0.09744959324598312
0.09829588234424591
0.09902744740247726
0.100214883685112
0.09373274445533752
0.1079852432012558
0.12034416198730469
0.1009812280535698
0.10806642472743988
0.10683732479810715
0.09791067242622375
0.09502243995666504
0.0901951864361763
0.08989866822957993
0.09581100195646286
0.10160708427429199
0.10792703926563263
0.15933513641357422
0.09977991878986359
0.1053244099020958
0.12538009881973267
0.09341230243444443
0.1079057902097702
0.09308712184429169
0.10093080252408981
0.11504615843296051
0.11133536696434021
0.10374094545841217
0.0923357829451561
0.10704594850540161
0.15815696120262146
0.12075857818126678
0.10615065693855286
0.096515953540802
0.10311100631952286
0.09554901719093323
0.10792718082666397
0.09014183282852173
0.10013381391763687
0.10249118506908417
0.10843692719936371
0.09921452403068542
0.1244642585515976
0.09890417754650116
0.09939619898796082
0.10023227334022522
0.09783581644296646
0.14934056997299194
0.10937362909317017
0.09677555412054062
0.09096693247556686
0.09539014846086502
0.1510201096534729
0.13663005828857422
0.09371068328619003
0.1077868640422821
0.1439618170261383
0.1438826322555542
0.10369916260242462
0.10608957707881927
0.09639596939086914
0.10079017281532288
0.12955623865127563
0.09725738316774368
0.09537161886692047
0.11852943897247314
0.12105292081832886
0.094401054084301
0.13563144207000732
0.10230711847543716
0.0938204973936081
0.11257453262805939
0.11345347762107849
0.0907057449221611
0.10881644487380981
0.09263087809085846
0.09993332624435425
0.12131878733634949
0.10341140627861023
0.12169229984283447
0.0927143543958664
0.10102298855781555
0.09297623485326767
0.10032327473163605
0.09958724677562714
0.1350720375776291
0.09415412694215775
0.09573686122894287
0.09577343612909317
0.117325559258461
0.09907515347003937
0.09112909436225891
0.10772936791181564
0.09623697400093079
0.10483019798994064
0.12178239226341248
0.13151955604553223
0.09617090225219727
0.09961812198162079
0.15925070643424988
0.09373259544372559
0.09557570517063141
0.09394246339797974
0.12942883372306824
0.11317045241594315
0.09323901683092117
0.16034209728240967
0.10688136518001556
0.1244223490357399
0.10032449662685394
0.11141431331634521
0.10160794109106064
0.10366392135620117
0.09869076311588287
0.1068105548620224
0.10841907560825348
0.11426647752523422
0.16417479515075684
0.08871380984783173
0.12816563248634338
0.09868226945400238
0.11460903286933899
0.09673187881708145
0.10538487881422043
0.1302233189344406
0.09652018547058105
0.09734740853309631
0.0962352529168129
0.09535112231969833
0.10229112952947617
0.0982067883014679
0.09375521540641785
0.10279092192649841
0.0972750335931778
0.0998072400689125
0.10870729386806488
0.10194896161556244
0.11724650859832764
0.09665126353502274
0.09537402540445328
0.11239327490329742
0.09704277664422989
0.1033666655421257
0.10115230083465576
0.09812724590301514
0.09909208118915558
0.10521140694618225
0.09600836038589478
0.09490541368722916
0.0943884328007698
0.09468970447778702
0.09654542058706284
0.12124276161193848
0.12169507890939713
0.1011020690202713
0.09659307450056076
0.1038726270198822
0.10141712427139282
0.13954131305217743
0.10483524948358536
0.1015264093875885
0.10619747638702393
0.09629291296005249
0.10835610330104828
0.10034485906362534
0.09760335087776184
0.10669395327568054
0.10038085281848907
0.10478399693965912
0.09697344154119492
0.09307236224412918
0.09442149847745895
0.08923415839672089
0.10279678553342819
0.11617087572813034
0.10984601080417633
0.09018682688474655
0.10769210755825043
0.09910140186548233
0.0972658321261406
0.10206157714128494
0.09544165432453156
0.09569540619850159
0.1014161929488182
0.11707181483507156
0.1041821613907814
0.11012594401836395
0.09393221884965897
0.09981644153594971
0.10260581970214844
0.11409594863653183
0.09920128434896469
0.0920419692993164
0.10060791671276093
0.0959533080458641
0.10847057402133942
0.1372479945421219
0.09354288130998611
0.10486066341400146
0.09376607835292816
0.10489173233509064
0.11276756972074509
0.12986038625240326
0.10799366235733032
0.11851587891578674
0.09849943965673447
0.09842794388532639
0.0919361487030983
0.11165675520896912
0.09641818702220917
0.09770635515451431
0.09486537426710129
0.09911946952342987
0.10867124795913696
0.09685488045215607
0.10853845626115799
0.13761591911315918
0.09690529853105545
0.10523205995559692
0.09206782281398773
0.13885244727134705
0.10808049142360687
0.0962342917919159
0.1404782086610794
0.08971589058637619
0.09727601706981659
0.10305839031934738
0.09887285530567169
0.10705271363258362
0.09354762732982635
0.11296814680099487
0.13646063208580017
0.1321757733821869
0.10958169400691986
0.1316366195678711
0.09661781042814255
0.09465578198432922
0.09451775252819061
0.09525464475154877
0.10778548568487167
0.0971749946475029
0.10981377959251404
0.10330520570278168
0.10377956181764603
0.0921737477183342
0.10765781998634338
0.1173190250992775
0.09701205790042877
0.10697981715202332
0.1279522180557251
0.12295542657375336
0.11214661598205566
0.09332465380430222
0.13712309300899506
0.11910778284072876
0.13956741988658905
0.09699789434671402
0.09527359157800674
0.0932765081524849
0.10298262536525726
0.10836824774742126
0.09831604361534119
0.09742878377437592
0.10792748630046844
0.09826812893152237
0.10354892164468765
0.0995696559548378
0.12476524710655212
0.12275442481040955
0.14350120723247528
0.1228804737329483
0.09420900046825409
0.09972932189702988
0.12531457841396332
0.1131591945886612
0.09706811606884003
0.09979330003261566
0.12947404384613037
0.1006639376282692
0.09677615016698837
0.09850893169641495
0.09091928601264954
0.1138281300663948
0.10962657630443573
0.0947316512465477
0.09180893003940582
0.11309437453746796
0.09562186896800995
0.10569892823696136
0.10008877515792847
0.09592559933662415
0.09621839970350266
0.11048166453838348
0.10081160813570023
0.0925234779715538
0.09508435428142548
0.10789799690246582
0.09553805738687515
0.10838419198989868
0.09694655239582062
0.14148220419883728
0.1008290946483612
0.10186424106359482
0.09488131105899811
0.10027970373630524
0.09112858772277832
0.10231167823076248
0.09027940779924393
0.08928713202476501
0.15059369802474976
0.09773287177085876
0.10166820883750916
0.09815729409456253
0.10271832346916199
0.12478358298540115
0.12208299338817596
0.09724688529968262
0.12984372675418854
0.08864673972129822
0.09378127008676529
0.09477464854717255
0.09894286841154099
0.09490051120519638
0.09923440217971802
0.10234126448631287
0.0995786041021347
0.11556077003479004
0.09232286363840103
0.12518860399723053
0.10069006681442261
0.10468554496765137
0.10917480289936066
0.09985850751399994
0.09267285466194153
0.09891488403081894
0.10271164774894714
0.1674359142780304
