5.503745197449755
2.2020353078842163
2.1005238870646328
2.0686484111235446
2.0109158618338157
1.9650079835981331
1.93868643245441
1.8942960596724645
1.8799401657693338
1.8519898853045982
1.8274971654751158
1.8237819399609663
1.7768925156369306
1.7515647315338954
1.7529451919082026
1.7280671044484082
1.721022455484275
1.6807018270428549
1.6546838275538196
1.664428454117487
1.6504253781081846
1.6231694901549576
1.619198226288661
1.610261776303285
1.6070959151991262
1.5636798335401805
1.56253588039603
1.5447636578707087
1.5599992619264846
1.512122039026862
1.5088230971521979
1.5068452902288245
1.503127687729445
1.486143743431808
1.4646231000055403
1.4774754567434323
1.4650670097978322
1.4276597827872974
1.4520609810848364
1.4329171548753776
1.405462594640335
1.4092372803880064
1.3758730760356723
1.3626841050666452
1.4105939921116668
1.3777516964297967
1.3727588885582533
1.3709123250622077
1.3484860270615393
1.3327344864006812
1.3444884323433741
1.3188866876915797
1.3290696360120837
1.3515659634698958
1.3130688971321054
1.2839574305803183
1.2935741559771083
1.2416590204174887
1.3126719670007694
1.296829012416353
1.2911099099472865
1.2803287574108815
1.2740932230981403
1.2671062046249442
1.2591434689176162
1.2408379784366428
1.207850571846802
1.2240662922795187
1.2317618383657212
1.2213900129267032
1.2392015581162983
1.2129439023517121
1.1977892274024502
1.2178050967670928
1.1994135491799989
1.1941949705149504
1.2034496648999669
1.1851735727098964
1.1703929301076288
1.1645583618407283
1.1606977381962258
1.1796522760551247
1.1616377030443026
1.1449967342735137
1.1539461304677412
1.153357475796002
1.1358728156793838
1.1249923054003876
1.1204343422147252
1.1297881395224756
1.1126509168804093
1.1212203098623545
1.131818910973184
1.1030132434512145
1.1087455617501432
1.108358108357295
1.0730055654608963
1.1130094140168005
1.0950701004706773
1.100403812507655
1.0854422970106137
1.0761071203539037
1.099627479210796
1.0936185265547478
1.059287248441837
1.0740634266962141
1.0757170195547527
1.0663247504490334
1.070458552581352
1.0297033938785527
1.0375633143738612
1.027103224056679
1.0543172851504896
1.0272341702608454
1.0288623483389017
1.0167067382959711
1.0517666919919468
1.0377190017060145
1.0155725887157774
1.0283106429464866
1.0170050427417627
0.9940401099672254
1.007755278340922
1.0023849222484051
1.0024608409644773
1.0116058492020472
1.0203957793696614
1.011138936817246
0.9991047982401495
1.0248427203037596
1.011411451253315
1.0032465637930288
0.9843902955919304
0.9596271678905359
0.9936832841610749
0.967116367096869
0.981827847109545
0.9688615182902189
0.9975351647242604
0.9778915147653362
0.9718280498613447
0.9563834635203317
0.9655416079815602
0.975944898672552
0.966600988535273
0.9666420413343698
0.9571044761062468
0.944962302710386
0.9529025398644825
0.9566503899209451
0.9534489820467545
0.9554160233312006
0.9436617305614804
0.943353267724082
0.9379356779508142
0.9292435058011305
0.949229324824058
0.906487110877197
0.9161260388041502
0.9409324166758749
0.9329898657414737
0.9196837216415661
0.9270955980224097
0.9165554470663902
0.9193793635240337
0.9165271776634575
0.9419063685724399
0.9256000238777007
0.9061324692412511
0.9141173234721959
0.9194559710937859
0.916276695344272
0.9036866078440775
0.8992619478462527
0.9038240813568934
0.9012547939415746
0.8916588921674946
0.9040972674453018
0.8767768928668643
0.8960833469493277
0.8928633028228811
0.8959590540636306
0.8652167752285131
0.8919736018916905
0.8948300836870334
0.8849265255383997
0.90315532284295
0.8710390753394005
0.8900617941113926
0.8749957808712184
0.8792435422839734
0.8727053111831614
0.8617432665504865
0.8776819237926662
0.8637857993177119
0.8686723057055633
0.8754546862320612
0.8853743468355012
0.8572428770513343
0.8424114264897852
0.8594678792377446
0.8735945664796253
0.8596871995285853
0.8625808318189326
0.872304527951567
0.8497934353431599
0.8752006140331294
0.8546542213267128
0.8377076959449973
0.857514375808255
0.8569601430188889
0.8401874223811514
0.8307697360947628
0.8571642809266212
0.8466198220348998
0.8317870961739713
0.8501666280247221
0.8102770651746917
0.8411948588870516
0.8351540949520648
0.8308702715291273
0.8473229908303126
0.8503739329792509
0.8250737490269962
0.8237707722907098
0.8328185713531187
0.8053908360084431
0.8322985100266117
0.8284566590449954
0.8294462161576188
0.8161637223006895
0.8125874128117657
0.8180931570545938
0.813193584048508
0.827425738709085
0.7984974756336852
0.8032151496650388
0.8179450079098644
0.8190239831905237
0.8261310142158662
0.8037579827660682
0.8098247031237455
0.816764538320119
0.8042370809004611
0.8065990509602847
0.8034841494272219
0.8045666781847909
0.8040741178013334
0.8101373950907048
0.8084480260442567
0.7964713057415598
0.8016779142738188
0.7984248235721716
0.8034691306568632
0.8013525501193616
0.8033008421427451
0.8015257192138058
0.8175204408248798
0.809576433777009
0.7741821874308106
0.7897802623326347
0.7994473948574706
0.7555383583843308
0.7809282685286246
0.7867789176486483
0.7812299072342431
0.7821821862419179
0.7909141740942961
0.7845380422252937
0.7805624132188375
0.7731529438255618
0.769622455907348
0.7911281869715492
0.7744120679445715
0.7856796895897629
0.778935288822891
0.7687390154640147
0.7850903478644838
0.7703233273237343
0.7576455513902959
0.7803484277437197
0.771286016342624
0.7646778209897496
0.7799750794500313
0.7625327702336664
0.7683536050303671
0.7817536484475104
0.7606583409661415
0.759159992005201
0.7619728588017841
0.7501408363748717
0.7571307272719057
0.7613255361582609
0.7533735448882084
0.7571105298979971
0.7703921182843663
0.7640529150930827
0.7631644122552552
0.7562637417108421
0.7652569077158934
0.7750346016563825
0.7574608533974462
0.7582588979861881
0.7563880215955261
0.7640683824984019
0.7740638660104483
0.7353916994277263
0.7640321542752669
0.7450646170033705
0.7347872561256358
0.7368410049668894
0.7591095022707177
0.7529607743224842
0.7321791806877059
0.7370082011958897
0.7318599840138582
0.7386590502406126
0.7412224783993407
0.7309796602133937
0.7267620999541059
0.7282582117407114
0.7538081575560089
0.7339623718453734
0.7298891124309309
0.7348700125745479
0.7396120197020921
0.7453212392010145
0.7219926322866607
0.7382841426254119
0.7336537425950069
0.7335022287880815
0.7214689174754507
0.7231706560858144
0.7502108372297863
0.7209887610585898
0.7257304875642662
0.7187611764709422
0.7365109442464457
0.719710613657164
0.7155210603803597
0.7336497770859891
0.7357075174382869
0.7355310618877411
0.718267711416987
0.7194982733102453
0.7178989264789044
0.7190093224080617
0.7060107336748367
0.7081886085887883
0.7154255287359225
0.71888308237063
0.7067401329142935
0.7131026863251757
0.7255154688086286
0.7076270196261822
0.7067011320750985
0.7112893210161453
0.7063703354973121
0.7092746976237969
0.708562730742781
0.7014333437753204
0.7123485035544274
0.7094922681782869
0.6955141859166574
0.7301657483881752
0.7052147644478203
0.7028477501949207
0.701957520622535
0.7025133491362501
0.7099386837658466
0.6913480774668239
0.708546281260932
0.7112826044927507
0.7056094824067698
0.7131619997472571
0.6960873105781991
0.6933724764209466
0.6998298286191569
0.6950446671287486
0.6975304300353031
0.7040040401004305
0.6992181455528976
0.7109944764399688
0.7021107501631615
0.6869953624754144
0.6898890699716222
0.7015676482411839
0.6873905990747797
0.703086029163143
0.6991601496334844
0.6814666878457037
0.6999437965002636
0.7005813207802356
0.6934629706728378
0.6899403415670331
0.6774039256492718
0.6765936643085224
0.696565827267282
0.6948946902415897
0.6807749133382067
0.6788305740228435
0.6802945113022055
0.6890163301621508
0.6834202468795264
0.6761949310366739
0.6890259517119235
0.6651341759118458
0.6764185394616735
0.6887873949220517
0.6896741252217516
0.6784556214041357
0.6868170067767969
0.6743617791857496
0.6779087019846743
0.68551810695821
0.6709698166623211
0.6816989211428085
0.6725837524305254
0.6562365125489715
0.6755151986675775
0.6721701770020811
0.6680333966376798
0.6681141271287163
0.6635220504847149
0.6689937868774337
0.6729821904793681
0.6717238618223459
0.65818508759441
0.6685516970269632
0.6667024571223547
0.6898907967061805
0.677633778360866
0.6659933278624643
0.6748969682911098
0.6721374386508993
0.663619552282679
0.6483507384389839
0.6759066805743531
0.6653915819705732
0.6560659714593183
0.6653752538981854
0.6763662869898265
0.6718421516402456
0.6737312922541727
0.6560388155431556
0.6515085685173138
0.6637217008427485
0.664446948158661
0.6707851324705469
0.6567297017814329
0.6610857052290999
0.6386823284145969
0.6687936730832862
0.6586961424190726
0.6612284019489416
0.6594349091885073
0.6517223303750057
0.6532822975376308
0.6738071539658028
0.6589578798153256
0.6514928122894876
0.6713671336238016
0.6564032049387093
0.6511883665651284
0.6546364614627506
0.6454827481468252
0.6741037102753684
0.6563667873008139
0.6571681205458288
0.6534638734871909
0.6552634301201609
0.6588931183686992
0.651429851783202
0.6521237478560249
0.650548709718973
0.6527138448401586
0.6563612504693486
0.6553639711549618
0.6341021058943448
0.6460396339429305
0.6372834752070023
0.654730519592362
0.6492722918523238
0.6558664187088908
0.6551030982260736
0.6457949722773276
0.6513927002881197
0.6395029863655167
0.647516945464499
0.6553323488907526
0.654489129781723
0.6358274807465957
0.6466734519340848
0.6483051182839694
0.6502421264280409
0.6344303558736839
0.6462128658422688
0.6410171797611569
0.6417128113692239
0.6415875530082907
