4.667435644694737
2.225934079715184
2.044133336203439
1.9458983618872507
1.8952535315922328
1.8414875548226493
1.7981543561390467
1.7791783693858556
1.7306632491520473
1.714599860736302
1.6777983672278267
1.6536340291159493
1.6180083315713065
1.5802480963298253
1.573043874331883
1.553739788872855
1.546909657205854
1.5191744749886649
1.5336832700456893
1.4578519242150443
1.4551275839124407
1.449914699963161
1.41360595703125
1.4366419567380633
1.387310048852648
1.3981426790782383
1.394014801297869
1.3803780569349016
1.345112202508109
1.3406096737725395
1.325867955003466
1.3209904745646885
1.30890629359654
1.3040667489596776
1.3084507771900722
1.276135266508375
1.2830050444602967
1.2538817793982369
1.2294762921333313
1.2440651488304137
1.234479683807918
1.2048822825295584
1.1899237874576023
1.18287679706301
1.201478954383305
1.1969803755623953
1.179690135887691
1.1665309034075055
1.1664818576404026
1.1718387280191693
1.157680422237941
1.1406906737600053
1.1342731540543693
1.1193840299333846
1.1247024423735483
1.1124985521180288
1.0920338429723466
1.0923141442026412
1.0752055886813572
1.0969052045685905
1.0936395812034607
1.0708504727908543
1.071353144986289
1.0549358051163809
1.0486300836290632
1.0380464567456926
1.0580751504216874
1.0386465791293553
1.0122025908742631
1.0325982648985728
1.0160890446390425
1.0270256229809351
1.0160248453276497
1.0046180258478437
1.0117720678874425
0.9973003687177385
0.9907547215053013
0.9857667326927185
0.9780310685294015
0.9697553375789097
0.9679088418824332
0.9709455016681127
0.9614845017024449
0.9779916477203369
0.9483750935963222
0.9455276758330209
0.9608995481899807
0.9413470939227513
0.9443301640238081
0.932204931463514
0.9319371053150722
0.9250482896396092
0.9181899186543055
0.9207921947751726
0.9093166422843934
0.8916239540917533
0.9128880211285182
0.8985033852713449
0.919924213886261
0.9053997860636029
0.8788847160339356
0.8755961309160505
0.8925972884041923
0.8832862598555429
0.8956145848546709
0.8887531297547476
0.8635548404284886
0.883285322870527
0.8522544608797346
0.8546400969369071
0.8768293837138584
0.8498063250950405
0.8684185028076172
0.8527505343300955
0.8530505313192095
0.8494237780570983
0.8446197468893869
0.8410306065423148
0.830880651133401
0.8368735538210188
0.8252614188194275
0.8361146209921155
0.819826557636261
0.8174104942594256
0.8166949009895325
0.813223113162177
0.8238342578070504
0.8080538415908813
0.7949645326818738
0.8262562353270394
0.7849593315805707
0.8155860890660968
0.784884694303785
0.7923653851236616
0.7834052280017307
0.7893347385951451
0.7884020907538277
0.7748416563442775
0.7771605389458792
0.7767257746628352
0.7804452114445822
0.7744024884700775
0.7667429849079677
0.7750044168744769
0.7569293933255332
0.769441408770425
0.7737234708241054
0.7691861844062805
0.7555049889428275
0.7611736312934331
0.7688689417498452
0.7573838375295912
0.7411316531045097
0.751415787935257
0.7447146444661277
0.7563362150532859
0.7456159545694079
0.7486336721692767
0.7475627945150648
0.7402183886936733
0.7311924413272313
0.7418618590491158
0.7172479343414306
0.7324991597448076
0.7226931033815657
0.7362830294881548
0.7368985567774091
0.7165393197536468
0.7340063468047551
0.7174091829572405
0.7301183153901781
0.7183265222821917
0.7142088118621281
0.7027353460448129
0.7329270434379578
0.703364257642201
0.70838931117739
0.7081509835379465
0.7095009882109505
0.6992201956680842
0.6999083970274244
0.6977736234664917
0.7016085285799843
0.7149448987415858
0.7047960369927543
0.7189247681413378
0.6969012647015708
0.7021065093789782
0.690948543548584
0.6822510273115976
0.6823273565087999
0.6732512841905867
0.6791853874070304
0.6752401556287493
0.6873741144793374
0.6746371461663927
0.6809831866196223
0.6768176574366433
0.6691761808735984
0.6800367954799107
0.6788584872654506
0.667682409797396
0.6751031567369189
0.6759170183113643
0.6682963362761907
0.6716861116886139
0.6688169818265097
0.6582658542905535
0.6593535026482173
0.6700654343196324
0.6637516704627445
0.6443581386974879
0.6571396517753602
0.6457787721497672
0.6445972750868116
0.6339973788602011
0.6554772535392216
0.6472943038599832
0.6502180010931833
0.6452054728780474
0.6461855600561415
0.6389409019265856
0.6330631342955998
0.6473727263723101
0.6396896956648146
0.6287290287017823
0.6511579740047455
0.6425662626538958
0.6426954143387931
0.6230991472516741
0.6325615385600499
0.6336453921454294
0.6484105564866747
0.6259652495384216
0.6269030235494886
0.623065037727356
0.6213615705285753
0.6169231190000262
0.6178259270531791
0.6237900708402906
0.6221715436662947
0.6108712605067662
0.6269576779433659
0.6106337102821895
0.6079423296451568
0.6219718723637717
0.6174511391775949
0.6154698194776262
0.6154455084460122
0.6179644015857152
0.6115736395972116
0.6007023552485875
0.5932657139641898
0.6019483649730683
0.6102609247820718
0.6123842084407807
0.6033922275475093
0.596200098480497
0.5999162520681108
0.5971130670819964
0.6001983075482504
0.605962245123727
0.5882850020272391
0.5979480016231536
0.5985706991808755
0.5954072170598166
0.5967870582853044
0.6059690761566162
0.5899860286712646
0.6023540660313198
0.5820051685401372
0.5856310616220747
0.5856051482473101
0.5935417410305568
0.5758801134995052
0.5816410982608795
0.5861742964812687
0.5944482426983969
0.5761852320602961
0.5769323369434901
0.5873791870049068
0.5798104815823691
0.5777813499314445
0.5773083024365562
0.5817554909842355
0.57145718898092
0.5719313444410051
0.5771744639532906
0.5701484152248928
0.5720861438342503
0.5572666031973702
0.5790765529019491
0.5662328034639359
0.561009099653789
0.5732102841990334
0.5518300815990993
0.5811917354379381
0.565971908228738
0.5659567082779748
0.5562371562208448
0.5711930399281638
