1.8702888488769531
1.767007827758789
1.7010246515274048
1.5719070434570312
1.6946409940719604
1.6250038146972656
1.5638548135757446
1.5777206420898438
1.3502781391143799
1.365569829940796
1.4800294637680054
1.465316653251648
1.0059975385665894
1.8090718984603882
1.573800802230835
1.168054223060608
1.2153418064117432
1.2784700393676758
1.2813773155212402
1.5957132577896118
1.467470407485962
1.7257150411605835
1.3388935327529907
1.3500818014144897
1.440661907196045
1.3633846044540405
1.3005914688110352
1.7123287916183472
1.3719395399093628
1.2382080554962158
1.3282233476638794
1.162050724029541
0.8600096702575684
1.1542928218841553
1.0278185606002808
1.7130873203277588
1.1359962224960327
1.5295979976654053
1.1774190664291382
1.0741932392120361
1.372079849243164
1.075240135192871
1.1075897216796875
0.9418899416923523
1.0889402627944946
1.483475923538208
1.22251558303833
1.0307791233062744
1.0368914604187012
1.1802870035171509
1.0928200483322144
0.9258960485458374
0.936870276927948
0.8619510531425476
1.1420154571533203
0.931308925151825
1.142044186592102
1.2374768257141113
0.9560989737510681
0.9696780443191528
0.937680721282959
1.1541374921798706
1.2452024221420288
0.9862451553344727
1.0080312490463257
1.072352409362793
0.9078609347343445
1.1699752807617188
1.0955309867858887
0.7513732314109802
1.16170334815979
1.3023384809494019
1.6442245244979858
1.45909583568573
0.7740545272827148
1.5969773530960083
1.2392332553863525
0.7823914885520935
1.3439524173736572
1.1322011947631836
1.2066314220428467
0.9351558089256287
0.7769205570220947
1.0446354150772095
1.3439838886260986
0.967250645160675
1.1303268671035767
0.7790718674659729
0.919506311416626
0.9218147993087769
0.8101045489311218
0.8925366401672363
1.0844334363937378
1.1234896183013916
1.3656355142593384
1.0019389390945435
0.8689624071121216
0.9962192177772522
0.9003490209579468
0.7478579878807068
0.7874132394790649
0.8180872797966003
1.1355732679367065
1.0551068782806396
0.946530818939209
1.1121633052825928
1.198150396347046
1.0990238189697266
0.8967364430427551
0.9510855674743652
0.975847065448761
0.9490305781364441
1.0972198247909546
1.2404440641403198
0.9441386461257935
0.9343007206916809
1.084202766418457
0.9817057847976685
1.1770806312561035
0.8450078964233398
0.6752922534942627
0.9952220320701599
1.1754662990570068
0.8374727368354797
1.1798256635665894
1.3099085092544556
0.7818925380706787
1.0977333784103394
0.6521285176277161
1.0650577545166016
0.8017338514328003
0.8084628582000732
0.8754153847694397
0.5256412625312805
0.7722681164741516
1.2188102006912231
0.6425451636314392
0.7185599207878113
0.8848035335540771
0.8394133448600769
1.1302274465560913
1.6067472696304321
0.6784704923629761
1.2168776988983154
0.9209802150726318
0.7250626683235168
1.206775188446045
0.7393826246261597
0.8187476396560669
0.6724823117256165
0.9885357618331909
0.8655046820640564
0.8054522275924683
0.9745765924453735
0.9888327121734619
0.9958396553993225
0.6581757068634033
1.1211661100387573
0.8968204855918884
0.9657995104789734
1.037479281425476
0.888242244720459
0.8221340179443359
0.7975460290908813
1.0009108781814575
1.2659986019134521
0.7938777208328247
0.7874883413314819
0.8096161484718323
0.8852895498275757
0.5129666328430176
0.8901453614234924
1.1248128414154053
0.9428538084030151
0.6217259168624878
1.1577370166778564
0.781735360622406
0.8746778964996338
0.5466464757919312
0.719031810760498
0.7726117372512817
0.7059696912765503
1.2746846675872803
1.0627374649047852
0.9672396183013916
0.5415195822715759
1.0518364906311035
0.8827502727508545
0.7804487347602844
1.1329697370529175
0.9639992713928223
0.7709358930587769
0.9330993294715881
0.6712290048599243
0.7760754823684692
1.002905011177063
1.262427806854248
0.7652527093887329
0.8122876882553101
1.1912130117416382
1.2514338493347168
0.9081913232803345
0.8259662389755249
0.7380490303039551
0.9000385999679565
1.1235452890396118
0.7846980690956116
0.7025315165519714
0.6895703077316284
0.9332064986228943
0.8218694925308228
0.7919125556945801
0.8900359869003296
1.047540307044983
0.7665578126907349
0.866798996925354
0.7779427766799927
0.7358626127243042
1.0069754123687744
0.7546862363815308
1.1275368928909302
0.9019150137901306
0.803584098815918
0.9106611013412476
1.1420323848724365
1.1102066040039062
0.5378026962280273
0.7059928774833679
1.097050666809082
0.7982237339019775
0.9275504350662231
0.9035317301750183
1.1791731119155884
1.1618502140045166
0.8144265413284302
0.4756470322608948
0.5787841081619263
0.9145811796188354
1.1665639877319336
0.7278409004211426
0.876021146774292
0.8845325112342834
0.8849714398384094
1.2769516706466675
0.8356928825378418
0.8004282712936401
0.527783989906311
0.9703966975212097
0.8325312733650208
0.7356866598129272
0.8148713111877441
0.8632179498672485
1.2006443738937378
0.9912945628166199
0.8255807161331177
0.6450865268707275
0.7470552325248718
0.7887561917304993
0.8501760363578796
0.6520768404006958
1.3573800325393677
0.9084226489067078
0.6220542788505554
1.0643680095672607
0.9464997053146362
0.9456635117530823
0.8283430337905884
0.7447648048400879
0.7906691431999207
0.6451483368873596
0.7788561582565308
0.7406103014945984
0.7558088302612305
0.5779444575309753
1.060028076171875
0.7187749147415161
1.0713213682174683
0.6381158232688904
0.5670801401138306
0.7424685955047607
0.7406424880027771
0.7601465582847595
0.8388673663139343
0.7395298480987549
0.8714087009429932
0.6925268769264221
0.7032994031906128
0.9207839369773865
0.720592737197876
0.7883315086364746
1.0001989603042603
0.5858322381973267
0.8323388695716858
0.974753201007843
0.8734862208366394
0.9581161737442017
0.7752653360366821
0.46657684445381165
0.7169520854949951
1.3812062740325928
0.7806278467178345
0.650206446647644
0.7905258536338806
0.6554815769195557
0.9765024781227112
0.7730720043182373
0.6932514309883118
0.8636563420295715
0.7604949474334717
0.5357785820960999
0.754716157913208
1.0365650653839111
0.797336220741272
0.756096601486206
0.6969702243804932
0.8481876850128174
0.967727780342102
1.1491655111312866
0.8304142355918884
0.7809513211250305
0.7651705741882324
1.1376829147338867
0.6377973556518555
0.5780518054962158
0.7860692739486694
0.5534605979919434
1.404727816581726
0.9927009344100952
1.020677924156189
0.7769808769226074
0.8724472522735596
0.675083339214325
0.7181457877159119
0.998974621295929
0.5363472700119019
0.9757716655731201
1.0317522287368774
0.6647511720657349
0.6315751075744629
0.8026201725006104
0.5936698317527771
0.6058993339538574
0.681654691696167
0.6631405353546143
0.8878852725028992
0.8975037336349487
0.7481203079223633
0.6689351797103882
0.7200007438659668
0.776287317276001
1.318306565284729
0.7493453025817871
0.9677773714065552
0.6508387923240662
0.6270769834518433
0.8343872427940369
1.0626822710037231
0.6319736242294312
0.5144418478012085
0.5541460514068604
0.9173617959022522
0.8189567923545837
1.0259408950805664
0.7767970561981201
0.7182271480560303
0.7399963140487671
0.9055975675582886
0.7982250452041626
0.7489311099052429
0.8261229991912842
0.570768415927887
0.7518916726112366
0.7236040234565735
0.5921897888183594
0.5180964469909668
0.8469676375389099
0.7607240080833435
0.9386944770812988
0.9966831803321838
0.8125796318054199
0.7850373387336731
0.7842382788658142
0.5683243870735168
0.6018216609954834
0.7448295950889587
0.8104828596115112
0.6218262314796448
0.9884750247001648
0.834858775138855
0.7924264669418335
0.664279580116272
0.8505120277404785
1.1572493314743042
0.564559817314148
0.49924206733703613
0.6118834018707275
0.7386773228645325
0.9471169710159302
0.9249871969223022
0.741450309753418
1.222968339920044
1.2481149435043335
0.6552996635437012
0.6179494261741638
0.6392917633056641
1.3370752334594727
0.5435915589332581
0.7248347997665405
0.843058705329895
0.7740519046783447
0.5475659370422363
0.7546094655990601
0.4988859295845032
0.8006085753440857
0.9887468814849854
0.944689154624939
0.6918057203292847
0.7530971169471741
0.5889084935188293
0.7373373508453369
0.7516413331031799
1.0000554323196411
0.7580699920654297
0.6771434545516968
1.00143301486969
0.5095687508583069
0.7103486657142639
0.8873963952064514
0.5318434238433838
0.5476945042610168
0.8046050071716309
0.7998703122138977
0.6028308272361755
0.7899918556213379
0.951425313949585
0.9522788524627686
0.9515926241874695
0.953490138053894
0.8638467192649841
0.7855194807052612
0.6980910301208496
0.5058774352073669
0.6339575052261353
1.0255072116851807
0.8409441709518433
0.7451515793800354
0.5319817066192627
0.6295645236968994
0.9806095361709595
0.9558475613594055
0.5463656187057495
0.9438992142677307
0.5604734420776367
0.6139733195304871
0.7485273480415344
0.8511598706245422
0.6904000043869019
0.8150083422660828
0.5410512089729309
0.5708215236663818
0.7712616920471191
0.6983815431594849
0.524303674697876
0.7841647863388062
0.7191146612167358
0.6801052689552307
0.667163610458374
1.115448236465454
0.9739527702331543
0.5415542125701904
0.5206352472305298
0.8037816882133484
0.7482653856277466
0.7384477257728577
0.6859664916992188
0.5860040783882141
0.5767565965652466
0.6828706860542297
0.7234631180763245
0.7155766487121582
0.6665768623352051
0.9046276807785034
0.963919997215271
0.8040123581886292
0.6762756109237671
0.8146709203720093
0.6074464321136475
1.3737848997116089
0.5254743099212646
0.8789589405059814
0.7454613447189331
0.7057794332504272
0.7969897389411926
0.6315098404884338
1.1714694499969482
0.6637001633644104
0.6502408385276794
0.8423450589179993
1.1659858226776123
0.9394077062606812
0.606900691986084
0.6210364103317261
0.5905570387840271
0.8057065606117249
0.84785395860672
0.5975598096847534
0.6871465444564819
0.5373356342315674
0.804004430770874
0.6084845066070557
0.5993595123291016
0.7118409872055054
0.9154368042945862
0.5504072904586792
0.6942758560180664
0.6210964322090149
0.5329716205596924
0.5675356388092041
0.9463041424751282
0.6345111727714539
0.6668216586112976
1.0155253410339355
0.7208021879196167
0.5654256343841553
1.046318531036377
1.2984678745269775
0.7286977767944336
0.5374498963356018
0.7580708265304565
0.7117037773132324
0.8484607934951782
0.7482126355171204
0.8336796760559082
1.0662856101989746
0.5235528349876404
0.9254288673400879
0.43774157762527466
0.5659570693969727
1.2436549663543701
0.6351584196090698
1.0819437503814697
1.2991397380828857
0.9228203296661377
0.7809320688247681
0.7550109624862671
0.6563469171524048
0.7753039598464966
0.9940822124481201
0.6696169376373291
0.5105566382408142
0.7464262247085571
0.9598923921585083
0.47193482518196106
0.4600132703781128
0.8629785776138306
0.6943855285644531
0.6894844770431519
0.6032780408859253
0.6308628916740417
0.5123469233512878
0.6937161684036255
0.580828070640564
0.6469885110855103
0.7634233832359314
0.7549068927764893
0.8098533153533936
0.6180666089057922
0.5051589012145996
1.2374480962753296
0.7359789609909058
0.686439037322998
1.0174663066864014
0.7242470979690552
0.5593020915985107
0.6796378493309021
0.7765023112297058
1.07614266872406
0.5605196952819824
0.593951404094696
0.7658810615539551
0.6664470434188843
0.9722234010696411
0.7345182299613953
0.8713777661323547
0.8738365173339844
0.7970761060714722
0.7796539068222046
0.8149794340133667
0.8196856379508972
1.2822191715240479
0.5995600819587708
0.5746738314628601
0.47744888067245483
0.6990782022476196
1.0592010021209717
0.5739527940750122
0.6806227564811707
0.5038162469863892
0.8865944147109985
0.5789823532104492
0.584621250629425
0.8905746936798096
0.7431901693344116
0.8680486679077148
0.697380781173706
0.704715371131897
0.6093840599060059
0.49090903997421265
0.6960017681121826
0.7712953090667725
0.6103509664535522
1.0432623624801636
0.652047872543335
0.5960507392883301
0.9527060985565186
0.8303340077400208
0.827741801738739
0.7301235198974609
0.6142630577087402
0.9242426753044128
0.6101269721984863
0.7522068023681641
0.6773033142089844
0.9093374609947205
0.6313984394073486
0.6094288229942322
0.9824574589729309
0.6011943817138672
0.7128819227218628
0.6249583959579468
0.8416887521743774
0.48557376861572266
0.4460664987564087
0.7156957983970642
0.495015412569046
1.039327621459961
0.8817861676216125
0.5098613500595093
0.5322098731994629
0.8166042566299438
0.6432732343673706
0.6488181352615356
0.5542562007904053
0.7983134388923645
0.7609471082687378
0.595056414604187
0.5027889013290405
0.6913259625434875
0.7548691630363464
0.5325862765312195
0.8896970748901367
1.0003982782363892
0.594262421131134
0.8532201051712036
0.4721326529979706
0.5757126808166504
0.7599444389343262
0.8326946496963501
0.6776081323623657
0.5614593029022217
0.7601625323295593
0.8245244026184082
0.7015858888626099
0.6921367645263672
0.7961450815200806
0.689940869808197
0.627842903137207
0.7480429410934448
0.4849167466163635
0.6368981599807739
0.39905908703804016
0.44467413425445557
0.7333364486694336
0.8554888963699341
0.6367287039756775
0.7653214335441589
0.608283519744873
0.5741618871688843
0.7062758803367615
0.46187275648117065
0.7547814249992371
0.6726830005645752
0.9970693588256836
0.7116037011146545
0.5639941096305847
1.414705514907837
0.5519764423370361
0.8589574694633484
0.6966251134872437
0.5955643653869629
0.6418137550354004
0.6514252424240112
0.7221966981887817
0.6445081830024719
0.5256767272949219
0.5178641676902771
0.7971179485321045
0.5485478043556213
0.4917573928833008
0.41887885332107544
0.8162593841552734
0.6812707185745239
0.5488865375518799
0.9580024480819702
0.7206737399101257
0.5976347327232361
0.7472417950630188
0.6755384206771851
0.5250273942947388
0.7191234827041626
0.6593071818351746
0.6512420177459717
0.7604556679725647
0.8292369246482849
0.7865582704544067
0.8790726661682129
1.0345274209976196
1.1212947368621826
0.5136314630508423
1.1896851062774658
0.6398227214813232
0.6028798222541809
0.8765631914138794
0.6415950655937195
0.47700071334838867
0.7755640745162964
0.53558349609375
0.7001140713691711
0.9300558567047119
0.4541594982147217
0.6506143808364868
0.7429625988006592
0.5978356599807739
0.5548537373542786
0.5651502013206482
0.5439165234565735
0.9569013714790344
0.7907600402832031
0.7324429154396057
0.9348428845405579
0.5274325609207153
0.8362361192703247
0.6939706206321716
0.63669753074646
0.5179677605628967
1.0877346992492676
0.7970099449157715
0.8896404504776001
0.9940832853317261
0.9047148823738098
0.938345730304718
0.736337423324585
0.5824223160743713
0.7711560130119324
0.7585960626602173
0.6526733636856079
2.296813726425171
0.5961971282958984
0.6933733820915222
0.6739740371704102
0.7760607600212097
0.8252434730529785
0.6342501044273376
0.677130401134491
0.7602643370628357
0.6381269693374634
0.5946400165557861
0.9284316301345825
0.6190751194953918
0.7880495190620422
0.8052417039871216
0.5678465962409973
0.4970487058162689
1.0054290294647217
0.8548287153244019
0.9218232035636902
0.5836283564567566
0.7464864253997803
0.6125335693359375
0.8701533675193787
0.6723316311836243
0.6651115417480469
0.4810984134674072
0.8256959915161133
1.0008223056793213
0.6950697302818298
0.8726691007614136
0.6854404807090759
0.7221843600273132
0.8470664024353027
0.8155566453933716
0.6895226836204529
0.7162255048751831
0.6836792230606079
0.6108400821685791
0.8333864212036133
0.7308338284492493
0.5484366416931152
0.8821388483047485
0.5982519388198853
0.6262882351875305
0.7918400764465332
0.5660357475280762
0.6746472120285034
0.48805421590805054
0.7944998741149902
0.8185923099517822
0.6375885009765625
0.572914719581604
0.8284014463424683
0.3874972462654114
0.585328221321106
0.6709793210029602
0.4770243763923645
1.0158780813217163
0.7526293992996216
0.865841269493103
0.8699919581413269
0.6984302997589111
0.6214597225189209
0.7178307771682739
0.5476697683334351
0.6498514413833618
0.45327144861221313
0.5326697826385498
0.8721205592155457
1.1965218782424927
0.4000808596611023
0.5269562602043152
0.9239965081214905
0.7719905376434326
0.5610941052436829
0.7612046003341675
0.5319954752922058
0.6687555313110352
0.5091473460197449
0.6215326189994812
0.7541601657867432
0.863582968711853
0.6641311645507812
0.8339682221412659
0.610694408416748
0.6014713644981384
0.7370326519012451
0.6189459562301636
0.9433416128158569
0.9274430871009827
0.6371784806251526
0.7657560110092163
0.6922203898429871
0.5901023745536804
0.8852756023406982
0.7426888346672058
0.85554039478302
0.46682292222976685
0.7273037433624268
0.6404801607131958
0.543623685836792
0.7571558356285095
0.6539931297302246
0.6238924264907837
0.6861685514450073
0.651722252368927
0.5633769035339355
0.6613371968269348
0.5594563484191895
0.5126705765724182
0.6835087537765503
0.7714716196060181
0.5938210487365723
0.7833975553512573
0.7730728983879089
0.6783753633499146
0.4695699214935303
1.1185601949691772
0.650445818901062
0.6859731674194336
0.794299304485321
0.7382887005805969
0.47736215591430664
0.6009594202041626
0.9917005300521851
1.1481809616088867
0.741929292678833
0.6796623468399048
0.6951084136962891
0.7644351720809937
0.7725501656532288
0.8771279454231262
0.514654815196991
0.5415028929710388
0.5890185832977295
0.5441086888313293
0.5673395395278931
0.7428579330444336
0.5779500007629395
0.5356148481369019
0.5448814630508423
0.6474880576133728
0.6578233242034912
1.0827686786651611
0.6480748057365417
0.754948616027832
0.6639694571495056
0.6259685754776001
0.57306307554245
0.6451048851013184
0.4955417513847351
1.0447036027908325
1.0267837047576904
0.7914285659790039
0.9273890256881714
0.6885543465614319
1.0472334623336792
0.9153290390968323
0.9642260670661926
0.7288024425506592
0.56230628490448
0.9234049320220947
0.5998368263244629
0.5568385124206543
0.9268406629562378
0.660932183265686
0.6457815766334534
0.7576544880867004
0.6931592226028442
0.4711313247680664
0.7535243630409241
0.6468415856361389
0.6654040217399597
0.6797127723693848
0.53528892993927
0.7940964698791504
0.8852634429931641
0.5688783526420593
0.7509057521820068
0.6246567964553833
0.7918363809585571
0.5319851636886597
0.7204079627990723
0.7122001647949219
0.6191788911819458
0.7863136529922485
0.6465505361557007
0.7349996566772461
0.5635789632797241
0.6245126724243164
0.6033527851104736
0.6326823234558105
0.7006704807281494
1.051961898803711
0.7704558372497559
0.7735260725021362
0.517320454120636
0.6491137146949768
0.6292017698287964
0.5868752002716064
0.8260856866836548
0.665103554725647
0.4977826774120331
0.6605076789855957
0.5470700263977051
0.9913575053215027
0.5502001643180847
0.7616622447967529
0.5259755849838257
0.5888704061508179
0.8201320767402649
0.5078524947166443
0.98516446352005
0.5787174701690674
0.5057107210159302
0.6161043643951416
0.6392787098884583
0.5694975256919861
0.7880744934082031
0.5299159288406372
0.5459905862808228
0.657034158706665
0.6408324241638184
0.6905008554458618
0.7509651184082031
1.074042558670044
0.6580760478973389
0.6650960445404053
0.6016663312911987
1.2117652893066406
0.6035686731338501
0.7870221138000488
1.0291574001312256
0.8289377093315125
0.5755696296691895
0.6480135917663574
0.5341237783432007
0.624794065952301
0.8509878516197205
0.6940825581550598
0.7499687671661377
0.8255804777145386
0.7394976019859314
0.5668621063232422
0.7142031192779541
0.5817749500274658
0.8743287324905396
0.62541663646698
0.5998765230178833
0.8183258771896362
0.5573556423187256
0.4522742033004761
0.6447210311889648
0.48971694707870483
0.6956824064254761
0.7430086731910706
0.6911871433258057
0.8477859497070312
0.7057731747627258
0.6846761703491211
0.5210877656936646
0.7716881632804871
0.5717071890830994
0.4951515197753906
0.652091383934021
1.0085924863815308
0.8699860572814941
0.5100947618484497
1.1911038160324097
0.5550322532653809
0.6876271963119507
0.5950421094894409
0.6241735816001892
0.711829662322998
0.7591096758842468
0.5774440765380859
0.6290538311004639
0.518364429473877
0.8262934684753418
0.5426112413406372
0.540471076965332
0.7760215997695923
0.6925308704376221
1.28848135471344
0.44296523928642273
0.8426374793052673
0.7514370083808899
0.81656414270401
0.6297885775566101
0.7650438547134399
1.0416141748428345
0.6037914752960205
0.5786792039871216
0.9753499031066895
0.6784257292747498
0.9575945138931274
0.591475248336792
0.5395566821098328
0.7011455297470093
0.8764750361442566
0.9536996483802795
0.6576192378997803
0.5815701484680176
0.8417820930480957
0.7110452055931091
0.7303922772407532
0.5684975385665894
0.4426933825016022
0.565843939781189
0.5720406174659729
0.626489520072937
0.5140112638473511
0.6033725142478943
0.5541720986366272
0.6958518028259277
0.5294613838195801
0.6105618476867676
0.7661834359169006
0.7497334480285645
0.6866623163223267
0.5112285017967224
0.8403376936912537
0.8269956111907959
0.6986644268035889
0.6055696606636047
0.8638626337051392
0.5928136706352234
0.9148184061050415
0.8344368934631348
0.6639485359191895
0.5106469392776489
0.7899706363677979
0.3839055299758911
0.7237004041671753
0.6250485181808472
0.766697108745575
0.7933400273323059
0.6756423711776733
0.5252201557159424
0.5966330170631409
0.7920304536819458
0.6954324841499329
0.7279976606369019
0.6354842185974121
0.5730876922607422
0.6009945869445801
0.6978527903556824
0.6535894274711609
0.6573432683944702
0.612067461013794
0.6577273607254028
1.0268949270248413
0.6266679763793945
0.5754317045211792
0.8510688543319702
0.6175154447555542
0.7119796872138977
0.5744167566299438
0.662399172782898
0.46833789348602295
0.7117716670036316
0.47657454013824463
0.5161527395248413
0.7281538248062134
0.6061447858810425
0.7057530879974365
0.5296044945716858
0.7197263240814209
0.5094214081764221
0.4616298973560333
0.9044641852378845
0.5058338642120361
0.6766899824142456
0.6361168622970581
0.4855074882507324
0.6649767160415649
0.7633721232414246
0.6034477949142456
0.6723151206970215
0.5000989437103271
0.6398148536682129
0.974435567855835
0.6692121028900146
0.9051231145858765
0.6894150376319885
0.5515499114990234
0.509657621383667
0.523330807685852
0.45008084177970886
0.5403711199760437
0.48769229650497437
0.5540233850479126
0.5422754287719727
1.143779993057251
0.6831569075584412
0.8663235902786255
0.49023252725601196
0.49111106991767883
0.7209061980247498
0.47497767210006714
0.5333694219589233
0.68105149269104
0.5136803388595581
1.1216602325439453
0.6173115968704224
0.4981379508972168
0.4864569306373596
0.6258385181427002
0.6397703886032104
0.7122166156768799
0.559204638004303
0.4056829512119293
0.46022742986679077
0.7240826487541199
0.5238562226295471
0.4311842918395996
0.5125447511672974
0.5486738681793213
0.5576875805854797
0.5552809238433838
0.36626413464546204
0.48929640650749207
0.7781983017921448
0.5523529648780823
0.6717469692230225
0.5664218664169312
0.6500105261802673
0.6670300960540771
0.4481748342514038
0.5184407234191895
0.46283042430877686
0.7482531070709229
0.970981240272522
0.4161538779735565
0.7347769737243652
0.5754426717758179
0.7540861368179321
0.4933208227157593
0.6542184352874756
0.6585924029350281
0.5582513809204102
0.4763698875904083
0.6636356115341187
0.623228907585144
0.7121924161911011
0.6422620415687561
0.5662698745727539
0.5373814702033997
0.7290365695953369
0.5164163112640381
0.6856591701507568
0.6695564985275269
0.7235989570617676
0.5939595699310303
0.8009845018386841
0.4983713924884796
0.476921021938324
0.7684299945831299
0.5276278853416443
0.8227936625480652
0.7984093427658081
0.6499360799789429
0.47273388504981995
0.6586891412734985
0.6450105309486389
0.6022144556045532
0.5436636805534363
0.5427510738372803
0.47324997186660767
0.48442772030830383
0.44562265276908875
0.5103490948677063
0.5489858388900757
0.6767781972885132
0.47615212202072144
0.5724343061447144
0.7993078827857971
0.5706573724746704
0.42945221066474915
0.8429919481277466
0.5566309690475464
0.6749815940856934
0.5791311264038086
0.6404638290405273
0.8370687365531921
0.5473291873931885
0.5889251828193665
0.5053629875183105
0.7697856426239014
0.8539504408836365
0.7874243855476379
0.7925354838371277
0.7231022715568542
0.7378759384155273
0.8140290379524231
0.6554819345474243
0.5450205206871033
0.778828501701355
0.5352503061294556
0.7425573468208313
0.38330215215682983
0.8123146891593933
0.7432297468185425
0.6165179014205933
0.4460735321044922
0.6354542970657349
0.6832723617553711
0.6822578310966492
0.6441616415977478
0.48073655366897583
0.5231974720954895
0.7057170271873474
0.673902153968811
0.6169646382331848
0.4739952087402344
0.8060381412506104
0.6414158344268799
0.5217297077178955
0.8485547304153442
0.6179492473602295
1.670932412147522
0.9074129462242126
0.6345806121826172
0.7293837070465088
0.5247785449028015
0.38398587703704834
0.7228567004203796
0.6887136697769165
0.7885116338729858
0.7178487777709961
0.5434011220932007
0.5023301839828491
0.6507768630981445
0.5222498178482056
0.5571607351303101
0.5751990079879761
0.719215989112854
0.35339486598968506
0.5049917697906494
0.4168691635131836
0.524276852607727
0.5952067375183105
0.45409369468688965
0.6337207555770874
0.5406184792518616
0.602185070514679
0.5349762439727783
0.5910965204238892
0.5140166282653809
0.6590707302093506
0.497183620929718
0.8274528980255127
0.5548346042633057
0.9474973678588867
0.4947599470615387
0.4343551993370056
0.4961572587490082
0.49601829051971436
0.5583543181419373
0.450486421585083
0.6113485097885132
0.5525012016296387
0.6210212707519531
0.4820750951766968
0.78059983253479
0.39128199219703674
0.467739999294281
0.7264336347579956
0.8288927674293518
0.4864194095134735
0.5558078289031982
0.7014065980911255
0.500711977481842
0.7257252931594849
0.5001618266105652
0.5787512063980103
0.6981048583984375
0.5774551033973694
0.5482155680656433
0.5475278496742249
0.4490148425102234
0.5205316543579102
0.5006000399589539
0.6712043881416321
0.8119863867759705
0.8171945214271545
0.4914992153644562
0.8147298097610474
0.5978758335113525
0.6982916593551636
0.47686323523521423
0.5630977153778076
0.7355258464813232
0.6361125707626343
0.5820579528808594
0.7560999393463135
0.6510196924209595
0.4077370762825012
0.5689535737037659
0.8442966938018799
0.6983627676963806
0.5772892832756042
0.5075756311416626
0.5872020721435547
0.5711220502853394
0.6086578369140625
0.4385938048362732
0.5682152509689331
0.5965264439582825
0.5830711126327515
0.5489218831062317
0.5035249590873718
0.6519805192947388
0.5012001991271973
0.6821867227554321
0.6253554821014404
0.6917150020599365
0.45597124099731445
0.6068949699401855
0.6109178066253662
0.6590354442596436
0.5859471559524536
0.8234659433364868
0.8337152004241943
0.6785422563552856
0.5667450428009033
0.6348962783813477
0.6514412760734558
0.5201461911201477
0.4579637348651886
0.8789032697677612
0.6934589147567749
0.7815603613853455
0.5964129567146301
0.5165519714355469
0.49796998500823975
0.6021488904953003
0.5931095480918884
0.5730891823768616
0.48410025238990784
0.4447227716445923
0.5105084180831909
0.612707257270813
0.5842227935791016
0.5078571438789368
0.5690016746520996
0.641577959060669
0.7135957479476929
0.4512840509414673
0.5101348161697388
0.5649877786636353
0.7880714535713196
0.5535241365432739
0.6606106162071228
0.5784773826599121
0.4872315526008606
0.7655625343322754
0.6551528573036194
0.6997264623641968
0.49602288007736206
0.5051059722900391
0.8688250780105591
0.4304274320602417
0.5401920676231384
0.6279541850090027
0.5358113050460815
0.4009610712528229
0.5473555326461792
0.8973525762557983
0.6170631051063538
0.6362282037734985
0.7159750461578369
0.641973614692688
0.9580875635147095
0.8421982526779175
0.6813244223594666
0.4869738817214966
0.5944589376449585
0.6390882730484009
0.4716607332229614
0.7787863612174988
0.9846312999725342
0.5206470489501953
0.6291465759277344
0.4514811635017395
0.7012715935707092
0.4333643913269043
0.5045689344406128
0.6496195197105408
0.7538530230522156
0.4587845206260681
0.645020604133606
0.6121747493743896
0.621485710144043
0.7483712434768677
0.4954898953437805
0.49395251274108887
0.5906802415847778
0.7048609256744385
0.7593278288841248
0.6674172878265381
0.8219533562660217
0.6575809121131897
0.5529682040214539
0.4323161244392395
0.5602518320083618
0.5829676389694214
0.8260165452957153
0.6339465379714966
0.8355553150177002
0.6899433732032776
0.43962812423706055
0.687045693397522
0.581323504447937
0.641282320022583
0.6153550148010254
0.5012418031692505
0.4013139605522156
1.030070424079895
0.5017868280410767
0.9065924882888794
0.4340164065361023
0.5254812240600586
0.6191282272338867
0.5181310176849365
0.7622731924057007
0.7770592570304871
0.7794691324234009
0.5234074592590332
0.6839252710342407
0.8800064325332642
1.207964539527893
0.6211066246032715
0.442355215549469
0.5045124292373657
0.613053023815155
0.484356164932251
0.7510910630226135
0.6024395823478699
0.39908599853515625
0.45707976818084717
0.4965381324291229
0.6012868881225586
0.6523963212966919
0.5621471405029297
0.8739624619483948
0.38909757137298584
0.6187076568603516
0.5297866463661194
0.576191246509552
0.5323060750961304
0.6644529700279236
0.4739387035369873
0.7183499932289124
0.45496463775634766
1.0037643909454346
0.9151988625526428
0.6880381107330322
0.8514765501022339
0.7950999736785889
0.763109564781189
0.6367547512054443
0.8616228103637695
0.5423744916915894
0.4763150215148926
0.474260151386261
0.7336936593055725
0.9610192775726318
0.43009883165359497
0.7474783062934875
0.6382324695587158
0.50104159116745
0.4661674499511719
0.6756860613822937
0.5996614098548889
0.7273327708244324
0.9936873912811279
0.8809843063354492
0.5216127038002014
0.6065506339073181
0.6759442090988159
0.5216075778007507
0.5394254326820374
0.49673622846603394
0.539459228515625
0.4022086560726166
0.6376104950904846
0.6169154644012451
0.6556462049484253
0.44105732440948486
0.5707542896270752
0.5080074667930603
0.5282547473907471
0.6682044267654419
0.6909756660461426
0.6039443016052246
0.5716136693954468
0.7116866111755371
0.7358877658843994
0.4747520387172699
0.7236340045928955
0.5836834907531738
0.668198823928833
0.8572865724563599
0.6301463842391968
0.44995397329330444
0.5278193950653076
0.6464872360229492
0.48358553647994995
0.5082619190216064
0.6430395841598511
0.6612511873245239
0.6322618722915649
0.5185903906822205
0.6360684633255005
0.7687858939170837
0.5546138286590576
0.9567334651947021
0.6113172769546509
0.5601285099983215
0.6824479699134827
0.559381365776062
0.580500066280365
0.6187063455581665
0.7693678140640259
0.7903720140457153
0.6133038997650146
0.5174329876899719
0.5184183716773987
0.5351986885070801
0.6096590757369995
0.5044289827346802
0.5876742601394653
0.6959228515625
0.5732277631759644
0.6985958814620972
0.4369003474712372
0.4871920645236969
0.5140441656112671
0.5719543695449829
0.4056675136089325
0.6822642087936401
0.5841426253318787
0.5594863891601562
0.4484875500202179
0.4333924651145935
0.49603477120399475
0.5614947080612183
0.5567082762718201
0.4793790578842163
0.5572521090507507
0.6533592939376831
0.5486643314361572
0.5611006021499634
0.4122083783149719
0.7598153352737427
0.641884446144104
0.6864854693412781
0.6024692058563232
0.6810421347618103
0.7149728536605835
0.47807931900024414
0.5205103158950806
0.5192585587501526
0.6747926473617554
0.5393986701965332
0.6165006160736084
0.7460335493087769
1.1638363599777222
0.5269411206245422
0.5883357524871826
0.557718813419342
0.5416868925094604
0.5948083400726318
0.4409879446029663
0.44950538873672485
0.6305269002914429
0.49276411533355713
0.42242029309272766
0.6029050350189209
0.44870150089263916
0.6044268012046814
0.4533531963825226
0.4805481433868408
0.6852082014083862
0.4700782895088196
0.53630530834198
0.5038443803787231
0.7449741959571838
0.5384335517883301
0.8094483017921448
0.5188710689544678
0.6201595067977905
0.5664806365966797
0.4704374670982361
0.758273184299469
0.5320615172386169
0.706190824508667
0.4748285710811615
0.553215503692627
0.5775437951087952
0.8130745887756348
0.42223891615867615
0.5281801819801331
0.6175000667572021
0.5610483884811401
0.5809504985809326
0.5699090957641602
0.613140344619751
0.4706486761569977
0.44989949464797974
0.9480565786361694
0.7593753337860107
0.47953832149505615
1.0484609603881836
0.38774770498275757
0.5278264880180359
0.5733641386032104
0.460985004901886
0.4543173015117645
0.567718505859375
0.48013031482696533
0.46199432015419006
0.5378731489181519
0.569785475730896
0.6121358275413513
0.7821907997131348
0.6930156946182251
0.8138536214828491
0.4828895330429077
0.5125677585601807
0.6396204233169556
0.598121702671051
0.512929379940033
0.8042157292366028
0.539999783039093
0.5042586922645569
0.8280994296073914
0.5070627927780151
0.44403424859046936
0.6926199197769165
0.7981981039047241
0.6844813227653503
0.6660003662109375
0.6318874359130859
0.5886316895484924
0.5412586331367493
0.5743086338043213
0.6544853448867798
0.5562902688980103
0.6724426746368408
0.4107123911380768
0.5330350399017334
0.5058580636978149
0.7630689740180969
0.6570038795471191
0.6408029794692993
0.7728679776191711
0.8377475142478943
0.5209662914276123
0.7079019546508789
0.7129168510437012
0.6715987920761108
0.5745490789413452
0.5617159605026245
0.4323725700378418
0.5053765177726746
0.56098473072052
0.6459477543830872
0.500790536403656
0.4137668013572693
0.5264242887496948
0.4494297504425049
0.5363986492156982
0.8916944265365601
0.5315658450126648
0.5089619159698486
0.5157774686813354
0.6381075382232666
0.6449850797653198
0.510539174079895
0.5109245777130127
0.7205697894096375
0.45142626762390137
0.9362920522689819
0.5118221044540405
0.5825221538543701
0.6059612035751343
0.4047126770019531
0.48130905628204346
0.4861532747745514
0.48713797330856323
0.4529111087322235
0.6903601884841919
0.7105942964553833
0.6605887413024902
0.7320154905319214
0.6846422553062439
0.573815107345581
0.5499756932258606
0.6373350620269775
0.7594732642173767
0.640703558921814
0.4282568693161011
0.5889518857002258
0.6550441980361938
0.684373140335083
0.6144258975982666
0.5430076122283936
0.659701943397522
0.606965184211731
0.6770062446594238
0.5516772270202637
0.6857398748397827
0.6905198097229004
0.51047682762146
0.5698691606521606
0.5259757041931152
0.7142516374588013
0.5372927784919739
0.6775202751159668
0.6766432523727417
0.46804147958755493
0.6373352408409119
0.5337859988212585
0.6485885381698608
0.831917405128479
0.5820677280426025
0.555338442325592
0.6359682083129883
0.772416353225708
0.46259886026382446
0.5761852264404297
0.6718132495880127
0.5173401236534119
0.5983421802520752
0.46731477975845337
0.5065780878067017
0.45494818687438965
0.6166934967041016
0.6676052212715149
0.6178961992263794
0.5624473690986633
0.7732142806053162
0.6251589059829712
0.5474056005477905
0.6972411274909973
0.49186426401138306
0.46073976159095764
0.5934520363807678
1.2508955001831055
0.6800825595855713
0.5381568670272827
0.6079110503196716
0.42679184675216675
0.6137803792953491
0.7309622764587402
0.5876783728599548
0.6974930763244629
0.6809890270233154
0.4327847361564636
0.4325602948665619
0.7516541481018066
0.5486600399017334
0.8519788384437561
0.5720807909965515
0.5225655436515808
0.5877028107643127
0.6643153429031372
0.5776865482330322
0.7126197218894958
0.5516068935394287
0.49753013253211975
0.47633910179138184
0.5051593780517578
0.44396716356277466
0.6510989665985107
0.3833179473876953
0.42673084139823914
0.9315406084060669
0.45405113697052
0.4680267572402954
0.5084797739982605
0.7560663819313049
0.8292460441589355
0.8597263097763062
0.6081781387329102
0.45962488651275635
0.4948456585407257
0.5336318016052246
0.4032236933708191
0.5003091096878052
0.3899466097354889
0.5865541696548462
0.597162127494812
0.5232867002487183
0.4113873243331909
0.561737596988678
0.5921002626419067
0.4041122496128082
0.6957687139511108
0.4743908643722534
0.5510217547416687
0.5823225975036621
0.7342947721481323
0.6428045034408569
0.5007016062736511
0.5087615847587585
0.5227550268173218
0.3939434885978699
0.49880844354629517
0.7741376161575317
0.7323046922683716
0.6117101907730103
0.6991713643074036
0.6782153844833374
0.5946712493896484
0.7238751649856567
0.5205097198486328
0.599449634552002
0.5312402248382568
0.6962324380874634
0.5387940406799316
0.39125046133995056
0.48241132497787476
0.8093360662460327
0.42076700925827026
0.6438769102096558
0.6918859481811523
0.586811900138855
0.6425465941429138
0.5396888852119446
0.7615107893943787
0.6141939163208008
0.6323539614677429
0.5615644454956055
0.5576256513595581
0.5899987816810608
0.5169413089752197
0.4944968819618225
0.5403755903244019
0.5048965811729431
0.8144500255584717
0.5534189343452454
0.5463298559188843
0.3556334674358368
0.6835586428642273
0.7662051916122437
0.5766655206680298
0.5065223574638367
0.6396413445472717
0.5579898357391357
0.4177132248878479
0.45168358087539673
0.7681666016578674
0.5410209894180298
0.6680428385734558
0.4325796961784363
0.8100975751876831
0.44897985458374023
0.6236078143119812
0.549494743347168
0.47439682483673096
0.5422630906105042
0.4290119409561157
0.42371875047683716
0.5906821489334106
0.7293238639831543
0.6949651837348938
0.5441911220550537
0.5597700476646423
0.4493161737918854
0.5270129442214966
0.443267822265625
0.48349928855895996
0.6056115627288818
0.6092356443405151
0.5125342607498169
0.5149335265159607
0.38952338695526123
0.5797836780548096
0.6387523412704468
0.7937531471252441
0.60609370470047
0.5807420611381531
0.6585676670074463
0.7393499612808228
0.6036407947540283
0.5846890211105347
1.0412098169326782
0.5079628229141235
0.6094917058944702
0.6219971179962158
0.4818122982978821
0.5879800319671631
0.6333425045013428
0.5971774458885193
0.5968925356864929
0.5009616613388062
0.7656954526901245
0.4499914050102234
0.4502526521682739
0.6083252429962158
0.4560706615447998
0.5991759300231934
0.5455015897750854
0.5048960447311401
0.5638746619224548
0.6105391383171082
0.554918646812439
0.6459672451019287
0.4431839883327484
0.5520716905593872
0.5198912620544434
0.6220787763595581
0.6067073941230774
0.6398258805274963
0.5974446535110474
0.5226143598556519
0.6256217360496521
0.8494635820388794
0.4698490798473358
0.5567890405654907
0.49518394470214844
0.5791648626327515
0.4976256489753723
0.5818392634391785
0.5023326277732849
0.7807377576828003
0.453957736492157
0.6292260885238647
0.4850271940231323
0.6097405552864075
0.7077353000640869
0.5664485692977905
0.3768428862094879
0.5424984693527222
0.4217571020126343
0.44648846983909607
0.4886525869369507
0.6461368799209595
0.5709850788116455
0.6663742065429688
0.5798370838165283
0.5617641806602478
0.5836445689201355
0.8747444152832031
0.9188492894172668
0.5238842964172363
0.4412940442562103
0.6450878381729126
0.45259591937065125
0.6079506278038025
0.6167306900024414
0.7121763229370117
0.55396568775177
0.6018186807632446
0.6462758779525757
0.5603382587432861
0.49859434366226196
0.9561346769332886
0.492705762386322
0.6647403240203857
0.4766206741333008
0.5866198539733887
0.6377440690994263
0.529212236404419
0.8826606869697571
0.9206706285476685
0.40761423110961914
0.6809561848640442
0.49216634035110474
0.5907535552978516
0.6835814714431763
0.8995361328125
0.46793925762176514
0.5413055419921875
0.5501211285591125
0.7601389288902283
0.5286850929260254
0.5102663636207581
0.5350229740142822
0.7164636850357056
0.6648523807525635
0.49601125717163086
0.46418851613998413
0.47629496455192566
0.908669114112854
0.4480588436126709
0.5473429560661316
0.6562446355819702
0.5278192758560181
0.5061198472976685
0.8332071304321289
0.5255012512207031
0.5119947195053101
0.4106624126434326
0.6278790831565857
0.631287693977356
0.9287037253379822
0.6246800422668457
0.5039699077606201
0.48641812801361084
0.45670828223228455
0.8175967335700989
0.59178227186203
0.8377765417098999
0.6964163780212402
1.04288649559021
0.5514664649963379
0.4769909381866455
0.6164207458496094
0.6200535297393799
0.5174542665481567
0.7888043522834778
0.4899962842464447
0.5627492666244507
0.6988662481307983
0.47464513778686523
0.49120381474494934
0.6159436106681824
0.5710370540618896
0.6512086987495422
0.5598654747009277
0.46741533279418945
0.6998282670974731
0.4464831054210663
0.4264228343963623
0.5685079097747803
0.5470157861709595
0.5555088520050049
0.6821313500404358
0.4451042711734772
0.6049895882606506
0.7038953304290771
0.4862518906593323
0.6929298639297485
0.5090123414993286
0.4482417404651642
0.5416282415390015
0.5937357544898987
0.5448029041290283
0.4853951930999756
0.4494556784629822
0.5175369381904602
0.668326735496521
0.5666616559028625
0.5223832130432129
0.7418537139892578
0.46682119369506836
0.4103984236717224
0.7708927989006042
0.5445938110351562
0.9293683767318726
0.6474062204360962
0.5727792978286743
0.5785785913467407
0.6427760124206543
0.37214675545692444
0.49523717164993286
0.8961250185966492
0.42402851581573486
0.39918529987335205
0.5306949615478516
0.5824532508850098
0.7523105144500732
0.6649993658065796
0.6479705572128296
0.8023503422737122
0.545343816280365
0.5222117900848389
0.5420200228691101
0.49992743134498596
0.5722771883010864
0.7780730724334717
0.530106782913208
0.4490886330604553
0.502437949180603
0.6980123519897461
0.5520801544189453
0.4726383686065674
0.6054524183273315
0.4722755551338196
0.6804966926574707
0.5182149410247803
0.4909003973007202
0.6677325963973999
0.574344277381897
0.4845021963119507
0.4448843002319336
0.46238815784454346
0.6413304209709167
0.7104987502098083
0.5249314308166504
0.6132187843322754
0.5363609194755554
0.5596933364868164
0.6019513607025146
0.48452842235565186
0.49279314279556274
0.7069123387336731
0.5089102983474731
0.7460535764694214
0.5564359426498413
0.5063597559928894
0.6303490400314331
0.4919265806674957
0.5053708553314209
0.5596250295639038
0.5304398536682129
0.6758595108985901
0.5072897672653198
0.7407881021499634
0.4751470386981964
0.9520939588546753
0.42848849296569824
0.5144832730293274
0.5894172191619873
0.7318496704101562
1.4818379878997803
0.7649368643760681
0.5037941336631775
0.5676323175430298
0.5656920671463013
0.6469130516052246
0.577031135559082
0.6373475790023804
0.6115260124206543
0.4764409065246582
0.7142268419265747
0.7759474515914917
0.5897015333175659
0.6077630519866943
0.4938206672668457
0.5618332624435425
0.50151526927948
0.48710423707962036
0.9591777324676514
0.6520103216171265
0.4979540705680847
0.5736550688743591
0.9202969074249268
0.4831031560897827
0.4984896779060364
0.6946818232536316
0.49405351281166077
0.7996549606323242
0.7071047425270081
0.6885631084442139
0.48408663272857666
0.5221196413040161
0.5475609302520752
0.5022059679031372
0.5171158313751221
0.8226712942123413
0.5071350932121277
0.7059641480445862
0.5238861441612244
0.4902910590171814
0.8484324812889099
0.3798232078552246
0.40993309020996094
0.6124378442764282
0.869968056678772
0.49409544467926025
0.6645866632461548
0.5820763111114502
0.6530628800392151
0.4787699580192566
0.4116276800632477
0.44723784923553467
0.49822086095809937
0.5911437273025513
0.9706296920776367
0.6860041618347168
0.6512736082077026
0.4752562344074249
0.5128297805786133
0.518844485282898
0.6284924745559692
0.5547345280647278
0.6802287101745605
0.8251675367355347
0.5904361009597778
0.4056325852870941
0.5351078510284424
0.6206139326095581
0.49009937047958374
0.5213664174079895
0.44689226150512695
0.4762774407863617
0.7364593148231506
0.43756723403930664
0.43997496366500854
0.6678685545921326
0.529144823551178
0.4708423614501953
0.5070063471794128
0.5522031784057617
0.548786997795105
0.5808415412902832
0.5368310809135437
0.6369733214378357
0.7456140518188477
0.6191097497940063
0.5999736785888672
0.8225975632667542
1.0206422805786133
0.5218503475189209
0.5031159520149231
0.6605073809623718
0.6436582803726196
0.5585888624191284
0.5455762147903442
0.5274370312690735
0.7740781307220459
0.4773750305175781
0.4791424870491028
0.5540717840194702
0.5771675109863281
0.5666335821151733
0.5617523193359375
0.49551814794540405
0.5723459720611572
0.5649201273918152
0.5369422435760498
0.586181640625
0.553363561630249
0.6763976812362671
0.4450618624687195
1.0246113538742065
0.5382493734359741
0.6841802597045898
0.7783176302909851
0.7351790070533752
0.47414326667785645
0.5731910467147827
0.6744135618209839
0.47292351722717285
0.44113385677337646
0.6817613840103149
0.3714732825756073
0.42048782110214233
0.691445529460907
0.5106155276298523
0.47313007712364197
0.5917823910713196
0.4873049259185791
0.5011842846870422
0.7361201643943787
0.7724924683570862
0.5728654861450195
0.4966711401939392
0.6003761291503906
0.5284177660942078
0.5033294558525085
0.6855374574661255
0.4936017692089081
0.4793856143951416
0.515652060508728
0.6486433148384094
0.48474061489105225
0.4733533263206482
0.5834207534790039
0.6289407014846802
0.49158763885498047
0.6617064476013184
0.9006439447402954
0.4549133777618408
0.8395756483078003
0.5011956691741943
0.6531857252120972
0.4445263147354126
0.4330676794052124
0.677258312702179
0.8138197660446167
0.44951269030570984
0.5003280639648438
0.39125627279281616
0.571040153503418
0.48762789368629456
0.663146436214447
0.48114150762557983
0.3563041090965271
0.48267608880996704
0.4130784869194031
0.38305848836898804
0.7901672720909119
0.48736831545829773
0.6265711784362793
0.7065824866294861
0.5945736169815063
0.5442670583724976
0.4909704923629761
0.6083608865737915
0.4373295307159424
0.7290883660316467
0.5494369268417358
0.7833994030952454
0.5624707341194153
0.8102423548698425
0.49294573068618774
0.5787829756736755
0.7519115209579468
0.735682487487793
0.631977379322052
0.6548768281936646
0.7749002575874329
0.44483357667922974
0.48586881160736084
0.5244572162628174
0.5391867160797119
0.5547247529029846
0.5148301124572754
0.6964114904403687
0.7534879446029663
0.5297098159790039
0.7286068797111511
0.4424997866153717
0.5055303573608398
0.7270098328590393
0.5109795928001404
0.5705305337905884
0.39787185192108154
0.5286532640457153
0.43676918745040894
0.64002925157547
0.7915604114532471
0.4912462532520294
0.5265907049179077
0.6440287232398987
0.5433741807937622
0.4764246940612793
0.6869314312934875
0.6158280372619629
0.9447134733200073
0.6951770782470703
0.43437910079956055
0.4790293574333191
0.6459072828292847
0.6039447784423828
0.5042140483856201
0.6523065567016602
0.4142438769340515
0.3716110289096832
0.8355030417442322
0.6285833120346069
0.7031019330024719
0.39395710825920105
0.8392931818962097
0.5156884789466858
0.5040580034255981
0.48124319314956665
0.7340214252471924
0.5957191586494446
0.6198553442955017
0.5004528760910034
0.7352479696273804
0.42296093702316284
0.4061935245990753
0.6130834817886353
0.4093731939792633
0.6807543039321899
0.47496578097343445
0.5263515710830688
0.5794333219528198
0.7176419496536255
0.9074742794036865
0.5857280492782593
0.6256948113441467
0.4674760401248932
0.6047683954238892
0.7631132006645203
0.690822958946228
0.5397146940231323
0.7950581312179565
0.654833972454071
0.406429260969162
0.6430879831314087
0.5757462382316589
0.7345860004425049
0.7135622501373291
0.6091456413269043
0.5313017964363098
0.5595316886901855
0.600131630897522
0.7552272081375122
0.5651265382766724
0.9235982298851013
0.4063226580619812
0.45993301272392273
0.5525957345962524
0.47849544882774353
0.6262914538383484
0.7062097787857056
0.8343044519424438
0.40319186449050903
0.4731230139732361
0.9272229671478271
0.8067138195037842
0.43915092945098877
0.5827217102050781
0.7247453331947327
0.6983401775360107
0.40614157915115356
0.5180371403694153
0.4794340133666992
0.6338586807250977
0.49553215503692627
0.3943207859992981
0.5269664525985718
0.42941272258758545
0.4751701056957245
0.5217788815498352
0.5654106140136719
0.607161283493042
0.39203447103500366
0.6037631630897522
0.5025576949119568
0.5410742163658142
0.45289063453674316
0.6580216884613037
0.5459403991699219
0.4014599323272705
0.5857112407684326
0.7530017495155334
0.5896832346916199
0.4734220802783966
0.5497490167617798
0.4895402491092682
0.46617215871810913
0.4586706757545471
0.5909605026245117
0.5688093900680542
0.4474528133869171
0.4347907304763794
0.8736989498138428
0.49570930004119873
0.5068532228469849
0.5162931084632874
0.5309178829193115
0.4816284775733948
0.45015084743499756
0.9907041788101196
0.485301673412323
1.13785719871521
0.5134801864624023
0.8054646253585815
0.5878602266311646
0.6356879472732544
0.5135689973831177
0.432462602853775
0.7969793081283569
0.8667051792144775
0.4711858630180359
0.7577347159385681
0.7180774211883545
0.5686761736869812
0.6281952857971191
0.6177849769592285
0.49597758054733276
0.5747755765914917
0.5329855680465698
0.44213730096817017
0.6973611116409302
0.5479718446731567
0.6382991075515747
0.5595629215240479
0.5544387102127075
0.7090930938720703
0.6237373948097229
1.0400103330612183
0.4652751684188843
0.5572711229324341
0.4897547960281372
0.5191957950592041
0.42842042446136475
0.5689008235931396
0.7431594133377075
0.5105798840522766
0.6664628982543945
0.4912022054195404
0.5967689156532288
0.5889739990234375
0.7363892197608948
0.6603821516036987
0.5296046733856201
0.6443347930908203
0.4625140130519867
0.45582836866378784
0.40860646963119507
0.6689929366111755
0.507549524307251
0.6423215866088867
0.45584627985954285
0.5152787566184998
0.690484344959259
0.6655569076538086
0.6210145354270935
0.5918482542037964
0.4778844714164734
0.4720420241355896
0.5030415654182434
0.6224594116210938
0.48182594776153564
0.5963431596755981
0.6002267599105835
0.5645120739936829
0.4526822566986084
0.44699057936668396
0.46320006251335144
0.7434517741203308
0.4569810628890991
0.6757659316062927
0.5275977849960327
1.3020117282867432
0.4985557198524475
0.524065375328064
0.5556904077529907
0.39882466197013855
0.5302448868751526
0.5563989877700806
0.5689864158630371
0.6214408278465271
0.5279039144515991
0.8526920080184937
0.8175850510597229
0.6401071548461914
0.4085395932197571
0.6698340177536011
0.8536346554756165
0.6696051359176636
0.5488761067390442
0.5189720392227173
0.6472851037979126
0.4875422716140747
0.40468886494636536
0.5487754344940186
0.6205623745918274
0.46368372440338135
0.5343849062919617
0.5125566124916077
0.6231288909912109
0.5125002861022949
0.5800668001174927
0.6806777119636536
0.625982940196991
0.7854269742965698
0.42874544858932495
0.552849292755127
0.6619242429733276
0.5292832851409912
0.816632866859436
0.5714998841285706
0.5692274570465088
0.612023651599884
0.44608938694000244
0.8508089780807495
0.5965391397476196
0.49297213554382324
0.6728160381317139
0.44164592027664185
0.5686401724815369
0.5191771984100342
0.4312916100025177
0.8460307121276855
0.6951361894607544
0.4935072064399719
0.6748814582824707
0.44397926330566406
0.44426429271698
0.6349806785583496
0.48568785190582275
0.45740342140197754
0.6885912418365479
0.9036753177642822
0.5513103008270264
0.6085286140441895
0.5523831248283386
0.46276500821113586
0.7415902614593506
0.49039724469184875
0.49317657947540283
0.47346481680870056
0.8027083873748779
0.6469835042953491
0.566947340965271
0.5179685950279236
0.5371408462524414
0.4810898005962372
0.5453218221664429
0.4416320323944092
0.45047837495803833
0.6217136979103088
0.4418395161628723
0.5189625024795532
0.6982551217079163
0.5733534097671509
0.40168577432632446
0.5265858769416809
0.5442554950714111
0.7325248718261719
0.6196175217628479
0.6414927244186401
0.6623523235321045
0.5213125944137573
0.6007764935493469
0.5689407587051392
0.44706714153289795
0.6177278757095337
0.5128960609436035
0.5503166913986206
0.6264625787734985
0.6370312571525574
0.47595179080963135
0.5133450031280518
0.46207356452941895
0.5223078727722168
0.684906005859375
0.48097100853919983
0.7191994190216064
0.4474331736564636
0.6548007130622864
0.5259828567504883
0.579511821269989
0.3569638729095459
0.4608297348022461
0.7324984073638916
0.4538317918777466
0.4969852566719055
0.4992263615131378
0.6770650148391724
0.5528666973114014
0.44862353801727295
0.6367971301078796
0.5796800851821899
0.520444929599762
0.6591227054595947
0.36414843797683716
0.36807781457901
0.5464301109313965
0.6062291860580444
0.8111343383789062
0.4815250039100647
0.4241340160369873
0.6132616996765137
0.5839383006095886
0.4289582371711731
0.40882760286331177
0.5503854751586914
0.4247802495956421
0.5403295755386353
0.5964187979698181
0.5244610905647278
0.3858006000518799
0.8697308897972107
0.6181628108024597
0.43947356939315796
0.5329269766807556
0.5254222750663757
0.49273431301116943
0.7170315384864807
0.5480111241340637
0.6379619836807251
0.39657723903656006
0.9263525605201721
0.4332800507545471
0.4953654408454895
0.4417684078216553
0.6890884637832642
0.4265691041946411
0.6030167937278748
0.7698348760604858
0.385917067527771
0.7762205004692078
0.47648540139198303
0.5395901203155518
0.45600199699401855
0.4068615436553955
0.43203598260879517
0.47595489025115967
0.40561443567276
0.8800734281539917
0.5427703261375427
0.5337725877761841
0.4562828540802002
0.7223372459411621
0.5032979249954224
0.638008177280426
0.6912623643875122
0.5531768798828125
0.5778654217720032
0.4937898516654968
0.5442637205123901
0.5144381523132324
0.5403451919555664
0.4010285437107086
0.3780056834220886
0.7296030521392822
0.6231517195701599
0.43678727746009827
0.5308014154434204
0.4651634693145752
0.6626920700073242
0.4380180239677429
0.4398247003555298
0.4181668758392334
0.4698941707611084
0.6948031783103943
0.5287217497825623
0.6700798273086548
0.5536381006240845
0.6754249334335327
0.4842216670513153
0.7042570114135742
0.5406001806259155
0.4684818387031555
0.5121645927429199
0.5216512084007263
0.5266696214675903
0.45982757210731506
0.4660698175430298
0.5818015336990356
0.6097456216812134
0.5745372176170349
0.4986787438392639
0.5367805361747742
0.49125632643699646
0.49510031938552856
0.4193384051322937
0.5325205326080322
0.6899067163467407
0.46314823627471924
0.5418208241462708
0.517676055431366
0.6142358779907227
0.47131624817848206
0.48364558815956116
0.679267406463623
0.8293312788009644
0.4499385356903076
0.44921600818634033
0.79282146692276
0.4160434603691101
0.4127419590950012
0.5101486444473267
0.6035715341567993
0.5744644403457642
0.42331311106681824
0.6421805024147034
0.4187279939651489
0.5945459008216858
0.5921682119369507
0.5425509810447693
0.4987296462059021
0.40495195984840393
0.5775548815727234
0.4887387752532959
0.49057528376579285
0.363111287355423
0.40856480598449707
0.5081408619880676
0.45975056290626526
0.5129904747009277
0.6809461116790771
0.503311038017273
0.8080419898033142
0.5864773392677307
0.5853602290153503
0.5073451995849609
0.6100985407829285
0.5739489197731018
0.37964341044425964
0.5955095291137695
0.7923921346664429
0.6824086904525757
0.617630124092102
0.6062567830085754
0.5431500673294067
0.5821573138237
0.6415703296661377
0.5443670749664307
0.7799999713897705
0.3847668766975403
0.5038292407989502
0.5668156743049622
0.5969252586364746
0.5867289900779724
0.585952877998352
0.48108893632888794
0.6074774265289307
0.522922158241272
0.3517765402793884
0.46183937788009644
0.378072589635849
0.42459791898727417
0.4883952736854553
0.47307682037353516
0.5113446712493896
0.6171482801437378
0.48129698634147644
0.5850949883460999
0.45995423197746277
0.700994074344635
0.5360298156738281
0.5927677750587463
0.433218389749527
0.38161417841911316
0.5284835696220398
0.4230620265007019
0.5257997512817383
0.5091917514801025
0.5198314785957336
0.5301661491394043
0.6498491168022156
0.5433092713356018
0.3854866623878479
0.5761353969573975
0.42576348781585693
0.5848612785339355
0.44556349515914917
0.40757936239242554
0.3820314109325409
1.275186538696289
0.5915509462356567
0.49117493629455566
0.49790287017822266
0.690171480178833
0.39003390073776245
0.4566682279109955
0.4109431803226471
0.447882741689682
0.6552340388298035
0.5721637010574341
0.49682050943374634
0.48351287841796875
0.569575309753418
0.7142063975334167
0.5397061705589294
0.5575700402259827
0.5452009439468384
0.4144323170185089
0.5105283856391907
0.46997061371803284
0.4420216381549835
0.5637609362602234
0.5536374449729919
0.7188289761543274
0.46693211793899536
0.48548030853271484
0.49268966913223267
0.6801979541778564
0.4831622242927551
0.8468886613845825
0.4218292236328125
0.6507911086082458
0.4314423203468323
0.37138959765434265
0.455735981464386
0.9978365898132324
0.49041271209716797
0.5441135168075562
0.49809038639068604
0.6219988465309143
0.42462778091430664
0.584646463394165
0.4438236951828003
0.5968273282051086
0.5262981653213501
0.5570220947265625
0.4630786180496216
0.6241267323493958
0.4248335361480713
0.5453145503997803
0.547563910484314
0.49742645025253296
0.4068155586719513
1.0744906663894653
0.49777549505233765
0.47994303703308105
0.47976964712142944
0.529485821723938
0.5111833810806274
0.529166579246521
0.4697459936141968
0.44902700185775757
0.5703318119049072
0.6301813125610352
0.5664384961128235
0.5135969519615173
0.6021312475204468
0.496562659740448
0.44087326526641846
0.3768168091773987
0.5329113602638245
0.4793497920036316
0.6664994955062866
0.5244823098182678
0.39910274744033813
0.5250189304351807
0.5912936329841614
1.1481000185012817
0.6276053786277771
0.38966071605682373
0.46021729707717896
0.5985282063484192
0.4435514807701111
0.7361223697662354
0.4469783306121826
0.5091731548309326
0.4634430408477783
0.7399798631668091
0.36792755126953125
0.4423829913139343
0.6797004342079163
0.8045926094055176
0.7515119314193726
0.7013752460479736
0.6704115867614746
0.5893757343292236
0.4520735740661621
0.5017684102058411
0.39320626854896545
0.7659162282943726
0.6795667409896851
0.5816287994384766
0.6757022142410278
0.4830649495124817
0.6752091646194458
0.3978372812271118
0.41289886832237244
0.5173622965812683
0.44623303413391113
0.6680219173431396
0.9272780418395996
0.4735603928565979
0.6653478145599365
0.3960985541343689
0.600071132183075
0.5153026580810547
0.6163879632949829
0.45616665482521057
0.6642768979072571
0.5141707062721252
0.4212483763694763
0.5694640874862671
0.5884526371955872
0.579138457775116
0.37952208518981934
0.5495667457580566
0.47996053099632263
0.5611557960510254
0.5465655326843262
0.41722673177719116
0.5986272096633911
0.36780619621276855
0.5424952507019043
0.3896118402481079
0.5018186569213867
0.8242403864860535
0.5334025621414185
0.4506891369819641
0.46279674768447876
0.5221127271652222
0.4976539611816406
0.7866491079330444
0.6797858476638794
0.47081708908081055
0.8089427947998047
0.5623276233673096
0.5428048372268677
0.6616519689559937
0.4224132299423218
0.7101930379867554
0.7103160619735718
0.5509775280952454
0.4795680046081543
0.6331555843353271
0.7401893138885498
0.468291699886322
0.4071475863456726
0.39661169052124023
0.5428820848464966
0.5464848279953003
0.4987444281578064
0.556460976600647
0.4686775803565979
0.3712974786758423
0.5777425765991211
0.39760029315948486
0.5212637186050415
0.7423940896987915
0.42086148262023926
0.5443776845932007
0.466900110244751
0.3642461597919464
0.607873797416687
0.4366954565048218
0.5197048187255859
0.5597610473632812
0.46665340662002563
0.6012294292449951
0.4437864422798157
0.5640864968299866
0.4260295629501343
0.6079831123352051
0.5859315395355225
0.5993139147758484
0.48363226652145386
0.563194215297699
0.45392462611198425
0.6388267278671265
0.6155939698219299
0.46389240026474
0.428644061088562
0.5132472515106201
0.5927937030792236
0.609818696975708
0.5265194773674011
0.8255738615989685
0.7017977237701416
0.5965917706489563
0.48845356702804565
0.5587204694747925
0.43572092056274414
0.6775778532028198
0.6556398868560791
0.573860764503479
0.41124027967453003
0.4380459785461426
0.4449908137321472
0.5316751003265381
0.489075243473053
0.5887579917907715
0.6001564264297485
0.6052267551422119
0.4395707845687866
0.7193889617919922
0.5123986005783081
0.8010786771774292
0.6978731155395508
0.421097993850708
0.43604519963264465
0.7671506404876709
0.43796005845069885
0.5499794483184814
0.532296359539032
0.9489483833312988
0.41293787956237793
0.5928813815116882
0.5781863927841187
0.46959376335144043
0.4327046871185303
0.5012412071228027
0.6691381931304932
0.5798126459121704
0.5603041052818298
0.5095281600952148
0.4633951783180237
0.6411113142967224
0.6056748628616333
0.49218276143074036
0.5421399474143982
0.5675386190414429
0.4358844757080078
0.46911048889160156
0.43067866563796997
0.4717410206794739
0.36347538232803345
0.5286192893981934
0.40487420558929443
0.4191596508026123
0.5281741619110107
0.4817419648170471
0.48654255270957947
0.9195257425308228
0.6984741687774658
0.47870713472366333
0.6419473886489868
0.46263808012008667
0.49738332629203796
0.479184091091156
0.7674689888954163
0.4045705497264862
0.6174399852752686
0.38448846340179443
0.42335939407348633
0.4486599862575531
0.4899992346763611
0.7271335124969482
0.49646759033203125
0.862386167049408
0.4854871928691864
0.47123321890830994
0.6432837843894958
0.3816992938518524
0.4766463041305542
0.7100142240524292
0.465750515460968
0.569960355758667
0.4546542167663574
0.4507814645767212
0.3944658637046814
0.4770009517669678
0.7779648303985596
0.5204305648803711
0.6090977191925049
0.42882513999938965
0.5275228023529053
0.3744979798793793
0.41990333795547485
1.1182842254638672
0.519255518913269
0.5330635905265808
0.4948076009750366
0.5969730019569397
0.5968852043151855
0.5169503688812256
0.7057588696479797
0.593792200088501
0.5961540341377258
0.6620699763298035
0.46885114908218384
0.5181686878204346
0.6583802700042725
0.6566867828369141
0.5633561611175537
0.5357081890106201
0.5099937915802002
0.4768931567668915
0.6322472095489502
0.42726707458496094
0.5291811227798462
0.535651683807373
0.6361825466156006
0.5948625802993774
0.44816309213638306
0.4790407419204712
0.534070611000061
0.5753616094589233
0.6425225734710693
0.47822174429893494
0.6612371206283569
0.43166548013687134
0.7236021757125854
0.5040715932846069
0.7804892063140869
0.40683507919311523
0.6086183786392212
0.7011808156967163
0.5164846181869507
0.7232208847999573
0.5556522011756897
0.9841362833976746
0.4741900861263275
0.6554244756698608
0.4585667848587036
0.5659975409507751
0.5407614707946777
0.40393373370170593
0.5425560474395752
0.4771265983581543
0.41168874502182007
0.4134477376937866
0.6130589842796326
0.4076981544494629
0.6127684712409973
0.5285085439682007
0.5166298151016235
0.475616455078125
0.7114428281784058
0.4303635358810425
0.828802764415741
0.5061271786689758
0.4707956910133362
0.5116600394248962
0.48167869448661804
0.39945685863494873
0.7537200450897217
0.6207668781280518
0.5435110330581665
0.618017852306366
0.6630071401596069
0.5169480443000793
0.5365066528320312
0.5479986667633057
0.5081934928894043
0.61264967918396
0.5927736759185791
0.5187267065048218
0.5823100209236145
0.44672274589538574
0.5027757883071899
0.41598057746887207
0.517796516418457
0.49061012268066406
0.43914973735809326
0.42849257588386536
0.40964359045028687
0.5191689133644104
0.5282253623008728
0.5139075517654419
0.48035240173339844
0.542361855506897
0.6765037775039673
0.6982837319374084
0.6103372573852539
0.5151180624961853
0.365947961807251
0.36346063017845154
0.6165019273757935
0.5381916761398315
0.5510990023612976
0.5559080243110657
0.6337036490440369
0.7535509467124939
0.6292040348052979
0.44694799184799194
0.5191777944564819
0.6806114315986633
0.7557675838470459
0.5590634346008301
0.4848613142967224
0.3652837574481964
0.41808366775512695
0.461142897605896
0.5082910060882568
0.40746644139289856
0.4712275266647339
0.6068427562713623
0.8228872418403625
0.47719162702560425
0.448449969291687
0.3886082172393799
0.3534523844718933
0.4887850284576416
0.6393057107925415
0.4654919505119324
0.4470839500427246
0.45015615224838257
0.5392048358917236
0.46218979358673096
0.5386677384376526
0.38238659501075745
0.5647485256195068
0.6011306643486023
0.3643638491630554
0.36761772632598877
0.5448184609413147
0.42680516839027405
0.5674833059310913
0.5985106825828552
0.3941557705402374
0.6065530776977539
0.4074588418006897
0.47381335496902466
0.46104782819747925
0.5769594311714172
0.6254774332046509
0.6044406294822693
0.7877902984619141
0.5470739603042603
0.49782252311706543
0.41895145177841187
0.5582150220870972
0.5247148275375366
0.43237799406051636
0.5103142261505127
0.676816463470459
0.6030614376068115
0.5811262726783752
0.7383949160575867
0.5930134057998657
0.48607587814331055
0.6826278567314148
0.6656096577644348
0.5075850486755371
0.4870271384716034
0.7774887084960938
0.5192780494689941
0.6175475120544434
0.5015787482261658
0.38353508710861206
0.3722027838230133
0.4256240725517273
0.42305004596710205
0.602364182472229
0.6208410859107971
0.5305769443511963
0.5191090703010559
0.6905319690704346
0.3821481764316559
0.4982118308544159
0.5284112691879272
0.5555134415626526
0.7743625044822693
0.47536030411720276
0.5528205633163452
0.6278075575828552
0.3971496820449829
0.4173942804336548
0.49042338132858276
0.4997737407684326
0.5531940460205078
0.48882582783699036
0.4860495328903198
0.571320116519928
0.39059752225875854
0.5672799348831177
0.5019407868385315
0.6365731358528137
0.4456155300140381
0.5643689036369324
0.7675333023071289
0.7860874533653259
0.457255482673645
0.6068413257598877
0.5176881551742554
0.7419956922531128
0.3811972737312317
0.4987609386444092
0.4976344704627991
0.5469781756401062
0.415519654750824
0.5450259447097778
0.5632123947143555
0.42902475595474243
0.5638463497161865
0.4551292061805725
0.43997806310653687
0.4730616807937622
0.4880017638206482
0.37614986300468445
0.5865532755851746
0.4336782693862915
0.4603491425514221
0.7312991619110107
0.4562598466873169
0.3613722026348114
0.6478579044342041
0.5233316421508789
0.42768898606300354
0.4994969367980957
0.4329928159713745
0.46877822279930115
0.6715633869171143
1.1602935791015625
0.45959731936454773
0.6419515609741211
0.5756284594535828
0.5553070306777954
0.5309510231018066
0.6805601716041565
0.43277549743652344
0.8190896511077881
0.6062427163124084
0.42484116554260254
0.4315184950828552
0.5904436111450195
0.6926043033599854
0.49400216341018677
0.7650753855705261
0.6129941940307617
0.5549074411392212
0.5372766256332397
0.788353443145752
0.5850697755813599
0.4828065037727356
0.5759527683258057
0.4986674189567566
0.4368436932563782
0.617290198802948
0.5509318113327026
0.5020511746406555
0.4540221393108368
0.5410658121109009
0.4837958514690399
0.44406047463417053
0.6044095754623413
0.5710195302963257
0.45118093490600586
0.38733193278312683
0.47173798084259033
0.3732033967971802
0.3852200508117676
0.3786007761955261
0.5459060072898865
0.5477595329284668
0.6174620985984802
0.4807574152946472
0.564785361289978
0.42849111557006836
0.733036994934082
0.523054301738739
0.4314620792865753
0.6685442328453064
0.5525363683700562
0.7796012759208679
0.7440509796142578
0.4888531267642975
0.4229903817176819
0.5952693223953247
0.4602746367454529
0.4744780957698822
0.4214341640472412
0.5093514323234558
0.4786461591720581
0.6028491258621216
0.6485887765884399
0.505922794342041
0.5792760848999023
0.6005548238754272
0.46451711654663086
0.40763282775878906
0.7251614332199097
0.5661883354187012
0.47168728709220886
0.5276734232902527
0.46740901470184326
0.6181241869926453
0.4046551585197449
0.5711676478385925
0.7736915349960327
0.4802961051464081
0.5251227617263794
0.7482926249504089
0.50416100025177
0.515451192855835
0.5345213413238525
0.5534859895706177
0.49104005098342896
0.52866530418396
0.5940086841583252
0.5583279728889465
0.4508816599845886
0.5063729286193848
0.8660571575164795
0.3885307312011719
0.6230799555778503
0.38966113328933716
0.5146324634552002
0.4381415545940399
0.5362807512283325
0.459519624710083
0.4846763014793396
0.5081960558891296
0.44551265239715576
0.5427601933479309
0.46967124938964844
0.5196707248687744
0.6298055648803711
0.4097229838371277
0.5299978256225586
0.4711729884147644
0.6034112572669983
0.6716785430908203
0.6954869031906128
0.46798035502433777
0.4951690137386322
0.4469138979911804
0.6179484128952026
0.5009264945983887
0.4865330457687378
0.4487593173980713
0.4843953251838684
0.4568789601325989
0.4251057505607605
0.6341913342475891
0.8025662899017334
0.43806612491607666
0.48479393124580383
0.49370571970939636
0.4223385155200958
0.4345906972885132
0.5287116765975952
0.5523175597190857
0.4817866384983063
0.3884757161140442
0.5382723212242126
0.42198771238327026
0.4309137463569641
0.5061566233634949
0.5650091171264648
0.3882502317428589
0.557766318321228
0.34557467699050903
0.6429697275161743
0.4031549096107483
0.4011601507663727
0.4584364891052246
0.4975973963737488
0.369777113199234
0.41276681423187256
0.4306834936141968
0.5354037284851074
0.5812528133392334
0.5748317241668701
0.6002064943313599
0.43665480613708496
0.5276877880096436
0.4852336347103119
0.5924244523048401
0.40111708641052246
0.5495700240135193
0.4865623116493225
0.4304855465888977
0.8700336217880249
0.5184478163719177
0.5283709764480591
0.48484331369400024
0.48842644691467285
0.39632076025009155
0.6689581274986267
0.40020883083343506
0.44799935817718506
0.5264614820480347
0.7482843399047852
0.6293108463287354
0.375408798456192
0.4726414680480957
0.8299336433410645
0.541449248790741
0.586724042892456
0.5829388499259949
0.5212384462356567
0.5430790185928345
0.5909892916679382
0.5094484090805054
0.6227000951766968
0.5176190733909607
0.4350473880767822
0.5256184935569763
0.6156266331672668
0.46711254119873047
0.563290536403656
0.5140323638916016
0.39500927925109863
0.4853256940841675
0.5203120708465576
0.5914599895477295
0.5069094896316528
0.49740225076675415
0.4637477397918701
0.4291013479232788
0.6000722050666809
0.6331090927124023
0.6228724122047424
0.34260624647140503
0.4705139994621277
0.5502952337265015
0.4782407879829407
0.4151025116443634
0.6529036164283752
0.4533381462097168
0.35984328389167786
0.5373196601867676
0.4266478419303894
0.5373817682266235
0.6742311120033264
0.5245587825775146
0.35633397102355957
0.4699137210845947
0.7910227179527283
0.4723336696624756
0.49629175662994385
0.6152294874191284
0.48854732513427734
0.46813786029815674
0.46650707721710205
0.4475654363632202
0.5536848902702332
0.41189074516296387
0.6029322743415833
0.4060543179512024
0.44406184554100037
0.3968539834022522
0.4313693642616272
0.5503882169723511
0.4528423249721527
0.44383299350738525
0.3635442852973938
0.47728538513183594
0.5647307634353638
0.5420755743980408
0.6292885541915894
0.5536994934082031
0.589824914932251
0.5300780534744263
0.43005824089050293
0.37128305435180664
0.43599241971969604
0.6017217636108398
0.42968636751174927
0.5671359300613403
0.565714955329895
0.5539836883544922
0.41199034452438354
0.433377206325531
0.4171329736709595
0.5949597358703613
0.6145715117454529
0.5699518918991089
0.6079075932502747
0.5331834554672241
0.48118698596954346
0.47690701484680176
0.47631263732910156
0.4218892455101013
0.4421483874320984
0.9354804158210754
0.6625778675079346
0.7994720935821533
0.419672429561615
0.39895063638687134
0.7674118280410767
0.6066222190856934
0.45619797706604004
0.7211338877677917
0.4387587904930115
0.5733170509338379
0.5365304946899414
0.48131847381591797
0.7740755081176758
0.4106898307800293
0.565961480140686
0.8759803175926208
0.5503425598144531
0.46309319138526917
0.5291798114776611
0.5213327407836914
0.3834533095359802
0.44192007184028625
0.4961740970611572
0.5029045939445496
0.5569565296173096
0.457503080368042
0.6186419129371643
0.467024028301239
0.618894100189209
0.9126224517822266
0.6624286770820618
0.5014156103134155
0.5178389549255371
0.6669491529464722
0.43451249599456787
0.5937840938568115
0.9706991314888
0.41541555523872375
0.48990124464035034
0.507036030292511
0.6133555173873901
0.47849175333976746
0.5276079773902893
0.5536713600158691
0.5300639867782593
0.52569979429245
0.52940434217453
0.5143234133720398
0.5456635355949402
0.548538327217102
0.47707828879356384
0.49269887804985046
0.44475406408309937
0.7287498116493225
0.5428972840309143
0.43687164783477783
0.5006641745567322
0.5816820859909058
0.6388936042785645
0.5939596891403198
0.4166913628578186
0.46019691228866577
0.45214349031448364
0.7722687721252441
0.643384575843811
0.39274510741233826
0.5901938080787659
0.6575188636779785
0.46355342864990234
0.5063686966896057
0.465638667345047
0.4327966570854187
0.42043977975845337
0.5466641783714294
0.6098544597625732
0.7264434099197388
0.47938117384910583
0.5568251609802246
0.43524348735809326
0.4266251027584076
0.47882279753685
0.4332312345504761
0.5315001010894775
0.579896092414856
0.4658374786376953
0.5611964464187622
0.5503075122833252
0.5167605876922607
0.34529030323028564
0.3867437243461609
0.6454859972000122
0.37431108951568604
0.5687808990478516
0.5152593851089478
0.6890965700149536
0.48277074098587036
0.43729114532470703
0.46764636039733887
0.42018696665763855
0.4411793351173401
0.41692957282066345
0.4754336178302765
0.46675509214401245
0.5011265277862549
0.4727504849433899
0.5967025756835938
0.38309672474861145
0.468866765499115
0.4012843370437622
0.6487396955490112
0.4934174418449402
0.6711681485176086
0.590309202671051
0.46583080291748047
0.6636117696762085
0.5037789940834045
0.5796070098876953
0.48576492071151733
0.5488402843475342
0.39008915424346924
0.557218074798584
0.4587622880935669
0.45787107944488525
0.42080408334732056
0.4251473844051361
0.6379599571228027
0.4340165853500366
0.3680852949619293
0.49267664551734924
0.5082899928092957
0.43025684356689453
0.5709995031356812
0.5889981389045715
0.6053707599639893
0.4501573443412781
0.45693907141685486
0.4479638338088989
0.3995169401168823
0.48371422290802
0.5368716716766357
0.6226985454559326
0.6579335927963257
0.6863216757774353
0.5570021271705627
0.5014978051185608
0.4878390431404114
0.42830944061279297
0.5491480827331543
0.49637916684150696
0.5218567252159119
0.37690967321395874
0.400649756193161
0.72093665599823
0.4195545017719269
0.4430425465106964
0.45866507291793823
0.399264395236969
0.4838404059410095
0.4626261591911316
0.4673575758934021
0.418054461479187
0.7270083427429199
0.5957851409912109
0.3995163142681122
0.5766466856002808
0.47959965467453003
0.6140580177307129
0.48299920558929443
0.5306904911994934
0.4457828998565674
0.4252247214317322
0.39631515741348267
0.4935290813446045
0.4144149422645569
0.4635462164878845
0.37189245223999023
0.4392009377479553
0.5083062052726746
0.5359789133071899
0.5929599404335022
0.47021985054016113
0.5364031791687012
0.5016252994537354
0.34484800696372986
0.5710347890853882
0.5124214887619019
0.395630419254303
0.41891658306121826
0.5422338247299194
0.5297796726226807
0.393853098154068
0.40709388256073
0.3620440363883972
0.7526351809501648
0.5370274782180786
0.6662753820419312
0.531094491481781
0.5639187097549438
0.44557851552963257
0.5257680416107178
0.54606032371521
0.3741713762283325
0.5123282074928284
0.42285335063934326
0.9329057335853577
0.406979501247406
0.4902232587337494
0.7941846251487732
0.4631069004535675
0.4307340383529663
0.48470231890678406
0.4976443350315094
0.4146910607814789
0.46896493434906006
0.46888428926467896
0.49128270149230957
0.4448641836643219
0.48735058307647705
0.5827130079269409
0.6651699542999268
0.4521932005882263
0.5035350322723389
0.6498094797134399
0.563603937625885
0.4180144667625427
0.49771517515182495
0.581343412399292
0.541825532913208
0.5133646726608276
0.5380837917327881
0.40443718433380127
0.37684547901153564
0.4711535573005676
0.5426895618438721
0.57362961769104
0.6153808832168579
0.43444666266441345
0.4840824604034424
0.5818194150924683
0.4688507914543152
0.46411436796188354
0.4194190204143524
0.5706011652946472
0.37399882078170776
0.5604357123374939
0.49912065267562866
0.47643032670021057
0.5306665897369385
0.5006855726242065
0.6874884366989136
0.4193558692932129
0.8473719954490662
0.4972813129425049
0.45237499475479126
0.519489049911499
0.6703534126281738
0.72687828540802
0.4049047827720642
0.6847927570343018
0.44253790378570557
0.4829738438129425
0.48251503705978394
0.5381540656089783
0.37041208148002625
0.5054367780685425
0.852778971195221
0.385455459356308
0.4209352135658264
0.43835073709487915
0.639549970626831
0.5156173706054688
0.489013135433197
0.850555419921875
0.43362629413604736
0.5248874425888062
0.6104633808135986
0.4120882749557495
0.6237446069717407
0.393970251083374
0.5247528553009033
0.6144719123840332
0.5578137636184692
0.8818835020065308
0.4433385133743286
0.6110080480575562
0.5593820214271545
0.3854180574417114
0.5679122805595398
0.4307718276977539
0.5158692598342896
0.4188856780529022
0.7137430906295776
0.540693998336792
0.36210575699806213
0.4186229705810547
0.5284579992294312
0.649395763874054
0.6899948120117188
0.41091346740722656
0.4373539090156555
0.5443959832191467
0.4719860851764679
0.6728523373603821
0.3362683355808258
0.43360719084739685
0.4434272050857544
0.7235583066940308
0.6890826225280762
0.490822970867157
0.45838117599487305
0.5211853981018066
0.46908682584762573
0.550257682800293
0.5658528804779053
0.5084266662597656
0.38652557134628296
0.5729324817657471
0.6292526721954346
0.5042832493782043
0.696675181388855
0.3959161937236786
0.6857788562774658
0.703606903553009
0.4539089500904083
0.478665292263031
0.7853969931602478
0.4058636426925659
0.5438659191131592
0.7187590599060059
0.48614275455474854
0.38501569628715515
0.44015949964523315
0.4260200262069702
0.581628680229187
0.7248468995094299
0.3925509750843048
0.48399096727371216
0.5787556171417236
0.5385017991065979
0.41676777601242065
0.43413999676704407
0.35644644498825073
0.4913069009780884
0.4963644742965698
0.5085357427597046
0.6503428816795349
0.5502208471298218
0.583758533000946
0.4412112236022949
0.4779964089393616
0.5815907120704651
0.5318676233291626
0.4017341732978821
0.5494397878646851
1.30715811252594
0.4839745759963989
0.38253408670425415
0.4950593113899231
0.4180397093296051
0.3961706757545471
0.48763203620910645
0.40770962834358215
0.4103516936302185
0.45150670409202576
0.5293552875518799
0.7063195705413818
0.7225881814956665
0.518277645111084
0.5948746800422668
0.4486836791038513
0.3586789667606354
0.9118455648422241
0.5816022157669067
0.5085600018501282
0.4472672641277313
0.516909122467041
0.593583881855011
0.6520212292671204
0.438488245010376
0.5147321820259094
0.476406991481781
0.5048597455024719
0.4281255900859833
0.4390985667705536
0.5072261095046997
0.6568939089775085
0.40348172187805176
0.38101768493652344
0.44149109721183777
0.5361921787261963
0.5073774456977844
0.6030492186546326
0.3969336748123169
0.40346455574035645
0.4968511462211609
0.4697316288948059
0.4775186777114868
0.5251840949058533
0.38322266936302185
0.41384124755859375
0.44579288363456726
0.5785825252532959
0.493998646736145
0.37779587507247925
0.5393579006195068
0.5307825803756714
0.49576616287231445
0.5674339532852173
0.37823987007141113
0.4629380404949188
0.5556116104125977
0.446094810962677
0.5020461678504944
0.4103238582611084
0.4584670066833496
0.5219727158546448
0.8286030292510986
0.6586141586303711
0.5506157279014587
0.44171109795570374
0.5809979438781738
0.629682183265686
0.5501298904418945
0.5585286617279053
0.6213069558143616
0.5016483068466187
0.45303258299827576
0.49825581908226013
0.5549911260604858
0.7629109621047974
0.49551865458488464
0.5149297714233398
0.4220845103263855
0.43017882108688354
0.4714745283126831
0.5954983830451965
0.3778311610221863
0.43752962350845337
0.421198308467865
0.4558263123035431
0.5595165491104126
0.695337176322937
0.5779687762260437
0.6236526966094971
0.5208733081817627
0.4338948726654053
0.5378530621528625
0.5132284164428711
0.7710280418395996
0.4024656414985657
0.7932614088058472
0.38742509484291077
0.5226843953132629
0.6549534797668457
0.7402052879333496
0.5233293175697327
0.506818950176239
0.39785754680633545
0.43326812982559204
0.8060886859893799
0.488729864358902
0.5819492340087891
0.4809328317642212
0.7636915445327759
0.568954586982727
0.5821003317832947
0.607106626033783
0.35795384645462036
0.591678261756897
0.6173651218414307
0.7486522197723389
0.762035071849823
0.4595972001552582
0.5272728204727173
0.5792153477668762
0.7127664089202881
0.9098769426345825
0.4428563117980957
0.5609022378921509
0.5702211260795593
0.5015949606895447
0.4602714776992798
0.505541205406189
0.4405769109725952
0.37639734148979187
0.49225878715515137
0.4873676598072052
0.6368993520736694
0.4171590209007263
0.37848085165023804
0.4714541435241699
0.5355272889137268
0.47687026858329773
0.44731825590133667
0.49500012397766113
0.49884843826293945
0.5447291135787964
0.4563111364841461
0.4753335416316986
0.49772751331329346
0.4267788827419281
0.44290459156036377
0.6956465840339661
0.47165805101394653
0.5075004696846008
0.44380009174346924
0.4970110058784485
0.6525769233703613
0.48744747042655945
0.4304138422012329
0.4599723815917969
0.5740030407905579
0.6066154837608337
0.428896963596344
0.5146517157554626
0.5890017747879028
0.38314270973205566
0.7003952860832214
0.6838753819465637
0.4400928020477295
0.5046803951263428
0.5256012678146362
0.4467839002609253
0.5870791077613831
0.3897612690925598
0.5828371644020081
0.476870059967041
0.5624940395355225
0.481203556060791
0.4662633538246155
0.5789402723312378
0.4583982825279236
0.785615086555481
0.4549851715564728
0.6221235990524292
0.48483777046203613
0.5073094367980957
0.553268313407898
0.48305726051330566
0.4737464487552643
0.4058212339878082
0.47410064935684204
0.4512023329734802
0.4269567131996155
0.9053709506988525
0.5822938680648804
0.4188651740550995
0.6920581459999084
0.6007083058357239
0.41922807693481445
0.47826534509658813
0.563326358795166
0.5385240316390991
0.40688788890838623
0.5060096383094788
0.3799040913581848
0.39423811435699463
0.4792221784591675
0.46154865622520447
0.5309279561042786
0.6161056160926819
0.4614698886871338
0.5064868927001953
0.3684366047382355
0.5483070611953735
0.4565733075141907
0.649756908416748
0.43446481227874756
0.6025241613388062
0.41862988471984863
0.4432872235774994
0.711982250213623
0.5223899483680725
0.4057311415672302
0.3947621285915375
0.40114620327949524
0.4735468327999115
0.41793930530548096
0.4537045359611511
0.4041236340999603
0.43383777141571045
0.44324302673339844
0.4618420898914337
0.587138295173645
0.4020467698574066
0.5522011518478394
0.42680829763412476
0.5100679397583008
0.37863409519195557
0.5318093299865723
0.39643394947052
0.5081218481063843
0.7832832932472229
0.4781273603439331
0.3867093324661255
0.5705562233924866
0.43060302734375
0.5811482667922974
0.5077629089355469
0.5443893671035767
0.5386055707931519
0.5156974792480469
0.5613981485366821
0.4358154833316803
0.4342218041419983
0.5861694812774658
0.4909033179283142
0.4968293309211731
0.489169716835022
0.42704904079437256
0.4238649606704712
0.44284048676490784
0.5276166200637817
0.4005484879016876
0.39470821619033813
0.4703587591648102
0.4058140516281128
0.5065929293632507
0.4975747764110565
0.4466661214828491
0.6309266090393066
0.5767066478729248
0.41594499349594116
0.5333382487297058
0.42875057458877563
0.362943172454834
0.4615222215652466
0.6309327483177185
0.5177346467971802
0.40888428688049316
0.5456075072288513
0.37033331394195557
0.3875300884246826
0.6377501487731934
0.5112528800964355
0.5215853452682495
0.4256327748298645
0.5980534553527832
0.5640180110931396
0.5144100189208984
0.6466378569602966
0.4754711985588074
0.403964102268219
0.40042489767074585
0.5576379299163818
0.5717527866363525
0.4162907004356384
0.4342885911464691
0.6303162574768066
0.4134695529937744
0.9019266366958618
0.513719379901886
0.5716729164123535
0.442355751991272
0.4890552759170532
0.5021315813064575
0.5061047077178955
0.6420578956604004
0.5077318549156189
0.6514478921890259
0.43765902519226074
0.5736289024353027
0.4352234899997711
0.6299530863761902
0.49537393450737
0.47462940216064453
0.7844525575637817
0.4185856580734253
0.4433861970901489
0.6547150015830994
0.41465288400650024
0.4615333080291748
0.5058007836341858
0.6048934459686279
0.564111590385437
0.4875144958496094
0.42444878816604614
0.43016937375068665
0.3685268759727478
0.44393491744995117
0.4176975190639496
0.42065146565437317
0.44966745376586914
0.6984676718711853
0.4309599995613098
0.4550449848175049
0.6173779964447021
0.4017522931098938
0.47569793462753296
0.4188036322593689
0.49418315291404724
0.467104434967041
0.400162935256958
0.5602149963378906
0.5038230419158936
0.45876383781433105
0.5635244846343994
0.3434029221534729
0.5576603412628174
0.4181569218635559
0.6903644800186157
0.5661617517471313
0.45951569080352783
0.4138932228088379
0.4708109498023987
0.4216286540031433
0.6144348382949829
0.6393173933029175
0.5580997467041016
0.5506114959716797
0.5202867388725281
0.5231913328170776
0.5869215726852417
0.49489137530326843
0.57207190990448
0.5325239896774292
0.5237982273101807
0.5955454707145691
0.5336374044418335
0.5316680073738098
0.5089333057403564
0.4428321123123169
0.5208977460861206
0.454536110162735
0.4524343013763428
0.37160760164260864
0.4221192002296448
0.5160639882087708
0.6434389352798462
0.6799066066741943
0.4961426854133606
0.49117904901504517
0.3686777651309967
0.5922126770019531
0.5152474045753479
0.4718358814716339
0.5306865572929382
0.6997840404510498
0.41018325090408325
0.42906951904296875
0.6917187571525574
0.5738850831985474
0.47972938418388367
0.54976487159729
0.4064548909664154
0.4378494620323181
0.4997553825378418
0.5084704756736755
0.4159524440765381
0.3927847743034363
0.4176872968673706
0.5308500528335571
0.3790406882762909
0.6881651878356934
0.4830436706542969
0.4442516565322876
0.8120651245117188
0.4469452500343323
0.6128902435302734
0.6293929815292358
0.47160980105400085
0.4283086657524109
0.41002923250198364
0.4824296236038208
0.38568827509880066
0.3674550950527191
0.6186935305595398
0.5690923929214478
0.48461246490478516
0.4941592216491699
0.44101738929748535
0.49877339601516724
0.35503554344177246
0.87287437915802
0.4140564501285553
0.42136695981025696
0.6745429039001465
0.4625598192214966
0.5051113963127136
0.3650377094745636
0.41534221172332764
0.5755857229232788
0.6120403409004211
0.4086487889289856
0.43703168630599976
0.38417190313339233
0.4506572484970093
0.6033663749694824
0.49347221851348877
0.5470659732818604
0.4795699417591095
0.7308593392372131
0.6804364323616028
0.5250539779663086
0.4905970096588135
0.6784536838531494
0.4783276915550232
0.6930292844772339
0.4002377390861511
0.5822906494140625
0.5029131174087524
0.7055703997612
0.41908639669418335
0.5717408061027527
0.40164363384246826
0.9352285861968994
0.42249664664268494
0.3946079611778259
0.4051123559474945
0.5283046960830688
0.4487924575805664
0.5495990514755249
0.47725164890289307
0.6051337718963623
0.6330108046531677
0.6011016368865967
0.4171437621116638
0.6044714450836182
0.7915370464324951
0.42113345861434937
0.5491107106208801
0.5202325582504272
0.5521221160888672
0.43308907747268677
0.7892364859580994
0.5487998723983765
0.4875294268131256
0.6137282848358154
0.9123241305351257
0.8274682760238647
0.620741605758667
0.43953990936279297
0.7237687110900879
0.4005095362663269
0.4370596706867218
0.49295276403427124
0.5784116983413696
0.4714192748069763
0.40945547819137573
0.5002793669700623
0.816656768321991
0.5385376811027527
0.4405381679534912
0.5453662872314453
0.33982422947883606
0.5342507362365723
0.4208143949508667
0.4949818253517151
0.5081135034561157
0.4547325372695923
0.48581981658935547
0.4014376401901245
0.530227541923523
0.7247363328933716
0.45732030272483826
0.47195446491241455
0.47515395283699036
0.6369795799255371
0.4961742162704468
0.4269055128097534
0.6320090889930725
0.4434589743614197
0.37482112646102905
1.0202583074569702
0.4837014079093933
0.6395198106765747
0.5798205733299255
0.3975467383861542
0.4834023714065552
0.4862983822822571
0.44218695163726807
0.4929198622703552
0.5746372938156128
0.6284784078598022
0.6487842798233032
0.6379016637802124
0.4351835250854492
0.6252350807189941
0.3590295612812042
0.40054649114608765
0.5186123251914978
0.5559324622154236
0.4661791920661926
0.6702725887298584
0.4407588243484497
0.4857041835784912
0.4203355014324188
0.5862481594085693
0.5935565233230591
0.5098901987075806
0.40126046538352966
0.4031752347946167
0.4540829062461853
0.508732795715332
0.5315806269645691
0.5348415374755859
0.4592609405517578
0.3887525796890259
0.5442966818809509
0.4466136693954468
0.4280606210231781
0.48341286182403564
0.4677658975124359
0.48168104887008667
0.5371127128601074
0.48590320348739624
0.4730558395385742
0.5458344221115112
0.5065586566925049
0.43936052918434143
0.7246700525283813
0.5033422112464905
0.45202410221099854
0.6389263272285461
0.36006778478622437
0.6029702425003052
0.3917686641216278
0.5633836388587952
0.7045518755912781
0.4728032350540161
0.5451626777648926
0.7022678256034851
0.39587968587875366
0.535391092300415
0.5657728910446167
0.4730305075645447
0.4553033411502838
0.4380120038986206
0.43074989318847656
0.506271481513977
0.5020626783370972
0.4280453026294708
0.4592597186565399
0.4763790965080261
0.3958050012588501
0.5772348046302795
0.5010082721710205
0.4757419526576996
0.4479452073574066
0.6044890880584717
0.44567346572875977
0.4251973628997803
0.3700709342956543
0.5352426767349243
0.483273983001709
0.6763466000556946
0.5995962619781494
0.3973303437232971
0.5574516654014587
0.4974071979522705
0.5410546064376831
0.5298652052879333
0.49129801988601685
0.6699957847595215
0.6834661364555359
0.5370395183563232
0.5155929923057556
0.5494241714477539
0.41134506464004517
0.5612039566040039
0.4620437026023865
0.5948212742805481
0.5556051731109619
0.4047207236289978
0.40189793705940247
0.7145412564277649
0.6006611585617065
0.3681623935699463
0.47647425532341003
0.5809326171875
0.35499560832977295
0.4981485605239868
0.34278830885887146
0.5482985377311707
0.4187280535697937
0.4546179473400116
0.5160448551177979
0.4295414984226227
0.633708119392395
0.3989384174346924
0.4457036852836609
0.4492265582084656
0.6591457724571228
0.4446442425251007
0.48708969354629517
0.3922625482082367
0.418079137802124
0.5054956078529358
0.4753721058368683
0.45135945081710815
0.5817325711250305
0.717943012714386
0.531218945980072
0.46247589588165283
0.6622806787490845
0.4761032164096832
0.37593740224838257
0.6765111684799194
0.5928821563720703
0.5455895662307739
0.5419297814369202
0.4122200012207031
0.4693874716758728
0.6442185640335083
0.43377047777175903
0.37282830476760864
0.3775213360786438
0.4750592112541199
0.4659911096096039
0.624593198299408
0.44937556982040405
0.8839558362960815
0.5430505275726318
0.44532138109207153
0.4871901273727417
0.5601505637168884
0.5641062259674072
0.4714251160621643
0.46944481134414673
0.6133500933647156
0.5297057628631592
0.8161355257034302
0.4097687005996704
0.4663568139076233
0.4528454840183258
0.5517153739929199
0.42813020944595337
0.4449552893638611
0.7084958553314209
0.4023854732513428
0.44681158661842346
0.5201193690299988
0.5644912123680115
0.45405805110931396
0.5666107535362244
0.5680102705955505
0.45596325397491455
0.4524869918823242
0.580650806427002
0.4947432577610016
0.4058457612991333
0.39653104543685913
0.5315341949462891
0.4699520468711853
0.9073456525802612
0.3984014391899109
0.7027848362922668
0.5236672163009644
0.607586681842804
0.6227688789367676
0.4052940905094147
0.5597109794616699
0.7404072284698486
0.4413723349571228
0.5378126502037048
0.604947566986084
0.5348541736602783
0.505826473236084
0.41697239875793457
0.4014965891838074
0.5916764140129089
0.6462717056274414
0.4311329424381256
0.624444842338562
0.4740097224712372
0.6065607666969299
0.4322715997695923
0.5838566422462463
0.5794844627380371
0.6939655542373657
0.5536929368972778
0.4662226438522339
0.47558897733688354
0.5734283924102783
0.5122016668319702
0.5398948192596436
0.5037859678268433
0.5750752687454224
0.6652171611785889
0.33871984481811523
0.566475510597229
0.5093373656272888
0.43332040309906006
0.43046432733535767
0.5911561250686646
0.693293035030365
0.3901849091053009
0.5164264440536499
0.5948472023010254
0.5673664808273315
0.5849910974502563
0.46785199642181396
0.3271406590938568
0.4564693868160248
0.7163116931915283
0.44919124245643616
0.42197689414024353
0.49380895495414734
0.5442200899124146
0.3598138689994812
0.5146304965019226
0.4438985288143158
0.5479068756103516
0.4863855242729187
0.47722551226615906
0.5027366876602173
0.5922119617462158
0.4258303642272949
0.49542856216430664
0.5105631947517395
0.645173192024231
0.5584719181060791
0.6754021644592285
0.7374776601791382
0.42713332176208496
0.5777686238288879
0.5034441947937012
0.5140460133552551
0.6006923913955688
0.9129248261451721
0.5154572129249573
0.4527466595172882
0.47541481256484985
0.41271981596946716
0.4172658324241638
0.5667742490768433
0.5064097046852112
0.4917575716972351
0.4851774573326111
0.41795843839645386
0.5482066869735718
0.6318177580833435
0.47882190346717834
0.5912378430366516
0.571360170841217
0.348857581615448
0.5736892223358154
0.6565120220184326
0.4142072796821594
0.42335933446884155
0.3916865587234497
0.712775707244873
0.42602303624153137
0.45975959300994873
0.6396178007125854
0.44117921590805054
0.43502625823020935
0.4154930114746094
0.5128695368766785
0.43740522861480713
0.5007485747337341
0.5095174908638
0.5182382464408875
0.5034029483795166
0.508466362953186
0.6099425554275513
0.4366838335990906
0.4395368695259094
0.4825914204120636
0.4253639578819275
0.5562167763710022
0.448652982711792
0.43821167945861816
0.47690683603286743
0.5617835521697998
0.4151100814342499
0.49466902017593384
0.4074862003326416
0.48724448680877686
0.6525356769561768
0.6284418702125549
0.3622934818267822
0.5217281579971313
0.5737044215202332
0.37974607944488525
0.40486258268356323
0.3910044729709625
0.4550856351852417
0.3993053138256073
0.4630250930786133
0.5472766757011414
0.44500577449798584
0.3908274173736572
0.4012661874294281
0.43668442964553833
0.520488977432251
0.49036622047424316
0.5635998249053955
0.49640125036239624
0.43514448404312134
0.5419232249259949
0.3929194211959839
0.5639554858207703
0.4233793318271637
0.40946900844573975
0.5684323310852051
0.5240830183029175
0.4114445447921753
0.5538376569747925
0.540535569190979
0.8269299268722534
0.6248424053192139
0.5736922025680542
0.6810885071754456
0.4981479048728943
0.6631699800491333
0.48243406414985657
0.3773559629917145
0.43020689487457275
0.5020508170127869
0.4117507338523865
0.4757484793663025
0.4501131474971771
0.5561230182647705
0.5031323432922363
0.6782519817352295
0.5383211374282837
0.4849977493286133
0.4731023609638214
0.4314750134944916
1.004610538482666
0.542547345161438
0.5261150002479553
0.5892543196678162
0.4460023045539856
0.455912321805954
0.5090676546096802
0.45746394991874695
0.4755413830280304
0.4516568183898926
0.6008869409561157
0.4368791878223419
0.3575208783149719
0.5885326266288757
0.473682165145874
0.41158658266067505
0.4845712184906006
0.39235174655914307
0.6409673690795898
0.4252772033214569
0.4503295421600342
0.4698163866996765
0.7041559219360352
0.5701866149902344
0.4323052167892456
0.5716782808303833
0.39132261276245117
0.35435980558395386
0.3906406760215759
0.41403138637542725
0.46886885166168213
0.47289320826530457
0.43700075149536133
0.40652674436569214
0.4709804952144623
0.7028533220291138
0.8163212537765503
0.4028800129890442
0.47235509753227234
0.6039484739303589
0.6972819566726685
0.6862738728523254
0.5318745374679565
0.44857901334762573
0.4312889575958252
0.43662136793136597
0.6153212189674377
0.3844481408596039
0.41646134853363037
0.39762023091316223
0.5048195123672485
0.5861888527870178
0.5097222924232483
0.5636307597160339
0.601706862449646
0.6014307737350464
0.556374728679657
0.4506755769252777
0.5517301559448242
0.4534751772880554
0.5097039341926575
0.4834715723991394
0.45032793283462524
0.35723409056663513
0.6257762312889099
0.44394853711128235
0.6017338037490845
0.3759140968322754
0.5180253982543945
0.36775246262550354
0.6363300085067749
0.46164727210998535
0.6226571798324585
0.3931090235710144
0.44069206714630127
0.580396294593811
0.44885489344596863
0.3654612898826599
0.49759504199028015
0.4108181297779083
0.5990259647369385
0.5498874187469482
0.8054713010787964
0.5191656351089478
0.3892660140991211
0.6019203662872314
0.4853760004043579
0.4501253664493561
0.4639410674571991
0.4493940472602844
0.5450389385223389
0.42289313673973083
0.43736016750335693
0.5577976703643799
0.5210424661636353
0.4607648253440857
0.6151509284973145
0.6000454425811768
0.4569813013076782
0.42027801275253296
0.39494019746780396
0.5533086657524109
0.3848832845687866
0.5075870156288147
0.48027724027633667
0.4817705750465393
0.5577136278152466
0.4748920500278473
0.40325209498405457
0.36613914370536804
0.516205906867981
0.4531499147415161
0.551892101764679
