0.43272727562321556
0.44592592932961206
0.48350168478609334
0.5090909082480152
0.5068013460347147
0.5278114483814047
0.5388552203322902
0.5496296322706974
0.559461278445793
0.5750841763284471
0.5969023584115385
0.576969695211661
0.5842424218702797
0.5994612785300824
0.5847811470128069
0.578316497682321
0.5851851849242894
0.5993266018352124
0.6105050504809678
0.5982491602801313
0.6167003410031097
0.6177777768385531
0.6153535355221141
0.6098316489446043
0.6276094272281184
0.6185858583811558
0.6336700350347192
0.6331313135045947
0.6265319874792388
0.6430976448035
0.6402693595549073
0.6277441084384918
0.6498316484268265
0.6413467980996527
0.6511784514995537
0.6694949492059573
0.6593939424163163
0.6471380492051443
0.6620875449493678
0.6491582514059664
0.6461952870542352
0.6527946127785577
0.6553535371115713
0.6565656580708243
0.6771717197967299
0.6694949473997559
0.6624915840649845
0.689158247275786
0.6677441091248484
0.6662626290562177
0.6735353530055345
0.6569696935740384
0.6892929327006292
0.6822895651513879
0.6910437757920738
0.6898316503173173
0.6864646462479023
0.679191919890317
0.6708417507735166
0.6804040384413016
0.6839057213128216
0.6888888869622741
0.6977777794154003
0.6879461281227343
0.6921212149388862
0.6789225595768051
0.6907744088558235
0.6870033659718253
0.6997979828203568
0.7022222244378292
0.6937373747127225
0.7024915826441062
0.698451178844529
0.7148821594739201
0.6952188577916887
0.7286195297433873
0.7081481531412914
0.7090909110777306
0.7115151535983038
0.7006060604495231
0.7038383833085647
0.6864646453448017
0.6983164979351891
0.7170370371654781
0.7309090913546206
0.6981818194341178
0.7140740749209818
0.7002020204308057
0.7426262636377354
0.7134006766959874
0.7226936022440592
0.7237710441001738
0.7066666673530232
0.7178451156977451
0.7257912472040966
0.7014141450024615
0.7108417523629738
0.7245791241376087
0.7204040433421279
0.7160942765197369
0.7377777801017569
0.7174410765821283
0.7216161609900118
0.7212121245836971
0.7271380505778573
0.7271380499757901
0.7523232361282965
0.7336026959949069
0.7302356901192906
0.7342760981333376
0.7445117876385198
0.7264646490414938
0.7213468003754664
0.7466666680393796
0.7220202043200984
0.7407407399379846
0.7173063977800235
0.7496296305849095
0.7481481487100775
0.7559595962967536
0.7369696958498522
0.7524579143283343
0.7590572406547238
0.7282154873164013
0.7595959624858818
0.7311784501629647
0.7442424270239744
0.7562289563092318
0.735084177869739
0.7563636378206388
0.7484175093246229
0.7455892273873994
0.7663299655071413
0.7453198658697533
0.7513804712680855
0.7466666674373126
0.7406060605338125
0.7674074040518867
0.7519191924971763
0.7468013510559545
0.7532659913554336
0.748552189330862
0.7476094313944229
0.7465319901403754
0.7598653215952594
0.7610774449627808
0.7640404075083106
0.747340071080911
0.774006734592746
0.7517845130930043
0.7461279480144231
0.7889562303369696
0.7548821556447732
0.7613468049752592
0.7610774431565795
0.7501683503088324
0.7616161643856704
0.7524579137262671
0.7529966328481231
0.7509764318514351
0.7508417515441624
0.7585185164152973
0.7621548856147612
0.7742760921969558
0.7721212133012637
0.7652525275644629
0.7725252515137798
0.7663299661092083
0.757845118190303
0.7841077434896219
0.7727946139345265
0.7806060615212026
0.7706397356409015
0.7652525311768658
0.7811447833523606
0.7597306418900538
0.7550168344468782
0.7552861938572893
0.7702356944180498
0.7785858593203805
0.7822222234022738
0.7761616183049751
0.776161617702908
0.7663299700226447
0.7744107761166312
0.7641750851062813
0.7847811471332203
0.7896296315722995
0.7873400684558984
0.7768350174330702
0.7698316519910638
0.7913804716534085
0.7815488239731452
0.7845117865186749
0.7781818208068308
0.778720539025586
0.7671380512642137
0.7730639763552734
0.7854545465623489
0.7783165005120364
0.7824915834147521
0.7820875464063702
0.7806060639294711
0.785858589591402
0.7942087547947662
0.7804713824180641
0.770774407218201
0.7851851865498707
0.7762962940967444
0.7846464668259476
0.7843771047062345
0.7865319878163964
0.7807407418284753
0.7691582531640024
0.8088888911285785
0.7752188564550997
0.7983838379985154
0.7843771041041673
0.7912457916471693
0.7894949509639932
0.7824915858230206
0.7927272753282026
0.7868013496350761
0.8005387208076439
0.794343432994804
0.7876094272642424
0.7776430947612031
0.7894949485557248
0.7925925929136951
0.7877441120870186
0.7904377104056002
0.804309768508179
0.7854545459602819
0.7831649864562834
0.7832996646563212
0.7803366991004559
0.7951515160425745
0.8037710448708197
0.8009427614284285
0.7994612816608313
0.791649832870021
0.8004040411024382
0.8040404054853652
0.791649832870021
0.7962289548883534
0.7963636360987268
0.7913804734596098
0.8001346819930606
0.7964983167070331
0.7942087541926991
0.8056565682695369
0.7907070734284141
0.7916498340741552
0.8056565655602349
0.8002693629024005
0.7950168378425367
0.8068686874225887
0.7955555572654261
0.7991919186380174
0.8091582529472582
0.8091582505389897
0.8134680143510452
0.7912457928513036
0.7990572410400467
0.8028282842250786
0.8137373737614564
0.8037710451718533
0.8214141443522289
0.8095622911597743
0.8083501680932864
0.8076767692662249
0.7939393956853886
0.8068686874225887
0.8129292925198873
0.8056565667643691
0.795959593671741
0.8084848480995255
0.8010774423377682
0.7913804698472071
0.8220875461896261
0.8006734005128494
0.8076767674600235
0.7977104391714539
0.8113131312408832
0.8005387180983418
0.8048484837165987
0.7932659953531592
0.8047138079248294
0.8247811475185433
0.8049831655290391
0.8043097667019776
0.8065993268080432
0.788552189716185
0.8196633000566502
0.8235690232479211
0.7967676791277799
0.8036363642625134
0.8109090906200986
0.8076767716744934
0.8091582487327884
0.8072727280433731
0.8125252543073712
0.8091582493348555
0.8150841771352171
0.8141414137801739
0.8226262662145827
0.8282828288848954
0.8026936036167722
0.8057912461685411
0.8148148168217052
0.8130639749343949
0.8101010123888651
0.818316496381856
0.81158249366163
0.8230303020188303
0.8154882192611694
0.8105050524075826
0.8220875431792904
0.8063299652903971
0.803097644839624
0.8308417490034392
0.832457913894846
0.8189899024337229
0.8083501723077562
0.8103703730034105
0.8235690202375855
0.8308417526158419
0.8169696963194645
0.8239730644707728
0.8107744106138596
0.8181818178807846
0.807676769868292
0.8285521894994409
0.8250505057248202
0.8243771020812217
0.8162963005027386
0.8237037080706973
0.8251851821186567
0.813198654940634
0.8103703675848065
0.821414142244994
0.8312457938386937
0.8192592624462012
0.8228956262270609
0.810370369993075
0.811313130036749
0.8040404018729624
0.8319191908595538
0.8226262623011463
0.8266666676058914
0.8286868701077471
0.820202021285741
0.8101010102816303
0.8150841780383178
0.8406734008981724
0.8184511775922294
0.8102356899868358
0.8237037056624287
0.823703706866563
0.8223569025897016
0.8181818193859525
0.8313804744469999
0.824242423881184
0.8268013476121305
0.8409427621147849
0.8269360258121683
0.8269360306287052
0.8134680170603473
0.8335353557509605
0.8125252525011698
0.8289562313243596
0.8381144783713601
0.8136026943572844
0.8323232350927411
0.8343434351863284
0.8389225620211977
0.8335353539447592
0.8237037044582944
0.8220875452865254
0.8263973051851446
0.8171043769277707
0.8356902376569882
0.8048484831145315
0.8141414161884424
0.8378451177568147
0.8315151520449706
0.8235690232479211
0.8344781200091044
0.8206060613044585
0.8258585857622551
0.8381144819837628
0.8144107749967864
0.8177777763568994
0.8270707094308102
0.829764313770063
0.8311111132303873
0.832053876284397
0.8313804714366643
0.8348821588236877
0.8274747482453934
0.8185858588026027
0.8284175094932017
0.8226262644083813
0.827744110064073
0.8354208770424428
0.8344781157946346
0.8340740733676486
0.8311111120262531
0.83205387146786
0.8358249182652946
0.8161616156799625
0.8235690256561896
0.8331313157322431
0.8387878790046229
0.8171043760246701
0.8316498326532769
0.831245790828358
0.8296296337638238
0.834612797005008
0.8521212140719095
0.8461952853684473
0.843636367658172
0.8257239051539489
0.8282828361097009
0.8277441094620059
0.8433670106560293
0.8448484901225928
0.8320538726719943
0.8354208770424428
0.8327272763155927
0.8237037032541602
0.8358249158570261
0.8342087557821563
0.8432323258332531
0.8352861976382708
0.8464646477891942
0.8203366994857788
0.8218181843709464
0.8501010139783224
0.8483501702848107
0.8558922578590085
0.8215488231543339
0.8185858575984685
0.8387878802087572
0.8339393945655438
0.8356902382590554
0.8436363664540377
0.8395959644606619
0.8325925926969509
0.8511784504158328
0.834208753975955
0.8212794610346207
0.8351515176320317
0.8465993247850977
0.8371717195318202
0.8321885544844349
0.8457912471559312
0.8445791289059803
0.8343434375945968
0.8383838359755699
0.8327272733052572
0.8289562295181583
0.8478114466474513
0.8460606071684096
0.8315151544532391
0.8498316509555085
0.8523905734823207
0.8377104389547098
0.8510437734199293
0.844309763474898
0.8379797995692552
0.8245117869039978
0.8374410747277616
0.8350168340133898
0.8519865340656705
0.8413468027355695
0.848484851495184
0.8471380496265912
0.8338047169675731
0.8324579120886446
0.8455218877455201
0.8394612820461543
0.8531986541218228
0.8325925963093536
0.8479461278578247
0.8404040408856941
0.8502356903721587
0.8443097646790322
0.8455218889496543
0.825185188741395
0.8490235739284091
0.8387878802087572
0.823434343843749
0.828956233130561
0.8375757613567391
0.8324579169051816
0.8313804714366643
0.8398653214628046
0.8342087542769885
0.8522558946802159
