1.85819673538208
1.6308006048202515
1.594700813293457
1.6952511072158813
1.555951476097107
1.706022024154663
1.4216748476028442
1.59614896774292
1.3959585428237915
1.285361409187317
1.3209874629974365
1.2728900909423828
1.3622992038726807
1.1368697881698608
1.3932104110717773
1.3285459280014038
1.3846889734268188
1.1513859033584595
1.40125572681427
1.3007972240447998
1.3132975101470947
1.561746597290039
1.1653460264205933
1.3488363027572632
1.1579406261444092
1.179483413696289
1.5553767681121826
1.4224216938018799
1.2885464429855347
1.010463833808899
0.9851890206336975
1.2714568376541138
0.9889194965362549
0.9044231176376343
1.031839370727539
1.028544306755066
1.0887528657913208
1.3239585161209106
0.6361333131790161
1.5343085527420044
1.2995085716247559
1.2945278882980347
1.0924547910690308
1.3566091060638428
1.2424730062484741
0.9046171307563782
1.2899000644683838
1.0497398376464844
1.3426343202590942
0.9656246900558472
0.9841808676719666
0.9240009188652039
1.091886043548584
1.2343381643295288
1.083967924118042
0.8046276569366455
0.7944612503051758
1.260616660118103
0.9927031993865967
0.8882598280906677
1.2605220079421997
1.149674892425537
0.7855163812637329
1.1138319969177246
1.2107194662094116
0.8975272178649902
1.2869163751602173
1.1307092905044556
1.0712484121322632
0.855117917060852
1.0504730939865112
1.3100680112838745
0.869683027267456
1.1544809341430664
0.8369267582893372
1.04159414768219
0.7013615369796753
1.4951093196868896
0.8746739625930786
0.9966541528701782
0.9342763423919678
0.8090019822120667
1.1394400596618652
0.977933406829834
1.1851518154144287
1.070875644683838
0.9753139615058899
1.0464630126953125
1.079965353012085
0.7896823287010193
1.1347310543060303
0.7612102031707764
1.2087277173995972
1.2242164611816406
0.815706729888916
1.2330056428909302
1.013389229774475
0.8198317289352417
1.0347703695297241
1.0772442817687988
0.6598895788192749
1.618742823600769
0.9977632164955139
1.1677966117858887
1.008978247642517
0.9653204679489136
0.9542956948280334
0.6220381855964661
1.530924916267395
1.159568190574646
0.776252269744873
1.2005970478057861
0.8921941518783569
0.9553952813148499
0.9241875410079956
0.6741977334022522
1.051457405090332
0.6769246459007263
0.8446977734565735
1.107234001159668
0.9866994619369507
1.3967711925506592
0.6558657884597778
0.635709285736084
0.8605226874351501
0.7645266056060791
0.9428850412368774
0.6688513159751892
1.250474452972412
0.8208708167076111
1.3101019859313965
0.9693394899368286
0.9456849098205566
0.6307721138000488
0.7220195531845093
0.8760682344436646
1.1046199798583984
0.6159383654594421
1.0705496072769165
1.1163684129714966
1.1412334442138672
0.8091868162155151
0.9224143028259277
0.8345990180969238
1.0485179424285889
0.8358086943626404
0.6924036741256714
0.6307206153869629
1.1837514638900757
1.207297921180725
0.8635526299476624
0.8504709005355835
0.7373340129852295
0.7976803779602051
0.8458006978034973
0.9227593541145325
0.8631874322891235
1.3072633743286133
0.8417472839355469
0.5854278802871704
0.8933382034301758
0.9437052011489868
0.7999153137207031
1.233439564704895
1.141728401184082
0.8604134917259216
1.1650285720825195
0.9368271827697754
0.7834859490394592
1.3000743389129639
1.5341371297836304
0.8992149233818054
1.0846059322357178
0.8175536394119263
0.8418781757354736
0.9601818323135376
0.8268015384674072
0.7947440147399902
0.838272213935852
1.3326283693313599
0.6831603646278381
0.8951736092567444
0.884489893913269
0.8047327399253845
0.7272127866744995
0.9326075315475464
1.1828206777572632
0.9195858836174011
0.8579334020614624
0.971854567527771
0.6332941055297852
0.8855329751968384
0.7223297357559204
0.7505216598510742
0.6121106147766113
1.017938256263733
0.6730766892433167
0.697023868560791
0.6011939644813538
0.8182289600372314
0.7280355095863342
0.6339923143386841
1.0011557340621948
0.7700319290161133
0.8756238222122192
0.5574409365653992
0.6314952373504639
0.9646285772323608
0.9005814790725708
0.7800569534301758
0.6850192546844482
0.9096630811691284
0.7656238079071045
0.7586358785629272
1.058760166168213
0.863246738910675
1.0113961696624756
0.8728473782539368
0.9079022407531738
0.9197334051132202
0.8697602152824402
0.6856046915054321
0.7098807096481323
0.9857798218727112
0.7302389740943909
1.132381558418274
1.391518473625183
0.853081464767456
1.1971713304519653
0.7520923018455505
0.7812229990959167
0.805560290813446
0.8485724925994873
0.5411579608917236
0.9048324227333069
0.6825390458106995
0.8184769153594971
0.9524396657943726
0.6690587997436523
0.8647816777229309
0.9970581531524658
0.6442729830741882
0.5321589708328247
0.8190249800682068
0.7419177293777466
0.8256152272224426
0.8880336880683899
0.9804784059524536
1.0487353801727295
0.7082625031471252
0.9466579556465149
1.0321141481399536
0.955412745475769
0.8865362405776978
0.7216763496398926
1.065294861793518
0.7194072008132935
0.9917609691619873
0.9777477979660034
0.680239200592041
0.6754723787307739
0.9162305593490601
0.5668784379959106
0.9960942268371582
0.705694854259491
1.300755500793457
1.0518498420715332
1.2729607820510864
0.5405625104904175
0.8761098384857178
0.7946483492851257
0.7441445589065552
0.7126425504684448
0.6949887275695801
0.7006544470787048
0.8593435883522034
0.6332652568817139
1.0005582571029663
1.0356611013412476
0.5552982091903687
0.7513028383255005
0.8041408658027649
0.8708035945892334
0.7291775941848755
0.7240256667137146
0.7957496643066406
0.9264849424362183
0.6682623624801636
0.6678159236907959
0.6817163825035095
0.8164674043655396
0.8869038224220276
0.8325085043907166
0.5890228152275085
0.7182222008705139
0.7074272036552429
0.7317619323730469
1.089322566986084
0.6536746025085449
0.9196352958679199
1.0643620491027832
0.6404294967651367
1.162690281867981
1.2951500415802002
0.7170960307121277
0.6925574541091919
0.7472595572471619
0.5787437558174133
1.1405431032180786
1.034245252609253
0.7660160064697266
0.7224660515785217
0.9778971672058105
1.0400598049163818
0.8060134649276733
0.8639445304870605
0.9953588843345642
0.5937342047691345
0.5997520089149475
0.719474196434021
0.5585720539093018
0.7739555835723877
0.9972773790359497
1.0770153999328613
0.6431595683097839
0.5864423513412476
0.735069990158081
0.8286492228507996
1.0651113986968994
0.5843755602836609
0.7604359984397888
0.9999340176582336
0.5642890334129333
0.6376930475234985
0.6652698516845703
0.7693149447441101
0.9599181413650513
1.0472583770751953
0.7235164046287537
0.8862677216529846
0.8618102073669434
0.754615843296051
0.7524380683898926
0.6192234754562378
0.7463663816452026
0.6509064435958862
1.1792911291122437
0.8986727595329285
0.5923704504966736
0.565784215927124
0.8268192410469055
1.0352085828781128
0.7290382385253906
0.5825140476226807
0.7645772099494934
0.7410971522331238
1.156434416770935
1.075873613357544
0.7503939867019653
0.6483993530273438
0.8108522891998291
0.8761767148971558
0.787418007850647
0.5773041248321533
0.678248405456543
0.9297243356704712
0.7614156007766724
0.7772290706634521
0.6996434926986694
0.6684964895248413
0.9705656170845032
0.5094889998435974
0.8907039165496826
0.9414056539535522
0.720970630645752
0.7287495136260986
0.6869718432426453
0.7530454993247986
1.2187589406967163
0.6738957762718201
0.5494335889816284
1.084276556968689
0.8274447321891785
0.6439107656478882
0.7630321979522705
0.7098783850669861
0.7967383861541748
0.9722694158554077
1.2405997514724731
0.6705323457717896
0.8695703744888306
0.8292862772941589
0.5624681711196899
0.9756611585617065
0.571165144443512
0.7071422338485718
0.6678269505500793
0.619025707244873
0.9122577905654907
0.8238048553466797
0.7216644287109375
0.6219537258148193
0.7653281688690186
0.5253298282623291
0.6814581155776978
0.681100070476532
0.7134867310523987
0.9288027286529541
0.70570969581604
0.5934089422225952
0.6912505626678467
0.6490535140037537
0.7780317068099976
0.7291523814201355
0.9872546195983887
0.7541995048522949
0.8938207030296326
0.7968315482139587
0.6496368050575256
0.9578157663345337
0.7644780874252319
0.5817961096763611
0.8684905767440796
0.6091620922088623
0.5949389934539795
0.5789415836334229
0.7334777116775513
0.5999026298522949
0.9534825086593628
0.5250775218009949
0.6775915622711182
0.5798481702804565
0.8824646472930908
0.5717504024505615
1.0079717636108398
0.9735597372055054
0.9155411720275879
0.6002829074859619
0.9982174038887024
0.6721732020378113
0.9107113480567932
0.5862666368484497
0.9018858671188354
0.7323564887046814
1.2662529945373535
0.6172009706497192
0.6449722647666931
1.0000419616699219
0.5625336766242981
0.9014167785644531
0.5235680937767029
0.9165060520172119
0.780690610408783
0.6105435490608215
0.5446404814720154
1.2118197679519653
0.8063068389892578
1.10221266746521
0.6095486879348755
0.7996036410331726
0.8851485252380371
0.4339830279350281
0.9290302395820618
1.2834064960479736
0.525679886341095
0.8575440645217896
0.8841894865036011
0.6133803129196167
0.8431757688522339
0.6923447251319885
0.8549658060073853
0.7839486002922058
0.8037857413291931
0.7844444513320923
0.942694365978241
0.8671679496765137
1.0170623064041138
0.6021344065666199
0.6617649793624878
0.8589743375778198
0.8958994150161743
0.8109947443008423
0.9805065989494324
0.7821657657623291
0.9248216152191162
0.9585159420967102
0.5393754243850708
0.7709372043609619
0.5767097473144531
0.8160509467124939
0.7273432016372681
0.490181565284729
0.44706183671951294
0.9247570037841797
0.5277386903762817
1.0354692935943604
0.43466752767562866
0.5588453412055969
0.787345826625824
0.5569666624069214
0.7916934490203857
0.7949730157852173
0.8472692966461182
0.7144662737846375
0.6018412709236145
0.8194584250450134
0.6849431395530701
0.6211258172988892
0.7121100425720215
0.8508685827255249
0.6120843291282654
1.1257723569869995
0.5521132946014404
1.051915168762207
0.6282119154930115
0.8266505002975464
0.6139363050460815
0.47300976514816284
0.631289005279541
0.5188162326812744
0.6206809878349304
0.5276910066604614
1.3045110702514648
0.8796840906143188
0.6582507491111755
0.7973713874816895
0.43830859661102295
0.6493653059005737
0.6560669541358948
0.5714329481124878
0.804940938949585
0.5523114204406738
0.9477783441543579
0.6292802691459656
0.6709188222885132
0.6088814735412598
0.8189218044281006
0.7802426815032959
0.5296201705932617
0.5462554693222046
0.6990959644317627
0.6385518312454224
0.6828551292419434
0.654620885848999
0.9104672074317932
1.1017425060272217
0.5532851815223694
0.8253430128097534
0.5716284513473511
0.5824548602104187
0.7269388437271118
0.768330454826355
0.5344730615615845
0.5819576978683472
0.5365361571311951
0.680418074131012
1.2318989038467407
0.65251624584198
0.7353546619415283
0.7082314491271973
0.7618463039398193
0.8649177551269531
0.5495953559875488
0.8772989511489868
0.4637141227722168
0.87017822265625
0.609593391418457
0.8186250925064087
0.8402543067932129
0.636105477809906
0.8043174743652344
0.6424164772033691
0.6757653951644897
0.5398780107498169
0.8104153871536255
0.5513044595718384
0.6873947381973267
0.9388807415962219
0.6294838190078735
0.8299330472946167
0.5512123107910156
0.5177716016769409
0.7643276453018188
0.8536713123321533
0.5551903247833252
0.8284541964530945
0.656449556350708
0.7062791585922241
0.6567826271057129
0.4936290979385376
0.6976028680801392
0.8280133008956909
1.053647756576538
0.6802020072937012
0.5912392139434814
0.7454679012298584
0.6304641962051392
0.644504725933075
0.8239395022392273
0.9914864301681519
0.46740996837615967
0.6318479776382446
0.6524455547332764
0.7792258262634277
0.461465060710907
0.8806372880935669
0.975447416305542
0.5189222097396851
0.5708836317062378
0.6909601092338562
0.7578892707824707
0.7821832895278931
0.5919805765151978
0.6192940473556519
0.6271088123321533
0.7778042554855347
0.8427339196205139
0.6483008861541748
0.4455338716506958
0.6477280855178833
0.6212146282196045
0.5793794989585876
0.6129139065742493
0.7031924724578857
0.5317339897155762
0.8946616649627686
0.8580542802810669
0.5500802993774414
0.5778440833091736
0.9071184992790222
0.6416568756103516
0.6759604811668396
0.7998316287994385
0.5431580543518066
0.8733355402946472
0.716175377368927
0.7099167704582214
0.7934949994087219
0.7629329562187195
0.7586904764175415
0.7676645517349243
1.2553375959396362
0.6550853252410889
0.8352998495101929
0.4865707755088806
0.9445946216583252
0.6999942660331726
0.6649984121322632
0.5993821024894714
0.6527297496795654
0.7022491693496704
0.5639218091964722
0.6056716442108154
0.9995458722114563
0.7454274296760559
0.7842760682106018
0.6349978446960449
0.897418737411499
0.5551109313964844
0.7489409446716309
0.8995586633682251
0.8815194368362427
0.7181528806686401
0.7586814165115356
0.7696917057037354
0.5363163948059082
0.6696937680244446
0.7281180620193481
0.6031444072723389
0.9730420708656311
0.6526093482971191
0.933629035949707
0.8128095865249634
0.46618562936782837
0.7318248748779297
0.9107470512390137
0.4702495336532593
0.8047385215759277
0.594619870185852
0.9153665900230408
0.5751100778579712
0.8590537309646606
0.6161746978759766
0.5635167360305786
0.6082041263580322
0.4911234974861145
0.9105143547058105
0.5575467348098755
0.6299413442611694
0.6069505214691162
0.7196404933929443
0.7062755823135376
0.8075548410415649
0.9007102847099304
0.7015624046325684
0.862419843673706
0.5644527077674866
0.5050781965255737
0.4835612177848816
0.7785212397575378
0.6550130844116211
0.744067907333374
0.6746451258659363
0.7131107449531555
0.9036029577255249
0.9635371565818787
1.0307669639587402
0.4659337103366852
0.4974866211414337
0.622695803642273
0.9234827160835266
0.6071054339408875
0.5901608467102051
0.5756442546844482
0.6603104472160339
0.6340452432632446
0.5483438968658447
0.8882396221160889
0.6991919279098511
0.5426164865493774
0.9240702986717224
0.6111025810241699
0.5714582204818726
0.5995316505432129
0.5849024653434753
0.8974171280860901
0.6464834213256836
0.46237123012542725
0.7320343852043152
0.921911895275116
0.7425647974014282
0.76021808385849
0.7698900103569031
0.9798684120178223
0.6899922490119934
0.631511926651001
0.4649808704853058
0.6409201622009277
0.5533208847045898
0.6334235668182373
0.6724525690078735
0.5607559084892273
0.6714452505111694
0.5543807744979858
0.8518737554550171
0.49744606018066406
0.6588026285171509
1.3392361402511597
0.5186571478843689
0.559872567653656
0.6918720006942749
0.5448601841926575
0.7746330499649048
0.7479161024093628
0.48009347915649414
0.76835036277771
1.0403201580047607
0.7228071093559265
0.6641169786453247
0.6755465865135193
1.222083568572998
0.5678313374519348
0.7722251415252686
0.553935170173645
0.7612415552139282
0.5293474793434143
0.6518425941467285
0.6565057039260864
0.5974728465080261
0.6784703731536865
0.7359670400619507
0.746637225151062
0.7159769535064697
0.6385324597358704
0.6916870474815369
0.4712400436401367
0.8813018202781677
0.7538059949874878
0.4666937589645386
0.751922607421875
0.6049473285675049
0.5051850080490112
0.6397899985313416
0.891303300857544
0.586983323097229
0.8236499428749084
0.7767987251281738
0.6892645955085754
0.6331600546836853
0.9083092212677002
0.8823026418685913
0.6606512069702148
0.5770082473754883
0.8188921213150024
0.6364766955375671
0.4986036419868469
0.6520542502403259
0.6902759671211243
0.4679739773273468
0.5665132403373718
0.6637086868286133
0.5902836918830872
0.8750138282775879
0.6115212440490723
0.9946668148040771
0.5492253303527832
0.5189263820648193
0.6623103618621826
0.5005998015403748
0.8378270864486694
0.6826733350753784
0.7345427870750427
0.48313331604003906
0.8106956481933594
0.6076607704162598
0.7322977781295776
0.634612500667572
0.5322838425636292
0.8596559762954712
0.5812214016914368
0.4910717010498047
0.6916012167930603
0.8732424378395081
0.8402392864227295
0.5095348954200745
0.7846779823303223
0.8271540403366089
0.9938748478889465
0.8401948809623718
0.7014626264572144
0.8240242004394531
0.8434469103813171
0.7549046277999878
0.9222185611724854
0.7918142080307007
0.5141289234161377
0.41918450593948364
0.6934888362884521
0.5013567805290222
0.5299960374832153
0.507748544216156
0.8068093061447144
0.7731348276138306
1.0199799537658691
0.5676162242889404
0.47129330039024353
0.6029123663902283
0.8408252596855164
0.4922614097595215
0.5337116718292236
0.592873752117157
0.6567941308021545
0.5055990219116211
0.6133212447166443
0.5920231342315674
0.5337094664573669
0.7282810211181641
0.8367785811424255
0.6804889440536499
0.7259230613708496
0.7293938994407654
0.7915910482406616
0.58332359790802
0.5758930444717407
0.7997258305549622
0.7443780899047852
0.7827090620994568
0.7596413493156433
0.5142167806625366
0.45756179094314575
0.821552038192749
0.581034779548645
0.6802133321762085
0.6448841094970703
0.5388084650039673
0.6386806964874268
0.3831665515899658
0.9422955513000488
0.6876528859138489
0.7093899250030518
0.6724225282669067
0.625705361366272
0.9686240553855896
0.6101318597793579
0.6680968999862671
0.5974699854850769
0.6892073154449463
0.5627788305282593
0.6465171575546265
0.6032678484916687
0.45540040731430054
0.6681598424911499
0.5887656211853027
0.8389062881469727
0.7273385524749756
0.7831798791885376
0.6172794103622437
0.8811047673225403
0.596916675567627
0.7680992484092712
0.62770015001297
0.6204197406768799
0.9859357476234436
0.5989072322845459
0.8230859041213989
0.6930071711540222
0.5434236526489258
0.8012616634368896
0.6520470380783081
0.79039466381073
0.630529522895813
0.6122665405273438
0.5624492168426514
0.747776985168457
1.309775948524475
0.5049114227294922
0.5563156604766846
0.7371745109558105
0.6647733449935913
0.8705562353134155
0.6031780242919922
0.6797603964805603
0.5920745134353638
0.9337164759635925
0.7335247993469238
0.5042132139205933
0.6461220383644104
0.6046979427337646
0.8048244714736938
0.46703609824180603
0.8108213543891907
0.8900893926620483
0.5598400831222534
0.7562400102615356
0.7837576866149902
0.42263245582580566
0.5610180497169495
0.5264574289321899
0.6346340179443359
0.768877387046814
1.0910861492156982
0.5911030173301697
1.1936713457107544
0.5667467713356018
0.8421167135238647
0.8199641704559326
0.4891500473022461
0.9341682195663452
0.5853370428085327
0.923771858215332
0.6854958534240723
0.7589983344078064
0.6639363169670105
0.67229825258255
0.6989778280258179
0.8512862920761108
0.5103460550308228
0.714167594909668
0.47770774364471436
0.42989808320999146
0.6790008544921875
0.7554589509963989
0.7561973333358765
0.9372724294662476
0.878028392791748
0.5949263572692871
0.7163537740707397
0.49679774045944214
0.6646943092346191
0.5355943441390991
0.7800729870796204
0.7914978265762329
0.6419353485107422
0.4280250072479248
0.578097403049469
0.6403766870498657
0.6585773229598999
0.7405826449394226
0.6313551664352417
0.852587103843689
0.7531890273094177
0.6030508279800415
1.0155048370361328
0.8388360738754272
0.8139526844024658
0.8125698566436768
0.6859903335571289
0.5165956616401672
0.608401358127594
0.5586121678352356
0.46912872791290283
0.6493473649024963
0.7728341221809387
0.5144220590591431
0.47885602712631226
0.6536931991577148
0.8870233297348022
0.5597970485687256
0.8118475675582886
0.6601277589797974
0.6438012719154358
0.726112961769104
0.49306565523147583
0.6506860256195068
0.7526072859764099
0.568678081035614
0.5146918296813965
0.5216338634490967
0.6245383024215698
0.8711773753166199
0.6350522041320801
0.6678915023803711
0.6724133491516113
0.5246883630752563
0.48396843671798706
0.5501019358634949
0.7260355949401855
0.9529812335968018
0.8348220586776733
0.6619135737419128
0.5713694095611572
0.7536536455154419
0.7710602283477783
0.545986533164978
0.8613802194595337
0.6989214420318604
0.5466116666793823
0.5532916784286499
0.38628339767456055
0.5960363745689392
0.4822658896446228
0.7554855942726135
0.48812147974967957
0.6557188034057617
0.9032117128372192
0.467668354511261
0.7566230893135071
0.5779080390930176
0.6511325240135193
1.3072936534881592
0.5923265218734741
0.5248624086380005
0.6691815257072449
0.5559519529342651
0.5100505352020264
0.7710645794868469
0.5896332859992981
0.5714752674102783
0.50775545835495
0.5902913212776184
0.9330669641494751
0.7370034456253052
0.8675140142440796
0.955603837966919
0.7562223076820374
0.9516469836235046
0.6671831607818604
0.8980997800827026
0.5913401246070862
0.4976835250854492
0.5785315036773682
0.47570186853408813
0.5130239129066467
0.6452953219413757
0.5706123113632202
0.8806333541870117
0.7284691333770752
0.8374665975570679
0.6594500541687012
0.41890668869018555
0.5787155032157898
0.6889568567276001
0.8161749839782715
0.6618055701255798
0.7624920606613159
0.5721032619476318
0.5717252492904663
0.7800968885421753
0.453601598739624
0.7657045722007751
0.7207509279251099
0.8491926193237305
0.6682478785514832
0.6026080846786499
0.5774931311607361
0.44782963395118713
0.41979676485061646
0.6227890253067017
0.5682147741317749
0.5269302129745483
0.5424471497535706
0.5186067223548889
0.7488172054290771
0.5057001113891602
0.5944846272468567
0.785926342010498
0.5565141439437866
0.6465433835983276
0.6619408130645752
0.46062126755714417
0.4084359109401703
0.6877273917198181
0.5961124897003174
0.618514895439148
0.6882584691047668
0.6228597164154053
0.7473063468933105
0.6827965974807739
0.762266993522644
0.7476454377174377
0.551362931728363
0.5016196370124817
1.0279231071472168
0.5287359952926636
0.5053442120552063
0.5965254902839661
0.5483320355415344
0.600170373916626
0.5898244976997375
0.6819567680358887
0.630900502204895
0.8648442625999451
0.7245322465896606
0.4437370300292969
0.7333917021751404
0.48640701174736023
0.8214301466941833
0.6858429312705994
0.5891073942184448
0.7357705235481262
0.6725238561630249
0.6544816493988037
0.4492751955986023
0.5829429030418396
0.7707518339157104
0.690616250038147
0.7791128754615784
0.48851361870765686
0.7818858623504639
0.5849398374557495
0.7780598998069763
0.6896173357963562
0.5733731389045715
0.5537945032119751
0.5640437602996826
0.6549313068389893
0.8190491795539856
0.775290846824646
0.5813524723052979
0.607429027557373
0.7017960548400879
0.5323541164398193
1.0168286561965942
0.5222191214561462
0.5777323246002197
0.6368004679679871
0.9016778469085693
0.5058173537254333
0.8252808451652527
0.6787987351417542
0.5772528052330017
0.6646486520767212
0.6857618093490601
0.6102976202964783
0.6412391662597656
0.8687279224395752
0.8770291805267334
0.6697372794151306
0.5089195966720581
0.929358959197998
0.45887622237205505
0.755678117275238
0.8129585981369019
0.6705461740493774
0.8446242809295654
0.7836434841156006
0.8072862029075623
0.5147992372512817
0.5323124527931213
0.7139905691146851
0.7052205801010132
0.450445294380188
0.6532964706420898
0.6426496505737305
0.47944697737693787
0.5754002332687378
0.597830057144165
0.5695078372955322
0.4433259069919586
1.0690034627914429
0.5513556599617004
0.6794329881668091
0.5521681904792786
0.7017848491668701
0.6087105870246887
0.6409504413604736
0.5839048624038696
0.5606204867362976
0.7720893621444702
0.6482208967208862
0.5703949332237244
0.7493558526039124
0.4308103919029236
0.8657350540161133
0.6367608904838562
0.6063410043716431
0.844930112361908
0.6085124611854553
0.7012102007865906
0.46082305908203125
0.5740216970443726
0.6335322260856628
0.6573691368103027
0.5614384412765503
0.46869176626205444
0.6060731410980225
0.6364991068840027
0.6262511610984802
0.5266451835632324
0.6193569898605347
0.6040211915969849
0.5006341934204102
0.7705100774765015
0.4968579411506653
0.7865869998931885
0.8747284412384033
0.865238606929779
0.4657447338104248
0.7874975800514221
1.1226170063018799
0.5407365560531616
0.4761754870414734
0.5680277347564697
0.5543590188026428
0.7047324180603027
0.7198640704154968
0.5611245036125183
0.5760130882263184
0.7327073812484741
0.9077945947647095
0.6102511286735535
0.4922407269477844
0.5054184794425964
0.5512650609016418
0.5286428928375244
0.6369625329971313
0.5597361326217651
0.8124777674674988
0.9078587889671326
0.5284023284912109
0.8267688155174255
0.9058914184570312
0.5077764391899109
0.5199908018112183
0.7342334985733032
0.5635066628456116
0.5164399743080139
0.9400352239608765
0.8110038638114929
0.5946453809738159
0.5900983810424805
0.47915077209472656
0.5968717336654663
0.5310662984848022
0.7386885285377502
0.48273152112960815
0.4766997694969177
0.6597040295600891
0.6144868731498718
0.3924541771411896
0.6785595417022705
0.7680894732475281
0.6408606767654419
0.7999588847160339
0.7520589828491211
0.499176561832428
0.7240265011787415
0.9497226476669312
0.6195976734161377
0.5397446751594543
0.576596736907959
0.4292612373828888
0.4713795483112335
0.5583188533782959
0.6385822892189026
0.5851410627365112
0.5815120935440063
0.7934719920158386
0.40297549962997437
0.5574454069137573
0.5734978914260864
0.6214889287948608
0.6322448253631592
0.9149534106254578
0.7716608047485352
0.5020929574966431
0.5361510515213013
0.5324312448501587
0.6589534282684326
0.45487117767333984
0.5044842958450317
0.38919463753700256
0.7592463493347168
0.5828568339347839
0.49226582050323486
0.5596365928649902
0.7002869844436646
0.8470271825790405
0.6102249026298523
0.45847010612487793
0.588015615940094
0.6687759160995483
0.6441293954849243
0.9086377620697021
0.5713118314743042
0.5215101838111877
0.5115138292312622
0.5558286905288696
0.490874707698822
0.7804538011550903
0.7738379240036011
0.6161686778068542
0.6387917995452881
0.540723443031311
0.5277265310287476
0.8207982182502747
0.680196225643158
0.6381338834762573
0.7078015208244324
0.7164706587791443
0.5770079493522644
0.8128159642219543
0.5964099764823914
0.7573624849319458
0.4974142909049988
0.7223070859909058
0.7246553897857666
1.1903430223464966
0.6586275100708008
0.5551550388336182
0.6301389932632446
0.7109304666519165
0.6236583590507507
0.6118983030319214
0.6838492155075073
0.8997608423233032
0.6670545339584351
0.5605174899101257
0.5349305272102356
0.7382348775863647
0.6358425617218018
0.6535401344299316
0.48353075981140137
0.5918763875961304
0.8002426624298096
0.6307930946350098
0.5329778790473938
0.4676559567451477
0.7575774788856506
0.7543634176254272
0.47472473978996277
0.6362303495407104
0.6662600636482239
0.48942142724990845
0.6812945008277893
0.5065481662750244
0.8553563952445984
0.6672820448875427
0.6059187054634094
0.6314254999160767
0.7424904108047485
0.5541507005691528
0.39450496435165405
0.5666624307632446
0.6499426364898682
0.6269530057907104
0.6729702949523926
0.7045665383338928
0.4940319359302521
0.8254121541976929
0.6275951266288757
0.6691839098930359
0.5444343090057373
0.5265066623687744
0.7240563631057739
0.5165132880210876
1.3673779964447021
0.9255364537239075
0.7335792183876038
0.7081108093261719
0.477069616317749
0.6355338096618652
0.5260125398635864
0.6312142610549927
0.6226527690887451
0.7211019992828369
0.8948422074317932
0.5889723300933838
0.4192875027656555
0.48408129811286926
0.5756626725196838
0.6486068964004517
0.49859243631362915
0.5984379053115845
0.5631709098815918
0.5436862707138062
0.6594929099082947
0.4417535066604614
0.6175152063369751
0.7302231788635254
0.8361753225326538
0.6108758449554443
0.8094574213027954
0.6019831299781799
0.5403509736061096
0.6722722053527832
0.40974605083465576
0.5553428530693054
0.7577069997787476
0.7920432090759277
0.6033710837364197
0.5818225145339966
0.645374059677124
0.43306654691696167
0.5205105543136597
0.7308125495910645
0.6660622954368591
0.5749362707138062
0.7563595771789551
0.765855073928833
0.7531055212020874
0.4088424742221832
0.6638005971908569
0.6147269010543823
0.4501214325428009
0.682900607585907
0.5567326545715332
0.6371526122093201
0.5287395119667053
1.4202442169189453
0.8298987150192261
0.6773366928100586
1.138757586479187
0.5126106142997742
0.7451747059822083
0.49762246012687683
0.5632580518722534
0.6702529191970825
0.46001046895980835
0.692353367805481
0.6506277322769165
0.6722134351730347
0.5215969681739807
0.6629076600074768
0.4930400252342224
0.7415204644203186
0.5274175405502319
0.43320780992507935
0.5811057090759277
0.5132576823234558
0.7576907277107239
0.7354567646980286
0.7175768613815308
0.5891597270965576
0.647122323513031
0.6113601326942444
0.5622326731681824
0.7115330696105957
0.7162665128707886
0.5872895121574402
0.4928974509239197
0.49077916145324707
0.7451783418655396
0.7121939063072205
0.6289008259773254
0.8351703882217407
0.6193820834159851
0.7547011971473694
0.6276751160621643
0.5460429191589355
0.6186275482177734
0.9342663288116455
0.5323491096496582
0.5509556531906128
0.6368438005447388
0.41346365213394165
0.7008740901947021
0.4633161723613739
0.6341291069984436
0.7561830878257751
0.5550034642219543
0.7077213525772095
0.625435471534729
0.44528067111968994
0.5312779545783997
0.6893935203552246
0.9341212511062622
0.8072802424430847
0.5525602102279663
0.8673384189605713
0.5240969061851501
0.5229476094245911
0.7876474857330322
0.5601614713668823
0.683040976524353
0.5143169164657593
0.5680032968521118
0.5093564391136169
0.710800290107727
0.5945125222206116
0.7070754766464233
0.449992835521698
0.8653391599655151
0.9467122554779053
0.5696110725402832
0.49928033351898193
0.4756263196468353
1.0452630519866943
0.5263504981994629
0.5990210175514221
0.46979111433029175
0.71825110912323
0.8840957880020142
0.6201573610305786
0.8314304351806641
0.6293048858642578
0.6306952238082886
0.7565352916717529
0.7916980981826782
0.5339798331260681
0.5875606536865234
0.48766571283340454
0.6890723705291748
0.5562326312065125
0.42864298820495605
0.6146303415298462
0.7036170959472656
0.5562852025032043
0.5099103450775146
0.4036252200603485
0.7753146886825562
0.4983966052532196
0.7512779831886292
0.4745456874370575
0.7050740718841553
0.7654718160629272
0.5770131349563599
0.5202218294143677
0.6549065709114075
0.6553046703338623
0.7921605110168457
0.5277433395385742
0.5616741180419922
0.5266660451889038
0.9099051356315613
0.6624661684036255
0.5407319664955139
0.6015794277191162
0.696314811706543
0.6051003932952881
0.49713513255119324
0.6374305486679077
0.7277477979660034
0.43657487630844116
0.6545416712760925
0.4226587414741516
0.4368528723716736
0.766006350517273
0.5181567072868347
0.5070886611938477
0.7533173561096191
0.8960034847259521
0.532961368560791
0.6220748424530029
0.5169959664344788
0.6810343265533447
0.5540802478790283
0.5349778532981873
0.33874189853668213
0.5053806900978088
0.5331153869628906
0.5511720776557922
0.8939074277877808
0.6974295377731323
0.5891251564025879
0.6675660014152527
0.6844015121459961
0.6055642366409302
0.445140540599823
0.5687950849533081
0.7746679782867432
0.43528619408607483
0.6584351062774658
0.5412402749061584
0.36693456768989563
0.6198751926422119
0.5306594967842102
0.44222182035446167
0.4669218957424164
0.6663637161254883
0.4804931581020355
0.45043861865997314
0.7058677673339844
0.5649747848510742
0.5842483043670654
0.4920462369918823
0.5258886218070984
0.7288979291915894
0.6740105152130127
0.504555344581604
0.6659634113311768
0.6918151378631592
0.4405791163444519
0.640215277671814
0.5139761567115784
0.5600327253341675
0.4896985590457916
0.7074968814849854
0.4742587208747864
0.6833051443099976
0.5202992558479309
0.6382787227630615
0.7891297340393066
0.4370203912258148
0.6217067241668701
0.5408164262771606
0.4721057713031769
0.7372599840164185
0.6230161786079407
0.6396324634552002
0.7736454606056213
0.4148210883140564
0.9614183306694031
0.5284394025802612
0.5144361257553101
0.45929577946662903
0.5359488129615784
0.6010644435882568
0.3636398911476135
0.5479971170425415
0.568123996257782
0.5000788569450378
0.5402287244796753
0.41749683022499084
0.43256574869155884
0.6075840592384338
0.4266844093799591
0.397737592458725
0.5037717819213867
0.46224114298820496
0.4120291769504547
0.866906464099884
1.0153043270111084
0.6296932697296143
0.8949153423309326
0.7773358225822449
0.7670559883117676
0.650714635848999
0.49926453828811646
0.5183709263801575
0.5114234685897827
0.46970677375793457
0.5255756378173828
0.5256178379058838
0.8442682027816772
0.4569152593612671
0.45082494616508484
0.504465639591217
0.9215918779373169
0.4586857557296753
0.6124309301376343
0.4689038395881653
0.400952011346817
0.856393575668335
0.9824396371841431
0.5351799726486206
0.6213992834091187
0.675670862197876
0.5222772359848022
0.6698942184448242
0.7071026563644409
0.5425902009010315
0.5338650941848755
0.5946471095085144
0.40981370210647583
0.6912139654159546
0.9186806678771973
0.4568537175655365
0.5357499122619629
0.404402494430542
0.7173035144805908
0.7404512763023376
0.6362271308898926
0.7456604242324829
0.575764000415802
1.090519905090332
0.5900012850761414
0.38587862253189087
0.6440306305885315
0.6201953887939453
0.6822439432144165
0.5395786166191101
0.47877711057662964
0.5661385655403137
0.395029217004776
0.6490169763565063
0.5049984455108643
0.5261149406433105
0.7390824556350708
0.5491183400154114
0.6776129603385925
0.5513609051704407
0.6617236137390137
0.47409236431121826
0.5174556374549866
0.5896382331848145
0.5437546372413635
0.5014843940734863
0.7244611978530884
0.5898817777633667
0.503714382648468
0.468062162399292
0.5166296362876892
0.5984631776809692
0.7170329093933105
0.5892273187637329
0.5480943918228149
0.6489290595054626
0.5699898600578308
0.5403889417648315
1.3479608297348022
0.4810505509376526
0.7398711442947388
0.40495574474334717
0.619813084602356
0.6685076951980591
0.5639798641204834
0.9392797350883484
0.841211199760437
0.5901594161987305
0.8033921718597412
0.6209838390350342
0.5412574410438538
0.569301962852478
0.5962433815002441
0.5026177167892456
0.5176036357879639
0.4267836809158325
0.5718286037445068
0.4306095242500305
0.4600185453891754
0.5649346113204956
0.42972880601882935
0.5177527666091919
0.9330096244812012
0.5930426120758057
0.6881676316261292
0.6577118039131165
0.6309424638748169
0.6473848819732666
0.447275847196579
0.4982208013534546
0.4522120952606201
1.0577938556671143
0.4559791386127472
0.7280838489532471
0.560685396194458
0.660205602645874
0.5094601511955261
0.6336200833320618
0.4632645845413208
0.5027139186859131
0.4857485294342041
0.5542036294937134
0.445479154586792
0.5782068967819214
0.5600601434707642
0.6754886507987976
0.5738906264305115
0.5407094955444336
0.5867952704429626
0.4239152669906616
0.43712857365608215
0.7042133808135986
0.583493173122406
0.4539393484592438
0.4733407497406006
0.45966100692749023
0.6815738677978516
0.7592135071754456
0.8772722482681274
1.0728360414505005
0.5606213808059692
0.7982025146484375
0.44228845834732056
0.7046687602996826
0.617806077003479
0.5086329579353333
0.4508274793624878
0.47173529863357544
0.4568290114402771
0.48970282077789307
0.47189247608184814
0.5530349016189575
0.5401966571807861
0.4813006520271301
0.4736779034137726
0.6056538820266724
0.5334641933441162
0.6104129552841187
0.5491984486579895
0.4402065873146057
0.5411258339881897
0.6362881660461426
0.5020422339439392
0.5814366936683655
0.8766591548919678
0.4194570779800415
0.44800591468811035
0.4129508137702942
0.5315663814544678
0.6426113843917847
0.3947022557258606
0.6055399179458618
0.4957861602306366
0.4983704686164856
0.5628858804702759
0.6574122905731201
0.4032660126686096
0.47664397954940796
0.486172616481781
0.6851483583450317
0.7438346147537231
0.710034966468811
0.4922829270362854
0.609838604927063
0.42556270956993103
0.5561926960945129
0.6040639877319336
0.4868285655975342
0.5394377112388611
0.7042951583862305
0.691917896270752
0.5041278004646301
0.6305755376815796
0.5146980285644531
0.3617209196090698
0.4793711304664612
0.5643666982650757
0.43222957849502563
0.6377143263816833
0.42556774616241455
0.4987284541130066
0.5575039386749268
0.6206519603729248
0.5007795691490173
0.7748173475265503
0.6335384845733643
0.4833846688270569
0.4352671504020691
0.3788776695728302
0.672115683555603
0.4728798270225525
0.5936830043792725
0.8188942074775696
0.8291553854942322
0.5857292413711548
0.416204035282135
0.698284924030304
0.5880106687545776
0.7218043804168701
0.44743120670318604
0.4375767707824707
0.4135027527809143
0.8819270133972168
0.4489290714263916
0.5762190818786621
0.4420514702796936
0.46938079595565796
0.8357855081558228
0.42048466205596924
0.4835982918739319
0.5727068781852722
0.44006800651550293
0.5403141975402832
0.8187522292137146
0.6335389614105225
0.5043936967849731
0.4540611803531647
0.8123680949211121
0.4689900577068329
0.7644270658493042
0.49870923161506653
0.5229166746139526
0.4065622091293335
0.7264401912689209
0.6348203420639038
0.4267227053642273
0.439194917678833
0.6049114465713501
0.4989556670188904
0.5575626492500305
0.6924988031387329
0.6951167583465576
0.493818998336792
0.6320446729660034
0.6928199529647827
0.7453871965408325
0.5020579099655151
1.03621244430542
0.6017930507659912
0.7098111510276794
0.9309704899787903
0.3791443705558777
0.4247967004776001
0.7378769516944885
0.6118494272232056
0.6186448335647583
0.547450840473175
0.6754053831100464
0.46313977241516113
0.5508954524993896
0.4126558303833008
0.5041696429252625
0.5473822951316833
0.5863313674926758
0.6496416926383972
0.5117843151092529
0.5350583791732788
0.557466447353363
0.529464602470398
0.5237914323806763
0.46725770831108093
0.6948301792144775
0.7344918251037598
0.48537588119506836
0.4554288387298584
0.4549219310283661
0.6477108001708984
0.5859900712966919
0.9756367206573486
0.7151764035224915
0.631957471370697
0.5360879898071289
0.5590676069259644
0.7507101893424988
0.6058056950569153
0.548729658126831
0.6725660562515259
0.6858380436897278
0.7374231219291687
0.6593342423439026
0.5378400087356567
0.665093183517456
0.916987955570221
0.6332234144210815
0.5452133417129517
0.4448222517967224
0.8630669713020325
0.5503265261650085
0.6552131175994873
0.4903452396392822
0.5170900225639343
0.4471556544303894
0.7281621098518372
0.37394505739212036
0.6852666735649109
0.7483292818069458
0.7595672607421875
0.6097671985626221
0.619901180267334
0.4203580915927887
0.809683084487915
0.5916357636451721
0.6510018110275269
0.4129781723022461
0.4734756350517273
0.46466630697250366
0.6347428560256958
0.5273305177688599
0.4800216853618622
0.411989688873291
0.6512353420257568
0.6723043918609619
0.5295119285583496
0.8902263045310974
0.4577034115791321
0.5344401001930237
0.42416882514953613
0.5185073018074036
0.41541868448257446
0.5015313029289246
0.5031519532203674
0.6812389492988586
0.564579963684082
0.6521661281585693
0.42621105909347534
0.5625814199447632
0.5247732996940613
0.4450518786907196
0.39508509635925293
0.5521554946899414
0.961484968662262
0.5163521766662598
0.8212947249412537
0.41931620240211487
0.5308663845062256
0.5203498601913452
0.5852977633476257
0.48893028497695923
0.565026581287384
0.5374068021774292
0.6592535972595215
0.4857349395751953
0.7434900999069214
0.6994161009788513
0.5287259221076965
0.6709854006767273
0.5017900466918945
0.47743406891822815
0.6725207567214966
0.42081311345100403
0.5091991424560547
0.7629858255386353
0.6651788949966431
0.5434302091598511
0.6882826685905457
0.49124717712402344
0.4872467517852783
0.49120065569877625
0.5231214761734009
0.8491663932800293
0.5764674544334412
0.8455419540405273
0.5149354338645935
0.41388994455337524
0.5042397975921631
0.45879828929901123
0.5966929793357849
0.586320161819458
0.4551312327384949
0.5446772575378418
0.6825223565101624
0.7798420190811157
0.5487583875656128
0.6779332756996155
0.6499790549278259
0.5721675157546997
0.644684910774231
0.6417303085327148
0.6330495476722717
0.42279189825057983
0.5383936166763306
0.4426538944244385
0.4569705128669739
0.7197846174240112
0.7836450338363647
0.4842721223831177
0.6388548612594604
0.7561089992523193
0.6137679815292358
0.4818840026855469
0.5361605882644653
0.495219349861145
0.5119715332984924
0.3713899254798889
0.45866015553474426
0.702532947063446
0.5820761322975159
0.4000858664512634
0.5303379893302917
0.4917452335357666
0.6218290328979492
0.38872504234313965
0.5099472403526306
0.6947978734970093
0.8792659044265747
0.5998116731643677
0.8666602373123169
0.43081772327423096
0.4943118691444397
0.40436941385269165
0.6394679546356201
0.4476870894432068
0.9332943558692932
0.7004886865615845
0.5581172108650208
0.7649444341659546
0.5683431625366211
0.6013115644454956
0.4626582860946655
0.6540131568908691
0.48900631070137024
0.7443034648895264
0.5173887610435486
0.6930260062217712
0.3986418843269348
0.41849687695503235
0.669937014579773
0.3904937207698822
0.6542107462882996
0.4171472191810608
0.38626202940940857
0.4636465311050415
0.6655132174491882
0.4286344349384308
0.4292408227920532
0.707553505897522
0.4955730736255646
0.532029390335083
0.608869194984436
0.6458333134651184
0.48654329776763916
0.6286640167236328
0.38092488050460815
0.5076572895050049
0.43412959575653076
0.6284335851669312
0.6650792360305786
0.7845153212547302
0.45096081495285034
0.6418171525001526
0.46830350160598755
0.43018996715545654
0.4606771171092987
0.5835038423538208
0.49372830986976624
0.4792698621749878
0.5693950057029724
0.5881776809692383
0.5545865893363953
0.5063676834106445
0.5144936442375183
0.5663985013961792
0.7143292427062988
0.3958766758441925
0.5928112268447876
0.5244832038879395
0.7671006917953491
0.692975640296936
0.40621286630630493
0.4903661012649536
0.51755690574646
0.4521854519844055
0.509315013885498
0.44409704208374023
0.5244641304016113
0.5688836574554443
0.6240987777709961
0.5515162944793701
0.4482657313346863
0.5223479866981506
0.7435023784637451
0.6600696444511414
0.38836631178855896
0.46544116735458374
0.5419123768806458
0.42702245712280273
0.42431342601776123
0.41102975606918335
0.4329146146774292
0.4935280680656433
0.6055503487586975
0.4777641296386719
0.7159261107444763
0.5810961723327637
0.6889846324920654
0.7442018985748291
0.5480542182922363
0.5352088809013367
0.45590880513191223
0.5339430570602417
0.7346394658088684
0.4275398254394531
0.5696207284927368
0.4153558313846588
0.5457869172096252
0.439188152551651
0.5697434544563293
0.7153794765472412
0.41202276945114136
0.7287214398384094
0.4898011088371277
0.5881273746490479
0.658301830291748
0.804200291633606
0.47359511256217957
0.39126646518707275
0.42823028564453125
0.7354317903518677
0.5757768154144287
0.5048815608024597
0.4052525758743286
0.4715206027030945
0.7333142161369324
0.3802328109741211
0.5377464294433594
0.6930840611457825
0.627631425857544
0.5932188034057617
0.6070865392684937
0.6087031364440918
0.46256503462791443
0.5626033544540405
0.7582833766937256
0.8253325819969177
0.5085312128067017
0.5606082677841187
0.5604451894760132
0.4674840569496155
0.49517786502838135
0.5866085290908813
0.5100516676902771
0.793742299079895
0.4693247973918915
0.6576933860778809
0.5324701070785522
0.6017495393753052
0.633232831954956
0.8574244976043701
0.6703267097473145
0.5500407218933105
0.44251906871795654
0.48503386974334717
0.44960570335388184
0.6214821934700012
0.48996809124946594
0.44357967376708984
0.7397971153259277
0.5079777240753174
0.5354426503181458
0.49953317642211914
0.7265368700027466
0.58980393409729
0.4635830521583557
0.6514922380447388
0.4221423268318176
0.5146359205245972
0.46403083205223083
0.47782793641090393
0.6346516013145447
0.5999411940574646
0.5448799133300781
1.0111191272735596
0.5134340524673462
0.6270039677619934
0.6917527914047241
0.4894202947616577
0.5474014282226562
0.4453040361404419
0.5861822366714478
0.42324960231781006
0.4924865961074829
0.5353000164031982
0.6047601699829102
0.5007588863372803
0.5120909214019775
0.7720945477485657
0.4514269530773163
0.6607205867767334
0.6371349692344666
0.49526339769363403
0.6653481721878052
0.5139568448066711
0.3698408603668213
0.8353094458580017
0.42663466930389404
0.47669994831085205
0.46305447816848755
0.4751361310482025
0.5006314516067505
0.9243001341819763
0.6824566125869751
0.41073712706565857
0.5703111290931702
0.6990079879760742
0.7710453271865845
0.7791990041732788
0.6203080415725708
0.4739435911178589
1.060899019241333
0.5690625905990601
0.5379666090011597
0.6192652583122253
0.5117526054382324
0.49236977100372314
0.4379892945289612
0.5712915062904358
0.6203749179840088
0.6119690537452698
0.6629332304000854
0.6042748689651489
0.615338921546936
0.4622408151626587
0.7603526711463928
0.5449565052986145
0.3977861702442169
0.6124033331871033
0.4530948996543884
0.5397068858146667
0.7031018733978271
0.6359984874725342
0.5719141960144043
0.6500012874603271
1.0318506956100464
0.5469907522201538
0.5609958171844482
0.49180564284324646
0.511864185333252
0.6485799551010132
0.790266752243042
0.7630246877670288
0.4846101701259613
0.4163816571235657
0.8429656028747559
0.6653608679771423
0.4840257167816162
0.457338809967041
0.683547854423523
0.5763155221939087
0.47290468215942383
0.49513453245162964
0.5888857841491699
0.6753904819488525
0.4584200084209442
0.6905865669250488
0.5049566030502319
0.4602099359035492
0.7293186783790588
0.5457762479782104
0.5653138160705566
0.5505760908126831
0.5112386345863342
0.7288321852684021
0.5656942129135132
0.5462731122970581
0.4058133363723755
0.5184876322746277
0.49972766637802124
0.42220810055732727
0.4691055417060852
0.557364821434021
1.099204659461975
0.44767293334007263
0.6050403118133545
0.5085696578025818
0.42816150188446045
0.6048275232315063
0.4297213554382324
0.42216718196868896
0.48270899057388306
0.8945794701576233
0.550085186958313
0.5699949264526367
0.49774110317230225
0.5893635749816895
0.41286811232566833
0.5141154527664185
0.5517541170120239
0.4579794406890869
0.6468096971511841
0.6653732657432556
0.7656447887420654
0.6610314846038818
0.7582414746284485
0.5793091654777527
0.5733751058578491
0.4726630449295044
0.4615493416786194
0.5482794046401978
0.4529106616973877
0.45144638419151306
0.42208799719810486
0.49654823541641235
0.5271338224411011
0.44182947278022766
0.39266377687454224
0.5284228324890137
0.5321667194366455
0.5077826380729675
0.6566799283027649
0.7093808054924011
0.5607280731201172
0.600220263004303
0.5005460977554321
0.5226147770881653
0.5251353979110718
0.6160889863967896
0.6241479516029358
0.6582988500595093
0.765204906463623
0.41457033157348633
0.41099733114242554
0.7672797441482544
0.36073973774909973
0.5358293056488037
0.4884427785873413
0.4562489092350006
0.6585695743560791
0.6302914619445801
0.5751271843910217
0.6490266919136047
0.5608826875686646
0.6030447483062744
0.4832557439804077
0.664512574672699
0.5584190487861633
0.5651851296424866
0.4917934536933899
0.7417076826095581
0.6503424644470215
0.44673392176628113
0.6271092891693115
0.5239063501358032
0.4352954030036926
0.5441280603408813
0.6472213268280029
0.4903162121772766
0.6412163972854614
0.5131409168243408
0.5619806051254272
0.4353879690170288
0.4508238732814789
0.5066853165626526
0.5265282392501831
0.6536205410957336
0.6849108338356018
0.6580238342285156
0.43138039112091064
0.4576408267021179
0.655890941619873
0.5584979057312012
0.6570720672607422
0.5653393268585205
0.4928048849105835
0.37421929836273193
0.3636540472507477
0.4345545172691345
0.45310091972351074
0.5106277465820312
0.7222005128860474
0.46961209177970886
0.3534175157546997
0.63762366771698
0.5647715330123901
0.4516773521900177
0.7757601737976074
0.4528883099555969
0.6029248237609863
0.5495446920394897
0.6642392873764038
0.5585873126983643
0.40231961011886597
0.5253757834434509
0.45952287316322327
0.40971264243125916
0.4638579487800598
0.5167068243026733
0.5044175982475281
0.5942440032958984
0.563653826713562
0.44628652930259705
0.5418239831924438
0.5104913115501404
0.7542555928230286
0.6695249080657959
0.6296387910842896
0.8205324411392212
0.6649975776672363
0.4629930853843689
0.8336819410324097
0.4286506175994873
0.5768202543258667
0.5794707536697388
0.5340848565101624
0.44176411628723145
0.501376748085022
0.508692741394043
0.7583903074264526
0.5033921599388123
0.4641137719154358
0.7687996625900269
0.5202279090881348
0.5916353464126587
0.660341739654541
0.5769785642623901
0.6787279844284058
0.4190368056297302
0.4530171751976013
0.6886720061302185
0.47538477182388306
0.4952201247215271
0.5276154279708862
0.5543497800827026
0.3983391523361206
0.43494993448257446
0.6205641031265259
0.6747949123382568
0.678092360496521
0.5460919141769409
0.7372803688049316
0.6010029315948486
0.438937783241272
0.47004643082618713
0.456528902053833
0.5651715397834778
0.5804364681243896
0.8242510557174683
0.691740095615387
0.5050540566444397
0.4508949816226959
0.5345796346664429
0.5098879337310791
0.40922555327415466
0.523573637008667
0.45135796070098877
0.5252403616905212
0.5771810412406921
0.41949498653411865
0.4813901484012604
0.5208436250686646
0.5455514192581177
0.43649736046791077
0.5127161741256714
0.4197577238082886
0.7652850151062012
0.45793092250823975
0.5395461916923523
0.5859287977218628
0.3873884677886963
0.6023567914962769
0.532172441482544
0.5208026766777039
0.5367939472198486
0.4328573942184448
0.558682382106781
0.6764389276504517
0.44241055846214294
0.41324952244758606
0.5342525839805603
0.540877640247345
0.47131669521331787
0.5461421012878418
0.4815821051597595
0.5063714981079102
0.6450027227401733
0.46549898386001587
0.9764676690101624
0.43107712268829346
0.4898689389228821
0.46900635957717896
0.7228288650512695
0.6351302266120911
0.6167416572570801
0.5110529661178589
0.5448152422904968
0.4809158444404602
0.3823726773262024
0.6787620782852173
0.5735783576965332
0.6737086176872253
0.4666370749473572
0.4645087718963623
0.5776481032371521
0.47236233949661255
0.5324050784111023
0.5351653099060059
0.5871597528457642
0.8214694261550903
0.5032052993774414
0.5483609437942505
0.6582270264625549
0.6970827579498291
0.47265738248825073
0.40307748317718506
0.7855640649795532
0.4778299331665039
0.5360869765281677
0.7031594514846802
0.4926326870918274
0.53741854429245
0.4990662932395935
0.4720538258552551
0.4292806386947632
0.42395544052124023
0.40327563881874084
0.6114714741706848
0.47481971979141235
0.4435931444168091
0.45212650299072266
0.40141427516937256
0.6278676986694336
0.5876730680465698
0.5225198268890381
0.6589130759239197
0.4663569927215576
0.6023961305618286
0.4463600218296051
0.4686526656150818
0.5757817029953003
0.6355991363525391
0.603384256362915
0.6186128854751587
0.6927079558372498
0.5937418937683105
0.8292335271835327
0.47743844985961914
0.5180304050445557
0.6226109266281128
0.4484238624572754
0.49042439460754395
0.7086752653121948
0.4642314016819
0.4448226988315582
0.5393076539039612
0.5561738014221191
0.38630086183547974
0.6213757991790771
0.4653179943561554
0.7766594886779785
0.3801863491535187
0.6713086366653442
0.5104508996009827
0.7158903479576111
0.7656773924827576
0.35852792859077454
0.5794051885604858
0.4310396909713745
0.6402952671051025
0.6722447276115417
0.41279900074005127
0.5121824741363525
0.5767755508422852
0.8002704381942749
0.718305230140686
0.4753958284854889
0.5643844604492188
0.696081817150116
0.5608869791030884
0.7243893146514893
0.5806823968887329
0.5446087121963501
0.4298638105392456
0.6982542276382446
0.5411329865455627
0.6756600141525269
0.651684045791626
0.4645179808139801
0.7484626173973083
0.5342783331871033
0.5851709842681885
0.6204402446746826
0.509314775466919
0.39570456743240356
0.4803556501865387
0.5422617197036743
0.3949376046657562
0.3935171365737915
0.4231199622154236
0.521929144859314
0.47761380672454834
0.9676834344863892
0.5110933780670166
0.3604801595211029
0.600857675075531
0.43118780851364136
0.4209987223148346
0.433517187833786
0.49099665880203247
0.46120110154151917
0.6576699018478394
0.46928805112838745
0.3816545605659485
0.7035876512527466
0.48726582527160645
0.5793921947479248
0.431988000869751
0.6738538146018982
0.5397165417671204
0.4614035487174988
0.465512216091156
0.6191310286521912
0.8124558329582214
0.4277823269367218
0.4980548322200775
0.5092774629592896
0.6065298318862915
0.5436252355575562
0.5325441360473633
0.5249897837638855
0.558864951133728
0.804140567779541
0.45823249220848083
0.6419678926467896
0.5660256147384644
0.6436513662338257
0.5276424884796143
0.5446594953536987
0.6560136079788208
0.53605055809021
0.5316448211669922
0.49326685070991516
0.50893634557724
0.5252535939216614
0.6207732558250427
0.4186021685600281
0.6070642471313477
0.4780386686325073
0.5452069044113159
0.5622275471687317
0.5014364123344421
0.41344770789146423
0.4293616712093353
0.9148445725440979
0.6660869121551514
0.4872364401817322
0.48137205839157104
0.46634548902511597
0.5140007734298706
0.40613803267478943
0.5402358770370483
0.40831059217453003
0.4938013553619385
0.4263741970062256
0.39188453555107117
0.4921075701713562
0.6131336688995361
0.4149417579174042
0.47183096408843994
0.5729155540466309
0.46689555048942566
0.49388712644577026
0.5575907826423645
0.5425823330879211
0.5880337953567505
0.6961433291435242
0.4027910530567169
0.5668295621871948
0.8687678575515747
0.48590144515037537
0.39335721731185913
0.46505820751190186
0.6553246378898621
0.5777206420898438
0.49951958656311035
0.5031928420066833
0.5358004570007324
0.5716173648834229
0.414350688457489
0.4356788992881775
0.457919180393219
0.6674207448959351
0.46568572521209717
0.4932297468185425
0.5263856053352356
0.5480622053146362
0.47129425406455994
0.6088724732398987
0.6425130367279053
0.5132510662078857
0.5647531747817993
0.49732908606529236
0.41145792603492737
0.5002881288528442
0.6457717418670654
0.4892995357513428
0.5370275974273682
0.4766637682914734
0.3625943064689636
0.5985600352287292
0.7125571370124817
0.3829911947250366
0.49213162064552307
0.39323025941848755
0.6169100999832153
0.5451188683509827
0.923019289970398
0.5185213088989258
0.6209596991539001
0.40914201736450195
0.7950605154037476
0.4903450906276703
0.4329040050506592
0.457438200712204
0.5083894729614258
0.6157649159431458
0.5162763595581055
0.4271186888217926
0.5179392695426941
0.5938842296600342
0.6128344535827637
0.4237355887889862
0.42366066575050354
0.4284246563911438
0.4963739514350891
0.8230810165405273
0.6027646064758301
0.5835550427436829
0.42863622307777405
0.40250536799430847
0.4919787645339966
0.5751962065696716
0.45514583587646484
0.45761656761169434
0.5111363530158997
0.47187310457229614
0.43151676654815674
0.4498705267906189
0.6787755489349365
0.4447088837623596
0.5320916771888733
0.45260751247406006
0.44040417671203613
0.5654139518737793
0.45466890931129456
0.8344123959541321
0.4484967589378357
0.4290909171104431
0.5124719142913818
0.41842785477638245
0.47838133573532104
0.4726123511791229
0.6272366642951965
0.49358975887298584
0.3892354965209961
0.42789846658706665
0.5827364921569824
0.4571771025657654
0.4156690835952759
0.48879826068878174
0.6192069053649902
0.47119659185409546
0.4741761088371277
0.6415685415267944
0.4033081531524658
0.8131420612335205
0.39667534828186035
0.42987629771232605
0.42721375823020935
0.6011650562286377
0.4233286380767822
0.5091497898101807
0.49284347891807556
0.5461186170578003
0.474190354347229
0.48621219396591187
0.5344638824462891
0.5430478453636169
0.5214090347290039
0.36512964963912964
0.6225511431694031
0.6681603193283081
0.5407546758651733
0.39421650767326355
0.5321143865585327
0.503243625164032
0.48131081461906433
0.5157134532928467
0.6357356309890747
0.43569332361221313
0.5310249328613281
0.5945332050323486
0.6142582297325134
0.4586251378059387
0.6350951194763184
0.7909330129623413
0.4531216025352478
0.49121999740600586
0.727783203125
0.4621102809906006
0.459614634513855
0.5074777603149414
0.7285988330841064
0.4279434382915497
0.46722251176834106
0.7528200149536133
0.5257032513618469
1.1674429178237915
0.5623300075531006
0.43580374121665955
0.5411810874938965
0.5599191784858704
0.7117785215377808
0.8013941049575806
0.49342095851898193
0.380354106426239
0.45024994015693665
0.7003322839736938
0.5835291147232056
0.3685392737388611
0.39464908838272095
0.6462588310241699
0.4963953495025635
0.6123396754264832
0.4955906867980957
0.507233738899231
0.722453236579895
0.5119175910949707
0.8150265216827393
0.6111431121826172
0.4979826807975769
0.4601418673992157
0.6656017303466797
0.8090367913246155
0.4623563885688782
0.4369603395462036
0.41582441329956055
0.5517590045928955
0.5134241580963135
0.35718491673469543
0.5393098592758179
0.6596544981002808
0.674161434173584
0.6214851140975952
0.5233259797096252
0.45437997579574585
0.7073993682861328
0.5311543941497803
0.5185320973396301
0.4605664908885956
0.5867072343826294
0.4671730399131775
0.3516409397125244
0.5768015384674072
0.6164916157722473
0.4504164755344391
0.4339146614074707
0.7540432214736938
0.6311785578727722
0.5410832166671753
0.5212768316268921
0.6624225378036499
0.6595430970191956
0.5454062223434448
0.6332757472991943
0.39203667640686035
0.5113670229911804
0.7774457931518555
0.4407030940055847
0.462516725063324
0.44687092304229736
0.5230119228363037
0.5501660108566284
0.5407567024230957
0.827709972858429
0.6095869541168213
0.380757212638855
0.5042182803153992
0.43161243200302124
0.8322341442108154
0.48184850811958313
0.5766689777374268
0.5456014275550842
0.7161993980407715
0.7874544858932495
0.5622559785842896
0.4825460910797119
0.3979911208152771
0.523093581199646
0.8409277200698853
0.5751374959945679
0.4601972997188568
0.42592853307724
0.4833083748817444
0.6911830902099609
0.6100797653198242
0.4630870819091797
0.6546992063522339
0.7008790373802185
0.5226011872291565
0.5191380977630615
0.5436701774597168
0.6203174591064453
0.39876610040664673
0.6560987234115601
0.47677022218704224
0.508658766746521
0.6111396551132202
0.8709730505943298
0.3629903197288513
0.8177971839904785
0.4843161106109619
0.5356011390686035
0.5865251421928406
0.4609501361846924
0.7859387397766113
0.5926482081413269
0.6569526195526123
0.4917912781238556
0.5418387651443481
0.4882327914237976
0.46755850315093994
0.46052974462509155
0.6605246663093567
0.44881677627563477
0.5541456937789917
0.5706377029418945
0.5958117246627808
0.4050871729850769
0.7779586315155029
0.48621296882629395
0.43865785002708435
0.4363057017326355
0.6074070930480957
0.4498353600502014
0.8296399712562561
0.4642084836959839
0.4496976137161255
0.5102972984313965
0.41935956478118896
0.5533115863800049
0.6119650602340698
0.43529510498046875
0.43648141622543335
0.506088376045227
0.47008708119392395
0.4296862483024597
0.8077707290649414
0.724367618560791
0.46841421723365784
0.4686332046985626
0.45369604229927063
0.44672974944114685
0.4114643335342407
0.533165693283081
0.3824109733104706
0.6322252750396729
0.5307517647743225
0.6894806623458862
0.510280191898346
0.5902233123779297
0.4372733235359192
0.5156019926071167
0.37358909845352173
0.48289811611175537
0.5672968029975891
0.5381466150283813
0.518773078918457
0.4122406840324402
0.5930116772651672
0.5159879922866821
0.4290231466293335
0.4825705885887146
0.6350141763687134
0.4486774504184723
0.4558771848678589
0.4900127351284027
0.4834577143192291
0.6053742170333862
0.49397799372673035
0.4069228768348694
0.5286927223205566
0.4278761148452759
0.48669546842575073
0.631991982460022
0.5993227958679199
0.6206499338150024
0.5913040637969971
0.511508047580719
0.8334131240844727
0.807598888874054
0.45710328221321106
0.37136006355285645
0.8286238312721252
0.44116514921188354
0.5597387552261353
0.5097900629043579
0.42768704891204834
0.5315055251121521
0.6596030592918396
0.4410443603992462
0.7519803643226624
0.7238628268241882
0.5815896987915039
0.4312412440776825
0.5313742160797119
0.783602774143219
0.5668080449104309
0.8139218091964722
0.5788818001747131
0.39735305309295654
0.5874779224395752
0.4439990818500519
0.47580674290657043
0.64035964012146
0.630632221698761
0.7374522089958191
0.4028371274471283
0.46742135286331177
0.5291805267333984
0.3948568105697632
0.5522268414497375
0.4210652709007263
0.717332124710083
0.690406084060669
0.44150498509407043
0.48029303550720215
0.4245430827140808
0.45226985216140747
0.45180046558380127
0.5425167083740234
0.7521520853042603
0.46664494276046753
0.41206347942352295
0.5678521394729614
0.48269397020339966
0.49372100830078125
0.5486397743225098
0.646426796913147
0.45143741369247437
0.7122499942779541
0.5729066133499146
0.4549170732498169
0.5580328702926636
0.5134437680244446
0.5521571636199951
0.48131030797958374
0.6597239971160889
0.48163121938705444
0.3956119418144226
0.6116155385971069
0.6022437810897827
0.6780620813369751
0.67170250415802
0.5056014657020569
0.5504150986671448
0.3921126425266266
0.5746333599090576
0.4546160101890564
0.7850332260131836
0.4077679514884949
0.6531528830528259
0.5724733471870422
0.47572553157806396
0.4836099147796631
0.5661642551422119
0.5096428394317627
0.7142805457115173
0.49309051036834717
0.40834957361221313
0.6049183011054993
0.5502225160598755
0.48059093952178955
0.5414571762084961
0.3972548246383667
0.538712739944458
0.49154841899871826
0.4409785866737366
0.4866286516189575
0.7475130558013916
0.8064776659011841
0.4383256435394287
0.46089425683021545
0.5105766654014587
0.6432437896728516
0.4625333547592163
0.4603004455566406
0.423528790473938
0.6021090149879456
0.5661200284957886
0.46291762590408325
0.9417612552642822
0.47540438175201416
0.3457886278629303
0.36394795775413513
0.5034182071685791
0.43945303559303284
0.5061845183372498
0.42111310362815857
0.43410852551460266
0.45434367656707764
0.7177656888961792
0.7430124282836914
0.48759281635284424
0.6640805006027222
0.6337312459945679
0.695299506187439
0.4522688388824463
0.46146970987319946
0.475844144821167
0.4446476697921753
0.4235855042934418
0.5719134211540222
0.6745344400405884
0.39384305477142334
0.5035135746002197
0.47370290756225586
0.46843233704566956
0.43973374366760254
0.492398738861084
0.4818163812160492
0.7303133010864258
0.43575501441955566
0.38097813725471497
0.6366114616394043
0.6564338803291321
0.5933988094329834
0.5695585012435913
0.4579096734523773
1.6922886371612549
0.38798803091049194
0.4840540885925293
0.48352402448654175
0.6451045870780945
0.4389041066169739
0.606300413608551
0.4553695321083069
0.5006901025772095
0.4858373999595642
0.5948549509048462
0.6184090375900269
0.604507327079773
0.6156278848648071
0.484815388917923
0.5534581542015076
0.6811646223068237
0.5269500017166138
0.5616518259048462
0.5600848197937012
0.41383758187294006
0.5117354393005371
0.4932860732078552
0.5691969394683838
0.7194562554359436
0.6380208730697632
0.5737541913986206
0.47570890188217163
0.6698038578033447
0.6607080698013306
0.5824316143989563
0.6093192100524902
0.5043634176254272
0.6645452380180359
0.6634227633476257
0.6547459363937378
0.45705512166023254
0.7467199563980103
0.36191028356552124
0.6205356121063232
0.3983922600746155
0.452106237411499
0.5692905187606812
0.4943017363548279
0.4552002549171448
0.4950079917907715
0.6662890911102295
0.4476338028907776
0.7029874324798584
0.45387765765190125
0.4663122296333313
0.7760635614395142
0.6280855536460876
0.5002365112304688
0.4189508259296417
0.5616979598999023
0.6760158538818359
0.5525968670845032
0.5573269128799438
0.5911006927490234
0.4230690598487854
0.6927105784416199
0.8189646005630493
0.6386638283729553
0.48264816403388977
0.7053982019424438
0.5434494018554688
0.4409877061843872
0.5461549758911133
0.46184027194976807
0.5043764114379883
0.40674859285354614
0.4311526119709015
0.5969148874282837
0.4464392066001892
0.4205609858036041
0.4425639510154724
0.5582629442214966
0.4278228282928467
0.6013219952583313
0.46015918254852295
0.6492428183555603
0.46335142850875854
0.5105645060539246
0.47797897458076477
0.683056652545929
0.48963242769241333
0.5358680486679077
0.62185138463974
0.4894368648529053
0.5003790855407715
0.6676881909370422
0.5065358877182007
0.3743501603603363
0.5535463094711304
0.3841777443885803
0.4513323903083801
0.46886545419692993
0.5441345572471619
0.4255778193473816
0.46839648485183716
0.4377710819244385
0.9114705920219421
0.6875372529029846
0.5470881462097168
0.5085234642028809
0.4744380712509155
0.5704283118247986
0.45278462767601013
0.5858469009399414
0.4713418483734131
0.4720764756202698
0.6536309719085693
0.5964012742042542
0.4450203478336334
0.7346697449684143
0.44923263788223267
0.4784172773361206
0.5741081833839417
0.539060115814209
0.45316898822784424
0.4912845492362976
0.3786895275115967
0.5199161171913147
0.630439043045044
0.6569282412528992
0.5651837587356567
0.5476168394088745
0.5361513495445251
0.618292510509491
0.49081185460090637
0.40956756472587585
0.5529775023460388
0.4381787180900574
0.7795758247375488
0.5439578294754028
0.47543197870254517
0.4847615361213684
0.5870127081871033
0.5410453677177429
0.5010887980461121
0.6394917964935303
0.5059705972671509
0.5328516960144043
0.5472514629364014
0.5890997648239136
0.6659355759620667
0.5962725877761841
0.4377674460411072
0.4837445020675659
0.39988288283348083
0.5644112825393677
0.5601397752761841
1.2373511791229248
0.5083416104316711
0.48931819200515747
0.444543719291687
0.6224967241287231
0.539960503578186
0.5903747081756592
0.40440818667411804
0.6375360488891602
0.4836975336074829
0.48589396476745605
0.6513928174972534
0.43691933155059814
0.4654722809791565
0.3733278214931488
0.47728976607322693
0.3845670223236084
0.5276795625686646
0.605998158454895
0.4302278161048889
0.6973323225975037
0.42292314767837524
0.546401858329773
0.579434871673584
0.5942634344100952
0.5396699905395508
0.6389743685722351
0.5053971409797668
0.5430082082748413
0.43870070576667786
0.4274546504020691
0.47425007820129395
0.4133491814136505
0.5945795178413391
0.6398528814315796
0.6002804040908813
0.47985732555389404
0.6841635704040527
0.5845969319343567
0.5899803638458252
0.5572788715362549
0.6217746734619141
0.5600230097770691
0.6233389377593994
0.7221896648406982
0.5157723426818848
0.48908674716949463
0.40453916788101196
0.5622429847717285
0.49614953994750977
0.8128347992897034
1.5287246704101562
0.7219195365905762
0.5612667798995972
0.4157872200012207
0.41268616914749146
0.47401928901672363
0.527509331703186
0.4347628951072693
0.6262941956520081
0.5833917260169983
0.6510493755340576
0.7425045371055603
0.5300926566123962
0.7990414500236511
0.8867484927177429
0.49561211466789246
1.023422360420227
0.3974149823188782
0.38613927364349365
0.4318424463272095
0.5808351039886475
0.466346800327301
0.4960620403289795
0.40514734387397766
0.793602466583252
0.6376626491546631
0.45058169960975647
0.5163838267326355
0.517814576625824
0.45813003182411194
0.3965793550014496
0.4688010513782501
0.4397643208503723
0.48565560579299927
0.6430301666259766
0.4202476739883423
0.5257635116577148
0.35008931159973145
0.5465948581695557
0.41709470748901367
0.41456085443496704
0.5101220607757568
0.5154840350151062
0.6912236213684082
0.5296458005905151
0.751970648765564
0.6377129554748535
0.7027683258056641
0.4691374897956848
0.5194932222366333
0.7006692290306091
0.495780348777771
0.5374011993408203
0.5045522451400757
0.7101725935935974
0.5298964381217957
0.5167768001556396
0.8579332232475281
0.6042658686637878
0.5018093585968018
0.39871957898139954
0.6518046855926514
0.512936532497406
0.5064867734909058
0.6156554222106934
0.8663294315338135
0.4133099913597107
0.39061781764030457
0.3832780122756958
0.6115962266921997
0.5551306009292603
0.6899857521057129
0.3745349943637848
0.4835495948791504
0.5029017925262451
0.6297464966773987
0.5099189877510071
0.6243144273757935
0.3894071578979492
0.4196140170097351
0.5499646067619324
0.6088626384735107
0.7523065209388733
0.3730188012123108
0.38572797179222107
0.44329655170440674
0.5650973320007324
0.43488433957099915
0.5936025381088257
0.6859320998191833
0.4505094885826111
0.40318965911865234
0.4696294665336609
0.37812840938568115
0.5053802728652954
0.4612334370613098
0.47091710567474365
0.7649773359298706
0.45751428604125977
0.8268311619758606
0.4928745627403259
0.5394349694252014
0.39253389835357666
0.44401925802230835
0.547613263130188
0.4769135117530823
0.7713841199874878
0.3973337411880493
0.5070892572402954
0.4988245368003845
0.55034339427948
0.5459409952163696
0.9097644090652466
0.4219265878200531
0.44810378551483154
0.37169551849365234
0.5277807712554932
0.5451409816741943
0.6000982522964478
0.5325861573219299
0.7066616415977478
0.5229915380477905
0.6736280918121338
0.3982931971549988
0.564906895160675
0.4105694890022278
0.45563676953315735
0.6721599102020264
0.6106329560279846
0.5067620873451233
0.4814853072166443
0.6167393922805786
0.551223874092102
0.4717307686805725
0.6417900919914246
0.42812579870224
0.6850550174713135
0.7448161244392395
0.5002568960189819
0.6617017388343811
0.5643284320831299
0.5683889389038086
0.7859922647476196
0.4448125958442688
0.4105503559112549
0.4892551004886627
0.4429432153701782
0.562740683555603
0.5747091174125671
0.5136027932167053
0.5225895047187805
0.39383965730667114
0.43620026111602783
0.4013623595237732
0.5966439247131348
0.4034968614578247
0.3963986933231354
0.43605947494506836
0.6059446334838867
0.6364454030990601
0.757572591304779
0.43927329778671265
0.8164445161819458
0.3848205506801605
0.4265819191932678
0.5077216625213623
0.4593796730041504
0.3982418179512024
0.555145263671875
0.4549769461154938
0.3790568709373474
0.7970036268234253
0.797103762626648
0.5049403309822083
0.6988668441772461
0.5499600172042847
0.5031660199165344
0.37988269329071045
0.47100287675857544
0.6159417629241943
0.42184019088745117
0.4904175400733948
0.5980706810951233
0.5445201396942139
0.4521677792072296
0.44535112380981445
0.5905542969703674
0.42549023032188416
0.44462019205093384
0.8069226741790771
0.4610912501811981
0.46485477685928345
0.4728103280067444
0.48975449800491333
0.6175671219825745
0.6091790199279785
0.41685453057289124
0.5368684530258179
0.7969220280647278
0.4104679822921753
0.48343172669410706
0.3764454126358032
0.39617758989334106
0.3732954263687134
0.43661564588546753
0.6517791152000427
0.5158922672271729
0.4766080677509308
0.8223156332969666
0.5357454419136047
0.44483739137649536
0.5186128616333008
0.3800618350505829
0.5652948021888733
0.4139407277107239
0.8346995115280151
0.7437847852706909
0.642973780632019
0.6887863278388977
0.3967585265636444
0.5387971997261047
0.5446277856826782
0.7246081829071045
0.6596527695655823
0.4511553943157196
0.4876388907432556
0.44239041209220886
0.5878283381462097
0.46516942977905273
0.41998207569122314
0.3978484869003296
0.7583616971969604
0.41326069831848145
0.5360107421875
0.4875114858150482
0.388366162776947
0.44827258586883545
0.43252813816070557
0.5088111758232117
0.5128516554832458
0.4742801785469055
0.5531290769577026
0.5745012164115906
0.6744596362113953
0.4081804156303406
0.449929803609848
0.42139962315559387
0.5598053932189941
0.36615827679634094
0.5403465032577515
0.5339655876159668
0.4233573377132416
0.6768450140953064
0.6786711812019348
0.5332567095756531
0.5870074033737183
0.623875617980957
0.47300636768341064
0.7426687479019165
0.5204405188560486
0.607650637626648
0.5903173089027405
0.6615290641784668
0.563369870185852
0.3863961398601532
0.5800782442092896
0.40836477279663086
0.4608711004257202
0.45143091678619385
0.6005480289459229
0.5225551724433899
0.5799262523651123
0.4741753935813904
0.4191311299800873
1.0576759576797485
0.43142443895339966
0.5511058568954468
0.5247297883033752
0.4923538565635681
0.7303127646446228
0.4257512092590332
0.4822865128517151
0.6175812482833862
0.5885666012763977
0.48148858547210693
0.3771364688873291
0.5472643375396729
0.41293200850486755
0.5617842078208923
0.503181517124176
0.40500831604003906
0.39265960454940796
0.5884636640548706
0.49581795930862427
0.39180418848991394
0.611160397529602
0.4518515467643738
0.43369531631469727
0.6415613889694214
0.4186130464076996
0.39864441752433777
0.38992002606391907
0.44625967741012573
0.5189850926399231
0.6844382882118225
0.5756008625030518
0.4701511263847351
0.3782917857170105
0.5076900720596313
0.4467291831970215
0.37277066707611084
0.4532220959663391
0.5453102588653564
0.4120836853981018
0.43580928444862366
0.6142750382423401
0.46779704093933105
0.5736917853355408
0.4638303518295288
0.6677389740943909
0.5501348972320557
0.37377870082855225
0.7100527286529541
0.4995470345020294
0.5206023454666138
0.4546874761581421
0.6045264005661011
0.597105860710144
0.43731963634490967
0.5029686093330383
0.73177170753479
0.5122913122177124
0.5137869119644165
0.6083505153656006
0.502325177192688
0.5438995361328125
0.45142561197280884
0.5553467273712158
0.6189796924591064
0.4577799439430237
0.5348417162895203
0.48605072498321533
0.4635794162750244
0.6184101104736328
0.5526723265647888
0.4819335341453552
0.4423488974571228
0.48626023530960083
0.7835026979446411
0.5389546155929565
0.460248738527298
0.42562276124954224
0.5978124141693115
0.604124903678894
0.4939365088939667
0.8320959210395813
0.4001542925834656
0.9749922156333923
0.6197203397750854
0.4586053490638733
0.46558985114097595
0.3590388298034668
0.45171040296554565
0.4659444987773895
0.6062949895858765
0.38595902919769287
0.5204787850379944
0.42536216974258423
0.39153528213500977
0.47751539945602417
0.4882902503013611
0.49644899368286133
0.4722439646720886
0.4360976219177246
0.44399237632751465
0.46763160824775696
0.5194164514541626
0.585996687412262
0.4615420401096344
0.45325571298599243
0.6115882992744446
0.42293477058410645
0.6592831015586853
0.5796326398849487
0.5989360809326172
0.4648320972919464
0.5885075330734253
0.46127474308013916
0.5311843156814575
0.48771876096725464
0.5923325419425964
0.47820788621902466
0.4246746003627777
0.6684390306472778
0.39848798513412476
0.4507114887237549
0.7179087400436401
0.7872569561004639
0.551595151424408
0.5644396543502808
0.3460603952407837
0.39376652240753174
0.5043895244598389
0.5521794557571411
0.4337759017944336
0.4016224145889282
0.4186582565307617
0.4391222596168518
0.516356348991394
0.5876425504684448
0.5629643797874451
0.3500458002090454
0.4093106985092163
0.47621142864227295
0.5313044786453247
0.6218658685684204
0.38478055596351624
0.4436616897583008
0.4644932150840759
0.5637334585189819
0.574885904788971
0.4828200936317444
0.436523973941803
0.621779203414917
0.4405515193939209
0.3986544609069824
0.6011788845062256
0.3736361265182495
0.6038988828659058
0.4756510257720947
0.36048343777656555
0.4135624170303345
0.475135862827301
0.5102829933166504
0.411562979221344
0.5716111063957214
0.5126193761825562
0.4814497232437134
0.6245225667953491
0.35382431745529175
0.40439367294311523
0.43728721141815186
0.5114365220069885
0.6031016111373901
0.846686840057373
0.3809971213340759
0.5301215648651123
0.5313402414321899
0.5300061702728271
0.45901381969451904
0.7584943771362305
0.3653244078159332
0.419776976108551
0.5109830498695374
0.637945830821991
0.5356063842773438
0.4124769866466522
0.5688627362251282
0.7246820330619812
0.5001229643821716
0.515887439250946
0.5546101927757263
0.6455755233764648
0.5768142342567444
0.40402621030807495
0.3930776119232178
0.43381914496421814
0.41353464126586914
0.3819690942764282
0.3830406665802002
0.3774448037147522
0.44893619418144226
0.461137592792511
0.5474357008934021
0.6919770240783691
0.5343227982521057
0.3623431921005249
0.4758085608482361
0.6292721033096313
0.36451706290245056
0.4592400789260864
0.4452691972255707
0.3842393159866333
0.46641451120376587
0.48991572856903076
0.41315513849258423
0.5905282497406006
0.4213452637195587
0.5654605627059937
0.47967374324798584
0.42777884006500244
0.46109870076179504
0.5922321677207947
0.4464201331138611
0.4521983563899994
0.6006650328636169
0.508197546005249
0.6100599765777588
0.5267276167869568
0.8869104981422424
0.6045769453048706
0.4097168743610382
0.509240984916687
0.6339279413223267
0.7095363140106201
0.45513826608657837
0.4762933552265167
0.5427516102790833
0.6152294278144836
0.5356398820877075
0.4473245143890381
0.4663698673248291
0.5087013840675354
0.629192590713501
0.3773428499698639
0.42881807684898376
0.4400089681148529
0.4362155497074127
0.5705345869064331
0.3472151458263397
0.44390279054641724
0.4215308129787445
0.6429897546768188
0.42654532194137573
0.6706346273422241
0.49361756443977356
0.5642794370651245
0.6497373580932617
0.49792683124542236
0.742825984954834
0.6309776306152344
0.49990034103393555
0.43269580602645874
0.5362427234649658
0.5197477340698242
0.4532302916049957
0.47333377599716187
0.6206079721450806
0.47154149413108826
0.4112052321434021
0.5457643270492554
0.3892487585544586
0.645035982131958
0.5212365984916687
0.5128684043884277
0.4691883325576782
0.5241299271583557
0.5133695602416992
0.5148795247077942
0.4157010316848755
0.45271676778793335
0.5394998788833618
0.486420601606369
0.5127685070037842
0.6366614699363708
0.35595518350601196
0.4466560482978821
0.445962131023407
0.428234338760376
0.45299017429351807
0.5068094730377197
0.5233646631240845
0.5070213079452515
0.43236857652664185
0.43715721368789673
0.6349349617958069
0.48962897062301636
0.4690544009208679
0.540385365486145
0.3645106554031372
0.39982813596725464
0.4422006607055664
0.4812316596508026
0.7020671963691711
0.4133497178554535
0.49345213174819946
0.42537808418273926
0.5346794128417969
0.8327889442443848
0.5328528881072998
0.3698618412017822
0.49064064025878906
0.4217388331890106
0.4927637577056885
0.5197869539260864
0.45106542110443115
0.48342740535736084
0.5696297287940979
0.6476225852966309
0.5636540651321411
0.6164955496788025
0.6896509528160095
0.4471990466117859
0.5295807719230652
0.5779135227203369
0.36530330777168274
0.7577164173126221
0.44375401735305786
0.5757911205291748
0.5589406490325928
0.6765204668045044
0.5164348483085632
0.5796329379081726
0.5098006129264832
0.4406436085700989
0.3960668444633484
0.6830435991287231
0.36710500717163086
0.43276292085647583
0.4582870602607727
0.4111277461051941
0.5350690484046936
0.7865411043167114
0.37669849395751953
0.40922921895980835
0.750514805316925
0.4041719436645508
0.33980950713157654
0.4351518452167511
0.4383050501346588
0.40979713201522827
0.7159911394119263
0.43416672945022583
0.49034178256988525
0.5562944412231445
0.4706202745437622
0.43224579095840454
0.6260684728622437
0.4214780926704407
0.3627467155456543
0.7519530653953552
0.5672277212142944
0.39667949080467224
0.4514113664627075
0.6353040933609009
0.4294270873069763
0.4507105052471161
0.7135445475578308
0.5499401688575745
0.4451189637184143
0.3695312738418579
0.4775981903076172
0.6004016995429993
0.39687949419021606
0.574946939945221
0.5080868005752563
0.4664202928543091
0.6839138865470886
0.6700674891471863
0.4543772339820862
0.5339345932006836
0.3961831331253052
0.5333223342895508
0.34121546149253845
0.5930030345916748
0.5926963686943054
0.441281795501709
0.5999245047569275
0.6112279295921326
0.5967990756034851
0.6782858967781067
0.4968447685241699
0.506084680557251
0.4041363000869751
0.4971811771392822
0.5483826398849487
0.6299616694450378
0.6087839603424072
0.6036722660064697
0.6343703269958496
0.5755289793014526
0.5599181056022644
0.5001628398895264
0.48873353004455566
0.5999051928520203
0.40801647305488586
0.3595832586288452
0.4407047927379608
0.5253105163574219
0.5216528177261353
0.43976452946662903
0.5474570393562317
0.7041900753974915
0.4907023310661316
0.3935141861438751
0.44736772775650024
0.37824538350105286
0.6192173957824707
0.538311243057251
0.5191828608512878
0.4367082118988037
0.42981788516044617
0.47636163234710693
0.4554919898509979
0.474096417427063
0.8142091631889343
0.6665153503417969
0.3952912390232086
0.7456365823745728
0.40942591428756714
0.7424288392066956
0.5124353170394897
0.49957799911499023
0.44378119707107544
0.3323008418083191
0.5659531354904175
0.9913405179977417
0.4149390757083893
0.43325096368789673
0.42597565054893494
0.5223087668418884
0.46725940704345703
0.6020714044570923
0.6246693134307861
0.42379480600357056
0.3563641309738159
0.5443875789642334
0.452159583568573
0.422881543636322
0.49688521027565
0.5808737277984619
0.7329643368721008
0.5471535921096802
0.4827989935874939
0.4919312596321106
0.4812673330307007
0.4655962586402893
0.4833332598209381
0.6059971451759338
0.45976293087005615
0.45302754640579224
0.4794660806655884
0.44982588291168213
0.5786356925964355
0.5481691360473633
0.43390214443206787
0.6201766729354858
0.5389198660850525
0.45033714175224304
0.4615499973297119
0.5633600950241089
0.37221524119377136
0.42171865701675415
0.4072638750076294
0.5063021183013916
0.42821812629699707
0.4275938868522644
0.6855326294898987
0.38667309284210205
0.5948101282119751
0.6777645349502563
0.4347631335258484
0.44338008761405945
0.4080539345741272
0.4513118863105774
0.3729228675365448
0.4832303524017334
0.6089144349098206
0.38998860120773315
0.5906738042831421
0.4806827902793884
0.44964349269866943
0.5876328945159912
0.6146430969238281
0.4336540997028351
0.5411677360534668
0.5969652533531189
0.384120374917984
0.6588793992996216
0.5048221945762634
0.49912703037261963
0.4935057759284973
0.4263129234313965
0.4503871202468872
0.5279779434204102
0.3615027666091919
0.47735950350761414
0.4617569148540497
0.5997927188873291
0.4189686179161072
0.5875284671783447
0.44258958101272583
0.4887210726737976
0.44708287715911865
0.3518350124359131
0.45110777020454407
0.5000736713409424
0.5083894729614258
0.4646540880203247
0.42816030979156494
0.6114540696144104
0.5684783458709717
0.774302065372467
0.5683210492134094
0.48119860887527466
0.5832058191299438
0.5865615010261536
0.500390887260437
0.45815807580947876
0.5826470255851746
0.4661157727241516
0.46920815110206604
0.5501672029495239
0.5731463432312012
0.6198831796646118
0.48561424016952515
0.38973909616470337
0.4087868332862854
0.4671249985694885
0.4467630386352539
0.6957254409790039
0.478479266166687
0.4947468340396881
0.4694977104663849
0.4317956566810608
0.49241185188293457
0.4771718382835388
0.39778846502304077
0.49493536353111267
0.3667351305484772
0.4086591303348541
0.7008348107337952
0.5860781669616699
0.4950129985809326
0.4308623671531677
0.4314783215522766
0.5543398261070251
0.5665888786315918
0.43365734815597534
0.5190539956092834
0.41066044569015503
0.5417202115058899
0.4993039071559906
0.44738122820854187
0.5160151124000549
0.5125250816345215
0.5423636436462402
0.433868944644928
0.5001165866851807
0.44589483737945557
0.652154803276062
0.6971738338470459
0.42093974351882935
0.47926658391952515
0.747857928276062
0.4733177721500397
0.6725472807884216
0.4915086627006531
0.4521484971046448
0.6121573448181152
0.40408647060394287
0.643515944480896
0.5347817540168762
0.4371735453605652
0.5626547336578369
0.5547655820846558
0.4522934556007385
0.39795541763305664
0.5026910305023193
0.5606170296669006
0.46515464782714844
0.4264200031757355
0.41711002588272095
0.7245569825172424
0.4346369504928589
1.1418241262435913
0.5855491757392883
0.5951871871948242
0.4729785919189453
0.532463550567627
0.529934823513031
0.5185725092887878
0.6005858182907104
0.5916436910629272
0.5136876106262207
0.45148348808288574
0.4486354887485504
0.4821126461029053
0.5251314043998718
0.4253144860267639
0.4247763156890869
0.595537543296814
0.3850112557411194
0.47570353746414185
0.4740546941757202
0.42257416248321533
0.5712853670120239
0.6772744655609131
0.45378297567367554
0.4754434823989868
0.6870526671409607
0.4954760670661926
0.44292497634887695
0.38933947682380676
0.44607698917388916
0.4224972128868103
0.37715795636177063
0.8133577108383179
0.6191732883453369
0.6202424764633179
0.3525851368904114
0.5154625773429871
0.539821445941925
0.43886876106262207
0.8109266757965088
0.42891478538513184
0.519292950630188
0.4341208338737488
0.5482176542282104
0.7856851816177368
0.5617038607597351
0.3768930733203888
0.49198174476623535
0.5090540647506714
0.596173882484436
0.4833018183708191
0.5093909502029419
0.5635167360305786
0.6419570446014404
0.5398650765419006
0.5458561182022095
0.4498205780982971
0.37330618500709534
0.5930662155151367
0.5190443992614746
0.7425022721290588
0.45575302839279175
0.5167543292045593
0.8756186962127686
0.41070225834846497
0.45000219345092773
0.5201240181922913
0.4016518294811249
0.4520704746246338
0.5370278358459473
0.40858373045921326
0.42485085129737854
0.48708397150039673
0.4568665027618408
0.6724445223808289
0.5041293501853943
0.5254493951797485
0.5724513530731201
0.3829125761985779
0.4419811964035034
0.46175217628479004
0.4376465976238251
0.3871135115623474
0.4289040267467499
0.5022584199905396
0.4442574381828308
0.3880172073841095
0.45889607071876526
0.7209556102752686
0.6657506227493286
0.562307596206665
0.42764008045196533
0.6049403548240662
0.45658281445503235
0.4980619549751282
0.6684053540229797
0.43274420499801636
0.4697560667991638
0.3779532015323639
0.3601652979850769
0.5374021530151367
0.589525580406189
0.5490067601203918
0.42868947982788086
0.5120830535888672
0.48988354206085205
0.4649542570114136
0.7795543670654297
0.6464815735816956
0.37648844718933105
0.5598549842834473
0.4659346342086792
0.45844608545303345
0.49987468123435974
0.4306708574295044
0.7902382016181946
0.49537384510040283
0.4423334300518036
0.5069262385368347
0.4440438747406006
0.7295273542404175
0.4587482213973999
0.5634670257568359
0.4043416976928711
0.5012945532798767
0.6204175353050232
0.6004663705825806
0.6303108334541321
0.8535470962524414
0.6715660095214844
0.4323383569717407
0.4445021152496338
0.6963098049163818
0.4284522831439972
0.518822193145752
0.5616960525512695
0.39760804176330566
0.9730280637741089
0.5285214185714722
0.43172547221183777
0.37293559312820435
0.43121808767318726
0.4982692003250122
0.48813486099243164
0.5559972524642944
0.517641544342041
0.4834778308868408
0.3697234094142914
0.4100612699985504
0.42732298374176025
0.6155372858047485
0.4717687964439392
0.538211464881897
0.5719586610794067
0.3529427647590637
0.40276849269866943
0.48002082109451294
0.6579849720001221
0.4089681804180145
0.5709707140922546
0.766401469707489
0.4867221713066101
0.46696704626083374
0.5907979607582092
0.6599106788635254
0.4649481177330017
0.4146919250488281
0.5047718286514282
0.5995737314224243
0.45375901460647583
0.5047866702079773
0.6503445506095886
0.6550531387329102
0.43912214040756226
0.41952913999557495
0.6574028730392456
0.47533655166625977
0.41282859444618225
0.65389484167099
0.5395529866218567
0.5143893957138062
0.44004449248313904
0.44293320178985596
0.4837668538093567
0.5000553131103516
0.523729681968689
0.5274593830108643
0.4651834964752197
0.5872364044189453
0.4429699778556824
0.4345802068710327
0.4204314351081848
0.5832269191741943
0.4382495880126953
0.7974927425384521
0.6352628469467163
0.45854273438453674
0.49503093957901
0.5875533819198608
0.5515392422676086
0.5410120487213135
0.4033927321434021
0.4017566442489624
0.5093502402305603
0.4432545304298401
0.5170508027076721
0.40356117486953735
0.4393020272254944
0.41547930240631104
0.8349114656448364
0.5034435391426086
0.47858726978302
0.6204498410224915
0.6161891222000122
0.5752148628234863
0.47294676303863525
0.7458443641662598
0.4816473722457886
0.36919501423835754
0.4224838316440582
0.4697088599205017
0.4368937611579895
0.4279094636440277
0.5112802982330322
0.5745269656181335
0.4671509265899658
0.3580169975757599
0.3873150944709778
0.49950048327445984
0.4870305359363556
0.4175383746623993
0.4247783422470093
0.658387303352356
0.4198177456855774
0.43957996368408203
0.46733444929122925
0.5303739905357361
0.4223424792289734
0.6722192764282227
0.5000693202018738
0.47402653098106384
0.3744910657405853
0.38635513186454773
0.4830434322357178
0.3741699755191803
0.49179786443710327
0.5357633233070374
0.7430561184883118
0.44833025336265564
0.5263327360153198
0.494249552488327
0.4839966893196106
0.6736495494842529
0.372814416885376
0.46420401334762573
0.4241543412208557
0.41224783658981323
0.43419718742370605
0.539110541343689
0.4638504683971405
0.40682893991470337
0.5616042613983154
0.4782753586769104
0.4827467203140259
0.853010892868042
0.5281292200088501
0.529390811920166
0.4628254175186157
0.44732654094696045
0.4777868390083313
0.5163795948028564
0.39032959938049316
0.4486411213874817
0.6029689311981201
0.4127492904663086
0.41811686754226685
0.5158500671386719
0.45058488845825195
0.48345518112182617
0.41561293601989746
0.5273883938789368
0.5317668318748474
0.42953550815582275
0.4963287115097046
0.4825572967529297
0.5532054901123047
0.3733081519603729
0.5449021458625793
0.5281524062156677
0.5386563539505005
0.3957004249095917
0.6386280655860901
0.4558829963207245
0.39383602142333984
0.4531078636646271
0.48729389905929565
0.49307477474212646
0.4339543581008911
0.43350186944007874
0.44208794832229614
0.5370386242866516
0.550999104976654
0.4457569718360901
0.4916161894798279
0.6156733632087708
0.48395341634750366
0.5301925539970398
0.5015139579772949
0.5756653547286987
0.41724538803100586
0.40790241956710815
0.5863085389137268
0.45992302894592285
0.4454014301300049
0.45012807846069336
0.4781031012535095
0.470988929271698
0.5370849370956421
0.4017603397369385
0.4714018702507019
0.608727753162384
0.4162464439868927
0.41217371821403503
0.4414251446723938
0.49962884187698364
0.4939270615577698
0.4468916058540344
0.4290798306465149
0.40988361835479736
0.41909900307655334
0.4622541069984436
0.628113329410553
0.5428410768508911
0.6821455955505371
0.4369841516017914
0.5628098249435425
0.7413740754127502
0.39289337396621704
0.3409769833087921
0.4368492364883423
0.3303969204425812
0.5003118515014648
0.4261845350265503
0.34509289264678955
0.4631503224372864
0.4579293429851532
0.47291576862335205
0.4600355327129364
0.48873624205589294
0.36516666412353516
0.8284373879432678
0.4748639762401581
0.4367300271987915
0.500914454460144
0.5523377656936646
0.4582500457763672
0.41208311915397644
0.6082720756530762
0.4177318215370178
0.4714934825897217
0.5671752691268921
0.41925591230392456
0.5560644865036011
0.5533629059791565
0.5027081966400146
0.6945989727973938
0.440405011177063
0.5502851605415344
0.4573792815208435
0.5300334095954895
0.5516313910484314
0.395677387714386
0.6975575089454651
0.5219482183456421
0.5198143720626831
0.6008081436157227
0.5503026247024536
0.5079503059387207
0.7698925137519836
0.47011417150497437
0.41407036781311035
0.4529801905155182
0.402380108833313
0.4395403265953064
0.416980504989624
0.8134366869926453
0.5398300290107727
0.5441089868545532
0.589993953704834
0.502201497554779
0.6192991137504578
0.379141628742218
1.2411770820617676
0.5065610408782959
0.657061755657196
0.5400106906890869
0.4924858808517456
0.5362410545349121
0.6215498447418213
0.3796943128108978
0.49660199880599976
0.4982398748397827
0.5561708211898804
0.6242238879203796
0.6047599911689758
0.5160613656044006
0.6799349784851074
0.4561483860015869
0.42217516899108887
0.41224536299705505
0.3367338478565216
0.5047358274459839
0.6745758056640625
0.38301634788513184
0.4302110970020294
0.7198160886764526
0.550737202167511
0.5489048957824707
0.4793662428855896
0.6304303407669067
0.5792014598846436
0.4287961721420288
0.42583391070365906
0.5838214159011841
0.4731488823890686
0.48802274465560913
0.5176699757575989
0.4574722647666931
0.6085675358772278
0.3749158978462219
0.5921956300735474
0.4395262897014618
0.5353798866271973
0.38428622484207153
0.4950065016746521
0.5575182437896729
0.42472660541534424
0.8481671810150146
0.4496043920516968
0.4845280051231384
0.4669497013092041
0.4667092561721802
0.4435410499572754
0.6107112169265747
0.37686675786972046
0.4237060844898224
0.35591959953308105
0.469325989484787
0.41966819763183594
0.5220595598220825
0.6244902610778809
0.6083012223243713
0.3570338785648346
0.8544452786445618
0.37141332030296326
0.3959863781929016
0.3665218651294708
0.6346101760864258
0.46526679396629333
0.44582322239875793
0.5543789267539978
0.6084280610084534
0.630769670009613
0.41838598251342773
0.4227745831012726
0.6137501001358032
0.7418124675750732
0.509232759475708
0.4223198890686035
0.5338640809059143
0.4457453489303589
0.4036703109741211
0.4422058165073395
0.5428376793861389
0.42987316846847534
0.3540668487548828
0.6053047180175781
0.6760951280593872
0.8620802164077759
0.5170173645019531
0.47224703431129456
0.44859549403190613
0.41806280612945557
0.5719850063323975
0.7443990707397461
0.4644411504268646
0.5687344074249268
0.41986602544784546
0.4161592125892639
0.3575887680053711
0.5112907886505127
0.40645426511764526
0.4377470314502716
0.45427045226097107
0.5500128269195557
0.3700384497642517
0.4639958143234253
0.4519987106323242
0.3712496757507324
0.701957106590271
0.628045380115509
0.52336186170578
0.4764484167098999
0.4186179041862488
0.4663337171077728
0.5271597504615784
0.5078161954879761
0.7145482301712036
0.5332382321357727
0.527592658996582
0.7046743631362915
0.4704113006591797
0.42610329389572144
0.49078983068466187
0.43041568994522095
0.6127952337265015
0.46740344166755676
0.5813101530075073
0.45819520950317383
0.641603946685791
0.46747025847435
0.49168136715888977
0.4849887490272522
0.771104097366333
0.6480077505111694
0.47558924555778503
0.4364393353462219
0.4034585654735565
0.49408411979675293
0.5070756077766418
0.6819515228271484
0.5794680118560791
0.38009878993034363
0.5932769775390625
0.45993056893348694
0.7724078893661499
0.47837695479393005
0.391103059053421
0.31801676750183105
0.4855307936668396
0.5174249410629272
0.725579023361206
0.47168025374412537
0.47156304121017456
0.5941921472549438
0.4462742805480957
0.4414311349391937
0.659946858882904
0.5746810436248779
0.4814491271972656
0.535331666469574
0.6283739805221558
0.5874084234237671
0.6504354476928711
0.4094529449939728
0.516237735748291
0.44810548424720764
0.5410681366920471
0.3934955596923828
0.4952353239059448
0.4358969032764435
0.48454684019088745
0.6400712728500366
0.48122429847717285
0.4882667660713196
0.5140865445137024
0.3819900155067444
0.5623271465301514
0.38553017377853394
0.38485097885131836
0.6455671191215515
0.47046396136283875
0.5007354617118835
0.5745671987533569
0.4529292583465576
0.4636188745498657
0.4386625289916992
0.5665709972381592
0.47444432973861694
0.5481497049331665
0.5453280806541443
0.5851671695709229
0.5354104042053223
0.4276044964790344
0.5086921453475952
0.539154052734375
0.6340938806533813
0.4435461163520813
0.3889007866382599
0.6140967011451721
0.4405536353588104
0.38677260279655457
0.3873041868209839
0.5537949800491333
0.4882959723472595
0.4748460054397583
0.4060729444026947
0.4248744249343872
0.46032506227493286
0.41092777252197266
0.48632103204727173
0.4783802032470703
0.4783516526222229
0.5764611959457397
0.44311296939849854
0.44871073961257935
0.42764729261398315
0.45119690895080566
0.5021376609802246
0.4449057877063751
0.433318167924881
0.4350164532661438
0.4533592462539673
0.6068620681762695
0.39182186126708984
0.4979066848754883
0.48051917552948
0.4191288352012634
0.481997549533844
0.6512140035629272
0.6980780363082886
0.5085074305534363
0.7357373237609863
0.5349963903427124
0.41225185990333557
0.43855053186416626
0.5019630193710327
0.42126762866973877
0.45983144640922546
0.38563084602355957
0.563636302947998
0.5817223787307739
0.4011197090148926
0.33287692070007324
0.5184253454208374
0.4563164710998535
0.39830482006073
0.4175182580947876
0.43320879340171814
0.38448628783226013
0.5075426697731018
0.42601191997528076
0.4127606749534607
0.4566492438316345
0.5575497150421143
0.4723491966724396
0.5442324280738831
0.63868647813797
0.3857699930667877
0.40432214736938477
0.6534318327903748
0.5050135850906372
0.43602585792541504
0.8419615030288696
0.3881188631057739
0.4498245120048523
0.527379035949707
0.454343318939209
0.5969424247741699
0.3999844789505005
0.5259609818458557
0.3547254204750061
0.4470105767250061
0.6450598835945129
0.43956923484802246
0.5249295830726624
0.4839740991592407
0.4140242338180542
0.8373181819915771
0.3958674669265747
0.7749007940292358
0.48765242099761963
0.4184063971042633
0.5139422416687012
0.5907891392707825
0.4399302303791046
0.5829238891601562
0.5449033379554749
0.3785961866378784
0.4796423316001892
0.4287591874599457
0.686495840549469
0.504162073135376
0.37272366881370544
0.7506743669509888
0.5069221258163452
0.5355421304702759
0.5811910629272461
0.3970404267311096
0.6109591722488403
0.41350239515304565
0.5670232176780701
0.5154702067375183
0.6163162589073181
0.5486096739768982
0.5573593974113464
0.44991832971572876
0.43977177143096924
0.584288477897644
0.4271247386932373
0.3949015140533447
0.46561145782470703
0.5530606508255005
0.6229876279830933
0.5291941165924072
0.4529743194580078
0.4732402265071869
0.4637993574142456
0.4817730188369751
0.5722066760063171
0.500471830368042
0.4906712770462036
0.42695921659469604
0.43133875727653503
0.4207603931427002
0.3685123920440674
0.44223809242248535
0.39728546142578125
0.4712575078010559
0.42541196942329407
0.5757898092269897
0.41771361231803894
0.41851043701171875
0.4416658580303192
0.4599987268447876
0.6274020671844482
0.47711315751075745
0.47100335359573364
0.7255630493164062
0.44950729608535767
0.48561155796051025
0.3882683217525482
