0.18126666702330113
0.17380000047385694
0.17706666767597198
0.19206666812300682
0.2046000011265278
0.19946666717529296
0.22300000101327896
0.21026666790246965
0.22233333386480808
0.2288000002503395
0.2346666679531336
0.24193333446979523
0.23473333492875098
0.23513333298265934
0.2500666673481464
0.25193333461880685
0.25419999986886976
0.25093333430588244
0.2604666665196419
0.27073333367705343
0.2646666683256626
0.2672000000625849
0.272066667675972
0.281466668099165
0.27613333374261856
0.27940000131726267
0.2871333333849907
0.28953333288431166
0.283866666033864
0.2851333348453045
0.2908000010251999
0.2961333329975605
0.2896666666865349
0.29400000140070914
0.2952000005543232
0.30333333402872087
0.29200000047683716
0.3213333360850811
0.2988000017404556
0.30873333290219307
0.31153333410620687
0.30766666762530803
0.3091333346068859
0.30780000120401385
0.31793333470821383
0.31820000156760214
0.2944000007212162
0.3191333340108395
0.31973333477973936
0.3241333346068859
0.3297333335876465
0.32353333339095114
0.3092666669934988
0.32859999999403955
0.32253333359956743
0.33000000029802323
0.32726666793227194
0.32640000104904177
0.33499999940395353
0.34013333424925807
0.32593333303928373
0.3232666663825512
0.3378000016510487
0.3355333337187767
0.3388000009953976
0.33693333365023137
0.3297999999672174
0.3456000016629696
0.3339999993145466
0.33473333314061166
0.35346666753292083
0.3515333324670792
0.35093333408236504
0.3442000015079975
0.3455333340167999
0.3357333333790302
0.3530666677653789
0.34099999964237215
0.3441999998688698
0.35273333355784414
0.34653333351016047
0.3682000006735325
0.34820000067353246
0.34046666786074636
0.3540666665136814
0.3520666663348675
0.35626666828989983
0.36153333440423013
0.3557333342730999
0.37346666723489763
0.35340000107884406
0.3539333327114582
0.3667333325743675
0.35900000140070915
0.3658000008761883
0.3665999995172024
0.37559999942779543
0.37720000103116036
0.37046666666865347
0.3746000000834465
0.37080000072717667
0.3731999999284744
0.38479999914765356
0.367399999499321
0.37446666657924654
0.37426666647195816
0.37373333469033243
0.3702666671574116
0.37406666710972786
0.3798666672408581
0.35733333356678487
0.37606666758656504
0.3863333338499069
0.383199999332428
0.39486666649580004
0.3863333338499069
0.3907333329319954
0.39280000135302545
0.38586666598916053
0.38673333257436754
0.3936666668951511
0.39133333280682564
0.3750666666030884
0.3807333336770535
0.39013333469629285
0.38293333381414413
0.3905333329737186
0.38200000062584877
0.38106666788458826
0.38240000084042547
0.39519999995827676
0.37879999801516534
0.3960666657984257
0.4001333321630955
0.3965999999642372
0.38906666710972787
0.3971333335340023
0.4040666654706001
0.38993333220481874
0.3941333328187466
0.39880000069737437
0.3961333331465721
0.4004666672646999
0.4000666657090187
0.3882000008225441
0.3983999998867512
0.3965999999642372
0.4148666664958
0.39813333228230474
0.41280000016093255
0.4013333337008953
0.4066000008583069
0.4084666657447815
0.4168666672706604
0.40373333379626275
0.3998000013828278
0.4093333339691162
0.3928666669130325
0.4198000004887581
0.41126666605472567
0.41933333277702334
0.4099333328008652
0.40419999867677686
0.41499999925494196
0.4254666668176651
0.4236666664481163
0.4064000001549721
0.43226666778326034
0.42566666737198827
0.41959999918937685
0.41560000061988833
0.41746666580438613
0.42106666818261146
0.43206666558980944
0.4076666675508022
0.4294000014662743
0.427133334428072
0.40393333286046984
0.4422666665911674
0.42726666763424875
0.44019999995827674
0.4243999996781349
0.4214666658639908
0.4176666656136513
0.4339999985694885
0.4272666674852371
0.4224000009894371
0.41453333556652067
0.4286666676402092
0.44586666733026503
0.4208000008761883
0.41126666754484176
0.4116666668653488
0.4350000011920929
0.42920000225305555
0.4261333331465721
0.4273333339393139
0.418933335095644
0.4282666665315628
0.42239999771118164
0.44166666686534883
0.43246666580438614
0.44099999979138377
0.4287333345413208
0.41906666532158854
0.44720000088214873
0.4261333340406418
0.43066666603088377
0.4127333328127861
0.43873333305120465
0.4341999997198582
0.42880000054836276
0.44720000177621844
0.4443333326280117
0.42600000113248826
0.43393333315849303
0.42786666661500933
0.4381333336234093
0.4208666658401489
0.44646666675806046
0.448400000333786
0.4381333360075951
0.43859999895095825
0.4323333325982094
0.4216666653752327
0.4585333348810673
0.44486666411161424
0.4384000001847744
0.4337333333492279
0.4379333338141441
0.4471999999880791
0.4356666666269302
0.4360666677355766
0.44593333199620244
0.43813333302736285
0.433466667085886
0.4462666667997837
0.4431999999284744
0.44619999766349794
0.4456000003218651
0.430666666328907
0.45033333361148836
0.4632000014185905
0.4348666658997536
0.447800001502037
0.4332666672766209
0.44186666667461394
0.4609333334863186
0.45300000086426734
0.46039999842643736
0.44213333293795587
0.4331333318352699
0.4602000015974045
0.44679999858140945
0.4447333350777626
0.4408666656911373
0.45006666749715807
0.4417333336174488
0.4369333338737488
0.43066666841506956
0.44320000022649764
0.46266666501760484
0.4423333340883255
0.45846666634082794
0.4579999992251396
0.46306666642427446
0.4475333347916603
0.46000000089406967
0.45893333286046983
0.4502666649222374
0.46013333290815356
0.4571333345770836
0.4651999992132187
0.46819999992847444
0.47146666795015335
0.4577333351969719
0.45906666681170466
0.45046666622161863
0.448399997651577
0.4651333335042
0.43679999947547915
0.4515333351492882
0.448733334839344
0.45766666740179063
0.44973333418369293
0.45360000163316727
0.47239999860525134
0.46326666563749314
0.47086666464805604
0.4639333337545395
0.47066666692495346
0.45553333312273026
0.47206666946411135
0.4576000013947487
0.4619999995827675
0.4489333346486092
0.4494000017642975
0.4484000004827976
0.46779999881982803
0.44899999976158145
0.453133332580328
0.45560000091791153
0.4607333333790302
0.4754666663706303
0.4629333339631557
0.4653333353996277
0.45860000014305113
0.47459999829530713
0.47420000165700915
0.47266666516661643
0.44513333290815355
0.4558666670322418
0.46040000051259994
0.4772000014781952
0.45166666612029077
0.45006666615605356
0.47173333168029785
0.4673999984562397
0.4707333344221115
0.46766666740179064
0.460466665327549
0.46040000051259994
0.46493333250284197
0.46799999982118606
0.46020000070333483
0.4665333351492882
0.4535333327949047
0.45239999949932097
0.4626666685938835
0.4698000019788742
0.4552000015974045
0.4564000016450882
0.47060000121593476
0.45366666585206983
0.46233333185315134
0.46486666694283485
0.46346666783094403
0.46180000007152555
0.47040000051259995
0.45193333238363265
0.4642666667699814
0.46159999996423723
0.46773333370685577
0.4801333329081535
0.4637333345413208
0.45939999997615816
0.4739999994635582
0.47766666918992995
0.4605333325266838
0.4682666662335396
0.48333333373069765
0.4811333340406418
0.4848666658997536
0.4715999995172024
0.4580666667222977
0.46760000064969065
0.4665333354473114
0.46933333337306976
0.4648666688799858
0.461466668099165
0.4883333319425583
0.4724666681885719
0.4750666639208794
0.4737333336472511
0.4600666674971581
0.475933336019516
0.4779999980330467
0.47046666651964186
0.4770666663348675
0.45819999992847443
0.47860000044107437
0.4615999990701675
0.4671999993920326
0.4680666661262512
0.4842666679620743
0.46959999814629555
0.481066667586565
0.47960000067949293
0.4840666672587395
0.46806666523218154
0.48993333280086515
0.4634666672348976
0.45793333381414414
0.47233333364129065
0.4638666671514511
0.47633333459496496
0.48733333364129067
0.46353333234786986
0.49260000288486483
0.45140000119805335
0.4826666647195816
0.46566666662693024
0.46826666668057443
0.45753333628177645
0.4791999971866608
0.46826666831970215
0.47473333418369296
0.4705333340167999
0.47866666615009307
0.46480000138282773
0.4938000002503395
0.4772666671872139
0.475
0.4786666670441628
0.48753333240747454
0.4779333333671093
0.46580000162124635
0.47433333218097684
0.47320000141859053
0.4708666682243347
0.4663333320617676
0.4809333315491676
0.489533334672451
0.4799333330988884
0.4811333340406418
0.4782666681706905
0.48440000027418134
0.4787333303689957
0.47266666769981386
0.4855333322286606
0.4803999984264374
0.48886666774749754
0.485599999576807
0.49033333390951156
0.48626666620373726
0.4785333326458931
0.475400001257658
0.4819333326816559
0.4881999996304512
0.4879333347082138
0.47920000046491623
0.4866666668653488
0.48573333263397217
0.48706666499376294
0.4927333337068558
0.48126666516065597
0.48573333442211153
0.47706666842103007
0.4772666677832603
0.48560000091791156
0.49173333317041396
0.48006666779518126
0.4918000003695488
0.47726666420698166
0.49233333349227903
0.4894666680693626
0.48886666595935824
0.5017999991774559
0.4964666685461998
0.4847333341836929
0.4717333328723907
0.494600001424551
0.4831333321332931
0.4836000004410744
0.47786666616797446
0.47086666643619535
0.47166666626930237
0.4931333318352699
0.5026666676998138
0.4876666659116745
0.47566666662693025
0.4895333316922188
0.47459999844431877
0.48573333263397217
0.4779333347082138
0.4765333318710327
0.5122000002861022
0.48480000227689746
0.4870000007748604
0.48939999878406526
0.5075333341956139
0.49086666733026507
0.48973333328962326
0.4983333346247673
0.4883999982476234
0.49680000096559523
0.4915333339571953
0.49626666456460955
0.49066666662693026
0.4810666680335999
0.4836666670441627
0.4942666670680046
0.48946666657924653
0.4973333328962326
0.4825999993085861
0.4940000019967556
0.4810666662454605
0.48946666464209554
0.5072666653990745
0.49460000038146973
0.4926666676998138
0.4922666668891907
0.48433333307504656
0.492266665995121
0.48646666496992114
0.4898666661977768
0.49746666610240936
0.4907333305478096
0.49626666456460955
0.5054666668176651
0.4961333331465721
0.49440000116825106
0.474533329308033
0.49306666672229765
0.5041333332657814
0.49406666696071627
0.47913333371281625
0.487066665738821
0.499666668176651
0.4957999989390373
0.4980666673183441
0.5017333328723907
0.495799999833107
0.49133333325386047
0.49206666737794874
0.4993333330750465
0.4914000016450882
0.4916000011563301
0.48566666692495347
0.48773333221673965
0.4893999990820885
0.4887333324551582
0.48659999936819076
0.508400000333786
0.5141333344578743
0.49213333189487457
0.4961333313584328
0.4968666663765907
0.5016666683554649
0.49766666561365125
0.49586666643619537
0.48579999804496765
0.48859999924898145
0.5132666662335396
0.4937333345413208
0.47813333466649055
0.488400000333786
0.5060666665434838
0.4967333351075649
0.4934666666388512
0.4971999984979629
0.5044666662812233
0.49859999924898146
0.5003333303332329
0.49326666474342346
0.49739999920129774
0.4884000006318092
0.4945333331823349
0.5053333315253258
0.500066667497158
0.5013333332538604
0.4809999978542328
0.5032666674256325
0.5073999992012977
0.513133333325386
0.4980666655302048
0.4983333322405815
0.5009999999403953
0.49706666558980944
0.4966666656732559
0.5020000025629997
0.4963333341479301
0.4995999971032143
0.5126000022888184
0.4874666666984558
0.48706666618585587
0.5167999982833862
0.49706666871905325
0.5064666658639908
0.4971333318948746
0.4892000040411949
0.4949999988079071
0.5132666659355164
0.5011999988555909
0.4920000007748604
0.48840000212192536
0.5007333305478096
0.5121333318948745
0.504933333992958
0.4969333344697952
0.5066666665673256
0.5052666673064232
0.4990000012516975
0.5028000012040138
0.520933330655098
0.5107999995350838
0.4776000028848648
0.4948666673898697
0.5078666669130325
0.48579999834299087
0.5177999982237815
0.4967999991774559
0.5165333324670791
0.5074666666984559
0.5145333340764046
0.5059333336353302
0.5011999988555909
0.4890666675567627
0.4873999986052513
0.5250666666030884
0.49460000038146973
0.5048666661977768
0.5071333324909211
0.4907999995350838
0.5053333324193955
0.5053333330154419
0.5091333317756653
0.5095333316922188
0.5073999974131584
0.5099999985098839
0.5047999992966652
0.5092000004649162
0.49606666922569276
0.5067999985814094
0.5027333328127861
0.5099999994039536
0.5153333333134651
0.5066666668653488
0.5103999990224838
0.5138666626811027
0.5132666674256324
0.5067333340644836
0.5234666660428047
0.5089333328604698
0.5085999998450279
0.505799997150898
0.4974666649103165
0.5129333338141442
0.5024666659533977
0.5184666672348976
0.5025333335995674
0.5104666665196419
0.5104000011086464
0.5146000000834465
0.5137999978661537
0.5115333327651024
0.5010666680335999
0.5225999993085861
0.516866666674614
0.515799999833107
0.5063333323597908
0.4929333332180977
0.5058666658401489
0.504933332502842
0.509199997484684
0.5110000002384186
0.5271999976038932
0.5293333330750465
0.5033333325386047
0.5343333312869072
0.5127333316206932
0.5236000007390976
0.5099333363771439
0.5109333321452141
0.5288000017404556
0.5132000008225441
0.5028666678071022
0.507399996817112
0.5131333348155022
0.5073333331942558
0.5037999984622001
0.5192000004649162
0.4999333330988884
0.525733331143856
0.511733331978321
0.5021333330869675
0.5200666657090187
0.5011333298683166
0.49506666779518127
0.5082666683197021
0.5127333343029022
0.4905333352088928
0.5040000014007091
0.5099999979138374
0.511599999666214
0.526266666650772
0.5036000010371208
0.5143333345651626
0.5233333334326744
0.5105333341658116
0.5235999995470046
0.5202666679024697
0.5107333326339721
0.5011333340406418
0.5147333325445652
0.5374666678905488
0.5147333315014839
0.5152000011503697
0.5218666651844979
0.5003999996185303
0.5118666660785675
0.49653333365917207
0.5114000001549721
0.5002666679024697
0.5160666662454605
0.5173333323001862
0.5160000029206276
0.5037333324551583
0.5035999995470047
0.5185333311557769
0.5098666673898697
0.5227999985218048
0.5177333346009254
0.5183999991416931
0.513600001335144
0.5059333336353302
0.5296666651964188
0.5025999981164933
0.5095333328843117
0.49539999902248383
0.5261333352327346
0.5024000006914139
0.5063999998569488
0.5098666661977768
0.5087333324551583
0.5066666656732559
0.5010666641592979
0.5070000013709068
0.5157333329319954
0.5088666668534279
0.5204666650295258
0.522066666930914
0.5149333345890045
0.5109333339333534
0.5097999992966652
0.5163333329558373
0.5239333307743073
0.5188000011444092
0.5129333330690861
0.5234666666388512
0.5127333328127861
0.5290000021457673
0.510866668522358
0.509599997997284
0.5120666679739952
0.5298666647076606
0.5234666660428047
0.5291333317756652
0.5182000014185906
0.5176000010967254
0.5315999990701675
0.5174000003933906
0.5200666663050652
0.5211333307623863
0.5232666653394699
0.522399998307228
0.5421999999880791
0.5250666669011116
0.5078666669130325
0.5210666653513908
0.5116666656732559
0.515666666328907
0.5244666686654091
0.5295333322882653
0.516400001347065
0.5148000010848045
0.5184666675329208
0.523133330643177
0.5196666672825814
0.5176666668057441
0.5130666655302047
0.5181333318352699
0.5297333326935768
0.5303333337605
0.5216666644811631
0.5181333330273629
0.5049333330988884
0.5219333359599113
0.5119999986886978
0.5199333310127259
0.5086666668951512
0.5233999997377395
0.5177999982237815
0.519200000166893
0.5208666676282883
0.5249999997019767
0.5236666685342789
0.5217333325743675
0.5296000021696091
0.5208666664361954
0.5160666650533676
0.5188666680455207
0.5162666654586792
0.5316666668653488
0.5118000027537346
0.5216666665673256
0.5258666661381721
0.5121333339810371
0.5273333323001862
0.5365999977290631
0.5206666660308837
0.532266665995121
0.5309333327412605
0.5337999993562699
0.5215333324670791
0.508266664147377
0.5214666667580604
0.5386666682362556
0.5324666664004326
0.5118666690587997
0.522800000011921
0.5089333337545395
0.540333334505558
0.5167333309352398
0.5103999993205071
0.5361999988555908
0.5249999991059303
0.5222000032663345
0.5170666629076004
0.5336666643619538
0.5170666652917862
0.5301999980211258
0.5170666685700417
0.5149999982118607
0.5131333336234093
0.5198666661977768
0.5299999994039536
0.5286666619777679
0.5248000010848045
0.539066667854786
0.5269999966025353
0.5178000001609325
0.5386666661500931
0.5154666665196419
0.5261999985575676
0.5353333306312561
0.527866667509079
0.530733333826065
0.5434666657447815
0.5172666686773301
0.5276000013947487
0.5291333299875259
0.533399999588728
0.5358666688203811
0.5292000010609627
0.5240666657686234
0.5191333314776421
0.5242666661739349
0.5229999995231629
0.515066664814949
0.5153999975323678
0.5360666659474372
0.5295333349704743
0.5286666670441628
0.5244666624069214
0.5340000000596047
0.5327333334088326
0.5315999987721444
0.5317333364486694
0.5400666657090187
0.5127999997138977
0.5405333319306374
0.5277999964356422
0.5408000010251999
0.5164666679501534
0.5373999983072281
0.5382666653394699
0.55273333132267
0.5142666670680046
0.5239999973773957
0.5263333344459533
0.5243333315849305
0.5221999999880791
0.5502666655182838
0.5165333350002765
0.5281999969482422
0.5388666662573814
0.5406000012159348
0.5286000019311905
0.5524666664004326
0.5302000015974044
0.5535999989509582
0.5408000016212463
0.521999998986721
0.5563333308696747
0.5279999992251396
0.5165333309769631
0.5232666659355164
0.5187333342432976
0.5166666680574417
0.5238666686415673
0.5264666649699211
0.5216666674613952
0.5216666683554649
0.5351333332061767
0.5377333316206933
0.5393333339691162
0.5393333315849305
0.5327333341538906
0.5340666669607163
0.5476666659116745
0.5253999996185302
0.5412666648626328
0.5131999981403351
0.545933336019516
0.5399999964237213
0.5414666658639908
0.5267333343625069
0.5243333303928375
0.5366666635870934
0.5265333330631257
0.5329999953508378
0.525866665840149
0.5364666664600373
0.5289999976754188
0.5296666660904884
0.5143333320319653
0.5398666632175445
0.5395333325862884
0.5226666676998138
0.5320000010728836
0.5295333343744278
0.5340666648745537
0.5346666675806045
0.5397999972105026
0.5263333320617676
0.554666665494442
0.5219333294034004
0.5373999980092049
0.527000000178814
0.5259333339333534
0.5398000004887581
0.5375333353877068
0.5269999992847443
0.5255999994277955
0.5373333311080932
0.5273333308100701
0.5401999989151954
0.5393333292007446
0.549800001680851
0.5223999977111816
0.5416666671633721
0.5362000012397766
0.5406666657328606
0.5424000015854835
0.5322000002861023
0.5262000000476837
0.5435333344340324
0.538200000822544
0.5338000014424324
0.5291333329677582
0.5172000008821488
0.5358000010251999
0.5396666672825813
0.5205333319306373
0.5441333337128162
0.54
0.5319999998807907
0.5457333308458329
0.5254000008106232
0.5396666643023491
0.5440666672587394
0.5269333338737487
0.5364666667580604
0.5266666698455811
0.5390666675567627
0.5365333333611488
0.5449333330988884
0.5350666657090187
0.5222666668891907
0.5349999979138375
0.544466667175293
0.5382666650414467
0.5420666682720184
0.5265333315730095
0.5408666667342186
0.5164666657149791
0.520200001001358
0.5278000009059906
0.5396666640043258
0.5543333309888839
0.5194000002741813
0.5455999985337258
0.5366000020503998
0.5272666651010514
0.551066666841507
0.5378666663169861
0.5270666643977165
0.535333334505558
0.53759999781847
0.5413999983668327
0.5393999999761582
0.5491999983787537
0.5441999998688698
0.5203333330154419
0.5297333323955535
0.529066666662693
0.5473333305120468
0.5216666668653488
0.5218666660785675
0.5524666666984558
0.5327333298325538
0.524066667854786
0.5279999992251396
0.5300666680932045
0.5419999980926513
0.5296666666865348
0.5259333330392838
0.5370000010728836
0.535733332335949
