0.806267499923706
0.975586473941803
0.631835401058197
1.0803989171981812
0.5627868175506592
0.5064343214035034
0.8552793264389038
0.5788823366165161
0.4860588610172272
0.44749775528907776
0.5743845105171204
0.30005908012390137
0.5518694519996643
0.32497069239616394
0.3345809876918793
0.6567713022232056
0.5216615200042725
0.6488322019577026
0.2113671749830246
0.4384956359863281
0.15195217728614807
0.2284832000732422
0.19291068613529205
0.43558043241500854
0.19449745118618011
0.41413989663124084
0.23265716433525085
0.35278651118278503
0.07413261383771896
0.11336029320955276
0.4599662721157074
0.2774507403373718
0.13944049179553986
0.3234773576259613
0.15108126401901245
0.41396093368530273
0.2439144402742386
0.4078432023525238
0.27307116985321045
0.11008638888597488
0.36627197265625
0.2750627100467682
0.09550943970680237
0.23286661505699158
0.21236804127693176
0.19445644319057465
0.025504102930426598
0.315096378326416
0.3155025839805603
0.15055295825004578
0.2625814378261566
0.1420995593070984
0.1988918036222458
0.17670656740665436
0.08873892575502396
0.2201875001192093
0.19209200143814087
0.20443183183670044
0.09630054235458374
0.3048528730869293
0.0738474428653717
0.5595158934593201
0.14749392867088318
0.14039187133312225
0.060508809983730316
0.13765966892242432
0.19781655073165894
0.17932088673114777
0.2719942629337311
0.1505136638879776
0.3162689208984375
0.013746719807386398
0.45012161135673523
0.23015151917934418
0.05207344889640808
0.09836295992136002
0.12195727974176407
0.1107274740934372
0.27004313468933105
0.038962606340646744
0.043573927134275436
0.40279820561408997
0.14767254889011383
0.3783438503742218
0.08902578055858612
0.296403706073761
0.03066978044807911
0.09452753514051437
0.2731735110282898
0.22293764352798462
0.18745756149291992
0.26755014061927795
0.1252647340297699
0.03391517698764801
0.10983280092477798
0.1010926142334938
0.2938566207885742
0.022668464109301567
0.02310987189412117
0.07718760520219803
0.28887927532196045
0.16233927011489868
0.2797292470932007
0.04482445865869522
0.06614118069410324
0.09047364443540573
0.3014121949672699
0.1718328893184662
0.12258078157901764
0.17668069899082184
0.2676197588443756
0.12653544545173645
0.2366606891155243
0.2811780869960785
0.043899256736040115
0.020209403708577156
0.07273996621370316
0.13563933968544006
0.013585987500846386
0.14940358698368073
0.26396921277046204
0.16226568818092346
0.052509404718875885
0.05895601958036423
0.20971782505512238
0.027860667556524277
0.20518942177295685
0.27715209126472473
0.1921805590391159
0.054151199758052826
0.06363360583782196
0.09354396164417267
0.015414629131555557
0.1964379847049713
0.11019985377788544
0.008392958901822567
0.114729143679142
0.08813869208097458
0.007906888611614704
0.1613311469554901
0.07833217084407806
0.010751485824584961
0.21096664667129517
0.2195914387702942
0.10964100807905197
0.01654205657541752
0.1546339988708496
0.024971647188067436
0.05669281631708145
0.13436871767044067
0.07888361066579819
0.15811192989349365
0.13785520195960999
0.02433333732187748
0.17967195808887482
0.20112918317317963
0.14776107668876648
0.05793701112270355
0.21854309737682343
0.20312823355197906
0.1296243667602539
0.21460479497909546
0.1381271481513977
0.34690967202186584
0.3146442174911499
0.1957048773765564
0.04617631435394287
0.044682826846838
0.13529497385025024
0.04917363449931145
0.08291270583868027
0.08031360805034637
0.1134955883026123
0.0157589353621006
0.07190002501010895
0.0007624626159667969
0.1593838781118393
0.04507424682378769
0.1024465262889862
0.21297113597393036
0.09246877580881119
0.1329372376203537
0.1812528520822525
0.19544683396816254
0.10721006989479065
0.0707940086722374
0.06188495457172394
0.03336482495069504
0.041920822113752365
0.01416915562003851
0.20956361293792725
0.12906630337238312
0.22742405533790588
0.06206146255135536
0.014632879756391048
0.005071659106761217
0.025377269834280014
0.1630924791097641
0.041488636285066605
0.000493488332722336
0.19485296308994293
0.11090973019599915
0.04933139681816101
0.03472156450152397
0.02645723521709442
0.04119500890374184
0.15684717893600464
0.07177253812551498
0.13042493164539337
0.0547538623213768
0.032283853739500046
0.060692209750413895
0.1797531694173813
0.20185676217079163
0.1758085936307907
0.09829595685005188
0.0554826594889164
0.2722552418708801
0.13644550740718842
0.12734681367874146
0.041417110711336136
0.009984594769775867
0.023476164788007736
0.032926104962825775
0.2995881736278534
0.06896233558654785
0.05466674640774727
0.10958045721054077
0.2740430235862732
0.28548336029052734
0.13170689344406128
0.06746979057788849
0.08943963050842285
0.1408698707818985
0.06979496031999588
0.02829032577574253
0.15822087228298187
0.13050632178783417
0.09730836004018784
0.05962532013654709
0.09556127339601517
0.05726824328303337
0.2139742225408554
0.016819514334201813
0.012484773062169552
0.12196764349937439
0.24676305055618286
0.00023231824161484838
0.018299421295523643
0.18012094497680664
0.02628227323293686
0.0035318247973918915
0.13263295590877533
0.03603018447756767
0.2452002912759781
0.18806159496307373
0.23568150401115417
0.03595329448580742
0.05248276889324188
0.09890583157539368
0.23559895157814026
0.11689756065607071
0.12445421516895294
0.16590504348278046
0.059970442205667496
0.10335646569728851
0.15263035893440247
0.1588607281446457
0.05295999348163605
0.018141912296414375
0.09984917938709259
0.03719590976834297
0.08312565833330154
0.007825068198144436
0.17486611008644104
0.007917078211903572
0.034440577030181885
0.011398003436625004
0.12069793790578842
0.03933607414364815
0.06356208771467209
0.08345753699541092
0.03494761884212494
0.21570277214050293
0.036536313593387604
0.11473279446363449
0.02653759904205799
0.057370562106370926
0.006146837957203388
0.018401844426989555
0.0166372861713171
0.10735125094652176
0.2887312173843384
0.2742031514644623
2.391179441474378e-05
0.1788613647222519
0.034261852502822876
0.09405485540628433
0.01762716844677925
0.11125805974006653
0.06668108701705933
0.04018332436680794
0.12185588479042053
0.01650247909128666
0.03357892856001854
0.238383486866951
0.17431695759296417
0.07949268817901611
0.15955166518688202
0.00718706427142024
0.05381551757454872
0.07008741796016693
0.060922153294086456
0.08203834295272827
0.013328583911061287
0.04203162342309952
0.0025029024109244347
0.026538193225860596
0.0023851776495575905
0.006536450237035751
0.03193466737866402
0.10451391339302063
0.014277991838753223
0.08612573891878128
0.11048574000597
0.2781935930252075
0.028266865760087967
0.3067024350166321
0.013717410154640675
0.04025667533278465
0.0026487207505851984
0.041976578533649445
0.01674574613571167
0.0514102540910244
0.05033055692911148
0.10602398216724396
0.284958153963089
0.0037196699995547533
0.12746942043304443
0.11734317988157272
0.15157587826251984
0.09022253006696701
0.13681259751319885
0.009134965017437935
0.08590538799762726
0.15952438116073608
0.08921108394861221
0.031147029250860214
0.00230661709792912
0.20352481305599213
0.1598484069108963
0.158296599984169
0.106847383081913
0.020859427750110626
0.046567726880311966
0.09431573003530502
0.10652290284633636
0.06805066019296646
0.032986417412757874
0.020870156586170197
0.01082067470997572
0.08688542991876602
0.12511473894119263
0.10270562767982483
0.028736043721437454
0.007914778776466846
0.026895739138126373
0.03824758902192116
0.2759367823600769
0.06363151222467422
0.0482494942843914
0.04565279558300972
0.07967570424079895
0.029184602200984955
0.01996368169784546
0.06549222022294998
0.004607588518410921
0.016976527869701385
0.046803247183561325
0.1789558082818985
0.1020621582865715
0.007393074221909046
0.1594027876853943
0.007291676010936499
0.07684297114610672
0.04841521009802818
0.12902674078941345
0.030642004683613777
0.04409181326627731
0.048202719539403915
0.09582703560590744
0.05221293494105339
0.044700708240270615
0.0766979455947876
0.025605633854866028
0.012619785033166409
0.007000128272920847
0.011369012296199799
0.03544081747531891
0.061604250222444534
0.053397536277770996
0.14483560621738434
0.0102198151871562
0.08929310739040375
0.10869177430868149
0.13973532617092133
0.019599707797169685
0.03645317256450653
0.02150805853307247
0.11714861541986465
0.005368067417293787
0.010585562326014042
0.08061593025922775
0.003376064356416464
0.06527075171470642
0.10083217173814774
0.15921804308891296
0.17707310616970062
0.19394604861736298
0.04445679485797882
0.07857680320739746
0.024718090891838074
0.1622951328754425
0.1214662715792656
0.027131900191307068
0.053430113941431046
0.21945513784885406
0.086063452064991
0.0013547706184908748
0.017458640038967133
0.04907511547207832
0.4166909158229828
0.04956363886594772
0.08254340291023254
0.01040051132440567
0.004777650814503431
0.12324605137109756
0.3025034964084625
0.0750434547662735
0.058306604623794556
0.0039005184080451727
0.25027042627334595
0.0013526503462344408
0.059089597314596176
0.023203453049063683
0.04015247896313667
0.13168057799339294
0.014908631332218647
0.07459420710802078
0.016929829493165016
0.132381409406662
0.11151349544525146
0.01924620196223259
0.1390122026205063
0.07889962941408157
0.07303252816200256
0.01092655211687088
0.01514169666916132
0.07110220938920975
0.0023180292919278145
0.1177605465054512
0.05183110758662224
0.04673654958605766
0.03276589885354042
0.024730611592531204
0.051756661385297775
0.13218429684638977
0.05213555321097374
0.13509194552898407
0.03554552420973778
0.03334658220410347
0.14604343473911285
0.05296283960342407
0.04251310974359512
0.0302545428276062
0.22547517716884613
0.05588969588279724
0.12287922948598862
0.18415339291095734
0.050745315849781036
0.03727751597762108
0.10351087898015976
0.04513917490839958
0.013772455975413322
0.022340094670653343
0.024821829050779343
0.15424898266792297
0.2106563150882721
0.001160583458840847
0.0498821996152401
0.08695298433303833
0.1525813490152359
0.11368317902088165
0.011268062517046928
0.08721744269132614
0.04779309034347534
0.133125439286232
0.09563122689723969
0.01813255250453949
0.012813660316169262
0.05967267230153084
0.007436895277351141
0.4959287941455841
0.005487100221216679
0.1143089309334755
0.03723595291376114
0.05969895049929619
0.10236979275941849
0.005256407894194126
0.16635046899318695
0.00032792091951705515
0.010023877024650574
0.07482551783323288
0.12727496027946472
0.014010089449584484
0.0275958850979805
0.11865118891000748
0.0019734955858439207
0.008134711533784866
0.018364543095231056
0.3078978955745697
0.09271357208490372
0.022326244041323662
0.03732839226722717
0.11587103456258774
0.022224750369787216
0.0015921210870146751
0.081433966755867
0.017101651057600975
0.2772678732872009
0.031713273376226425
0.007093382067978382
0.1582697331905365
0.1774723082780838
0.00453025521710515
0.07110751420259476
0.0038065051194280386
0.16038024425506592
0.009393504820764065
0.08617819100618362
0.0018725681584328413
0.017948102205991745
0.007594521623104811
0.03911539167165756
0.1437601000070572
0.04346337541937828
0.016913989558815956
0.010363486595451832
0.01934841461479664
0.006899315398186445
0.08381306380033493
0.07845699042081833
0.04628594219684601
0.2765990197658539
0.1411098688840866
0.14479608833789825
0.0907163992524147
0.015208441764116287
0.0003373018989805132
0.001203508349135518
0.134403258562088
0.06242401897907257
0.09669414162635803
0.004400742705911398
0.003352225525304675
0.10558722913265228
0.00777302123606205
4.688898570748279e-06
0.013860889710485935
0.0033352216705679893
0.019029010087251663
0.171284481883049
0.030610816553235054
0.26542383432388306
0.1491345912218094
0.08402743190526962
0.0015917810378596187
0.05156777799129486
0.056798141449689865
0.05781019106507301
0.11562243103981018
0.026419544592499733
0.004333706106990576
0.011089922860264778
0.2325577735900879
0.16087977588176727
0.05141410604119301
0.06857047975063324
0.019013086333870888
0.016585757955908775
0.19478152692317963
0.06855402886867523
0.059454962611198425
0.007096134591847658
0.03895075246691704
0.016538484022021294
0.008546660654246807
0.0003394985105842352
0.20885831117630005
0.00810269359499216
0.014410673640668392
0.20548883080482483
0.017119666561484337
0.007298008538782597
0.04098891094326973
0.12476121634244919
0.12547242641448975
0.4964696168899536
0.025433791801333427
0.006440569646656513
0.15013618767261505
0.05016402527689934
0.06554267555475235
0.055885352194309235
0.05032685026526451
0.047970421612262726
0.056447066366672516
0.06199433654546738
0.02526644617319107
0.12391041964292526
0.018320290371775627
0.003610766725614667
0.00019650140893645585
0.06612709164619446
0.025320323184132576
0.03772673010826111
0.02524084970355034
0.04583750665187836
0.015009623020887375
0.004383907187730074
0.041417960077524185
0.06614414602518082
0.0007699394482187927
0.009532798081636429
0.032877109944820404
0.08124709129333496
0.0047223311848938465
0.027623824775218964
0.23379476368427277
0.006930872797966003
0.1317111849784851
0.013422781601548195
0.02882983908057213
0.03257744014263153
0.18183980882167816
0.04812753200531006
0.03482770174741745
0.019803905859589577
0.21561889350414276
0.009483744390308857
0.0030370361637324095
0.0068405088968575
0.05855772644281387
0.09137431532144547
0.01400665007531643
0.005360746290534735
0.018728673458099365
0.005446478724479675
0.03520967438817024
0.009811731986701488
0.0893336683511734
0.002481803996488452
0.0439428947865963
0.0025346691254526377
0.017985019832849503
0.08292268961668015
0.021854301914572716
0.0666455402970314
0.14488036930561066
0.07546848058700562
0.10696270316839218
0.04407959803938866
0.0777008980512619
0.03608209639787674
0.04524954780936241
0.005012063775211573
0.0013562774984166026
0.04252568632364273
0.052857719361782074
0.004453757777810097
0.00391044607385993
0.0007506275433115661
0.014962974935770035
0.00471800472587347
0.05450829118490219
0.029219014570116997
0.028308315202593803
0.008964315988123417
0.009440154768526554
0.00030906041502021253
0.0930125042796135
0.009147262200713158
0.01850089430809021
0.03400638327002525
0.1058320701122284
0.03266649693250656
0.028341710567474365
0.03369392454624176
0.00715584447607398
0.0003019777941517532
0.011431143619120121
0.06199800595641136
0.005228141322731972
0.022534644231200218
0.04301673546433449
0.02427264302968979
0.031885016709566116
0.023487864062190056
0.21433629095554352
0.07209060341119766
0.021817298606038094
0.08736904710531235
0.019824175164103508
0.008021370507776737
0.04145857319235802
0.019896263256669044
0.01563403196632862
0.006352894939482212
0.01790822669863701
0.29462605714797974
0.04879668727517128
0.0015632661525160074
0.008198636583983898
0.08057227730751038
0.005288794636726379
0.002084007253870368
0.06099383533000946
0.0175943560898304
0.08960337936878204
0.003481063758954406
0.002228072378784418
0.04148348420858383
0.0020653055980801582
0.18167588114738464
0.03384885564446449
0.08383845537900925
0.08151887357234955
0.07007163017988205
0.037404660135507584
0.013624909333884716
0.09442858397960663
0.007809985429048538
0.031570401042699814
0.13255499303340912
0.017846031114459038
0.002382163889706135
0.07283909618854523
0.0663093701004982
0.009771464392542839
0.0086665665730834
0.36129966378211975
0.06332091987133026
0.03327767550945282
0.1196928396821022
0.08814091235399246
0.02771354280412197
0.016370238736271858
0.054505202919244766
0.008513027802109718
0.02818974480032921
0.0026457468047738075
0.04962853342294693
0.0584011971950531
0.20709961652755737
0.0027650166302919388
0.024175360798835754
0.05733676999807358
0.0898728147149086
0.00018226305837742984
0.05394262820482254
0.0020197327248752117
0.00044608116149902344
0.01814834214746952
0.010488363914191723
0.0012509663356468081
0.006473261397331953
0.052927881479263306
0.21425318717956543
0.0019364929758012295
0.0032440852373838425
0.012388782575726509
0.04077880084514618
0.14248310029506683
0.10003960877656937
0.005109376739710569
0.10355807095766068
0.0442967526614666
0.04316388815641403
0.0440155565738678
0.011170263402163982
0.02734287641942501
0.04647256061434746
0.006566308438777924
0.013035030104219913
0.14295031130313873
0.0029806995298713446
0.1202584058046341
0.22920796275138855
0.021439597010612488
0.18754009902477264
0.06440141052007675
0.03279639780521393
0.035551656037569046
0.012653662823140621
0.18733705580234528
0.05080685019493103
0.010837726294994354
0.13333314657211304
0.09883300960063934
0.016461089253425598
0.03435349091887474
0.03394951671361923
0.021207835525274277
0.032051630318164825
0.09357742220163345
0.00048562686424702406
0.022221224382519722
0.14158320426940918
0.03106786124408245
0.05409463867545128
0.21852071583271027
0.18168802559375763
0.10750925540924072
0.007590401917695999
0.05739540606737137
0.01779317855834961
0.12992218136787415
0.02808385156095028
0.022653989493846893
0.32986947894096375
0.14065468311309814
0.0015489450888708234
0.0004937267513014376
0.005063864402472973
0.26828497648239136
0.0035620403941720724
0.04930073395371437
0.11942286044359207
0.04608088731765747
0.0920933187007904
0.018813246861100197
0.0018917687702924013
0.012792682275176048
0.016638370230793953
0.027726879343390465
0.05753123760223389
0.06762812286615372
0.05282656103372574
2.0767847672686912e-05
0.012718593701720238
0.0023124280851334333
0.01820511557161808
0.0488489493727684
0.0058898418210446835
0.03725733235478401
0.06935533136129379
0.013478269800543785
0.2625572979450226
0.05867520719766617
0.004126803018152714
0.10575049370527267
0.06629546731710434
0.010726753622293472
0.015528852120041847
0.03739694133400917
0.05083439499139786
0.11994481086730957
0.20718032121658325
0.001951026963070035
0.10858431458473206
7.198492676252499e-05
0.11960271000862122
0.014447193592786789
0.0581628680229187
0.29227781295776367
0.014226112514734268
0.021299321204423904
0.011172827333211899
0.02409842237830162
0.10520096123218536
0.032472990453243256
0.2583544850349426
0.19823165237903595
0.01909550651907921
0.09997369349002838
0.03762384131550789
0.000398502335883677
0.0629798173904419
0.06360406428575516
0.10066203773021698
0.04578515514731407
0.002925214823335409
0.01650633104145527
0.06159031018614769
0.030247176066040993
0.05619442090392113
0.048769377171993256
0.03350410610437393
0.055842820554971695
0.0036846415605396032
0.002670170506462455
0.006173098925501108
0.0007464202353730798
0.3041132092475891
0.022720741108059883
0.12850412726402283
0.07615042477846146
0.23696070909500122
0.052242547273635864
0.0005852349568158388
0.00015361150144599378
0.03770124539732933
0.048357442021369934
0.03306082263588905
0.025383975356817245
0.0005351050640456378
0.005016664043068886
0.0212942436337471
0.07755554467439651
0.1365637332201004
0.04523468762636185
0.006160585209727287
0.060921311378479004
0.10458484292030334
0.022450560703873634
0.004376850090920925
0.07329780608415604
0.0007248115725815296
0.007792628835886717
0.030625857412815094
0.07244479656219482
0.0003189277776982635
0.08641639351844788
0.014508564956486225
0.06149248033761978
0.0012344105634838343
0.008472159504890442
0.34115684032440186
0.003447882365435362
0.054293155670166016
0.02601807937026024
0.08307334035634995
0.0014445050619542599
0.017849842086434364
0.00039738655323162675
0.012321751564741135
0.016394641250371933
0.011593506671488285
0.025933990254998207
0.03282563388347626
0.004026198294013739
0.04871758446097374
0.006084499415010214
0.0029714489355683327
0.009198805317282677
0.017126627266407013
0.04870983585715294
0.10761995613574982
0.0004393068957142532
0.014195995405316353
0.023879533633589745
0.019670778885483742
0.02335439622402191
0.043424367904663086
0.021908972412347794
0.0217799823731184
0.0057078092359006405
0.026095177978277206
0.06803776323795319
0.024849962443113327
0.1154671236872673
0.0008544985321350396
0.06521856039762497
0.11257103085517883
0.032365456223487854
0.06166723743081093
0.0630645900964737
0.009199529886245728
0.005035203415900469
0.07885787636041641
0.004485308192670345
0.001018431968986988
0.01287088729441166
0.024440130218863487
0.06439189612865448
0.10918588191270828
0.0034526283852756023
0.08436985313892365
0.03543591871857643
0.04503743350505829
0.08246587961912155
0.09831742197275162
0.01641380973160267
0.005460971035063267
0.0019933891016989946
0.0025633557233959436
0.13554659485816956
0.00027246156241744757
0.10595554858446121
0.0006186231039464474
0.008339249528944492
