2.4809328281518184
1.8054145622735072
1.7526845065030185
1.6613790266441577
1.6070381174183854
1.5236038487366956
1.4467919384590302
1.4727308298602249
1.3982832016366902
1.379362373641043
1.3409896914405053
1.299209562214938
1.276287307642927
1.2479729080441022
1.2581487472611244
1.251348969310221
1.2021104169614387
1.207836009637274
1.1860541725399518
1.1420610697582514
1.1461733061857897
1.128276749692782
1.11924989355935
1.1024899554975105
1.0995776653289795
1.0174558313205988
1.0251696609487437
1.0695801166572956
1.0069502194722493
1.0271084693947223
1.0346808144540498
1.0205727008858112
0.9687197039825748
0.9648703685914627
0.9622929102242596
0.9604765110545688
0.9327714015739133
0.9235953074513059
0.8981807620236368
0.932937052514818
0.8887363717411504
0.8555829789903429
0.8803990730131516
0.8673858582371413
0.8607013038914613
0.8581603085151827
0.8664345536569152
0.8290685917993988
0.8668521453033794
0.8012424310048422
0.7977052400208483
0.7991078736806156
0.7732058516656509
0.8009403585785567
0.7798317842411272
0.7793375639000324
0.7767615252070956
0.755281059428899
0.7992516000463505
0.7550385419768516
0.7630044553014967
0.7397649875192931
0.7201491154805578
0.7134191493193308
0.6881699836013293
0.6995861593521002
0.6950284989193233
0.6887116414127927
0.6682324508825938
0.6947208104109523
0.6589643913086014
0.7003211090058992
0.6467535592088796
0.6514330963895778
0.6528162856896719
0.6458762194773163
0.667183624373542
0.6298669146166908
0.6176137382333929
0.6252771832726218
0.5945011738574866
0.5984790009079557
0.6144638329443305
0.5704195478347817
0.6209214091903031
0.579677271120476
0.59254692178784
0.5748919344911672
0.5939565782595162
0.5865933088341144
0.5727374999210088
0.5653992283223855
0.5519235960461877
0.5627826373986523
0.5616744073352429
0.5587417477309101
0.5425391489207142
0.5617998413967363
0.5387885328194107
0.5398931319665428
0.5192298693488343
0.5114570469266236
0.5305065037024141
0.5384793158131417
0.5164577738203183
0.5060826073391269
0.5002486510108216
0.505447892378075
0.5006428878716748
0.5069083484134289
0.5007293356789483
0.49145338451019444
0.4980310011993755
0.49785180058744216
0.503683916998632
0.48408054658258803
0.4840915883430327
0.47572684017094696
0.4811981202978076
0.4634871722170801
0.46019863961923
0.48829331286627836
0.4716181840860482
0.4531147507104007
0.4603323010784207
0.43523475858900285
0.43532801411970695
0.43581630620691514
0.44152822262710995
0.43672925730546314
0.4351395592846052
0.42145117906608964
0.4548017188455119
0.44619442928921094
0.43410845311603163
0.4155835608641307
0.41396814494421985
0.41536053653919336
0.4172803283941866
0.42968490584330127
0.4075306718698656
0.4200822313626607
0.45026915121560146
0.40392509719940145
0.4147931489378515
0.40536758529417444
0.4126832732046493
0.3951914757490158
0.40528392701437976
0.40105463594499263
0.4090487710153214
0.3948569672577309
0.4071240614761006
0.3888212770524651
0.4043083493456696
0.3913455828271731
0.38905096671195943
0.3879073122234056
0.3868815474437945
0.3814526173201474
0.3526757788477522
0.3571510331498252
0.36918792971456893
0.3736327734559473
0.36970004138320384
0.36425836324089705
0.3802172671062778
0.3560666453958762
0.3702723447120551
0.36120503132391457
0.367180406520463
0.35288767591871395
0.3602980292505688
0.3546171919866042
0.3666803650181703
0.34790127807193333
0.35992201470365426
0.36095947674428575
0.33494044253320404
0.3490738537576463
0.34971359778534283
0.33187856525182724
0.3528277995911511
0.33674644129444853
0.3416474535308703
0.34348277883096173
0.35006446368766553
0.33051230675644344
0.3213798030458315
0.3318848509078074
0.3286229329879838
0.3381795391741425
0.32618865144975256
0.330093230036172
0.3379938685984323
0.32147651639851654
0.3234297548129101
0.3221395060871587
0.33355598979526097
0.34514799307693134
0.33000014466468736
0.3139104275691389
0.3015325249295042
0.2989149567003202
0.3301389991032957
0.3146616036091188
0.33455733954906464
0.31406559321013366
0.3190365992110185
0.30612761564929075
0.302164055933856
0.31197905359846173
0.31297820415159666
0.29954715569814044
0.3104460976942621
0.3220123899253932
0.3285834498778738
0.3058004446252428
0.29965872340130084
0.28036452874992834
0.2916741178493307
0.3068280919934764
0.3137996776236428
0.2917327690455649
0.298070077266958
0.28498046122717136
0.3037413058407379
0.2976661024972646
0.31527913820863973
0.28849963580418114
0.2945251243584084
0.2786063687367873
0.28251134355862934
0.2875600464717306
0.28531872609046977
0.29442058383214353
0.30092937506810585
0.2838158706071401
0.2878387538772641
0.2835708177751965
0.2979647429904552
0.2984481526143623
0.26929119575505306
0.28698741998335325
0.25742266906632316
0.2835486057882357
0.28091387638841014
0.26862096696188953
0.24749069517911082
0.26915081221647935
