0.3302356900289805
0.3986531989743011
0.4169696975838054
0.44808080852633775
0.4564309770410711
0.4934680163860321
0.5181144764929106
0.5031649846621234
0.5325925904090958
0.5405387246247494
0.5514478087425232
0.5661952865846229
0.5818181844672772
0.5898989878519617
0.5854545449367677
0.5829629621120415
0.6017508413454499
0.5934680113286683
0.6045791232826734
0.6196632975279682
0.6223569030713554
0.6160269325429742
0.6317845128401361
0.6297643076289784
0.6364983157678084
0.6614814807068218
0.6581818187477613
0.637777776730181
0.6649831641804088
0.6611447803901903
0.6566329947625748
0.663501682907644
0.6758922552219545
0.6797306387111394
0.6816161609057224
0.680202021743312
0.6916498294984451
0.6925252531514023
0.7030303026690627
0.6925925940576226
0.7038383833085647
0.7150841740646747
0.7048484845594927
0.7136700370094993
0.7107070738619025
0.7162289577301102
0.7078787907205447
0.7278787866987363
0.7095622901964669
0.7371043767591919
0.735353536076016
0.7355555536771061
0.7405387229389615
0.735151514862523
0.74101010055253
0.742154881809697
0.7404713775172378
0.7509090906441814
0.7351515190769927
0.748282825705981
0.7437037079021184
0.7589225606484846
0.7651851863572092
0.76505050635097
0.7732659933542965
0.7642424239052666
0.769023571953629
0.7648484863416113
0.779326597849528
0.7711784496451869
0.783097642238694
0.7670707088528257
0.7888215443100592
0.7849158265373923
0.7813467997493166
0.789831649775457
0.7757575716635193
0.7925925911074937
0.7910437692295421
0.791111111038863
0.7962289536842192
0.8051851843342637
0.7987878786193
0.8074747498589333
0.7909090892233029
0.8101010093785296
0.798316498597463
0.8117171670451309
0.8029629630271835
0.8067340074163495
0.8097643093629316
0.8127272719084614
0.8150841726197137
0.8090909075255346
0.8127272767249984
0.8186532012139908
0.820134678874353
0.8129966307168055
0.8187878782098944
0.8210101043335115
0.8319191902574866
0.8319191926657551
0.8270707070225417
0.8214141413418934
0.8284175052787318
0.8339393921572753
0.8319865326688747
0.832929293916683
0.8321212114709796
0.8301010101732581
0.8356228976538687
0.8409427603085836
0.8358922564622128
0.8331313127219074
0.8337373715458494
0.8396633026575802
0.8389899014222502
0.840740740901292
0.8420875427698848
0.8495622885347617
0.8493602721378056
0.8382491595817335
0.8418181833594737
0.8510437722157951
0.850572392193958
0.8597979828564808
0.85744107973696
0.8552188566236785
0.8558922584610756
0.8567676772974958
0.8521885528708949
0.8636363624322294
0.8493602715357386
0.8568350191068168
0.854612794789401
0.8612121217178575
0.8645791248841719
0.8650505073142775
0.8627609454020105
0.8604040404762885
0.8697643117471174
0.8645791260883061
0.8509764334168097
0.8692929299190791
0.8679461316628889
0.8698989929574908
0.8682828304743526
0.8706397311856048
0.8727946167040352
0.8699663329606104
0.8661279479662577
0.8713804748323228
0.8670033686088793
0.8726599348915948
0.870235694177223
0.874478113771689
0.8736700355404555
0.8767003356808364
0.8701010093544469
0.8765656592869999
0.8880808118617896
0.8853872093287382
0.8834343456258678
0.8762289568631336
0.8818855225437819
0.8814814819229974
0.8785858575743858
0.8864646511848526
0.879663302440836
0.8839057238415035
0.87925926001385
0.8855218869267087
0.881010100094959
0.8844444444685271
0.8862626251548228
0.8894949531314349
0.8852525275162976
0.8849158262965655
0.8960269358423021
0.8866666687859429
0.8887542094847168
0.8940067369528492
0.8858585905547094
0.8946127981850596
0.8902356895533475
0.8906397337865348
0.8870033700056751
0.8978451171306648
0.8987878807867417
0.8969023576890579
0.8936026933217289
0.8946801357799106
0.895488218225614
0.8925252562821514
0.8925252538738828
0.8975757583223208
0.8950841794110308
0.8952188558048673
0.8909090956052145
0.8884175082649848
0.8944781145664177
0.8991919220095933
0.9060606101546624
0.9053198689162129
0.8942087569622078
0.9008754220875826
0.8958249176391447
0.9011447796917925
0.8994612808179374
0.9019528669540329
0.903569024018567
0.9001346820532673
0.9005387256843875
0.9068013495869107
0.8990572420033541
0.8951515182100162
0.8969023600973264
0.9021548857592573
0.9056565707380121
0.9125252552706786
0.9091582509002301
0.9049158276933612
0.901010103297956
0.907542089621226
0.9069360295931498
0.9091582509002301
0.906127950157782
0.9068013519951792
0.9020202045488839
0.910235690348076
0.9088888932960202
0.9141414153455484
0.9114478122104298
0.9118518564436171
0.9120538752488415
0.9080808102482497
0.9068686871817617
0.9124579116551563
0.9111111115927648
0.9117171758353108
0.9072727278025463
0.9059932677432744
0.9192592585929716
0.9119191946405353
0.9220875435405307
0.9145454583746014
0.9140067371455106
0.9171717215066004
0.9261952903535631
0.9161616208577397
