0.3162289565861827
0.36720538711307027
0.4005387214699177
0.42262626145825244
0.4443771041402913
0.45239057173632613
0.48794612679818666
0.4921212112060701
0.5141414172119565
0.5181144773960114
0.534074075595297
0.5341414122870474
0.5447138042160959
0.5435016817516751
0.5703703703904393
0.5674074063397417
0.5725925929016538
0.5892929272218184
0.5964983123721499
0.5946127946930703
0.5987205354854314
0.6107070704903266
0.6131313145160675
0.6115824911329482
0.6030976435150763
0.6205387223850597
0.6267340083916982
0.6360269348428707
0.6503703693548838
0.6509764284798594
0.6522558882380977
0.6415488220224477
0.652053868228739
0.644175081542044
0.6705723898579375
0.6602020203465163
0.6698316492215551
0.6628956195681986
0.6652525241928872
0.6738720557304344
0.6751515151876392
0.6739393954325203
0.6922558928378905
0.7009427613682218
0.6911784542931451
0.6898316470059481
0.6940740732231525
0.7008754189568337
0.694612794753277
0.7134006715784169
0.704646465152201
0.7119191915097863
0.71474746923254
0.7319865329097016
0.7315824937940848
0.7119191897035849
0.7181144796236597
0.716296298335297
0.7289562303610523
0.728552188837167
0.7334006735772798
0.7356902324792111
0.7482154881111299
0.7332659947751748
0.7487542093402207
0.7355555536771061
0.7409427605494104
0.7459259286071315
0.7543434338136152
0.7519191943033777
0.7466666638249099
0.7544107683981308
0.7441077473187687
0.7581144800089826
0.7609427601400048
0.7659932669967112
0.7655892239676582
0.756498315719643
0.769764310181743
0.7587205352205219
0.7760269358904675
0.7715824914701057
0.7717845132856658
0.774949494034353
0.7740740727896642
0.7771043771445149
0.7772390577528212
0.7743434334042096
0.7756228946676158
0.7786531972162651
0.7965656567101527
0.7906397322211602
0.7884848497130654
0.7997306398671082
0.7947474736155886
0.7948821572342304
0.7959595948758752
0.7910437722398778
0.7988552216327551
0.8018855229772702
0.8032996618386471
0.7951515124301718
0.8066666686173641
0.7990572368255769
0.8075420868517172
0.811717172463735
0.8051851837321965
0.8019528629803898
0.8158922544633499
0.8144107737926521
0.8096296305608268
0.8156228920426032
0.8081481468797934
0.8161616150778953
0.81023569119097
0.8124579137021845
0.8068686856163872
0.8173063939267938
0.8257912469632698
0.8162289550810149
0.8256565651508293
0.8275420894526472
0.8277441070537375
0.8204713782878837
0.831582491446023
0.8284848507004555
0.8290909089223303
0.8210774377138927
0.8391919208295417
0.8323232332865397
0.8340067351707304
0.828754206498464
0.8336026969582143
0.8341414127687011
0.8331986509188257
0.834680134599859
0.8416835033532345
0.8394612808420201
0.8432323240270518
0.8371043759162979
0.8447811471091377
0.8377777771516279
0.8382491601838006
0.8546127953914681
0.849629627333747
0.8522558910678132
0.8456565659455578
0.8445791228853091
0.8453872071372138
0.8546127953914681
0.8481481496733848
0.8571043779151608
0.8391919196254075
0.8420875457802204
0.849292931532619
0.8581818167609397
0.8556228960403288
0.8603367022793702
0.8500336697607329
0.8543434335727884
0.8525252522844257
0.8597979834585479
0.8539393947582052
0.8611447799085367
0.8655892261350998
0.8570370349017057
0.8647811473017991
0.8622222247749868
0.8630976454176084
0.8620875393501436
0.8603367004731689
0.8627609417896078
0.8618855217490533
0.8607407422980877
0.8626936023885553
0.8562289590787406
0.8683501686712708
0.8676094256266199
0.8756902380423113
0.8672727280192905
0.8653198673267557
0.8680808092608596
0.8696296311388112
0.8727272718843787
0.8711784512105615
0.8740067367601876
0.868215490471233
0.8658585873517123
0.8641077478726705
0.8740067319436506
0.8742087573716135
0.8744107767789051
0.8775757551193237
0.8761616186662153
0.8750168350007799
0.8790572369941557
0.8748148186038239
0.8755555568319379
0.8767003374870377
0.8797306430460227
0.8766330004942537
0.8739393943487995
0.8797979824470751
0.8800000036605681
0.8837710450393985
0.8874747494254449
0.869966325735805
0.8859259269454263
0.8820202019479539
0.8859259269454263
0.8773064011275166
0.8872053870046982
0.8801346836668072
0.88060606248451
0.8888888882868218
0.8838383856445852
0.8839057226373692
0.8934006763227058
0.8898316507387642
0.8870033694036079
0.8795959618356493
0.8761616126455442
0.8868686863870332
0.8845117844716467
0.8886195318867461
0.8902356925636831
0.8845117838695796
0.8930639745009066
0.8898316537490999
0.8917845132375004
0.900336701460559
0.8895622931345545
0.8946127987871266
0.8901010143636453
0.9039057258403662
0.8983165019690388
0.8918518562509556
0.9011447887227992
0.9009427620907022
0.8922558956676059
0.8986531995763682
0.9041077452476578
0.9063299695650736
0.8975757535057839
0.8898316531470327
0.8948148181944182
0.8954882176235469
0.9035016882299173
0.8941414169590882
0.8896969725387265
