2.400926887386977
1.920749341598665
1.8314077516998908
1.761532318712485
1.7062494586212467
1.6687688345860954
1.568480174950879
1.55756323867374
1.48207659914036
1.492751369572649
1.4470514594906507
1.4298888348569774
1.4048505329122447
1.4064374662408925
1.342586048925766
1.3518937729825877
1.3131371345182863
1.2804321785165806
1.2666382163462013
1.2712265259087687
1.2524465099729674
1.2255725270569926
1.1993789185177197
1.2091318585655906
1.2329801622063223
1.1929526377205897
1.1692189098608614
1.137343578266375
1.101679225762685
1.0941710514251632
1.097500326657536
1.1294169612605163
1.0884427988167964
1.0958864454067114
1.0480114859764023
1.0709635344418613
1.0409203852065887
1.0555367951441292
1.050536370638645
1.0262095163566898
1.0236003296543854
1.0180174816738476
0.9766440457767911
0.9500886785863626
0.9785699031569741
0.9714769955837366
0.9474598994158735
0.9406301511658562
0.9651321347313698
0.9127480405749697
0.9274414976437887
0.9049988419118554
0.9150956923311407
0.8569939732551575
0.8758329231329639
0.9064315400942408
0.8931911455260383
0.9061586001906732
0.8652366598447164
0.8579595347847602
0.861729915093894
0.8501085271738996
0.8128781071817032
0.8470740625352571
0.8182764315243923
0.8411580932260764
0.8367929175646618
0.8184964608664465
0.8038310402571552
0.802030549807982
0.8146421788918852
0.7914439638455709
0.8064065816426518
0.7862835990058051
0.7825110946038757
0.7586766342924098
0.7672310474545064
0.7780569364326169
0.7465043694081933
0.7827871453882468
0.730539248146192
0.7468982943982789
0.7387986372817646
0.7244303702103971
0.7499369166114114
0.7303061960923551
0.7304496382824098
0.7199466123123361
0.7292153407828976
0.722694886453224
0.6736252172426744
0.6937142044606835
0.6951807222583077
0.6672260339814003
0.6749568316671584
0.6782100345149185
0.6831002566549513
0.6913150199736008
0.6749312122060795
0.6529939954329018
0.6502876540627143
0.6815429998166633
0.6450864040490353
0.6582612205635417
0.6538637569456389
0.6344475839475189
0.6500313965359119
0.6590284097074258
0.6236766495487907
0.6162222410091246
0.6377758754022194
0.6218254262148731
0.6438767542742719
0.6220765535277549
0.6384024481580715
0.6318609488732887
0.6374261520727716
0.6074728444971219
0.5958748029337989
0.6199190195160683
0.5932003681105796
0.591239409013228
0.5781840925866907
0.6133473512500224
0.5841954458843578
0.5792599564248865
0.5858710128249545
0.5981469566773887
0.5622697912081324
0.5793107609556178
0.5669719667145701
0.5822781486944719
0.5661079471159463
0.5769412770415797
0.5625060185639545
0.5660056808982232
0.5518194084817712
0.5616960067941685
0.548783099259993
0.5664127715910324
0.5424375753812115
0.5670324615155807
0.5511456721960896
0.534922129277027
0.5368604458341695
0.524694698627549
0.5404468660402779
0.5410584178235796
0.5331324432233367
0.5193137523501811
0.5412730312708652
0.5150751694284305
0.5557844690000168
0.5516347698491029
0.5278175253458698
0.5119395322269864
0.5157932639122009
0.5000900764657994
0.5304009345444766
0.5155587223443118
0.5173561287046683
0.5063442678162546
0.5142844379550279
0.4957483233225466
0.49619612097740173
0.5127188695801629
0.49709216452608207
0.49010329956960197
0.4933697885335094
0.49676151558606313
0.5075356839883207
0.4963001277711656
0.4980504946275191
0.49968110461427706
0.4913015398714278
0.5139360813179401
0.4784500373132301
0.4836991080129989
0.4709073571544705
0.4856594578184263
0.49329397022122085
0.4811890403730701
0.48288909232977667
0.47423955752994074
0.473474755130633
0.46802802067814453
0.48144899925800283
0.49063393473625183
0.48775339036276844
0.46743990375538064
0.46863554854585665
0.4629009317870092
0.4562847912311554
0.4509088737193984
0.4635213709840871
0.457432576050662
0.4607922552209912
0.46525707780712783
0.46326961932760297
0.45183345825985227
0.46146048018426605
0.4620379393148904
0.45711476920229016
0.4540599605651817
0.44043191123490383
0.43262881883467086
0.4734081436287273
0.4387863880456096
0.4469846109248171
0.4417798728352845
0.45401715043217244
0.4340849762613123
0.45018062928710323
0.4413323929213514
0.43108741668137635
0.4378633527743696
0.4429095491315379
0.4227121141221788
0.42400867499486367
0.437801384564602
0.4541728026939161
0.45886635539507625
0.4306714080198847
0.4375102092521359
0.4291975139969527
0.42324986527062425
0.4412655374317458
0.4215602016810215
0.425255787191969
0.41991652804191665
0.40087666671083433
0.42829646064777566
0.4155902937807218
0.4206669670764846
0.39118752274850405
0.4026294627574959
0.4228835143525191
0.39254345345978786
0.40042076402842397
0.41338975200749406
0.40377267261948246
0.39531762882916616
0.3844921558794349
0.41178064695512406
0.41960158281856114
0.4175959316769032
0.4069573165792407
0.3897593749894036
0.42002608875433606
0.42349029490441986
