0.2663299664102419
0.3129292940250551
0.3237037044582945
0.35461279493991776
0.3713131306147335
0.4072053874983932
0.4145454540096148
0.43582491591723277
0.44060606095525956
0.47171717340295966
0.47656565693893815
0.47959595948758754
0.4979124590001925
0.515218854251534
0.5150841763525298
0.5172390561513226
0.5312457924539392
0.5339393949869907
0.5416835037746814
0.5385185185104909
0.5366329975200422
0.5615488206497347
0.5567003362106554
0.5644444407838763
0.5758922542586471
0.5788552207176132
0.5899663281561148
0.3903703694090699
0.39070706987621806
0.4587205377492038
0.49737373656696743
0.5329292955422642
0.5459932627702
0.5348148129203103
0.5701683491769464
0.5648484841139629
0.5751515142243318
0.5714478092362182
0.5824242432912191
0.5821548793653045
0.5987878797030208
0.5811447808236787
0.5909764297080763
0.592929293109913
0.6162289579709371
0.6049158217931034
0.6047811423889314
0.6204040387664178
0.6111784490069958
0.6243097640649237
0.615959596453291
0.625185186212713
0.6253198656168851
0.6253198656168851
0.6394612786143717
0.6496296293205686
0.646060606445929
0.6529966324868829
0.6454545464178528
0.6472727259000143
0.6611447797881232
0.6542087522420016
0.6494276090101763
0.6553535347033028
0.6555555574219636
0.6503703693548838
0.6425589247785434
0.6770370331677523
0.6616161643254637
0.6800673399308715
0.6775757571061453
0.6799999987236177
0.6697643086163685
0.6665993272656142
0.6742760930398498
0.5901683476386648
0.3990572379394011
0.44821548672637557
0.48296296476113676
0.5152861945556871
0.5449831627234064
0.5753535327285227
0.5629629616183464
0.5857239067554474
0.5780471370677756
0.5897643093508903
0.6052525239159362
0.6080134688603758
0.6035690205265777
0.6265319904895744
0.6188552208019026
0.6261279447512194
0.628215486955161
0.6239057234441391
0.638989897689434
0.6323905713630446
0.65333333159938
0.6423569032640168
0.6462626225418515
0.6518518509286823
0.6672727285009442
0.6608754185715107
0.668282829751872
0.6626936028702091
0.6744781160595441
0.6707070722724452
0.6830976412753866
0.6703703722568474
0.6683501679487903
0.6843771040439606
0.6773737379998872
0.6849158234668501
0.6791245813923653
0.6909090915713647
0.6950841738720133
0.6791245759737612
0.6961616160291614
0.6888215496684565
0.7036363639012732
0.7101683490204088
0.7030976426721823
0.6971043769759361
0.7108417526640073
0.7083501653237776
0.7157575789124074
0.7026936026534649
0.7004040401391308
0.694814818676072
0.7168350147478508
0.708484851350688
0.7212121239816299
0.714949495864637
0.7138047115971343
0.7138720534064553
0.713670035203298
0.7229629610524033
0.72525252717914
0.7224915816326334
0.7144781146386657
0.723232322871083
0.7312457922733191
0.7448484831386142
0.7224915870512375
0.7382491598225603
0.7278114472976839
0.7303030280151752
0.7372390561633639
0.7450505043521072
0.7385185198350386
0.7444444449260982
0.7469360286539252
0.7506397336420386
0.740269362324416
0.766464645814414
0.7477441062830915
0.7546801344312802
0.7517171706816163
0.7573737363622646
0.7589225570360819
0.7801346821014328
0.7527272725346112
0.7632323262667415
0.7654545445634862
0.7657239063821658
0.7591245800557763
0.7643097633063191
0.7673400664570356
0.7562962957102843
0.7731986527491097
0.7715824884597702
0.7860606053862909
0.7728619527335119
0.7842424259041295
0.7993939398515104
0.7733333327553489
0.7880134714974297
0.7837037034709045
0.7744781158187173
0.7783164972006672
0.791986533487686
0.7842424240979281
0.7872053836331223
0.7925252511043741
0.7956228972685457
0.7915824910607001
0.780740742129509
0.7931986511355699
0.801885521773136
0.8080134686797557
0.7873400672517642
0.8098316511722526
0.8037710418604841
0.7907070752346155
0.8047138031082924
0.8119865294658777
0.8051851873445992
0.8133333307324033
0.8082154880870472
0.8139393943728823
0.8093602717524827
0.8009427647397975
0.8010774423377682
0.8055892231488468
0.8125252512970356
0.8119865354865489
0.8022222217887339
0.8167003381131875
0.809494947544252
0.8247811445082077
0.8109090930283672
0.831043769012798
0.8195286224586795
0.8167676799225084
0.8227609402001507
0.8175084175485553
0.8232996632354428
0.8206060570899887
0.8235016820406673
0.8259259257653747
0.826531986395518
0.8179797987745265
0.8358922582684141
0.8009427614284285
0.7967676773215785
0.8241750856842658
0.8240404044738924
0.8266666664017571
0.8262626269851068
0.8268686888193844
0.8408080790982102
0.832996630909467
0.8341414145749024
0.8331313115177732
0.8412121191169276
0.8323232344906739
0.8305723950116322
0.8530639723093822
0.8385185189921447
0.8540067335571906
0.8389898984119145
0.849966327951412
0.8357575770580408
0.8468013496109934
0.8410774403148227
0.8511784516199671
0.8424915827886023
0.8421548821709373
0.859528620435734
0.8441750858769272
0.8413467985210996
