3.905136486496588
2.1595197012930205
2.14136360751258
2.064644866519504
2.023760826900752
1.9640520786998248
1.930042518509759
1.874281189658425
1.8591851754622026
1.8002155573681147
1.7767002642756762
1.7616195883413759
1.7417127375650887
1.6972292469005392
1.6804101105892297
1.68141051494714
1.6517270923864962
1.6438810427983601
1.6119690254481152
1.6224955151779483
1.6415598717602817
1.5777180170772052
1.5737922625108198
1.5752182885853931
1.5451735956500274
1.5237076896609683
1.5175673299365573
2.1200983126958213
1.924533304542002
1.7864595964701488
1.7116383001057789
1.6443854594471479
1.6101634695072367
1.6217795261228927
1.5551165799901943
1.5647641107289478
1.5488697302461876
1.5440696875254314
1.5245320712677155
1.5116699271731906
1.4771295797945274
1.526631185502717
1.4931036330232716
1.486041439904107
1.4503242704603407
1.4728677609954217
1.4777319648049094
1.439400350204622
1.4567775605904936
1.4303777892180163
1.4431683559610387
1.4277567056694416
1.42485072456225
1.4240919291371046
1.3820402453644107
1.3608541621102228
1.373346174606169
1.3690329163965553
1.3904841572347313
1.3582829104529486
1.3451629178692597
1.3696024104802296
1.3637962690507524
1.3457541911288946
1.356649884069809
1.3572836584515042
1.3717429734239674
1.2977875320598333
1.3467902968628238
1.3040118494419137
1.314181716153116
1.3024961177748864
1.313970654299765
1.3252767324447632
1.3073071735073822
1.8313594008937026
1.918502197121129
1.7889678430075597
1.7064779250308721
1.654570055730415
1.5915299629924273
1.5385460889700688
1.5500516036544183
1.4910159713090068
1.528768049346076
1.469434921187584
1.455222128617643
1.4485575659106475
1.4485339829415986
1.4061692531662757
1.4174184353664667
1.3991520320526276
1.3974170052643977
1.409780588414934
1.3831513457828097
1.396883574399081
1.351817665678082
1.3695010837882455
1.3597810665766399
1.3500261053894504
1.3137694223962648
1.3343462570749147
1.30209618385392
1.3201583371017918
1.2972178302630029
1.3086709085136954
1.2815930494154342
1.3133711285061307
1.3098601427945225
1.2678647721656646
1.295364747143755
1.2704492494313404
1.281937958014132
1.2483983930915292
1.2467142764968102
1.2788127431965837
1.2565816105014147
1.2686760076368697
1.2407452638703163
1.2286513249079387
1.2422839818578777
1.2480332845389241
1.2223119440704886
1.2127509111105794
1.2077630475313976
1.2329448690318099
1.2378708063954054
1.2522752453582455
1.2079862657219473
1.2132065097490947
1.1919842549044677
1.2137658650224858
1.2155672974056668
1.2092702226205305
1.202861902689693
1.1940252359467323
1.1830760926911326
1.190641285795154
1.2048702559085807
1.1821224237933303
1.1775360462641475
1.143742004428247
1.184672824060074
1.1597222541317795
1.180741988649272
1.1637514751366895
1.1536612540784508
1.1444706663940891
1.152526820548857
1.1369114030491223
1.1324408590191541
1.1238183860826974
1.1376298569669627
1.1024247895587573
1.1361318886882128
1.127921046632709
1.1281908226735664
1.116791268189748
1.1193279949101536
1.063025961018572
1.1309485561919934
1.0956320407414677
1.1007768553916855
1.092728620225733
1.1057224881769432
1.0880570327392731
1.085906167825063
1.1181367111928535
1.0781427736234184
1.079598282322739
1.0490502799400176
1.076776355203956
1.061584103589106
1.0309152753666193
1.0759992238247034
1.052720930239167
1.0611237034653171
1.0794145597351923
1.0638937835741524
1.0424434958082256
1.0455452691424976
1.0529826415909662
1.034197934950241
1.026459524125764
1.0408020766094477
1.0544153602436335
1.0329436617668228
1.0263418669652458
1.0079437717042787
1.043476327501162
0.9965682216364928
1.022967739538713
1.0299478197338605
1.0150749833896906
1.001885262402621
1.0069171316695935
0.993117154848696
1.0105889945319204
0.9967081546783447
1.0067580450664868
1.0143079944331237
1.009265195239674
0.99300419080137
0.9932719059664794
0.992339753743374
1.0120934964430452
0.9859209108834315
0.9959543708598975
0.9677403099609144
0.9992463227474329
0.954135081382713
0.9758312449310765
0.9865512209709244
0.9811431633101569
0.981245588774633
0.972598059610887
0.9707185120293589
0.9753540332871254
0.9612606649446969
0.9638400306605329
0.96884940910821
0.947502340331222
1.041392105998415
1.0269611724699386
0.9663768844171003
0.9648823136031025
0.958778734158988
0.9776803736734871
0.9635866145894985
0.9446109382793156
0.9519010770200479
0.9497383796807491
0.9532852130706864
0.933626920285851
0.9461534125636323
0.9487074559385126
0.9165389531790608
0.9375010397699144
0.9075142199342902
0.9429788824283716
0.9096346238646844
0.9482013161736306
0.9344358685040715
0.9284145525007537
0.9151695159950641
0.9265152812004089
0.9357076522075769
0.8974951343102888
0.925796880866542
0.9387680346315558
