0.26029629647731783
0.34965925882260007
0.39146666646003725
0.4126518529653549
0.4349333361784617
0.4523259292046229
0.4614222240447998
0.46980740944544475
0.4805629652738571
0.48195555885632835
0.49137778162956236
0.5145185210307439
0.5098370387156804
0.5113777822256088
0.5252148173252742
0.5200888923803966
0.5286518545945486
0.5416000020503998
0.5359407418966293
0.5421333358685175
0.557392595410347
0.5513481477896373
0.5617777810494105
0.557333336075147
0.5636148164669673
0.5654222232103348
0.5702518540620803
0.5738962972164154
0.5805925933519999
0.5869333326816559
0.5869037050008774
0.5887703714768092
0.5955259265502294
0.5915851847330729
0.5891555559635162
0.6089185180266699
0.6084148148695628
0.6051259247461954
0.6034370366732279
0.6073185175657272
0.6103703733285268
0.6139851848284403
0.6166814815998077
0.6167111110687256
0.620148147145907
0.6214518495400747
0.616977778673172
0.6292444429794948
0.6306666648387909
0.6309925911823908
0.6295703705151876
0.6280888863404592
0.6360888890425365
0.6318222206830978
0.6429333319266637
0.6426074059804281
0.6362962939341863
0.6458370327949524
0.6581629610061646
0.6390222183863322
0.6481481468677521
0.6488296254475912
0.6448592599232992
0.6508740743001302
0.6557925923665364
0.6564444430669149
0.6522666682799657
0.6615703688065211
0.6530962963898976
0.6714666644732158
0.6796148153146108
0.6658962941169739
0.6614518491427104
0.6755259259541829
0.6664592587947845
0.672355553706487
0.6732444415489832
0.6729185152053833
0.6715259238084157
0.6755259259541829
0.6750518508752187
0.6766814780235291
0.6772740705808004
0.6794370373090108
0.6877037032445272
0.689274073044459
0.6858370351791382
0.6783111099402109
0.6845037015279134
0.6872592572371164
0.6929481474558512
0.6820740739504496
0.6850370359420777
0.6885333347320557
0.6898074066638946
0.693925926287969
0.6873185193538666
0.6882666663328807
0.6973333330949147
0.7026962963740031
0.7032592602570852
0.7023703714211782
0.7040000009536743
0.7013333320617676
0.7008888896306356
0.7008592589696249
0.7079703676700592
0.7032000005245209
0.7081185170014699
0.7144296284516652
0.7047111109892528
0.7097481481234232
0.7086814828713734
0.7158814839522044
0.7111703701814016
0.7170962953567505
0.7130666653315226
0.714399999777476
0.7125629603862762
0.7173925912380219
0.719703703324
0.7202962958812713
0.7137185160319011
0.7258666690190633
0.718577778339386
0.7226666676998138
0.7238518520196279
0.7288000015417735
0.7240888905525208
0.7268148144086202
0.7279703724384308
0.7282074069976807
0.7253037051359812
0.7229925926526387
0.7263703691959381
0.7257777794202169
0.733837035894394
0.7259851861000061
0.7325629615783691
0.7358518528938294
0.7353185184796651
0.7373037032286326
0.7317925906181335
0.725807405312856
0.7386666671435038
0.7358814827601114
0.7326518535614014
0.7324148158232371
0.7365333330631256
0.7388740738232931
0.7346370383103689
0.7436148142814636
0.7349333341916402
0.7407407422860464
0.7410370377699534
0.740770370165507
0.7425185171763102
0.73576296210289
0.7398518522580465
0.7438814826806386
0.7352296308676401
0.7515555540720622
0.7424296295642853
0.7481185181935628
0.7459851825237274
0.7447999993960063
0.7460444462299347
0.7461925903956096
0.7468148140112559
0.7467851861317952
0.7486222211519877
0.7475555531183878
0.755407407283783
0.7483259264628093
0.7517629627386729
0.7492740758260091
0.750370370944341
0.7534222185611725
0.7576296321551005
0.7500148153305054
0.7536296288172404
0.7527111101150513
0.756711110273997
0.7477629621823628
0.7531851851940154
0.7613629627227784
0.7634962975978852
0.7544888905684153
0.7607111116250356
0.7605925925572713
0.758044445514679
0.7566814815998077
0.7647111113866171
0.7673777786890665
0.7678814804553986
0.7576296317577362
0.7622518523534139
0.7650074092547099
0.7679703708489736
0.7665481460094452
0.7615703701972961
0.766488891839981
0.7587555527687073
0.7613333324591319
0.7736296300093333
0.7634962979952494
0.7676444439093272
0.7674962977568308
0.7730074079831442
0.7644444449742636
0.7719111096858978
0.7688888903458914
0.7739555557568868
0.7728000005086263
0.7701037041346233
0.7735703722635905
0.7700740730762482
0.7733629620075226
0.7819851851463318
0.7665481491883596
0.7749629652500153
0.7807111128171285
0.7765629633267721
0.7690074078241984
0.7783999987443289
0.7780148128668467
0.7783703708648682
0.7718222236633301
0.7792000035444896
0.7772740737597148
0.779348148504893
0.7809777796268463
0.7782814784844716
0.7824592598279317
0.7824296307563782
0.7755259263515473
0.781718518336614
0.7784888895352682
0.7798518514633179
0.7780148164431254
0.7824000016848246
0.7794666675726573
0.7760000002384185
0.7840296312173207
0.7847111105918885
0.7821925930182139
0.7839111105600993
0.7845333349704743
0.7878222207228343
0.78835555712382
0.7849481483300527
0.7916444448630015
0.7817481489976247
0.7845037043094635
0.7878222223122915
0.7885037020842234
0.7902518502871195
0.7884444491068522
0.7830222245057424
0.7867555542786916
0.7906074078877767
0.7874074085553487
0.7942222217718761
0.7933925930658976
0.7915555556615194
0.7973037048180898
0.7948740748564402
0.7977777794996898
0.7862222210566203
0.7896592593193055
0.7919703714052836
0.8041481479008993
0.7902222208182017
0.7944296300411224
0.7853925927480062
0.7918518507480621
0.7915555544694265
0.7957925927639008
0.7949333345890045
0.8013037033875783
0.7884444427490235
0.7962074081103007
0.7974222226937612
0.7990814797083536
0.797244443098704
0.7981629637877147
0.7951703711350759
0.8071407409509023
0.7917037014166514
0.8000592589378357
0.7935999997456868
0.7957925943533579
0.7984888899326325
0.7971259264151255
0.8030518515904744
0.7987555555502573
0.7988148140907287
0.7965629621346791
0.8000296278794606
0.803111108938853
0.8068444426854452
