0.6854666668176651
0.717466670870781
0.7408000019192695
0.7422666704654693
0.7520000010728836
0.7621333348751068
0.7722666674852371
0.7694666647911071
0.7749333345890045
0.7605333364009857
0.7705333375930786
0.758000002503395
0.7741333347558975
0.7598666679859162
0.7690666615962982
0.7694666677713394
0.7717333346605301
0.7627999985218048
0.7641333341598511
0.7812000000476838
0.7782666677236557
0.7885333317518234
0.7841333317756652
0.7869333326816559
0.7930666673183441
0.7817333304882049
0.793600002527237
0.8008000028133392
0.7906666702032089
0.795866671204567
0.7942666673660278
0.789733334183693
0.7882666683197022
0.7878666669130325
0.7955999982357025
0.7873333358764648
0.795866670012474
0.8054666686058044
0.7973333328962326
0.8024000012874604
0.786800000667572
0.7997333347797394
0.8040000009536743
0.8030666667222977
0.7858666676282883
0.7936000007390976
0.7943999999761582
0.795866664648056
0.8114666682481766
0.7976000046730042
0.8106666713953018
0.8156000000238418
0.7934666675329208
0.7941333338618278
0.8039999997615814
0.8036000001430511
0.8126666676998139
0.7976000034809112
0.8085333341360093
0.8080000019073487
0.8113333356380462
0.8190666669607163
0.8105333334207535
0.8089333319664002
0.8214666658639908
0.8098666667938232
0.8210666662454605
0.8114666658639907
0.8098666673898697
0.8137333351373672
0.8094666659832
0.7920000010728836
0.8097333347797394
0.7980000001192092
0.8058666658401489
0.8101333343982696
0.8101333343982696
0.8041333347558975
0.8118666666746139
0.8223999953269958
0.8046666640043258
0.799200000166893
0.8115999987721443
0.812933332324028
0.8234666681289673
0.8249333333969117
0.8077333343029022
0.8090666657686234
0.8134666669368744
0.8220000016689301
0.8121333336830139
0.8244000023603439
0.8150666695833206
0.8213333320617676
0.819200000166893
0.8137333369255066
0.8216000002622604
0.8206666666269302
0.8158666670322419
0.8165333354473114
