1754.8422497558595
1255.0570300292968
1205.4664697265625
1168.806605834961
1138.3721215820312
1125.9271868896485
1122.5510546875
1115.813978881836
1107.8807788085937
1118.3383349609376
1082.0472467041016
1087.7426947021484
1081.8505114746094
1074.8198547363281
1071.414278564453
1073.409624633789
1057.5490313720702
1056.9267889404298
1043.2567541503906
1036.4440118408204
1020.1903179931641
1007.2848895263672
1011.7324108886719
1012.744379272461
982.2770947265625
1002.6637780761719
989.7019244384766
973.770419921875
971.3332971191406
963.8423022460937
957.0974084472656
953.8111126708984
949.3259967041016
944.0070013427735
947.0492706298828
915.2294073486328
921.1113275146485
920.3376617431641
926.1662493896484
910.4608801269532
920.1845294189453
919.9203955078125
914.7135546875
895.0387390136718
912.6924041748047
909.2945709228516
898.1654974365234
906.8699450683594
894.6259387207032
898.7672485351562
895.2976477050781
889.5036401367188
889.7034454345703
902.9476300048829
890.439169921875
887.7725982666016
865.2937536621093
887.9471862792968
880.0277276611328
887.7167120361328
876.4716070556641
865.4245324707031
874.0243511962891
865.6162426757812
879.7240698242188
888.0880700683593
873.3888079833985
861.1705743408203
873.4647814941407
873.6082666015625
851.5721063232422
864.6190985107422
848.8345977783204
866.307855834961
860.4253790283203
866.4318121337891
866.3971429443359
856.0009185791016
857.414521484375
857.7759661865234
867.4006530761719
855.1768719482421
843.0009454345703
845.7601684570312
852.6495477294922
852.5110968017578
852.3655419921874
860.8812823486328
848.9120983886719
850.1689208984375
854.3175134277344
844.5353979492188
849.1351818847656
850.0186932373047
848.741655883789
851.2914556884766
841.4345916748047
836.3107135009766
838.5339514160156
851.2989099121094
