1.8653507232666016
1.7290443181991577
1.6030361652374268
1.5484135150909424
1.757760763168335
1.5434646606445312
1.4802976846694946
1.5016319751739502
1.2417829036712646
1.2400946617126465
1.4218968152999878
1.5446445941925049
1.059821367263794
1.5824497938156128
1.7396504878997803
1.0991899967193604
1.121171236038208
1.108132243156433
1.3684213161468506
1.4705910682678223
1.2770553827285767
1.5254089832305908
1.3140630722045898
1.2831182479858398
1.4590893983840942
1.4476662874221802
1.248000979423523
1.4431005716323853
1.3244140148162842
1.0301536321640015
1.634737253189087
1.1755930185317993
0.9510839581489563
1.473555088043213
0.8357256054878235
1.513284683227539
1.2025455236434937
1.5482571125030518
1.0780558586120605
1.141806960105896
1.3052433729171753
1.0748106241226196
1.0679645538330078
0.9357948899269104
1.116146445274353
1.2178601026535034
1.143890142440796
0.9787163138389587
1.0830087661743164
0.9626509547233582
1.033003330230713
0.8764695525169373
1.0653305053710938
0.7751376032829285
0.8100124597549438
0.9355871081352234
1.306856393814087
1.2204737663269043
0.9492270350456238
1.0442627668380737
0.9367321133613586
0.9413699507713318
1.2349189519882202
1.0536328554153442
0.8928582668304443
0.9289441108703613
0.8295360207557678
1.060642957687378
0.9705594778060913
0.7608932256698608
1.189241886138916
1.1951258182525635
1.2379404306411743
1.5488859415054321
0.7616357803344727
1.5020633935928345
1.2533842325210571
0.6223472952842712
1.091115951538086
1.0805679559707642
1.1673730611801147
0.9912546277046204
0.7882065773010254
0.8177204728126526
1.3864266872406006
0.947831928730011
1.0779736042022705
0.800491988658905
0.8291634917259216
0.9105438590049744
0.8157661557197571
0.821043074131012
0.9006911516189575
0.9825179576873779
1.1217613220214844
1.149337887763977
0.8866873383522034
0.8501745462417603
0.8701490163803101
0.7264752388000488
0.7626945972442627
0.6944211721420288
1.0068126916885376
0.8517249226570129
0.8585307598114014
1.474303960800171
1.358824610710144
0.8805152177810669
0.8806549906730652
1.0559967756271362
1.0388116836547852
0.9175052046775818
1.0266056060791016
1.2243576049804688
1.0728251934051514
1.0107927322387695
1.0622429847717285
0.9138280749320984
1.1788592338562012
0.8777515292167664
0.8907458782196045
1.031723141670227
1.0843136310577393
0.8308180570602417
1.1384636163711548
1.0312209129333496
0.8504058718681335
1.2140300273895264
0.6743702292442322
1.009059190750122
0.890313982963562
0.9333539605140686
0.9008955955505371
0.6482892632484436
0.8180282115936279
0.85707688331604
0.6551510095596313
0.6372072696685791
1.076120376586914
0.8457032442092896
1.605754017829895
1.4424175024032593
0.6839884519577026
1.3365273475646973
0.9429746270179749
0.720854640007019
1.0423542261123657
0.7563126087188721
0.8576445579528809
0.926775336265564
0.9078186750411987
0.7670024633407593
0.8821574449539185
1.036704659461975
0.9002610445022583
1.0576250553131104
0.6792042255401611
1.133821725845337
0.8245800137519836
1.0432713031768799
0.9962148666381836
0.9092447757720947
0.7357127666473389
0.6773766875267029
0.9542068243026733
1.1523805856704712
0.9325847625732422
0.697177529335022
0.8449910879135132
0.8532442450523376
0.5829532146453857
0.8186482191085815
0.8225447535514832
1.041486144065857
0.6972435116767883
1.2984870672225952
0.7341490387916565
0.7197089195251465
0.5806416273117065
0.7194561958312988
0.8311532139778137
0.723282516002655
1.2323307991027832
0.9572870135307312
1.0040291547775269
0.4968257546424866
0.8629341721534729
0.9751099348068237
0.721991240978241
1.2285761833190918
0.9665499925613403
0.7001728415489197
0.9966162443161011
0.7779525518417358
0.7724593281745911
1.141478419303894
1.3803657293319702
0.6818667054176331
0.790429949760437
1.0668288469314575
1.204333782196045
0.8757545948028564
0.7865513563156128
0.7698812484741211
1.13132643699646
1.1166365146636963
0.867009162902832
0.6831393241882324
0.8273152112960815
1.040302038192749
0.8110229969024658
0.9532567262649536
0.9138834476470947
0.9779349565505981
0.7784565687179565
0.8743889331817627
0.8832629919052124
0.6863621473312378
1.0464898347854614
0.9776830673217773
1.1768932342529297
0.8630897998809814
1.025756597518921
0.8934104442596436
1.2498244047164917
1.0250742435455322
0.6779753565788269
0.6865729093551636
0.9698195457458496
0.7279107570648193
0.882146954536438
0.974044919013977
1.1616096496582031
1.4448961019515991
0.808606743812561
0.5048563480377197
0.585395097732544
0.844730794429779
1.0952990055084229
0.8238784074783325
0.8767306804656982
0.7909744381904602
0.9738194942474365
0.9978336691856384
0.9222460389137268
0.8121161460876465
0.775408923625946
0.9657464623451233
0.8756023645401001
0.5380282998085022
0.9581964015960693
1.1691029071807861
1.212398648262024
1.1828778982162476
0.8096017837524414
0.5844981670379639
0.6019411087036133
0.7605947256088257
0.9230794906616211
0.5150103569030762
1.2802618741989136
0.8595836162567139
0.5986297726631165
1.1045641899108887
0.9395156502723694
0.7667875289916992
0.7094540596008301
0.6314135193824768
0.8459986448287964
0.5702441930770874
0.837530255317688
0.6695883274078369
0.80570387840271
0.620337188243866
0.8378021121025085
0.6857606172561646
0.9784853458404541
0.6388949751853943
0.6589515805244446
0.7559255957603455
0.7942451238632202
0.7942732572555542
0.9452719688415527
0.796518087387085
0.8905867338180542
0.6149508357048035
0.6804285049438477
0.8637608885765076
0.7654410004615784
0.739007294178009
1.0447129011154175
0.6316781044006348
0.8622713685035706
0.9195713400840759
0.8191174268722534
0.9047030210494995
0.9114573001861572
0.5016232132911682
0.6176400184631348
1.3346219062805176
0.8485414981842041
0.641221821308136
0.7486149072647095
0.8363795280456543
0.773592472076416
0.8761451244354248
0.7152513265609741
0.9043805599212646
0.7513309717178345
0.5897810459136963
0.8318071365356445
1.0078808069229126
0.8003002405166626
0.7534361481666565
0.7598068118095398
0.9580907225608826
0.8435909748077393
1.0042239427566528
0.8124483823776245
0.7380015254020691
0.7732014656066895
1.119271993637085
0.6806537508964539
0.6276845932006836
0.813606858253479
0.5442025065422058
1.4136346578598022
1.0358211994171143
0.9381000399589539
0.8337032198905945
0.862579345703125
0.8487980961799622
0.7881993651390076
1.0647118091583252
0.5823409557342529
0.8679556250572205
0.9481093883514404
0.7040272951126099
0.6006260514259338
0.7577803730964661
0.5699825882911682
0.5497220754623413
0.6761225461959839
0.8355434536933899
0.8288856148719788
0.8023070693016052
0.7375459671020508
0.7150735855102539
0.7348031401634216
0.7645013332366943
1.1856942176818848
0.7581417560577393
0.9660077095031738
0.7587809562683105
0.6414331197738647
0.7906596064567566
1.0450955629348755
0.5921065807342529
0.5044505596160889
0.5439364314079285
1.024682641029358
0.7843970656394958
1.06412672996521
0.824568510055542
0.6365674734115601
0.6067755222320557
0.6969023942947388
0.8308802247047424
0.7389692068099976
0.7743923664093018
0.560775876045227
0.6879979372024536
0.7249194979667664
0.5517549514770508
0.5678370594978333
0.8830697536468506
0.7777043581008911
0.9153317213058472
0.7506027221679688
0.6952741742134094
0.829230010509491
0.6610829830169678
0.4965601861476898
0.5410283803939819
0.783259391784668
0.6870226860046387
0.614995539188385
1.0217682123184204
0.9065290689468384
0.8231848478317261
0.6081225872039795
0.8241844177246094
1.2280364036560059
0.5866261124610901
0.6202431917190552
0.6045510768890381
0.810569167137146
0.7400093078613281
0.8072712421417236
0.7459108233451843
1.2985568046569824
1.1222875118255615
0.6875526309013367
0.6702696681022644
0.7452799677848816
1.361121654510498
0.6270560622215271
0.6744817495346069
0.6979990601539612
0.7928767204284668
0.5400092601776123
0.8110595345497131
0.4583113193511963
0.7430696487426758
0.9590358138084412
0.7134925127029419
0.6029671430587769
0.6676734685897827
0.4789120554924011
0.7063899040222168
0.7397370338439941
0.8591287136077881
0.7636711597442627
0.674045205116272
0.8327584266662598
0.4705522060394287
0.6125041246414185
0.7244397401809692
0.6157702207565308
0.5814871788024902
0.6987228393554688
0.8256794214248657
0.6803699731826782
0.6858103275299072
0.9491046667098999
0.7980989217758179
0.979175329208374
0.9415992498397827
0.7423633933067322
0.7268155217170715
0.6397186517715454
0.4459384083747864
0.6954839825630188
1.0665104389190674
0.7551013827323914
0.7434179782867432
0.5933821201324463
0.573089063167572
0.9683138132095337
1.0217349529266357
0.6167564988136292
0.9165966510772705
0.566012978553772
0.5743291974067688
0.7492104768753052
0.8084266185760498
0.7146751880645752
0.7687987089157104
0.5887761116027832
0.5833930969238281
0.7779601812362671
0.7313711643218994
0.5400073528289795
0.8022975325584412
0.6476433277130127
0.756203293800354
0.6900736689567566
1.1622965335845947
1.0478943586349487
0.5978378057479858
0.5118095874786377
0.6785122156143188
0.7649015188217163
0.8158866167068481
0.6569241881370544
0.5583515167236328
0.6697275638580322
0.708226203918457
0.5773657560348511
0.6541937589645386
0.6874450445175171
0.8676901459693909
1.182474136352539
0.9682325124740601
0.6084270477294922
0.7475017309188843
0.5272693037986755
1.2023926973342896
0.5353416204452515
0.7808818817138672
0.6277904510498047
0.7033771872520447
0.7813023328781128
0.690115749835968
1.3633266687393188
0.6172213554382324
0.6557079553604126
0.8805539608001709
0.9359015822410583
0.8796112537384033
0.6249632835388184
0.6235548257827759
0.5833030939102173
0.6039365530014038
0.8976424336433411
0.6767983436584473
0.6983060836791992
0.4542718231678009
0.8700164556503296
0.5071582198143005
0.5406053066253662
0.655523955821991
0.9848705530166626
0.6536582708358765
0.6025555729866028
0.6674846410751343
0.5701150894165039
0.619853675365448
0.9875950813293457
0.6059485673904419
0.699439287185669
1.1722790002822876
0.5959806442260742
0.5734125375747681
1.0652378797531128
1.185001254081726
0.7245160341262817
0.6011667251586914
0.8633495569229126
0.6959137916564941
0.6590800881385803
0.6561003923416138
0.7810688018798828
1.0464791059494019
0.5440127849578857
0.9389496445655823
0.4513722062110901
0.4977596402168274
1.1279585361480713
0.6053768992424011
1.0219296216964722
1.1793731451034546
0.8900489211082458
0.8149086833000183
0.7751951217651367
0.7325350046157837
0.8183283805847168
1.0436590909957886
0.5446872711181641
0.4981863498687744
0.7900757789611816
0.8922948241233826
0.4539361000061035
0.4929530620574951
0.8192607164382935
0.6126461625099182
0.6266365051269531
0.5476279258728027
0.611860990524292
0.49894195795059204
0.7513589262962341
0.5997992157936096
0.6904903650283813
0.7432469129562378
0.7377039790153503
0.7302359938621521
0.6088391542434692
0.5620505809783936
1.0412546396255493
0.6558260917663574
0.7388858795166016
0.9457821249961853
0.6517572402954102
0.5282402038574219
0.6607303619384766
0.74250727891922
1.3772224187850952
0.5380598902702332
0.5724425911903381
0.6769850850105286
0.8579672574996948
0.9314298629760742
0.8217142224311829
0.8673216700553894
0.8025861382484436
0.7771326899528503
0.8180321455001831
0.7999487519264221
0.8371216058731079
0.9647783041000366
0.6473680734634399
0.5066812038421631
0.48799023032188416
0.6319571733474731
0.9123528003692627
0.5960483551025391
0.6989043951034546
0.5161886215209961
0.9264026284217834
0.5514934062957764
0.714888334274292
0.8149652481079102
0.9448286294937134
0.8281009197235107
0.6666045188903809
0.6664413809776306
0.6661737561225891
0.4805185794830322
0.7409945726394653
0.7427313327789307
0.6827903389930725
1.0569173097610474
0.6719425916671753
0.5634757280349731
0.9975683689117432
0.7720872163772583
0.7862676382064819
0.6742030382156372
0.6483803987503052
0.870664119720459
0.5579730272293091
0.653976321220398
0.7350555658340454
0.8702602386474609
0.5828222632408142
0.6601243615150452
1.0589959621429443
0.633705735206604
0.7160567045211792
0.6128180623054504
0.816914439201355
0.47554636001586914
0.4520866274833679
0.8080559968948364
0.517703115940094
0.9849778413772583
0.816779375076294
0.6875112056732178
0.4798416495323181
0.7588226795196533
0.6254069209098816
0.6328412890434265
0.5215548276901245
0.6507911682128906
0.6786513328552246
0.5758438110351562
0.4647907018661499
0.771908164024353
0.7419975399971008
0.4983976185321808
0.8289397954940796
1.0564979314804077
0.6338600516319275
0.7587447762489319
0.5208257436752319
0.5286465287208557
0.7457517981529236
0.7994912266731262
0.544477105140686
0.5825386047363281
0.7343913912773132
0.8143001794815063
0.7055397033691406
0.6604869365692139
0.7521390914916992
0.8895683884620667
0.6261659860610962
0.8554303646087646
0.4879162311553955
0.7290957570075989
0.41671398282051086
0.5304642915725708
0.7661182880401611
0.7467470169067383
0.6220370531082153
0.7432531714439392
0.5886650681495667
0.6172695755958557
0.598310112953186
0.5719634294509888
0.6752486824989319
0.5923718214035034
0.9582448601722717
0.6795083284378052
0.5488585233688354
1.2785600423812866
0.6071197986602783
0.8807635307312012
0.6353561878204346
0.616630494594574
0.5825282335281372
0.6321807503700256
0.6510557532310486
0.6187962293624878
0.5498790144920349
0.5163387060165405
0.6884345412254333
0.5158958435058594
0.579680323600769
0.45576971769332886
0.7662911415100098
0.6013872027397156
0.5074848532676697
0.9327126145362854
0.7703693509101868
0.61412513256073
0.6324950456619263
0.6538074016571045
0.4763416051864624
0.7624648809432983
0.745147705078125
0.6876874566078186
0.7047178745269775
0.9273784160614014
0.5975731611251831
0.9329155087471008
0.999828040599823
1.038620114326477
0.47736430168151855
1.1903053522109985
0.5514265894889832
0.6669613122940063
0.855405330657959
0.7464592456817627
0.48335278034210205
0.7098825573921204
0.5742342472076416
0.7896944284439087
0.8213457465171814
0.48824283480644226
0.5893714427947998
0.8243716359138489
0.7170049548149109
0.5501823425292969
0.7026365399360657
0.580543041229248
0.7807537913322449
0.8281742334365845
0.9173941612243652
0.8042376637458801
0.4819793701171875
0.7092972993850708
0.6257233619689941
0.6710579991340637
0.560120165348053
1.177557349205017
0.6455583572387695
0.8527504205703735
0.8194848299026489
0.7059155702590942
0.9802812933921814
0.7097766399383545
0.6424528956413269
0.6806561350822449
0.6598238348960876
0.8036438226699829
2.062382936477661
0.6551497578620911
0.7286657691001892
0.5380346775054932
0.8086813688278198
0.5639729499816895
0.7062534093856812
0.5752609968185425
0.8416250944137573
0.6454806327819824
0.669384777545929
0.905967116355896
0.6039782166481018
0.7213635444641113
0.651339054107666
0.49860745668411255
0.5955096483230591
1.068817377090454
0.8917512893676758
0.9475813508033752
0.5306963920593262
0.6598989367485046
0.603166937828064
0.9127371907234192
0.7119719386100769
0.6941832304000854
0.4800916016101837
0.8905071020126343
0.9162667393684387
0.6265583038330078
0.7940813899040222
0.6211013793945312
0.6408423781394958
0.7410872578620911
0.7600771188735962
0.6461414694786072
0.7072272300720215
0.5712034106254578
0.6218876242637634
0.7334544658660889
0.713341236114502
0.5698671340942383
0.9001954197883606
0.7369365692138672
0.6221731305122375
0.740742027759552
0.43910980224609375
0.6783686876296997
0.44650784134864807
0.7094908952713013
0.7234199047088623
0.6849751472473145
0.5947651267051697
0.7059420943260193
0.39759349822998047
0.612391471862793
0.6813783049583435
0.4940938949584961
0.9904699921607971
0.6210551261901855
0.7373691201210022
0.8921672105789185
0.7193748354911804
0.60535728931427
0.7238465547561646
0.6219035387039185
0.5976550579071045
0.4441642463207245
0.45862293243408203
0.824769914150238
1.1731758117675781
0.4054906964302063
0.4980238676071167
0.8738329410552979
0.6492173671722412
0.5596020221710205
0.656320333480835
0.5672600865364075
0.7232499122619629
0.5258885025978088
0.5966464877128601
0.9274678826332092
0.744945764541626
0.6027990579605103
0.7077351212501526
0.5454251170158386
0.4828813672065735
0.6721314191818237
0.701602578163147
0.9059412479400635
0.8971445560455322
0.6284902095794678
0.7400010228157043
0.6104803085327148
0.5961466431617737
0.889481782913208
0.7899003028869629
0.9105467796325684
0.4089459180831909
0.7105944752693176
0.6290568709373474
0.5327031016349792
0.7991781234741211
0.6693019866943359
0.7761716246604919
0.6782670617103577
0.6129308938980103
0.5614241361618042
0.6067230701446533
0.6071006059646606
0.4950042963027954
0.6714743971824646
0.7692471742630005
0.6966810822486877
0.7597737312316895
0.6610808372497559
0.549019992351532
0.5335466861724854
1.1702475547790527
0.7374558448791504
0.6608954071998596
0.7669308185577393
0.7459072470664978
0.4917382597923279
0.5928730964660645
1.03494393825531
0.9062198400497437
0.8409663438796997
0.6002222299575806
0.7060447931289673
0.7204800248146057
0.7660179734230042
0.8725869655609131
0.56938636302948
0.5858830809593201
0.5414236187934875
0.5388984680175781
0.5196628570556641
0.5721498131752014
0.5158020257949829
0.49054524302482605
0.5139272809028625
0.8218494057655334
0.6812210083007812
1.0525352954864502
0.6257679462432861
0.6822654604911804
0.6812815070152283
0.6122889518737793
0.5884620547294617
0.6093980073928833
0.45367470383644104
0.9840772151947021
0.8325930833816528
0.6892963647842407
0.9903384447097778
0.695694088935852
0.9307869672775269
0.9418558478355408
0.8966192603111267
0.6808304190635681
0.5379720330238342
0.8935752511024475
0.5792514085769653
0.5840513706207275
0.6833365559577942
0.6353263854980469
0.7211334705352783
0.8504616022109985
0.657738447189331
0.609355628490448
0.7090470790863037
0.7740384936332703
0.545596718788147
0.8144234418869019
0.700017511844635
0.7436707019805908
0.7241925001144409
0.6070802807807922
0.716109573841095
0.6274639368057251
0.7606632709503174
0.5364960432052612
0.628669023513794
0.6826339960098267
0.5250874757766724
0.7130878567695618
0.5127754211425781
0.7026454210281372
0.6242592930793762
0.6221202611923218
0.6215391159057617
0.6276364326477051
0.6584203243255615
0.8566229939460754
0.7833213806152344
0.8079448342323303
0.5396024584770203
0.5980088710784912
0.5830401182174683
0.6533585786819458
0.7898296117782593
0.689983069896698
0.491013765335083
0.5746984481811523
0.5746586322784424
0.9505205154418945
0.5018377900123596
0.6406593322753906
0.5623592734336853
0.6115555763244629
0.8197264075279236
0.47837722301483154
0.9503457546234131
0.5359799861907959
0.49990448355674744
0.6076741814613342
0.6601276397705078
0.6156017184257507
0.7642209529876709
0.49234694242477417
0.5812021493911743
0.6457232236862183
0.6746028661727905
0.5989675521850586
0.6902536749839783
0.8837748765945435
0.6297563314437866
0.6132078170776367
0.5663514137268066
1.3749624490737915
0.5852893590927124
0.7312071919441223
0.8674382567405701
0.6675266027450562
0.5808539986610413
0.5715715289115906
0.5069584250450134
0.5617672801017761
0.7921679019927979
0.6099482774734497
0.7365386486053467
0.7320215702056885
0.724158763885498
0.5568877458572388
0.5694609880447388
0.4732227325439453
0.8831968903541565
0.6459207534790039
0.5999867916107178
0.8737547397613525
0.6117235422134399
0.4902244210243225
0.6380441188812256
0.5184366703033447
0.6264442205429077
0.6354455351829529
0.637661337852478
0.7572062015533447
0.6074527502059937
0.6195918321609497
0.38761353492736816
0.7405735850334167
0.6025853157043457
0.4642595052719116
0.7948089838027954
0.9525352120399475
0.7394980192184448
0.5425596833229065
1.1178479194641113
0.5361173748970032
0.8721195459365845
0.5810497999191284
0.5759605765342712
0.6603018045425415
0.6248514652252197
0.4838518500328064
0.5583035945892334
0.5726712942123413
0.6449007987976074
0.4899146258831024
0.5425141453742981
0.8168066740036011
0.6403430104255676
1.2232692241668701
0.4763374328613281
0.8662818670272827
0.7927829027175903
0.7780892848968506
0.6510317325592041
0.8059468269348145
1.033560037612915
0.5276100039482117
0.6067672967910767
1.1161110401153564
0.5675932168960571
0.8440883159637451
0.5790656805038452
0.6212379932403564
0.659660816192627
0.7190179228782654
0.7251682877540588
0.7385894656181335
0.530470609664917
0.9187642931938171
0.6244148015975952
0.8069859147071838
0.538918137550354
0.5792897343635559
0.5523221492767334
0.5347763895988464
0.5317438840866089
0.5560661554336548
0.5932163596153259
0.5007407665252686
0.5964894890785217
0.5366405248641968
0.594690203666687
0.6912760138511658
0.6697747707366943
0.7130592465400696
0.5352807641029358
0.7056629061698914
0.542229413986206
0.7513359785079956
0.6110395193099976
0.7807291746139526
0.6232635378837585
1.0317378044128418
0.8037668466567993
0.5791037678718567
0.5770249366760254
0.7384476661682129
0.42547088861465454
0.5952868461608887
0.5784900784492493
0.716193437576294
0.7493233680725098
0.7378088235855103
0.5195818543434143
0.6961702704429626
0.8823727369308472
0.779998779296875
0.7413597702980042
0.6056753396987915
0.4421491026878357
0.6965212821960449
0.6161611080169678
0.5224621295928955
0.5120471119880676
0.6183818578720093
0.6122530698776245
0.8501840233802795
0.563726544380188
0.5082476139068604
0.6554166674613953
0.5672821998596191
0.6477566361427307
0.5536848306655884
0.5971950888633728
0.5339565873146057
0.5545583963394165
0.43846604228019714
0.5152695178985596
0.6105650663375854
0.6018193364143372
0.6233079433441162
0.5343371629714966
0.6427422761917114
0.5306758284568787
0.4669398367404938
0.9862746596336365
0.5490826368331909
0.645721435546875
0.5244587063789368
0.4828968346118927
0.5133024454116821
0.6422820687294006
0.6289376020431519
0.7004474401473999
0.5042087435722351
0.6224715709686279
0.986194372177124
0.6651338934898376
0.8710068464279175
0.6536377668380737
0.5406417846679688
0.5097614526748657
0.6298931837081909
0.4581267833709717
0.5687121152877808
0.49801450967788696
0.5912926197052002
0.5874966979026794
1.1127793788909912
0.704667866230011
0.7788269519805908
0.44552069902420044
0.46437835693359375
0.6184670925140381
0.4937606453895569
0.5327574610710144
0.7648659944534302
0.5686373710632324
1.1006642580032349
0.5866801142692566
0.5189061760902405
0.5425113439559937
0.661908745765686
0.7198491096496582
0.5874523520469666
0.6234039068222046
0.4434034526348114
0.48630404472351074
0.7856866121292114
0.5874851942062378
0.4889290928840637
0.48786237835884094
0.4879220128059387
0.5551695227622986
0.5351349115371704
0.4647902846336365
0.49645164608955383
0.8154792785644531
0.6560894250869751
0.5136778354644775
0.5360113978385925
0.6451423168182373
0.6841773986816406
0.46842920780181885
0.4744288921356201
0.4073401689529419
0.6457077860832214
0.8321857452392578
0.38859301805496216
0.7633882164955139
0.4974183738231659
0.71783447265625
0.4498775005340576
0.6517733931541443
0.5698606967926025
0.5677925944328308
0.5077235698699951
0.6701676845550537
0.5172303318977356
0.7027267217636108
0.6146247386932373
0.5352729558944702
0.6352875828742981
0.701604962348938
0.49006932973861694
0.6432785987854004
0.7783662676811218
0.7953678369522095
0.5686732530593872
0.8822023868560791
0.4710448086261749
0.49918055534362793
0.6475726962089539
0.5933712720870972
0.7001475095748901
0.7574096322059631
0.6152048707008362
0.5778990387916565
0.6319527626037598
0.6317136287689209
0.559509813785553
0.5565027594566345
0.5522799491882324
0.4633852243423462
0.5139977335929871
0.42975252866744995
0.4982815384864807
0.5460650324821472
0.4777590334415436
0.4823382496833801
0.4759331941604614
0.7593041658401489
0.5340086817741394
0.501219630241394
0.6470018625259399
0.5077084898948669
0.6580381393432617
0.5474643707275391
0.6154196858406067
0.8117033243179321
0.5291925668716431
0.5561447143554688
0.4899447560310364
0.8286513090133667
0.960057258605957
0.7324490547180176
0.6650028228759766
0.6314316391944885
0.5595828294754028
0.734192967414856
0.6278700828552246
0.6254106760025024
0.7669340372085571
0.4542689621448517
0.940291166305542
0.40117964148521423
0.7752878069877625
0.7186157703399658
0.6137247085571289
0.4309558868408203
0.571385383605957
0.6880954504013062
0.8022894859313965
0.609271764755249
0.45461997389793396
0.574253261089325
0.7167770862579346
0.5661488771438599
0.652860164642334
0.5043529272079468
0.8596827983856201
0.642098069190979
0.5368445515632629
0.6388195753097534
0.6226523518562317
1.5781850814819336
0.9039682149887085
0.5663266181945801
0.6574354767799377
0.5967230200767517
0.3713304102420807
0.7047239542007446
0.6326316595077515
0.917323112487793
0.6127426028251648
0.5209677815437317
0.6028303503990173
0.6341244578361511
0.5942537784576416
0.49079471826553345
0.46796807646751404
0.7036451101303101
0.3531283140182495
0.5377627611160278
0.3813592195510864
0.5839734077453613
0.5011986494064331
0.4837474226951599
0.7238482236862183
0.6344014406204224
0.5628567934036255
0.5850698351860046
0.6152383685112
0.5531505942344666
0.7504369020462036
0.5741866827011108
0.7030704617500305
0.4637983441352844
0.8733795881271362
0.5065281391143799
0.45935553312301636
0.4952548146247864
0.4877278506755829
0.4926634430885315
0.44334304332733154
0.697080135345459
0.5932258367538452
0.593146800994873
0.5651422739028931
0.8201743960380554
0.3885146975517273
0.46110036969184875
0.7120522260665894
0.7144414186477661
0.5265544056892395
0.49273818731307983
0.6579335927963257
0.45384538173675537
0.7015312910079956
0.5239761471748352
0.5007801055908203
0.6765767335891724
0.6067519187927246
0.5131503343582153
0.500973105430603
0.43256741762161255
0.5008115768432617
0.5183398723602295
0.5529119372367859
0.8143133521080017
0.6973978281021118
0.46737635135650635
0.7495514154434204
0.5280784368515015
0.6973679065704346
0.46591717004776
0.620539128780365
0.6855337619781494
0.6570694446563721
0.6043829917907715
0.7505927085876465
0.6845132112503052
0.3958217203617096
0.543309211730957
0.79860919713974
0.7284119129180908
0.598480224609375
0.5447930097579956
0.6102677583694458
0.6248846054077148
0.6195715069770813
0.3727320432662964
0.5095116496086121
0.68059241771698
0.554329514503479
0.5168724656105042
0.4001557230949402
0.6075028777122498
0.4330022931098938
0.5567165613174438
0.5989699363708496
0.5611817836761475
0.48894035816192627
0.6844322681427002
0.6135255098342896
0.6797749996185303
0.6277562379837036
0.5466089844703674
0.7278144359588623
0.6484240293502808
0.5002011060714722
0.5992803573608398
0.5835806131362915
0.519312858581543
0.43289682269096375
0.7591879367828369
0.5593717694282532
0.607018232345581
0.5514202117919922
0.47007399797439575
0.4693726897239685
0.5766490697860718
0.650261402130127
0.6456171274185181
0.4640597999095917
0.5058146119117737
0.44381260871887207
0.6212042570114136
0.5174422860145569
0.4637751579284668
0.5009244084358215
0.6581910848617554
0.6934764981269836
0.39182111620903015
0.47370386123657227
0.590618371963501
0.6068973541259766
0.4598299264907837
0.5886081457138062
0.523646354675293
0.4424096941947937
0.7626973390579224
0.5750570893287659
0.6653082370758057
0.45683062076568604
0.4613819420337677
0.8668832778930664
0.46417373418807983
0.5237362384796143
0.5739129781723022
0.5552759170532227
0.4263230562210083
0.5525389909744263
0.7619195580482483
0.5834695100784302
0.5157321691513062
0.5787019729614258
0.6009212732315063
0.9083250761032104
0.769178032875061
0.6735671758651733
0.4840673804283142
0.5976312160491943
0.549872875213623
0.4141249656677246
0.7096145153045654
0.7451111674308777
0.5069208741188049
0.5870866775512695
0.4836903512477875
0.5743992328643799
0.37026822566986084
0.4801406264305115
0.5972639918327332
0.7432793974876404
0.4608820080757141
0.6456609964370728
0.5728336572647095
0.583943247795105
0.6705690622329712
0.5133785009384155
0.4712147116661072
0.5309720635414124
0.5975427031517029
0.6874479055404663
0.5891260504722595
0.8406160473823547
0.5742517709732056
0.4564847946166992
0.4113163650035858
0.457461416721344
0.5149097442626953
0.744333028793335
0.45346927642822266
0.73872971534729
0.6504007577896118
0.4325419068336487
0.7154209613800049
0.546667218208313
0.6332698464393616
0.5546402931213379
0.4868287444114685
0.38968411087989807
0.979077935218811
0.5090130567550659
0.7785806655883789
0.38502538204193115
0.5088886618614197
0.57941734790802
0.48985299468040466
0.766115665435791
0.8302320241928101
0.6530560851097107
0.5240992307662964
0.7197079658508301
1.0320295095443726
1.0203715562820435
0.5240735411643982
0.46903103590011597
0.46036744117736816
0.5756328701972961
0.48930823802948
0.7530170679092407
0.5489946007728577
0.43140676617622375
0.4418295621871948
0.5387537479400635
0.58524090051651
0.5492172241210938
0.5421568751335144
0.6663984060287476
0.39809882640838623
0.6214172840118408
0.6442502737045288
0.500385582447052
0.5037413239479065
0.7162014245986938
0.48807021975517273
0.7528115510940552
0.4490361213684082
0.8907533288002014
0.7459122538566589
0.5668693780899048
0.7760565280914307
0.6741369962692261
0.6897519826889038
0.6461308002471924
0.7467865347862244
0.5524319410324097
0.47879505157470703
0.5103060603141785
0.7762050032615662
0.8475266098976135
0.427201509475708
0.6764087677001953
0.6144181489944458
0.49433788657188416
0.4906805753707886
0.6033909320831299
0.6382616758346558
0.502568244934082
0.9287686347961426
0.6909201741218567
0.4990711212158203
0.6272892951965332
0.5956100225448608
0.4729786217212677
0.4980767071247101
0.44859546422958374
0.4746176600456238
0.3968748450279236
0.5529047250747681
0.5991359949111938
0.637679934501648
0.37453609704971313
0.5173215866088867
0.4604145884513855
0.48496538400650024
0.6520645022392273
0.6927855014801025
0.5397005677223206
0.5413510203361511
0.6126089096069336
0.6335835456848145
0.43601909279823303
0.643237829208374
0.675823986530304
0.5697078108787537
0.6997075080871582
0.7796852588653564
0.4209442734718323
0.48304152488708496
0.5919619798660278
0.388324499130249
0.4562563896179199
0.5938422679901123
0.5765209197998047
0.583631157875061
0.4929521977901459
0.5201380252838135
0.6210614442825317
0.43468356132507324
0.8646647334098816
0.5449058413505554
0.5323470234870911
0.6509460210800171
0.5894039273262024
0.5107229948043823
0.5988757610321045
0.8275843262672424
0.7751308679580688
0.5891720056533813
0.5571393966674805
0.49954089522361755
0.6177912354469299
0.6063692569732666
0.5273019671440125
0.5085136294364929
0.6066756248474121
0.5149749517440796
0.5951700806617737
0.459780752658844
0.4686758518218994
0.5339834690093994
0.5174962282180786
0.4596724212169647
0.6179035902023315
0.6075288653373718
0.5879150629043579
0.44666972756385803
0.3997396230697632
0.4785139262676239
0.46038132905960083
0.5445239543914795
0.481900155544281
0.5603055953979492
0.6429087519645691
0.5617007613182068
0.6764158010482788
0.4023745357990265
0.6651279330253601
0.6692730784416199
0.6176140904426575
0.5333638191223145
0.5725544691085815
0.5592008829116821
0.4456540644168854
0.5369617938995361
0.49859553575515747
0.692473292350769
0.5396913290023804
0.5054271221160889
0.7399520874023438
1.1892662048339844
0.45337891578674316
0.5422313213348389
0.49562084674835205
0.500645637512207
0.5232075452804565
0.4359496831893921
0.44594526290893555
0.4750385582447052
0.4258424639701843
0.4176015555858612
0.6006675958633423
0.4532817304134369
0.6886320114135742
0.48145437240600586
0.48674339056015015
0.6420964598655701
0.4342647194862366
0.5119959115982056
0.5129317045211792
0.6469385027885437
0.5284265875816345
0.6605158448219299
0.5373868942260742
0.6385995149612427
0.6147098541259766
0.4415665566921234
0.7085593342781067
0.5618125796318054
0.7098345160484314
0.5319985747337341
0.431535542011261
0.5251376628875732
0.7842478156089783
0.3854979872703552
0.507616400718689
0.4782761335372925
0.5239479541778564
0.6057019233703613
0.5894746780395508
0.5464860200881958
0.42286416888237
0.41198229789733887
0.8963904976844788
0.6953291893005371
0.5025177001953125
1.1368337869644165
0.39133989810943604
0.46480026841163635
0.4450152516365051
0.4261714816093445
0.4301469922065735
0.5253568291664124
0.4811719059944153
0.5017038583755493
0.5347408056259155
0.5337084531784058
0.6111124753952026
0.6381568312644958
0.5812334418296814
0.774954080581665
0.4239012897014618
0.4643207788467407
0.5070549845695496
0.5712369084358215
0.529807984828949
0.5713220834732056
0.7005655765533447
0.5434600114822388
0.6545724868774414
0.5002942085266113
0.388952374458313
0.6163750886917114
0.7152644395828247
0.6653926372528076
0.5232652425765991
0.5464312434196472
0.634294867515564
0.5319791436195374
0.5620414018630981
0.6583928465843201
0.5806415677070618
0.5913953185081482
0.43049776554107666
0.5367161631584167
0.461791455745697
0.6677991151809692
0.6125634908676147
0.7045326232910156
0.6114518642425537
0.7377352118492126
0.5216339826583862
0.5348149538040161
0.7910775542259216
0.7536492347717285
0.5463891625404358
0.5771833658218384
0.4745512008666992
0.451495885848999
0.5965900421142578
0.6819598078727722
0.4866911768913269
0.419426828622818
0.5600820779800415
0.4515106678009033
0.631807804107666
0.734822154045105
0.6108596920967102
0.44512155652046204
0.4568917751312256
0.600556492805481
0.6642354726791382
0.5105340480804443
0.5495587587356567
0.7490191459655762
0.4512154757976532
0.9749720692634583
0.46621665358543396
0.5142923593521118
0.5772885084152222
0.37075838446617126
0.4477153420448303
0.5101796388626099
0.42772841453552246
0.41635236144065857
0.726561427116394
0.7138280272483826
0.6591575145721436
0.6686797142028809
0.5370184183120728
0.5477921962738037
0.5151938796043396
0.6213610768318176
0.7348937392234802
0.5684138536453247
0.4073125720024109
0.6204973459243774
0.6991526484489441
0.5665671229362488
0.5848193168640137
0.5490652918815613
0.6684420108795166
0.5302259922027588
0.6741328239440918
0.5305792093276978
0.5951520204544067
0.7272729873657227
0.5149385929107666
0.5645840167999268
0.4859040379524231
0.7445911169052124
0.5695400238037109
0.700668215751648
0.5916318893432617
0.4612911343574524
0.640961766242981
0.515723705291748
0.7154805064201355
0.8203179836273193
0.5465417504310608
0.521523654460907
0.5485950112342834
0.6917099356651306
0.48606234788894653
0.6402974128723145
0.6830692291259766
0.5110864043235779
0.6574800610542297
0.41992634534835815
0.543311357498169
0.45126110315322876
0.5862975120544434
0.651276707649231
0.5525543689727783
0.5034193992614746
0.6110057830810547
0.6743890047073364
0.45917654037475586
0.7576162815093994
0.4561108350753784
0.4397294521331787
0.5772374868392944
1.3131779432296753
0.662748396396637
0.5242671370506287
0.5853177309036255
0.45951712131500244
0.6171029806137085
0.6772316694259644
0.5943124294281006
0.6850431561470032
0.7197784185409546
0.4373399019241333
0.3984866142272949
0.6372814178466797
0.4561495780944824
1.212457537651062
0.4887552261352539
0.5359612107276917
0.7074072360992432
0.6622186303138733
0.5931481719017029
0.6269203424453735
0.5508812665939331
0.5316802263259888
0.47157299518585205
0.5460200309753418
0.5213147401809692
0.6520954370498657
0.4464115500450134
0.4593815505504608
0.8078371286392212
0.4555789828300476
0.48271214962005615
0.500827968120575
0.8259495496749878
0.7278952598571777
0.8306301832199097
0.6070493459701538
0.44012343883514404
0.4516258239746094
0.4551751911640167
0.39348840713500977
0.4660297632217407
0.4389551281929016
0.6612194180488586
0.565389096736908
0.4260327219963074
0.3705393075942993
0.5840600728988647
0.5421226024627686
0.43465083837509155
0.6606983542442322
0.42110925912857056
0.608750581741333
0.5644277334213257
0.6778265237808228
0.5953364372253418
0.5547149181365967
0.5083044767379761
0.4382573366165161
0.4095335304737091
0.48278146982192993
0.797600269317627
0.660228967666626
0.5368616580963135
0.6729971766471863
0.6739403009414673
0.49165821075439453
0.6415985226631165
0.4464879631996155
0.61332106590271
0.4685051739215851
0.6970332860946655
0.5275912284851074
0.3725762367248535
0.48869216442108154
0.6435389518737793
0.4156837463378906
0.5855094790458679
0.6354811191558838
0.5625186562538147
0.7522221803665161
0.5503265857696533
0.7225631475448608
0.5648230314254761
0.6618764400482178
0.5799226760864258
0.5130865573883057
0.6235605478286743
0.42121657729148865
0.48852354288101196
0.5453225374221802
0.4303780794143677
0.7468263506889343
0.5083987712860107
0.4999218285083771
0.3872910439968109
0.6757499575614929
0.6904480457305908
0.467552125453949
0.5067441463470459
0.7073965668678284
0.5706338882446289
0.4435093402862549
0.5091609358787537
0.705382227897644
0.507663369178772
0.6217223405838013
0.45569688081741333
0.8679355382919312
0.4451146721839905
0.6290117502212524
0.581622838973999
0.5434931516647339
0.6060487031936646
0.42538100481033325
0.4165235757827759
0.5775321125984192
0.7180460095405579
0.7519184350967407
0.5294387340545654
0.5728544592857361
0.4516386389732361
0.5587767958641052
0.4824672341346741
0.47095632553100586
0.660900890827179
0.5532549619674683
0.4855138063430786
0.5180090665817261
0.4129517376422882
0.6438152194023132
0.582414984703064
0.7303415536880493
0.5814328789710999
0.5220462083816528
0.6461135745048523
0.6493354439735413
0.5443501472473145
0.6170181035995483
0.9191162586212158
0.46497294306755066
0.5981373190879822
0.5204132795333862
0.47254663705825806
0.631740391254425
0.661897599697113
0.5690326690673828
0.5656213164329529
0.47444993257522583
0.6439439058303833
0.4400129020214081
0.4628686308860779
0.5896660685539246
0.41834428906440735
0.5513025522232056
0.49588948488235474
0.5696777701377869
0.5181673765182495
0.5386468172073364
0.4827471375465393
0.5816667675971985
0.4144884943962097
0.5082892775535583
0.5880240797996521
0.564777135848999
0.596520185470581
0.5649462938308716
0.47415900230407715
0.472188800573349
0.6665306687355042
0.7533807754516602
0.5353155732154846
0.6071138978004456
0.5130509734153748
0.5343282222747803
0.4576146900653839
0.5618585348129272
0.46372073888778687
0.7026956081390381
0.4395473599433899
0.5447795391082764
0.5282199382781982
0.7160471081733704
0.6574511528015137
0.5627366304397583
0.39569300413131714
0.48277318477630615
0.4146590828895569
0.44167011976242065
0.5822609663009644
0.8191150426864624
0.6039434671401978
0.7079217433929443
0.6159677505493164
0.578218936920166
0.5486713647842407
0.9042682647705078
0.8425631523132324
0.49753332138061523
0.42730820178985596
0.6444199085235596
0.5458569526672363
0.6049312353134155
0.46717968583106995
0.7474234700202942
0.4903547763824463
0.5105549097061157
0.556175708770752
0.579453706741333
0.51292884349823
0.9394243955612183
0.4560081362724304
0.6389199495315552
0.4601778984069824
0.5095897912979126
0.649120032787323
0.509874165058136
0.8962538242340088
0.9490662813186646
0.41002705693244934
0.5789192318916321
0.5156022310256958
0.6100640296936035
0.7125150561332703
1.0104663372039795
0.4694839119911194
0.5726475119590759
0.5407804846763611
0.8843362927436829
0.4752642810344696
0.4877076745033264
0.6000033617019653
0.7487364411354065
0.6628863215446472
0.39818593859672546
0.4457440972328186
0.42192670702934265
0.697485089302063
0.42213428020477295
0.506321907043457
0.6538213491439819
0.450409471988678
0.45948049426078796
0.8303835391998291
0.5387357473373413
0.522504448890686
0.393299400806427
0.6106430292129517
0.512823224067688
0.907931923866272
0.5887269973754883
0.5025525093078613
0.5206468105316162
0.4116382300853729
0.8248223066329956
0.6225913763046265
0.7848565578460693
0.7340710759162903
1.0281747579574585
0.5163922309875488
0.5326193571090698
0.6163756847381592
0.5202715396881104
0.4654236435890198
1.0112310647964478
0.4356532692909241
0.549075722694397
0.7696055769920349
0.502094030380249
0.5181184411048889
0.6077708005905151
0.504328727722168
0.6787401437759399
0.5200449228286743
0.48787713050842285
0.581077516078949
0.4911380708217621
0.4580671787261963
0.6480834484100342
0.5407618880271912
0.5288115739822388
0.6577422022819519
0.4400957226753235
0.6626827716827393
0.7437261343002319
0.48299241065979004
0.6321799755096436
0.4587485194206238
0.441547155380249
0.5433761477470398
0.7117870450019836
0.5029840469360352
0.5186254978179932
0.3854491710662842
0.5058493614196777
0.6483206748962402
0.5330702066421509
0.4766138195991516
0.7589681148529053
0.4245113730430603
0.3720862567424774
0.8007783889770508
0.4607008099555969
0.7701168060302734
0.6415514349937439
0.5036394596099854
0.5328956246376038
0.6335508823394775
0.36025822162628174
0.44589465856552124
0.7653038501739502
0.4437703490257263
0.39170050621032715
0.4842468500137329
0.5466461181640625
0.6376161575317383
0.6132571697235107
0.6287474632263184
0.6985046863555908
0.5422813892364502
0.5018385648727417
0.4208340048789978
0.48721280694007874
0.5279353857040405
0.7010542154312134
0.5900828242301941
0.45631295442581177
0.573540449142456
0.6448689699172974
0.6010833978652954
0.45377445220947266
0.6453589200973511
0.42458057403564453
0.7584511041641235
0.5452288389205933
0.4614102840423584
0.5035965442657471
0.5564833283424377
0.4554886817932129
0.47499147057533264
0.40890634059906006
0.5858439207077026
0.7178760766983032
0.5104460716247559
0.6870266199111938
0.4718087911605835
0.5763952732086182
0.5299878120422363
0.5131139755249023
0.4648593068122864
0.6324774622917175
0.45013460516929626
0.6673358678817749
0.4389272928237915
0.6005394458770752
0.5805486440658569
0.488884836435318
0.46957817673683167
0.5641565322875977
0.48290812969207764
0.6343228816986084
0.49421241879463196
0.7737270593643188
0.4202042818069458
0.775169312953949
0.4470592141151428
0.47052085399627686
0.5763658881187439
0.6601812839508057
1.4908015727996826
0.7973364591598511
0.5061330199241638
0.48349446058273315
0.4945715367794037
0.4678562879562378
0.6115318536758423
0.6281219720840454
0.5763491988182068
0.5030680894851685
0.6042646169662476
0.6434610486030579
0.5952088832855225
0.6079168915748596
0.45270204544067383
0.619621992111206
0.43936604261398315
0.47655725479125977
0.988104522228241
0.6114398241043091
0.4633430242538452
0.5968968868255615
0.8907888531684875
0.4949212968349457
0.4680331349372864
0.6288784742355347
0.4796128273010254
0.6849333047866821
0.6049599051475525
0.634129524230957
0.5471960306167603
0.4722451865673065
0.5188761949539185
0.6028306484222412
0.48080599308013916
0.7930556535720825
0.4711381196975708
0.61897873878479
0.5758665204048157
0.43748992681503296
0.6415517330169678
0.4264299273490906
0.43123549222946167
0.5914193391799927
0.8685405254364014
0.4778149724006653
0.6715081930160522
0.5410017371177673
0.6559175252914429
0.5286254286766052
0.42305174469947815
0.4313820004463196
0.5311940312385559
0.5944157838821411
1.0295225381851196
0.8227792978286743
0.671179473400116
0.4989486336708069
0.514906108379364
0.6248998641967773
0.5905289053916931
0.5838652849197388
0.5511133670806885
0.9323997497558594
0.46526673436164856
0.38948941230773926
0.45316004753112793
0.6051795482635498
0.5205787420272827
0.43174535036087036
0.436074435710907
0.46146655082702637
0.710776150226593
0.40928807854652405
0.4095615744590759
0.7417504787445068
0.5194796323776245
0.4531189799308777
0.5407009720802307
0.5753697752952576
0.513325572013855
0.5728366374969482
0.46429717540740967
0.6788762807846069
0.8110554218292236
0.6081068515777588
0.6502691507339478
0.6954603791236877
1.030699610710144
0.5322641730308533
0.4284195303916931
0.6855467557907104
0.5766834616661072
0.5398803949356079
0.4714851975440979
0.49942946434020996
0.6849534511566162
0.44678401947021484
0.4546942710876465
0.5056878328323364
0.5836357474327087
0.5651255249977112
0.6009665727615356
0.48149096965789795
0.48646271228790283
0.6463520526885986
0.5121893286705017
0.4858357012271881
0.573123574256897
0.5798797607421875
0.38589999079704285
1.0256750583648682
0.49630558490753174
0.6907593607902527
0.7982835173606873
0.5589136481285095
0.4629902243614197
0.6279253959655762
0.6135011911392212
0.5175143480300903
0.4391760528087616
0.6545536518096924
0.3639758825302124
0.4329608678817749
0.6348036527633667
0.5490670800209045
0.4787905812263489
0.5256404876708984
0.49573686718940735
0.47288233041763306
0.6879242658615112
0.7143759727478027
0.5655250549316406
0.4745804965496063
0.7207905650138855
0.45979398488998413
0.5436189770698547
0.6777260303497314
0.5850470662117004
0.4765564799308777
0.5638595819473267
0.7007913589477539
0.45345258712768555
0.48853105306625366
0.5378216505050659
0.612174928188324
0.4727163016796112
0.6098644733428955
0.8491228818893433
0.4633968472480774
0.8543113470077515
0.446611225605011
0.7938479781150818
0.4575039744377136
0.42548567056655884
0.5640400648117065
0.742501437664032
0.4818150997161865
0.46906769275665283
0.42347434163093567
0.5816504955291748
0.49583739042282104
0.604709804058075
0.4442998170852661
0.3405717611312866
0.569677472114563
0.4093361496925354
0.4036834239959717
0.7148868441581726
0.4744090437889099
0.6085554957389832
0.6479566693305969
0.5006787180900574
0.5632451772689819
0.45327943563461304
0.5914590954780579
0.448010116815567
0.710252046585083
0.483774870634079
0.8690831065177917
0.5546679496765137
0.7169651985168457
0.5443356037139893
0.4825267195701599
0.8144280910491943
0.6440965533256531
0.5086658000946045
0.5385928750038147
0.6934032440185547
0.47007232904434204
0.5365617275238037
0.516551673412323
0.47067973017692566
0.5227785110473633
0.6117576956748962
0.49155181646347046
0.7649370431900024
0.5442524552345276
0.8594084978103638
0.42539528012275696
0.4817315340042114
0.8022151589393616
0.492347776889801
0.5546977519989014
0.4027267098426819
0.46673527359962463
0.4681168496608734
0.5862371921539307
0.6934725046157837
0.4540930688381195
0.5795953273773193
0.5829271078109741
0.4983694553375244
0.4982427656650543
0.7136096358299255
0.5123183131217957
0.8924686908721924
0.741428017616272
0.4301675856113434
0.4460586905479431
0.6652444005012512
0.5873684287071228
0.4612081050872803
0.644241213798523
0.3875771164894104
0.3582807779312134
0.9163312911987305
0.5490467548370361
0.7505823373794556
0.40145495533943176
0.738482654094696
0.4587932825088501
0.5322662591934204
0.41772252321243286
0.6456397771835327
0.5664739012718201
0.6094381809234619
0.47338902950286865
0.7974398732185364
0.40498971939086914
0.436295747756958
0.43523460626602173
0.379309743642807
0.9299255013465881
0.5100795030593872
0.4634920656681061
0.6190718412399292
0.5951266884803772
0.8370739817619324
0.5852420330047607
0.6741642951965332
0.46140819787979126
0.6200981736183167
0.7887113690376282
0.5153828859329224
0.5926217436790466
0.7128157019615173
0.6056089401245117
0.41384443640708923
0.6409145593643188
0.5513342022895813
0.6671392917633057
0.6738982200622559
0.5672677755355835
0.5053507089614868
0.6531531810760498
0.5023866891860962
0.7693370580673218
0.5458444952964783
1.0399528741836548
0.44465774297714233
0.48092570900917053
0.5121802091598511
0.43732044100761414
0.5396896600723267
0.6750565767288208
0.6630935668945312
0.3885331153869629
0.4798661172389984
0.950084924697876
0.7027104496955872
0.4336889982223511
0.6056209802627563
0.7300819158554077
0.6370535492897034
0.4049219787120819
0.5007580518722534
0.4558680057525635
0.5441445112228394
0.5562888979911804
0.45175671577453613
0.5384036302566528
0.4452008008956909
0.40495598316192627
0.4904387593269348
0.5104421973228455
0.6283371448516846
0.4430060386657715
0.6362789869308472
0.4686321020126343
0.5785759091377258
0.5430783033370972
0.6845440864562988
0.49548980593681335
0.3693361282348633
0.5358648896217346
0.6723315715789795
0.5358864665031433
0.4701181948184967
0.526947021484375
0.4078161418437958
0.5123085379600525
0.5004963874816895
0.560259222984314
0.6130430102348328
0.4124702513217926
0.44906073808670044
0.7562198638916016
0.49066799879074097
0.512582540512085
0.465581476688385
0.6114621162414551
0.45288729667663574
0.4080730974674225
0.8313989043235779
0.45153355598449707
1.1446795463562012
0.6071068644523621
0.7920702695846558
0.6304855346679688
0.7085797786712646
0.4581020474433899
0.4606785178184509
0.6298176050186157
0.9144601821899414
0.46877074241638184
0.6927454471588135
0.6907230615615845
0.5723583698272705
0.5346814393997192
0.4722074866294861
0.49951162934303284
0.5293964147567749
0.48328015208244324
0.4276030659675598
0.621805727481842
0.5086647272109985
0.5411028861999512
0.6442036032676697
0.5308976173400879
0.5194399356842041
0.5692501068115234
1.0145443677902222
0.43622124195098877
0.6378425359725952
0.4824395179748535
0.48648983240127563
0.4008742570877075
0.545202374458313
0.7435892820358276
0.586835503578186
0.6475214958190918
0.4906114339828491
0.5664341449737549
0.6263125538825989
0.5836657285690308
0.6397966146469116
0.4975506663322449
0.47282540798187256
0.38177490234375
0.5625530481338501
0.4419848918914795
0.6123434901237488
0.5288007259368896
0.6377480626106262
0.45049554109573364
0.5153143405914307
0.5488383769989014
0.6006145477294922
0.6203263998031616
0.6165056228637695
0.45348674058914185
0.4925110936164856
0.5630068182945251
0.5435810089111328
0.5427144169807434
0.551161527633667
0.5283269286155701
0.5698351860046387
0.41803431510925293
0.4596821069717407
0.46052706241607666
0.8294376134872437
0.472378671169281
0.6039540767669678
0.5257306098937988
1.1434009075164795
0.5596109628677368
0.4529988765716553
0.49568891525268555
0.4677332639694214
0.5033349990844727
0.6643373966217041
0.5403048992156982
0.48110949993133545
0.49080830812454224
0.8275339007377625
0.7797400951385498
0.6771119832992554
0.40528953075408936
0.6454314589500427
0.8502295017242432
0.6859298944473267
0.5829063653945923
0.5351579189300537
0.6321114301681519
0.5581235885620117
0.44073253870010376
0.6337565183639526
0.5445588231086731
0.447673499584198
0.5332835912704468
0.48251819610595703
0.5739027261734009
0.4509924650192261
0.5913591384887695
0.7917991876602173
0.5993787050247192
0.6901552677154541
0.4961339235305786
0.5384927988052368
0.6562004089355469
0.5812243223190308
0.7050769329071045
0.6699973344802856
0.5257283449172974
0.507829487323761
0.4854721426963806
0.6913836598396301
0.7420938014984131
0.47574859857559204
0.5944773554801941
0.4192083477973938
0.49669402837753296
0.5300767421722412
0.44111353158950806
0.6224459409713745
0.6331609487533569
0.5665775537490845
0.635600209236145
0.44478094577789307
0.43739503622055054
0.6099488735198975
0.5039361715316772
0.42856940627098083
0.7089591026306152
0.8257670402526855
0.6397873759269714
0.5188146829605103
0.5912662744522095
0.4823874235153198
0.7792260646820068
0.4236258566379547
0.5146231055259705
0.5293381810188293
0.7813882231712341
0.5924216508865356
0.5507506132125854
0.5534746646881104
0.48945534229278564
0.4661768078804016
0.6828158497810364
0.4365120530128479
0.4573209285736084
0.5704410672187805
0.48971307277679443
0.5159019231796265
0.6843756437301636
0.555687427520752
0.4385398030281067
0.4523128271102905
0.4981083571910858
0.6742420196533203
0.6183725595474243
0.6258649826049805
0.7031670212745667
0.5984594225883484
0.6096489429473877
0.4989844858646393
0.4049583673477173
0.5816899538040161
0.5188480019569397
0.6431553363800049
0.5504164695739746
0.6329878568649292
0.4647347033023834
0.5386549234390259
0.5474081635475159
0.5190675854682922
0.5975852012634277
0.5247706770896912
0.6948850750923157
0.4626249372959137
0.63124018907547
0.5382013320922852
0.6008695960044861
0.39267629384994507
0.4824563264846802
0.7189392447471619
0.4488855004310608
0.4620278477668762
0.4791278541088104
0.666394829750061
0.5401742458343506
0.47412437200546265
0.6094125509262085
0.5078266263008118
0.5169624090194702
0.6662137508392334
0.3538183867931366
0.4114410877227783
0.5609537959098816
0.530220627784729
0.8018695712089539
0.5571861267089844
0.45086854696273804
0.6051624417304993
0.6014025211334229
0.4556814432144165
0.39471736550331116
0.5570319890975952
0.42013323307037354
0.47631579637527466
0.642595648765564
0.48342669010162354
0.3848552405834198
0.9340840578079224
0.5861987471580505
0.4263826906681061
0.5126357674598694
0.5602906346321106
0.48063087463378906
0.7276228666305542
0.6178369522094727
0.48258519172668457
0.3952452838420868
0.9339503049850464
0.41732603311538696
0.568434476852417
0.4175862967967987
0.6623375415802002
0.4062865376472473
0.7187008261680603
0.6476309299468994
0.5406299233436584
0.7832443714141846
0.5158606767654419
0.5028499960899353
0.43650752305984497
0.4544130265712738
0.4815753698348999
0.45219337940216064
0.4111070930957794
0.7742201089859009
0.44110798835754395
0.5074896216392517
0.47149771451950073
0.5893447399139404
0.5910152196884155
0.5371020436286926
0.7966225147247314
0.4512439966201782
0.5567631721496582
0.47471392154693604
0.5233606696128845
0.5492147207260132
0.5201224684715271
0.3963102698326111
0.40350210666656494
0.721692681312561
0.5339033007621765
0.41065049171447754
0.5331642627716064
0.48138701915740967
0.8220423460006714
0.44962722063064575
0.42332249879837036
0.42641302943229675
0.49669086933135986
0.673376202583313
0.4797847867012024
0.6935597658157349
0.5665725469589233
0.6263923645019531
0.4493224024772644
0.6389597058296204
0.5098724365234375
0.458201140165329
0.5370718240737915
0.4895395040512085
0.5739678144454956
0.5189123749732971
0.5024528503417969
0.5737746953964233
0.6191621422767639
0.5512362122535706
0.45614495873451233
0.46570560336112976
0.44948893785476685
0.541232705116272
0.43832749128341675
0.6373372077941895
0.7031948566436768
0.4056185483932495
0.5569808483123779
0.543057382106781
0.5098784565925598
0.42646491527557373
0.41898027062416077
0.6982634663581848
0.7310967445373535
0.45523184537887573
0.4889346659183502
0.8213801383972168
0.42308321595191956
0.465810090303421
0.5939791202545166
0.6005882620811462
0.5456304550170898
0.382526695728302
0.698636531829834
0.41596004366874695
0.6397502422332764
0.6111317873001099
0.48885682225227356
0.5131489038467407
0.4226686656475067
0.5455095767974854
0.5041936039924622
0.5520297884941101
0.39510104060173035
0.3934462368488312
0.4897271990776062
0.42545878887176514
0.49263453483581543
0.7087444067001343
0.512553334236145
0.8146535158157349
0.5881461501121521
0.5240374803543091
0.5194350481033325
0.6035299301147461
0.5907965302467346
0.3493032455444336
0.5690443515777588
0.6936115026473999
0.7143903970718384
0.5714716911315918
0.5942882299423218
0.5530997514724731
0.5257294774055481
0.6571626663208008
0.4911673069000244
0.6889002323150635
0.38199445605278015
0.4762990474700928
0.589645504951477
0.6423183679580688
0.5453307628631592
0.6366139054298401
0.4874807894229889
0.5914519429206848
0.476779580116272
0.36770766973495483
0.4549756646156311
0.3987160325050354
0.4159870147705078
0.45991653203964233
0.4696820378303528
0.4453921914100647
0.5766156911849976
0.4731317460536957
0.5987775325775146
0.43685483932495117
0.5889021158218384
0.5076392292976379
0.5331699848175049
0.43677806854248047
0.37384486198425293
0.4793701171875
0.39473843574523926
0.45228272676467896
0.4808305501937866
0.5774645805358887
0.5714024305343628
0.5673669576644897
0.5088863372802734
0.39541202783584595
0.5815532207489014
0.45002228021621704
0.5316368341445923
0.4481784701347351
0.39667564630508423
0.42021024227142334
1.092093825340271
0.5976985692977905
0.4529455602169037
0.4749663472175598
0.7129298448562622
0.4025590419769287
0.42235177755355835
0.4409846067428589
0.487368643283844
0.6106095314025879
0.5051937699317932
0.5175862312316895
0.3963930010795593
0.6117857694625854
0.7312831878662109
0.48450788855552673
0.6264091730117798
0.5107325911521912
0.42159274220466614
0.452360600233078
0.45693886280059814
0.472054660320282
0.5892176032066345
0.5269339084625244
0.6740220189094543
0.5109186768531799
0.47281184792518616
0.5038225650787354
0.6017083525657654
0.4857631325721741
0.7302106618881226
0.44943517446517944
0.5964838862419128
0.4471966326236725
0.3713945150375366
0.4147211015224457
0.8956564664840698
0.49041855335235596
0.5776699781417847
0.40846869349479675
0.5058261156082153
0.3917059898376465
0.478421151638031
0.39663076400756836
0.5151703357696533
0.5709922313690186
0.48945292830467224
0.44182419776916504
0.5503988265991211
0.39560073614120483
0.5466303825378418
0.5628703832626343
0.5134158730506897
0.48487821221351624
1.058274507522583
0.46324530243873596
0.4314751923084259
0.501502513885498
0.5297915935516357
0.498521089553833
0.44920703768730164
0.5053965449333191
0.46371936798095703
0.5862431526184082
0.5557753443717957
0.547217845916748
0.5037579536437988
0.5526092648506165
0.46375179290771484
0.4201868176460266
0.440923810005188
0.5544396638870239
0.5106160640716553
0.6095697283744812
0.5309227705001831
0.42235398292541504
0.5190470814704895
0.6776952743530273
1.026383638381958
0.5483242869377136
0.4113612174987793
0.4495248794555664
0.5261529684066772
0.4770805835723877
0.6827359199523926
0.4355703294277191
0.5600810050964355
0.48309141397476196
0.8298921585083008
0.4535898268222809
0.48124536871910095
0.6334230303764343
0.6685134768486023
0.6531627774238586
0.637804388999939
0.550449788570404
0.6014712452888489
0.4362066686153412
0.475477397441864
0.37588953971862793
0.70439612865448
0.642881453037262
0.5880264043807983
0.6605381965637207
0.5000436902046204
0.6460524797439575
0.36771339178085327
0.39687609672546387
0.5486276149749756
0.4248737692832947
0.6064704656600952
0.8435324430465698
0.4536599814891815
0.642624020576477
0.4324795603752136
0.5226104259490967
0.5420852899551392
0.5814576148986816
0.45253658294677734
0.6168529987335205
0.43570107221603394
0.458896279335022
0.5686594843864441
0.5872208476066589
0.5228926539421082
0.3976438641548157
0.5725946426391602
0.51955246925354
0.48858344554901123
0.5073069930076599
0.44138985872268677
0.7290078401565552
0.3711584210395813
0.5124582648277283
0.40601906180381775
0.5876534581184387
0.6653859615325928
0.5704128742218018
0.41096678376197815
0.40347880125045776
0.4659445881843567
0.53057861328125
0.8773940801620483
0.5827473402023315
0.4310280680656433
0.8758242130279541
0.612668514251709
0.46516120433807373
0.6616146564483643
0.5177669525146484
0.6695713400840759
0.6945192813873291
0.5169806480407715
0.46868830919265747
0.6057793498039246
0.6818695664405823
0.4837130308151245
0.37909024953842163
0.3893095850944519
0.5121248960494995
0.47454115748405457
0.5087004899978638
0.4999335706233978
0.4894208312034607
0.3700577914714813
0.5548785924911499
0.4274865388870239
0.47193193435668945
0.7169685363769531
0.41635408997535706
0.6059738397598267
0.4004483222961426
0.4005897045135498
0.5224547982215881
0.4143444001674652
0.495111346244812
0.5082985758781433
0.4466366171836853
0.5002684593200684
0.4477671682834625
0.5802270770072937
0.41156330704689026
0.6426399350166321
0.5943495035171509
0.601664662361145
0.5232571959495544
0.5207252502441406
0.4487948417663574
0.5692774653434753
0.6515504121780396
0.47264963388442993
0.4073598086833954
0.4672108292579651
0.6256237030029297
0.5640124082565308
0.577434241771698
0.6423272490501404
0.6913900375366211
0.6367334723472595
0.4921727776527405
0.46814149618148804
0.46943116188049316
0.6117440462112427
0.584532618522644
0.5358144044876099
0.4640049338340759
0.40615397691726685
0.4119164049625397
0.531030535697937
0.4672186076641083
0.5389440059661865
0.7084276080131531
0.5045128464698792
0.45984959602355957
0.641247570514679
0.47736096382141113
0.7501365542411804
0.6559873223304749
0.4106718599796295
0.4390055537223816
0.8333116769790649
0.4164021611213684
0.6024087071418762
0.48792243003845215
0.8300449252128601
0.4613637924194336
0.516510009765625
0.5068753957748413
0.4499036371707916
0.47025832533836365
0.5775408148765564
0.679379940032959
0.5470749139785767
0.5265053510665894
0.5012055039405823
0.5141576528549194
0.692002534866333
0.5825275182723999
0.5196735858917236
0.5813127756118774
0.5502831935882568
0.4664158821105957
0.4522673189640045
0.46080684661865234
0.4792019724845886
0.36619430780410767
0.6006574630737305
0.4570848047733307
0.4125424325466156
0.4898778200149536
0.4552808403968811
0.546965479850769
0.7497056722640991
0.5613980889320374
0.4837808907032013
0.5454674959182739
0.4562901258468628
0.5626431703567505
0.43210774660110474
0.7043176293373108
0.42394742369651794
0.5685862302780151
0.386928915977478
0.4212886095046997
0.4094468951225281
0.5176398754119873
0.7275119423866272
0.49563950300216675
0.8463915586471558
0.49071526527404785
0.41364508867263794
0.5724265575408936
0.36858075857162476
0.44533389806747437
0.6752421259880066
0.46259209513664246
0.4990594983100891
0.4159088134765625
0.4157429039478302
0.39154770970344543
0.4641072154045105
0.7540507316589355
0.498263955116272
0.5700876712799072
0.41313010454177856
0.47983723878860474
0.40262043476104736
0.477845162153244
1.1145634651184082
0.43162399530410767
0.5832828283309937
0.47217345237731934
0.588679313659668
0.5312385559082031
0.5375068783760071
0.7119671106338501
0.5978572964668274
0.573230504989624
0.8183740377426147
0.43168768286705017
0.5110780000686646
0.5607627630233765
0.593813419342041
0.5137351751327515
0.5123597383499146
0.5444537401199341
0.45375752449035645
0.6505126953125
0.4483261704444885
0.5606439709663391
0.5340641736984253
0.5442441701889038
0.5629266500473022
0.48084747791290283
0.48442453145980835
0.5311715602874756
0.6027109622955322
0.5571225881576538
0.4721187949180603
0.6287630796432495
0.44417715072631836
0.6997474431991577
0.583018958568573
0.6286792755126953
0.39777886867523193
0.5605273842811584
0.6433618664741516
0.42091280221939087
0.7102478742599487
0.5129931569099426
0.9330697059631348
0.495101660490036
0.7047388553619385
0.45138072967529297
0.5173996090888977
0.4930543303489685
0.40590420365333557
0.4957467019557953
0.3913992941379547
0.39132487773895264
0.4593586325645447
0.6543326377868652
0.41955626010894775
0.7089896202087402
0.5151241421699524
0.5739328861236572
0.574881911277771
0.6924654841423035
0.5209339261054993
0.6202237606048584
0.4926087558269501
0.46330294013023376
0.49904048442840576
0.48790210485458374
0.4411437213420868
0.7819104194641113
0.642762303352356
0.5361292362213135
0.6017323732376099
0.7000106573104858
0.4517822861671448
0.5235796570777893
0.47171610593795776
0.4756527543067932
0.5808615684509277
0.5769183039665222
0.5637456178665161
0.5346320271492004
0.4374404847621918
0.47025829553604126
0.445457398891449
0.4963673949241638
0.45966365933418274
0.4249372184276581
0.4202824831008911
0.4200190305709839
0.4723700284957886
0.5092185735702515
0.4541250467300415
0.49155187606811523
0.4631156921386719
0.6346479058265686
0.7366329431533813
0.6467849016189575
0.5083009004592896
0.3463418781757355
0.3734637498855591
0.498668372631073
0.48082616925239563
0.5688824653625488
0.5466769933700562
0.6160322427749634
0.6649332642555237
0.577599048614502
0.48409223556518555
0.5477664470672607
0.6813349723815918
0.8350175619125366
0.5804542303085327
0.4849950969219208
0.3661223351955414
0.40612709522247314
0.4766140580177307
0.555113673210144
0.44307810068130493
0.5124604105949402
0.6066802144050598
0.8281728029251099
0.44431060552597046
0.4207303524017334
0.40607649087905884
0.3455331325531006
0.4857155680656433
0.6806572079658508
0.49777230620384216
0.4528152346611023
0.49522286653518677
0.5694400072097778
0.5137264728546143
0.4250323176383972
0.3553238809108734
0.4737450182437897
0.5567058324813843
0.3869333267211914
0.3539920151233673
0.5718066096305847
0.40070733428001404
0.5007107853889465
0.5965754389762878
0.42914217710494995
0.6480056047439575
0.4371694326400757
0.38066884875297546
0.5309120416641235
0.5271556377410889
0.668738603591919
0.6090104579925537
0.7841624617576599
0.45549505949020386
0.5263193249702454
0.40912574529647827
0.6045123338699341
0.4636281132698059
0.44559627771377563
0.46403929591178894
0.7009544372558594
0.729273796081543
0.5412038564682007
0.6713905334472656
0.598868191242218
0.5223954916000366
0.6623702645301819
0.5861197710037231
0.47590404748916626
0.5130676627159119
0.7166317701339722
0.6478829383850098
0.5584466457366943
0.5342274308204651
0.3939041495323181
0.39843615889549255
0.4524807929992676
0.44745010137557983
0.5355616807937622
0.5910898447036743
0.5358647108078003
0.5431040525436401
0.6361435651779175
0.3565755784511566
0.6185668706893921
0.4665013551712036
0.5124602913856506
0.7787995338439941
0.4288402199745178
0.5629605054855347
0.651167631149292
0.39504748582839966
0.3893006443977356
0.5628883838653564
0.5307919979095459
0.5401209592819214
0.4729635715484619
0.5085017681121826
0.5455768704414368
0.42638957500457764
0.5340227484703064
0.4867483973503113
0.6820850968360901
0.44796663522720337
0.6005346179008484
0.5490275025367737
0.8471770286560059
0.4095814824104309
0.6360067129135132
0.5338878035545349
0.730294942855835
0.39881405234336853
0.540928304195404
0.47554081678390503
0.4601910710334778
0.4324517250061035
0.5080127716064453
0.51078200340271
0.3971095681190491
0.495222270488739
0.39961424469947815
0.4561595618724823
0.5203094482421875
0.4334120750427246
0.36811089515686035
0.5104131102561951
0.3860894441604614
0.5836365222930908
0.5551100969314575
0.43118005990982056
0.36041006445884705
0.6407979130744934
0.5289864540100098
0.43257075548171997
0.47130584716796875
0.44867509603500366
0.426669180393219
0.5956873893737793
1.2038326263427734
0.42306578159332275
0.5740607976913452
0.5423431992530823
0.5236905217170715
0.5528076887130737
0.5330082774162292
0.43791016936302185
0.7113617658615112
0.5939503312110901
0.40864646434783936
0.4562617540359497
0.6937021017074585
0.6993575096130371
0.524163544178009
0.6994691491127014
0.5998803973197937
0.49633049964904785
0.5281198024749756
0.6191380023956299
0.5430729389190674
0.4527195692062378
0.5493294596672058
0.5192995667457581
0.4447624683380127
0.58857262134552
0.5864703059196472
0.5156347751617432
0.4097694158554077
0.5044536590576172
0.47157999873161316
0.42631110548973083
0.6259551048278809
0.6647214293479919
0.47271865606307983
0.43981707096099854
0.4477398693561554
0.3957758843898773
0.3750084340572357
0.384080708026886
0.5107483863830566
0.5343681573867798
0.6498551964759827
0.43495020270347595
0.58512943983078
0.42553484439849854
0.6527768969535828
0.5566534399986267
0.44322842359542847
0.6918177604675293
0.5848116874694824
0.9793950319290161
0.5955907106399536
0.5449590682983398
0.42821627855300903
0.5477328300476074
0.45412296056747437
0.49933552742004395
0.434015691280365
0.561066210269928
0.4965466856956482
0.5725252032279968
0.7957832217216492
0.49613672494888306
0.5240648984909058
0.6157088875770569
0.5315159559249878
0.4045833945274353
0.5787914395332336
0.530444860458374
0.5207908153533936
0.4775105118751526
0.504837691783905
0.6342771053314209
0.41889989376068115
0.5055921077728271
0.6814188361167908
0.5077627897262573
0.599562406539917
0.6394102573394775
0.5180898308753967
0.4855077862739563
0.45969974994659424
0.5104978084564209
0.4464710056781769
0.47520920634269714
0.5348988771438599
0.5883933305740356
0.5053813457489014
0.4844992160797119
0.8523234128952026
0.40840813517570496
0.5243518352508545
0.402330219745636
0.5106697082519531
0.40554001927375793
0.5900508165359497
0.37847015261650085
0.4949888288974762
0.49556684494018555
0.4440319538116455
0.5158332586288452
0.4642977714538574
0.5353482961654663
0.5819898843765259
0.46058645844459534
0.45345428586006165
0.40129637718200684
0.5915857553482056
0.6092932224273682
0.6896265745162964
0.47713637351989746
0.4812842011451721
0.4198880195617676
0.5403424501419067
0.46774351596832275
0.48718464374542236
0.44519293308258057
0.4582175612449646
0.42579761147499084
0.37970346212387085
0.6239901781082153
0.6567027568817139
0.4117250442504883
0.4426102340221405
0.492260217666626
0.4523354172706604
0.425204873085022
0.4871324598789215
0.5314653515815735
0.4304560422897339
0.39738887548446655
0.5338033437728882
0.409822016954422
0.44386863708496094
0.5197713375091553
0.5790100693702698
0.41103002429008484
0.4697449505329132
0.32939621806144714
0.5656421780586243
0.37458381056785583
0.38520726561546326
0.41549158096313477
0.49596792459487915
0.3641391694545746
0.42453694343566895
0.4234696626663208
0.506515622138977
0.4931217432022095
0.5785583853721619
0.53954017162323
0.49906444549560547
0.5911584496498108
0.4102630615234375
0.5207723379135132
0.42660725116729736
0.5358202457427979
0.45141613483428955
0.4521675705909729
0.9259903430938721
0.4725911319255829
0.4944438636302948
0.4820145070552826
0.4922921657562256
0.4127902388572693
0.6455549001693726
0.4129491448402405
0.4451736509799957
0.5826894640922546
0.7846050262451172
0.5995103716850281
0.3492392301559448
0.46965914964675903
0.7743322849273682
0.543624758720398
0.5799701809883118
0.5562024712562561
0.4997658133506775
0.5570725798606873
0.5870739221572876
0.46517235040664673
0.6749274134635925
0.49460574984550476
0.3932722806930542
0.507795512676239
0.5876401662826538
0.48736149072647095
0.6034018397331238
0.5219939947128296
0.3648512065410614
0.5106218457221985
0.3846380114555359
0.6136133670806885
0.5727145671844482
0.4551973044872284
0.4875061511993408
0.4230214059352875
0.5723658204078674
0.6223082542419434
0.5928218364715576
0.35966384410858154
0.4661521315574646
0.4913772940635681
0.4803134500980377
0.4117043614387512
0.6456273794174194
0.48416000604629517
0.3498035967350006
0.512444019317627
0.3945482075214386
0.5110381245613098
0.6474835872650146
0.5060492753982544
0.3716413080692291
0.4345737397670746
0.7840800285339355
0.4317460060119629
0.5732985734939575
0.6570355892181396
0.4673888087272644
0.4494238495826721
0.47572553157806396
0.4214603304862976
0.5644180774688721
0.40644165873527527
0.6161341667175293
0.4108336567878723
0.43091726303100586
0.39917492866516113
0.4506397843360901
0.45988255739212036
0.4366331696510315
0.46538084745407104
0.39734548330307007
0.494379460811615
0.4867476224899292
0.4857410788536072
0.5840537548065186
0.4945477247238159
0.6100500226020813
0.4855654537677765
0.39983996748924255
0.37082383036613464
0.44118428230285645
0.5222243666648865
0.43828776478767395
0.5637169480323792
0.560997486114502
0.5179451704025269
0.4053764343261719
0.4805428087711334
0.4190322756767273
0.7043588161468506
0.6404687762260437
0.5402749180793762
0.5536483526229858
0.5326409339904785
0.46958887577056885
0.4643361270427704
0.4817698895931244
0.44194096326828003
0.43583887815475464
0.7851579189300537
0.6143272519111633
0.7379107475280762
0.4273463487625122
0.4111338257789612
0.7205999493598938
0.5287178754806519
0.4430319666862488
0.7683442831039429
0.47431623935699463
0.5224925875663757
0.5569652318954468
0.44035854935646057
0.915037214756012
0.41313436627388
0.4674341082572937
0.6628996133804321
0.4727693796157837
0.39763903617858887
0.5577671527862549
0.4800035357475281
0.3869623839855194
0.4405200183391571
0.4635123014450073
0.5228115320205688
0.5418418645858765
0.4695133566856384
0.616146981716156
0.4197044372558594
0.5980384349822998
0.9026877284049988
0.836589515209198
0.5979682207107544
0.4972323179244995
0.544946014881134
0.3899323344230652
0.5455213785171509
0.8415542244911194
0.42079323530197144
0.4006335735321045
0.5066695213317871
0.5679479837417603
0.47057610750198364
0.6375060081481934
0.552054762840271
0.5490320920944214
0.5666522979736328
0.5684672594070435
0.501317024230957
0.5057801008224487
0.6180580258369446
0.4807198643684387
0.4524410367012024
0.44614166021347046
0.7810742855072021
0.5427420139312744
0.4605066180229187
0.5114575624465942
0.5421244502067566
0.5751107931137085
0.5606172680854797
0.4154823124408722
0.4284857511520386
0.42713820934295654
0.6972097754478455
0.4982143044471741
0.37925398349761963
0.5472615957260132
0.5558457374572754
0.46289706230163574
0.506556510925293
0.4727483093738556
0.45329755544662476
0.38387981057167053
0.5234938859939575
0.5154308676719666
0.6768684387207031
0.44066116213798523
0.5648481845855713
0.4011099636554718
0.43538880348205566
0.4993218183517456
0.4298830032348633
0.5477104187011719
0.5839109420776367
0.43678611516952515
0.5515415668487549
0.6048014163970947
0.4905875325202942
0.38892579078674316
0.3697388470172882
0.6144555807113647
0.3815290629863739
0.5656896829605103
0.5230370163917542
0.6433590650558472
0.40880948305130005
0.45057445764541626
0.4717235267162323
0.4513344168663025
0.42701292037963867
0.3752520978450775
0.4894406795501709
0.4256032407283783
0.45900917053222656
0.4710249602794647
0.6083397269248962
0.3699480891227722
0.5213257074356079
0.4248597323894501
0.638564944267273
0.5320096611976624
0.6530760526657104
0.5216338634490967
0.42401689291000366
0.6570762395858765
0.5688118934631348
0.7820714116096497
0.49227309226989746
0.653075098991394
0.3735707402229309
0.5103704929351807
0.3943225145339966
0.4800006151199341
0.4375377297401428
0.42552101612091064
0.6042280197143555
0.43290460109710693
0.3704504370689392
0.5316306352615356
0.4909147024154663
0.44193917512893677
0.6240748763084412
0.6117918491363525
0.6148943901062012
0.5174546241760254
0.4302496612071991
0.478701651096344
0.3884779214859009
0.4979066550731659
0.5262705683708191
0.7226610779762268
0.6463183164596558
0.5579953193664551
0.5435295104980469
0.48306530714035034
0.4385949969291687
0.4383493661880493
0.5168762803077698
0.5150098204612732
0.4823932647705078
0.4095520079135895
0.35957786440849304
0.6557520627975464
0.3968157172203064
0.4347449541091919
0.43962663412094116
0.41354963183403015
0.48650574684143066
0.40984177589416504
0.4250451326370239
0.4156774878501892
0.6958976984024048
0.5663801431655884
0.3852255940437317
0.5324258208274841
0.537461519241333
0.6569713354110718
0.46791547536849976
0.5370948314666748
0.49967145919799805
0.4078701436519623
0.38763904571533203
0.4578693211078644
0.45147180557250977
0.46102839708328247
0.4139898121356964
0.43088260293006897
0.47666439414024353
0.5366432070732117
0.6455581784248352
0.45304208993911743
0.44263115525245667
0.5253170728683472
0.3577403724193573
0.5164797306060791
0.5059247016906738
0.36699676513671875
0.3808788061141968
0.6458443403244019
0.5569051504135132
0.39557650685310364
0.3894372284412384
0.34785196185112
0.8461205363273621
0.5339123606681824
0.7342039942741394
0.5525344610214233
0.5751769542694092
0.3972310721874237
0.4898104667663574
0.6454393863677979
0.37944579124450684
0.47620779275894165
0.4287244379520416
0.9476713538169861
0.38241371512413025
0.47095006704330444
0.8562763929367065
0.4472692608833313
0.47082820534706116
0.5190523862838745
0.45946478843688965
0.47397470474243164
0.5036612153053284
0.4545387923717499
0.4934055209159851
0.39475420117378235
0.4954509735107422
0.5588003396987915
0.5719473958015442
0.4392101764678955
0.46341466903686523
0.637549877166748
0.49051541090011597
0.3786529004573822
0.5099495053291321
0.5605193376541138
0.5821496248245239
0.5714016556739807
0.5086820125579834
0.3990235924720764
0.37221816182136536
0.4270884096622467
0.5131282210350037
0.667505145072937
0.5524796843528748
0.4457005262374878
0.477250874042511
0.5858495831489563
0.4521480202674866
0.3887403607368469
0.4315066635608673
0.6321972012519836
0.4033532738685608
0.5926390886306763
0.473859041929245
0.4524343013763428
0.5458403825759888
0.5243607759475708
0.5683769583702087
0.4153849482536316
0.8275679349899292
0.5668094158172607
0.4140641689300537
0.5022521615028381
0.6735065579414368
0.7452009320259094
0.3923153877258301
0.5854374766349792
0.454242467880249
0.4239537715911865
0.4692445993423462
0.5863322615623474
0.36710482835769653
0.46557748317718506
0.8883334398269653
0.3983086347579956
0.44282951951026917
0.4424910545349121
0.5337131023406982
0.5255502462387085
0.5458077192306519
0.715794563293457
0.44043970108032227
0.527312159538269
0.567500650882721
0.3723740875720978
0.5851680040359497
0.3788716197013855
0.4156588613986969
0.6953585147857666
0.5436599254608154
0.7625796794891357
0.4244014024734497
0.6060635447502136
0.5672327876091003
0.3837886154651642
0.568112850189209
0.3989495635032654
0.4486057162284851
0.4866926670074463
0.6129642724990845
0.5012100338935852
0.3739669919013977
0.3964494466781616
0.5917589664459229
0.5892300009727478
0.7184337377548218
0.5061013102531433
0.4034630358219147
0.46574944257736206
0.47866058349609375
0.6840289831161499
0.33103954792022705
0.5491983890533447
0.41095244884490967
0.5554489493370056
0.5468268394470215
0.4767686128616333
0.42454588413238525
0.5298864245414734
0.5257532596588135
0.5447062849998474
0.4922671318054199
0.5529223680496216
0.3693341016769409
0.5434986352920532
0.5992450714111328
0.49449610710144043
0.6185145378112793
0.3986479938030243
0.6651002168655396
0.7422688603401184
0.45531636476516724
0.5000139474868774
0.7738605737686157
0.47239676117897034
0.47969019412994385
0.5428507924079895
0.4624529778957367
0.38200101256370544
0.4320012629032135
0.36546602845191956
0.5777910947799683
0.6902627348899841
0.4238225817680359
0.38615351915359497
0.6006302237510681
0.5262249112129211
0.4616812467575073
0.43449318408966064
0.385981023311615
0.4367177188396454
0.47848591208457947
0.5468857884407043
0.6101229190826416
0.5461601614952087
0.6696176528930664
0.39750149846076965
0.4334968328475952
0.5564088821411133
0.46315997838974
0.39500361680984497
0.4931650757789612
1.0288230180740356
0.4891124963760376
0.369741290807724
0.4677076041698456
0.4377117156982422
0.3982352614402771
0.4622437357902527
0.4071139097213745
0.4973079562187195
0.43986111879348755
0.47881707549095154
0.6291185617446899
0.5473508238792419
0.39558926224708557
0.5062594413757324
0.39932042360305786
0.346979558467865
0.8397204875946045
0.530605673789978
0.509767472743988
0.45961058139801025
0.44750115275382996
0.4303627014160156
0.5623910427093506
0.43241119384765625
0.5187140107154846
0.45331019163131714
0.42591866850852966
0.4133632779121399
0.42793703079223633
0.43619561195373535
0.6222612261772156
0.4218001365661621
0.38332223892211914
0.4825982451438904
0.4259258508682251
0.491841584444046
0.5760105848312378
0.4183952212333679
0.41119658946990967
0.4911651611328125
0.4675385057926178
0.45242226123809814
0.5035822987556458
0.4122224450111389
0.4322233200073242
0.4151817262172699
0.5247762799263
0.4720161259174347
0.39989686012268066
0.5047610998153687
0.5047482848167419
0.5106192827224731
0.5738624930381775
0.3632827699184418
0.4601897895336151
0.4738790988922119
0.43134093284606934
0.5181773900985718
0.4141993820667267
0.5009667873382568
0.48674988746643066
1.0132851600646973
0.6061175465583801
0.46862244606018066
0.39536407589912415
0.6128246784210205
0.6566683053970337
0.6560320854187012
0.6178989410400391
0.557239294052124
0.5894733667373657
0.4516679048538208
0.511170506477356
0.5605689883232117
0.6548763513565063
0.47505977749824524
0.4701576232910156
0.47327619791030884
0.4483860731124878
0.5020612478256226
0.5421046018600464
0.3352017104625702
0.5456230640411377
0.4353690445423126
0.49780571460723877
0.5515735149383545
0.6606098413467407
0.5348734855651855
0.6383718252182007
0.549686849117279
0.4507456421852112
0.4699888825416565
0.48912137746810913
0.6325879096984863
0.43504369258880615
0.757257342338562
0.40077245235443115
0.5505059361457825
0.6551738977432251
0.6796624660491943
0.5030286312103271
0.47777533531188965
0.4425460696220398
0.4845163822174072
0.9042231440544128
0.4839707911014557
0.5420044660568237
0.47403085231781006
0.6908847689628601
0.6041050553321838
0.6339607238769531
0.54951411485672
0.3665567934513092
0.5965697765350342
0.4951253831386566
0.8041751384735107
0.971013069152832
0.4610154628753662
0.570600152015686
0.5646669268608093
0.7488636374473572
0.8086194396018982
0.4240458905696869
0.5390747785568237
0.5753152966499329
0.4925367832183838
0.428248792886734
0.4832576513290405
0.49021798372268677
0.4184264838695526
0.5225875973701477
0.5159005522727966
0.8371680378913879
0.38838502764701843
0.36199426651000977
0.47736722230911255
0.4690905213356018
0.5713880658149719
0.5105224251747131
0.47775179147720337
0.4410736560821533
0.5170118808746338
0.40223628282546997
0.4918110966682434
0.49108678102493286
0.4601009488105774
0.4598945081233978
0.6777672171592712
0.4801786541938782
0.4938746690750122
0.4919009208679199
0.5053918361663818
0.5732080340385437
0.4339953660964966
0.48143884539604187
0.41959261894226074
0.5288170576095581
0.5081530809402466
0.4434851408004761
0.49429380893707275
0.5533969402313232
0.3731687366962433
0.6874805092811584
0.6097345352172852
0.44660496711730957
0.5483580231666565
0.5495345592498779
0.4634547233581543
0.6392646431922913
0.4041283130645752
0.5972468256950378
0.48910391330718994
0.5673795342445374
0.4671343266963959
0.3895633816719055
0.4881517291069031
0.4856780767440796
0.7644029855728149
0.5688419342041016
0.5875722169876099
0.46029818058013916
0.5785639882087708
0.5297805666923523
0.514012336730957
0.5080399513244629
0.4677751958370209
0.4840671122074127
0.4624268710613251
0.39261603355407715
0.78935706615448
0.6185028553009033
0.42984285950660706
0.6918777823448181
0.5525136590003967
0.4197242856025696
0.5129839181900024
0.5748305320739746
0.558650016784668
0.43605369329452515
0.44125616550445557
0.39663901925086975
0.38703295588493347
0.5941306948661804
0.43251287937164307
0.5683974623680115
0.604221522808075
0.5429396033287048
0.43254876136779785
0.35788488388061523
0.512631356716156
0.43146926164627075
0.6221887469291687
0.42303770780563354
0.5249454975128174
0.4429178237915039
0.43367284536361694
0.8227185606956482
0.49712979793548584
0.379427969455719
0.3521025776863098
0.3886483609676361
0.48519283533096313
0.3619813919067383
0.43973079323768616
0.41041725873947144
0.4128876328468323
0.4452402591705322
0.5092688202857971
0.5613460540771484
0.43460017442703247
0.49566522240638733
0.3844347596168518
0.5244319438934326
0.3856605291366577
0.45888257026672363
0.41837310791015625
0.5245217084884644
0.7580280303955078
0.44270625710487366
0.3844558000564575
0.5591201782226562
0.42297205328941345
0.6442078948020935
0.5176858901977539
0.4982590079307556
0.534264326095581
0.4410961866378784
0.41003578901290894
0.4088004231452942
0.399772584438324
0.605994462966919
0.48254483938217163
0.4922483563423157
0.4840955436229706
0.42194175720214844
0.38861048221588135
0.41938066482543945
0.4898264408111572
0.4123152196407318
0.3919107913970947
0.4622102379798889
0.4083169400691986
0.4586367607116699
0.510117769241333
0.4534793496131897
0.6245250105857849
0.4946668744087219
0.3791601061820984
0.45398199558258057
0.45292046666145325
0.37607666850090027
0.44162899255752563
0.6669223308563232
0.5211548805236816
0.40053829550743103
0.5508147478103638
0.3724488914012909
0.41432446241378784
0.5514520406723022
0.46876639127731323
0.4783557653427124
0.4595586061477661
0.590986967086792
0.5567497611045837
0.512267529964447
0.48956313729286194
0.48100295662879944
0.42263078689575195
0.4326157867908478
0.5909570455551147
0.498719185590744
0.4163917303085327
0.4118173122406006
0.5593985319137573
0.3923812806606293
0.8014817237854004
0.5323648452758789
0.4808938205242157
0.4854406714439392
0.4689338207244873
0.506089985370636
0.5756072998046875
0.6242184638977051
0.5580589771270752
0.5826640129089355
0.4994232654571533
0.5958120822906494
0.4912492036819458
0.6196502447128296
0.4530487656593323
0.5194646120071411
0.6994795203208923
0.4012219309806824
0.4346669316291809
0.5593310594558716
0.3814183473587036
0.4771745800971985
0.44119757413864136
0.6041117310523987
0.5469874143600464
0.5119196176528931
0.42290395498275757
0.43083250522613525
0.3623689115047455
0.5252684950828552
0.41147884726524353
0.42267394065856934
0.4620012640953064
0.5708935856819153
0.43919306993484497
0.4714927077293396
0.6395392417907715
0.45537954568862915
0.42849886417388916
0.3887627124786377
0.4888029098510742
0.47471779584884644
0.4177975356578827
0.49540603160858154
0.6204185485839844
0.466436505317688
0.5813760757446289
0.36943525075912476
0.4797951579093933
0.43077829480171204
0.7352487444877625
0.5451295375823975
0.4509260058403015
0.44337570667266846
0.4798126220703125
0.3623344302177429
0.514519989490509
0.7034596800804138
0.6107432842254639
0.5464879274368286
0.4603538513183594
0.5476592779159546
0.5727434754371643
0.5387225151062012
0.675359845161438
0.4650946259498596
0.5916803479194641
0.5000767707824707
0.5647895336151123
0.5668768882751465
0.47883981466293335
0.49050936102867126
0.49627041816711426
0.47039544582366943
0.40428027510643005
0.4058047831058502
0.44079336524009705
0.5008875131607056
0.5968133807182312
0.6560916304588318
0.4635847806930542
0.5265765190124512
0.38408175110816956
0.6144372820854187
0.49820858240127563
0.4390537738800049
0.5767308473587036
0.622400164604187
0.37202152609825134
0.4287665784358978
0.5082213878631592
0.7213917970657349
0.4511367380619049
0.4581693112850189
0.4150910973548889
0.40295499563217163
0.4738401174545288
0.4614853262901306
0.4155119061470032
0.3865791857242584
0.42375534772872925
0.5076107382774353
0.35110077261924744
0.5596887469291687
0.4148039221763611
0.4455753266811371
0.7827033996582031
0.3985363245010376
0.5281227827072144
0.580126941204071
0.489650160074234
0.4023730754852295
0.37122952938079834
0.5142272114753723
0.36011266708374023
0.36217036843299866
0.6270655989646912
0.5646247863769531
0.43233951926231384
0.4370863437652588
0.4398895502090454
0.4860571622848511
0.3686203956604004
0.8932669758796692
0.3704899251461029
0.434792160987854
0.7012925148010254
0.4093115031719208
0.5043219923973083
0.39214175939559937
0.4063875675201416
0.5298138856887817
0.5054754614830017
0.42545080184936523
0.4166289269924164
0.4200076162815094
0.4770803153514862
0.5423095226287842
0.4622907042503357
0.5312685370445251
0.49430087208747864
0.6984140872955322
0.6489967703819275
0.4539880156517029
0.46618378162384033
0.6564854383468628
0.4980520009994507
0.6712520122528076
0.37948882579803467
0.4915367364883423
0.5550355315208435
0.7839727401733398
0.3936350345611572
0.6670100688934326
0.4018949866294861
0.7490602731704712
0.43391501903533936
0.4455249309539795
0.3891123831272125
0.5002762079238892
0.39292263984680176
0.4775369167327881
0.46442145109176636
0.5421608686447144
0.5474972724914551
0.620869517326355
0.439128577709198
0.6587080955505371
0.8033944368362427
0.4141721725463867
0.5662029981613159
0.47399812936782837
0.5854731798171997
0.4299347400665283
0.8333688378334045
0.49126237630844116
0.6226682662963867
0.6180236339569092
0.6968796849250793
0.7846049070358276
0.5436428785324097
0.4765965938568115
0.6158353090286255
0.39071881771087646
0.4445291757583618
0.4638868570327759
0.6271404027938843
0.41496342420578003
0.39511722326278687
0.44376257061958313
0.6827276945114136
0.4459143280982971
0.42377784848213196
0.558435320854187
0.37953025102615356
0.5236954092979431
0.40246057510375977
0.40923357009887695
0.5063758492469788
0.4800276756286621
0.4552134871482849
0.44460225105285645
0.4911835193634033
0.6758295297622681
0.4958760142326355
0.3852444887161255
0.4821966588497162
0.6596148610115051
0.523137629032135
0.4097111225128174
0.5979793071746826
0.48979175090789795
0.3732032775878906
0.8601498603820801
0.47747892141342163
0.7031487226486206
0.6171066761016846
0.3914903998374939
0.4294605255126953
0.438618540763855
0.49174514412879944
0.46712005138397217
0.6427727341651917
0.554082453250885
0.6724727749824524
0.6114413142204285
0.4786284565925598
0.6373597383499146
0.3619849383831024
0.43597710132598877
0.4621720314025879
0.523006796836853
0.4780105948448181
0.674727201461792
0.4293230473995209
0.4768732786178589
0.4899628460407257
0.469480037689209
0.6107680797576904
0.5471943020820618
0.4005749523639679
0.40649598836898804
0.49847859144210815
0.496096670627594
0.433417409658432
0.5318582057952881
0.38881275057792664
0.37606674432754517
0.4861608147621155
0.44695913791656494
0.5215011835098267
0.4774441719055176
0.3920809030532837
0.41208404302597046
0.482476145029068
0.574986457824707
0.4991026520729065
0.49701815843582153
0.4841541647911072
0.46251174807548523
0.6468856334686279
0.5469682216644287
0.5163494944572449
0.6195570230484009
0.3735021650791168
0.5169026851654053
0.422010600566864
0.5740700960159302
0.5674580335617065
0.4277069568634033
0.4974610507488251
0.6734601259231567
0.3959399461746216
0.5122606754302979
0.47315776348114014
0.49968796968460083
0.4699062705039978
0.4505428671836853
0.4299215078353882
0.47968578338623047
0.4882694482803345
0.4519309103488922
0.4476100206375122
0.45912736654281616
0.43668997287750244
0.569815993309021
0.446848601102829
0.5448015928268433
0.43395209312438965
0.6044163107872009
0.40624821186065674
0.4476511478424072
0.3658389449119568
0.563917875289917
0.5103294849395752
0.7054673433303833
0.5603623390197754
0.398160457611084
0.6297447681427002
0.4377378821372986
0.5035447478294373
0.5127391815185547
0.46509265899658203
0.6088818311691284
0.6077957153320312
0.5225393772125244
0.5475752353668213
0.6341954469680786
0.4391384422779083
0.49581271409988403
0.4503050446510315
0.570775032043457
0.501340389251709
0.4450143575668335
0.45259857177734375
0.654304563999176
0.6073859930038452
0.3665436804294586
0.4808080792427063
0.5590968132019043
0.3541654944419861
0.5690051317214966
0.3731708526611328
0.6043928861618042
0.4090214967727661
0.4579084515571594
0.5887085199356079
0.412738561630249
0.6317928433418274
0.4056320786476135
0.48393797874450684
0.4331791400909424
0.5848547220230103
0.4194568693637848
0.5061811208724976
0.4293649196624756
0.40825390815734863
0.5157783031463623
0.461514413356781
0.41218823194503784
0.5794632434844971
0.7621512413024902
0.4652036130428314
0.44560331106185913
0.5661568641662598
0.5442034602165222
0.4029192328453064
0.634170413017273
0.5149924755096436
0.5135425329208374
0.5106913447380066
0.4289605915546417
0.38032591342926025
0.6276174187660217
0.4325903058052063
0.3930109441280365
0.371734082698822
0.4728923738002777
0.4639573395252228
0.5134685635566711
0.4433671534061432
0.8598155975341797
0.5184916257858276
0.48714494705200195
0.48818713426589966
0.5033131837844849
0.5138124227523804
0.4786730408668518
0.44870150089263916
0.5353690981864929
0.47922438383102417
0.7584813833236694
0.3901432454586029
0.44422316551208496
0.4494261145591736
0.4738563597202301
0.4356701374053955
0.43634045124053955
0.5619620680809021
0.4294689893722534
0.4269063472747803
0.5245054960250854
0.47946393489837646
0.4064265489578247
0.6066517233848572
0.5367293357849121
0.47766897082328796
0.4369877576828003
0.6064267754554749
0.5216432809829712
0.4049835503101349
0.4220860004425049
0.5871961116790771
0.4646459221839905
0.8114867210388184
0.3817269802093506
0.5176455974578857
0.49291056394577026
0.5398054122924805
0.5414403080940247
0.39737972617149353
0.46684616804122925
0.6612884998321533
0.489535391330719
0.5346887707710266
0.6464025974273682
0.5051870346069336
0.46348029375076294
0.38042858242988586
0.3946692645549774
0.49817436933517456
0.5386472940444946
0.404207706451416
0.5298349857330322
0.47925448417663574
0.602948009967804
0.47403985261917114
0.6087333559989929
0.5408071279525757
0.6672725677490234
0.5661537647247314
0.455308735370636
0.4517868757247925
0.5677554607391357
0.42816972732543945
0.5262646675109863
0.46289360523223877
0.43486857414245605
0.6908017992973328
0.35870465636253357
0.5334782004356384
0.5430965423583984
0.4504813253879547
0.3969476521015167
0.5473905801773071
0.5960191488265991
0.3586355149745941
0.5551674365997314
0.6304804682731628
0.6283918619155884
0.6076052784919739
0.3912808299064636
0.3439265191555023
0.502174973487854
0.598644495010376
0.39621981978416443
0.39101359248161316
0.5192047357559204
0.5240160822868347
0.3432639241218567
0.4862305819988251
0.38871681690216064
0.49645137786865234
0.4715402126312256
0.43883857131004333
0.5003608465194702
0.5834734439849854
0.398785799741745
0.5061728954315186
0.46928176283836365
0.5051754713058472
0.4498024582862854
0.687272846698761
0.6250689029693604
0.4133347272872925
0.5277788639068604
0.4622090458869934
0.5008962750434875
0.5119055509567261
0.8040584325790405
0.4911617636680603
0.42471790313720703
0.43330684304237366
0.39951229095458984
0.36971473693847656
0.6040268540382385
0.6398851871490479
0.48660755157470703
0.4507756531238556
0.41087472438812256
0.48270368576049805
0.6278678774833679
0.4218187928199768
0.6377700567245483
0.5576829314231873
0.3608055114746094
0.5076586008071899
0.6581865549087524
0.45118647813796997
0.409413605928421
0.34023383259773254
0.6251078844070435
0.397422730922699
0.42281484603881836
0.6105976104736328
0.48092886805534363
0.42374253273010254
0.3939000070095062
0.49215060472488403
0.4271240234375
0.5420975685119629
0.49410125613212585
0.49181032180786133
0.5512027144432068
0.4925185441970825
0.6219208240509033
0.49694520235061646
0.4775811433792114
0.45823609828948975
0.415039986371994
0.5296565294265747
0.44645625352859497
0.4086393713951111
0.44907379150390625
0.4787011444568634
0.4431314468383789
0.4455380439758301
0.3831273913383484
0.44925862550735474
0.6014278531074524
0.672259509563446
0.3676837682723999
0.4586517810821533
0.5153692960739136
0.3598562777042389
0.3740374445915222
0.38879531621932983
0.464447945356369
0.4465804696083069
0.44179314374923706
0.5064356327056885
0.4354720711708069
0.39246687293052673
0.35892030596733093
0.4042668640613556
0.503900945186615
0.4833676815032959
0.5669264197349548
0.5539982318878174
0.41115814447402954
0.5853147506713867
0.42505234479904175
0.47258293628692627
0.4068579375743866
0.40687429904937744
0.4838979244232178
0.5858809947967529
0.37606897950172424
0.47193479537963867
0.4884791374206543
0.7551788091659546
0.456872820854187
0.5849517583847046
0.6802190542221069
0.477713018655777
0.6768931150436401
0.4840734004974365
0.36311763525009155
0.4233778715133667
0.4743254780769348
0.3465370535850525
0.4270669221878052
0.45626261830329895
0.5375788807868958
0.5076232552528381
0.582318902015686
0.47344884276390076
0.498315691947937
0.4959028959274292
0.4730573296546936
1.1875977516174316
0.4902508556842804
0.4862074553966522
0.570160984992981
0.43991926312446594
0.4828345775604248
0.5289292931556702
0.49554455280303955
0.4310223460197449
0.5151855945587158
0.5613884329795837
0.3825964331626892
0.38077521324157715
0.655117392539978
0.48099735379219055
0.4676518440246582
0.4352390170097351
0.4248583912849426
0.6062777042388916
0.37692925333976746
0.39852607250213623
0.45373761653900146
0.6717565059661865
0.5611439347267151
0.4648427367210388
0.5723040103912354
0.4233047664165497
0.351161390542984
0.3716381788253784
0.4395725727081299
0.4428015947341919
0.4889072775840759
0.4266786575317383
0.4166754484176636
0.46030116081237793
0.7005601525306702
0.6356008052825928
0.40762773156166077
0.45975685119628906
0.5527804493904114
0.6964975595474243
0.617736279964447
0.5310094952583313
0.4253683090209961
0.4521598517894745
0.4128221273422241
0.5570663213729858
0.3868902325630188
0.4099876284599304
0.402923583984375
0.5019314289093018
0.548992931842804
0.509280800819397
0.5250551104545593
0.5713353157043457
0.6040159463882446
0.42864710092544556
0.4179997146129608
0.52295982837677
0.42568743228912354
0.4676167368888855
0.46192336082458496
0.4336729049682617
0.3665145933628082
0.5563501715660095
0.44151628017425537
0.49850887060165405
0.37515321373939514
0.48939818143844604
0.3890446126461029
0.4942886233329773
0.45387446880340576
0.6119775772094727
0.39537495374679565
0.44658708572387695
0.5281193852424622
0.38592153787612915
0.37818193435668945
0.4772290289402008
0.36549144983291626
0.5617138147354126
0.5640266537666321
0.7379046678543091
0.4859825074672699
0.3852705657482147
0.6435920000076294
0.4134597182273865
0.4572632908821106
0.4641232490539551
0.44509822130203247
0.49435603618621826
0.43546032905578613
0.4049001932144165
0.5115419626235962
0.5127031207084656
0.42771822214126587
0.5813901424407959
0.5188863277435303
0.4641653299331665
0.39896923303604126
0.39070358872413635
0.47927069664001465
0.4010472595691681
0.5248425006866455
0.4734605848789215
0.5723960399627686
0.5298271179199219
0.49081867933273315
0.39459294080734253
0.3668617904186249
0.5328984260559082
0.4921758770942688
0.54183429479599
