0.3950666688382626
0.40106666773557664
0.42106666892766953
0.4672000026702881
0.4334666681289673
0.45680000111460684
0.44866666838526725
0.48306666791439057
0.49000000149011613
0.48840000048279764
0.468266666829586
0.49680000051856044
0.5049333333969116
0.5108000007271767
0.5097333341836929
0.5110666692256928
0.5027999998629094
0.5372000007331371
0.5296000021696091
0.5614666673541069
0.5650666663050652
0.5725333324074745
0.5661333337426185
0.5709333345293999
0.585466668009758
0.5786666685342788
0.5654666689038277
0.5904000008106232
0.5898666679859161
0.5798666667938233
0.5936000016331673
0.5826666682958603
0.6041333335638046
0.592800004184246
0.5922666648030281
0.5861333334445953
0.5935999998450279
0.6130666664242744
0.618933334350586
0.6129333353042603
0.6109333318471909
0.6140000012516975
0.6370666652917862
0.6457333371043206
0.6253333330154419
0.6158666688203812
0.6201333364844323
0.624399998486042
0.6264000004529953
0.629200000166893
0.6312000006437302
0.6429333344101906
0.6308000031113624
0.6153333327174186
0.6502666682004928
0.6478666689991951
0.6337333342432976
0.6525333297252655
0.6604000008106232
0.6424000009894371
0.6678666654229164
0.6476000002026558
0.6459999993443489
0.648266666829586
0.6451999974250794
0.6558666697144508
0.6601333349943161
0.6594666683673859
0.6637333345413208
0.6727999997138977
0.6477333334088325
0.6607999989390373
0.6709333354234696
0.6800000008940696
0.669600003361702
0.6761333355307579
0.6702666684985161
0.6764000004529953
0.6692000004649162
0.6868000006675721
0.6898666679859161
0.6984000018239022
0.6679999992251396
0.6856000006198884
0.6881333351135254
0.6981333318352699
0.6865333342552185
0.672133332490921
0.6876000034809112
0.6932000017166138
0.6951999980211258
0.7089333367347718
0.6941333374381066
0.685733331143856
0.7057333341240883
0.7058666670322418
0.6924000015854835
0.6987999975681305
0.7029333359003067
0.7092000031471253
0.6963999995589256
0.6969333356618881
0.7022666639089584
0.6929333338141441
0.7294666665792465
0.7132000032067299
0.7164000031352044
0.6923999977111817
0.6993333327770234
0.70719999730587
0.7232000011205674
0.7167999988794327
0.6963999977707863
0.7065333345532417
0.7162666666507721
0.7005333334207535
0.7158666676282883
0.7254666683077812
0.7288000014424324
0.7258666697144508
0.7330666673183441
0.6988000017404556
0.7118666687607765
0.732399999499321
0.7137333366274834
0.7333333349227905
0.7252000004053116
0.7293333330750466
0.7240000039339065
0.7118666684627533
0.707200003862381
0.7360000020265579
0.7316000020503998
0.7235999989509583
0.7353333333134651
0.7274666678905487
0.7089333337545395
0.715466670691967
0.7303999981284142
0.7448000025749206
0.7288000017404557
0.7154666674137116
0.7284000006318092
0.7469333347678184
0.7280000057816506
0.7329333359003067
0.7312000000476837
0.7495999997854232
0.7449333357810974
0.7517333334684372
0.7405333346128464
0.7457333353161811
0.7408000010251999
0.7373333346843719
0.7522666677832603
0.7377333348989487
0.7419999995827675
0.7224000015854836
0.7272000026702881
0.749866669178009
0.7584000015258789
0.7353333330154419
0.7309333342313766
0.7401333341002464
0.7522666674852371
0.731066665649414
0.7575999981164933
0.7464000016450882
0.7390666681528092
0.740799999833107
0.7310666662454605
0.761466667354107
0.7568000000715256
0.7452000033855438
0.7473333340883255
0.7436000007390976
0.7479999989271164
0.7550666695833206
0.7517333340644836
0.7457333344221115
0.7416000005602836
0.7616000044345855
0.7542666655778885
0.7376000025868416
0.7561333346366882
0.7628000009059906
0.7410666710138321
0.7573333352804184
0.7569333356618881
0.7605333331227303
0.7590666708350181
0.7630666702985763
0.7654666692018509
0.7716000014543534
0.7532000008225441
0.7497333341836929
0.765200002193451
0.7593333345651626
0.7607999986410141
0.7569333338737487
0.7538666653633118
0.7605333358049393
0.7624000018835068
0.7605333331227303
0.7460000020265579
0.7597333317995072
0.773333335518837
0.7638666665554047
0.7653333330154419
0.762933332324028
0.7658666670322418
0.7680000010132789
0.7599999988079071
0.7509333324432373
0.770933336019516
0.7682666665315628
0.7708000013232231
0.7630666691064835
0.7528000029921532
0.7519999986886978
0.7598666688799858
0.7781333357095719
0.7673333352804184
0.773866668343544
0.7597333347797394
0.7492000007629395
0.7778666692972184
0.751866666674614
0.7549333342909813
0.7634666681289672
0.7872000017762184
0.7647999984025955
0.7711999982595443
0.7772000008821487
0.7649333357810975
0.7766666692495346
0.7580000013113022
0.7680000025033951
0.7672000008821488
0.7864000034332276
0.7862666696310043
0.7827999997138977
0.7818666678667069
0.7837333357334137
0.7796000021696091
0.7717333346605301
0.7830666664242745
0.7786666715145111
0.78226666867733
0.7706666645407677
0.7828000029921531
0.7892000025510788
0.7677333360910416
0.7784000033140183
0.7728000009059905
0.771599999666214
0.7901333343982696
0.7773333346843719
0.7796000021696091
0.792800001502037
0.7878666663169861
0.7719999986886978
0.7870666646957397
0.7862666669487953
0.764400001168251
0.7722666680812835
0.7871999996900558
0.7713333332538604
0.7902666670084
0.7637333351373673
0.7712000042200089
0.7837333315610886
0.7766666680574417
0.7888000035285949
0.7777333331108093
0.7859999990463257
0.7768000036478042
0.7834666705131531
0.7848000013828278
0.7958666718006134
0.783466666340828
0.7917333310842514
0.776000002026558
0.7905333364009857
0.7862666648626327
0.7640000027418137
0.786533334851265
0.7788000011444092
0.7892000043392181
0.7795999991893768
0.7909333324432373
0.7974666661024093
0.7884000009298324
0.7997333365678787
0.7830666673183441
0.7769333362579346
0.7834666657447815
0.7969333332777023
0.7869333338737488
0.7919999998807907
0.8086666661500931
0.7828000009059906
0.7844000005722046
0.7840000021457673
0.7966666662693024
0.7915999990701675
0.7841333311796188
0.7992000004649162
0.7845333355665207
0.8029333356022835
0.7938666695356369
0.8029333341121674
0.807200003862381
0.7800000041723252
0.788133333325386
0.7872000014781952
0.7914666694402694
0.7993333345651626
0.7960000026226044
0.7842666676640511
0.7932000005245209
0.791599999666214
0.7937333345413208
0.775200001001358
0.802800001502037
0.7986666691303254
0.7838666677474976
0.8117333316802978
0.7884000033140183
0.7837333381175995
0.7945333349704743
0.7936000016331672
0.793600002527237
0.7801333338022232
0.8066666650772095
0.8014666676521301
0.7949333387613297
0.7898666667938232
0.7888000005483627
0.7800000041723252
0.8072000008821487
0.7881333363056183
0.7977333337068557
0.7900000005960465
0.7869333371520042
0.8090666681528091
0.815733333826065
0.7895999985933304
0.8058666676282883
0.7951999992132187
0.8039999997615814
0.7840000003576278
0.7998666650056839
0.8077333354949952
0.8129333347082138
0.7968000003695488
0.777066667675972
0.8077333348989487
0.78280000269413
0.795466668009758
0.81240000218153
0.8073333311080932
0.783866668343544
0.8010666680335998
0.8069333320856095
0.7969333362579346
0.8045333355665207
0.8058666694164276
0.7960000026226044
0.8066666659712791
0.7985333317518234
0.7986666691303254
0.8192000031471253
0.8136000001430511
0.8068000012636185
0.8010666689276695
0.7973333305120468
0.7929333364963531
0.7965333354473114
0.7959999990463257
0.8153333359956741
0.7918666666746139
0.7926666682958603
0.8257333320379258
0.8097333335876464
0.8022666656970978
0.8220000022649765
0.8220000010728836
0.8054666709899903
0.8014666682481766
0.8066666674613953
0.8032000017166138
0.8045333349704742
0.8076000022888183
0.8097333347797394
0.8054666668176651
0.7992000037431717
0.7989333361387253
0.8129333329200744
0.8006666696071625
0.817066667675972
0.7938666671514512
0.7979999995231628
0.8105333346128464
0.8129333364963531
0.8040000015497207
0.7963999998569489
0.8131999981403351
0.8269333356618881
0.8062666666507721
0.8166666674613953
0.8173333364725113
0.8130666702985764
0.7870666712522507
0.8216000002622604
0.8149333363771438
0.8270666682720185
0.8140000039339066
0.7915999981760978
0.8188000023365021
0.8074666666984558
0.8005333369970322
0.8059999990463257
0.813333335518837
0.8234666699171066
0.8061333352327347
0.8101333338022232
0.8231999981403351
0.8110666710138321
0.8130666661262512
0.7998666700720787
0.7960000014305115
0.8065333342552186
0.8054666692018508
0.8141333323717117
0.823866668343544
0.8061333340406418
0.8053333312273026
0.8092000037431717
0.8021333330869674
0.8156000000238418
0.7894666656851769
0.816800001859665
0.8133333367109299
0.8009333348274231
0.8121333354711533
0.8170666673779488
0.8209333324432373
0.8189333379268646
0.8310666728019714
0.8185333341360093
0.8017333364486694
0.8169333344697952
0.8193333381414414
0.8178666681051254
0.8191999959945678
0.7993333339691162
0.8166666695475578
0.8150666683912278
0.8130666661262512
0.8110666680335998
0.8046666675806046
0.8054666686058044
0.8177333348989486
0.8200000053644181
0.8140000027418136
0.8252000021934509
0.8190666675567627
0.8160000026226044
0.8242666685581207
0.8167999976873398
0.8266666674613953
0.8314666676521302
0.8217333352565765
0.8081333339214325
0.8341333371400833
0.8282666683197022
0.8229333347082138
0.8137333315610885
0.8160000026226044
0.807866667509079
0.811733335852623
0.8276000010967255
0.8181333351135254
0.8213333338499069
0.8198666709661484
0.8114666646718979
0.8234666687250137
0.820266671180725
0.826133331656456
0.8116000026464463
0.8246666675806046
0.8106666660308838
0.8280000019073487
0.8290666699409485
0.8105333346128464
0.8213333332538605
0.8114666652679443
0.828533336520195
0.8376000022888184
