8.941417984962463
1.9397142601013184
1.5385782968997956
1.4145808416604995
1.4760787850618362
1.421390722990036
1.4053124833106994
1.3153259140253066
1.3091363656520842
1.3076598840951918
1.344841564297676
1.286294830441475
1.2791903221607208
1.2747725605964662
1.2744652390480042
1.2651088339090348
1.2728187519311904
1.1911328059434891
1.2263936340808868
1.1860707074403762
1.160989951491356
1.1453228360414505
1.1625809234380722
1.1495753395557404
1.1109434467554093
1.1379748678207398
1.1528025186061859
1.107566432952881
1.1095751470327377
1.145723415017128
1.097652879655361
1.1205038982629776
1.0747591006755828
1.105545342564583
1.0958441376686097
1.1160747283697128
1.101934152841568
1.0632885104417802
1.0562254297733307
1.0483003807067872
1.058382898569107
1.0662603855133057
1.005853131711483
0.9899139165878296
1.0236653745174409
1.0461220717430115
1.0499460089206696
1.035442168712616
1.017498351931572
1.0204420673847199
1.0221632957458495
1.0019650447368622
1.0199928164482117
1.0578180599212645
0.980730345249176
0.9885748314857483
1.0164780855178832
0.9619052523374557
0.9639072772860527
0.9865899258852004
0.9382646054029464
0.9781631863117218
0.9887799513339997
0.9736611580848694
0.9679492557048798
0.957039008140564
0.9428307482600212
0.9505880868434906
0.9403956127166748
0.908386395573616
0.9748782986402511
0.9466294699907303
0.9381535011529922
0.9018400391936302
0.9115732285380364
0.920826827287674
0.9241002631187439
0.9206771433353425
0.9259516376256943
0.9001962450146676
0.8689810094237328
0.878287418782711
0.9264841488003731
0.8934361255168914
0.8949804925918579
0.8656582787632943
0.8881577116250992
0.9065571764111519
0.8882030662894249
0.8779106760025024
0.8692932742834091
0.8414133405685424
0.8572727328538895
0.8919748514890671
0.8435737174749375
0.8521601477265358
0.8782448601722718
0.8564870631694794
0.8473107773065567
0.8438441383838654
0.8748505383729934
0.8643750923871995
0.8480271744728088
0.8726655489206314
0.799727538228035
0.8310704943537712
0.840421567261219
0.8807594037055969
0.858698137998581
0.838368037045002
0.8136963558197021
0.8286681085824966
0.8623444545269012
0.8412256732583046
0.8241294872760773
0.8496239784359932
0.8215043944120407
0.8032268559932709
0.8000157633423806
0.8102062311768532
0.7874104219675064
0.8397789534926414
0.8394176325201989
0.7859892067313194
0.8310279026627541
0.7865875294804573
0.8191625458002091
0.7979380184412003
0.7961194470524788
0.8094959846138954
0.8357238915562629
0.7820672336220741
0.7707576203346252
0.81067612439394
0.7825288847088814
0.8000184315443039
0.8275011804699898
0.8182545819878578
0.7862750962376595
0.7697064357995987
0.7803252962231636
0.8064425933361054
0.7965385201573372
0.7540202894806862
0.7895301881432534
0.789307866692543
0.7825486627221108
0.7379208433628083
0.7588167360424996
0.737360235452652
0.7662852215766907
0.7439570805430412
0.7545169326663017
0.7680799829959869
0.7369763931632042
0.7609520393610001
0.7742286425828934
0.817080842256546
0.7853256580233574
0.7496155062317849
0.7252129089832305
0.7880054891109467
0.7680436491966247
0.7704696795344352
0.7430571010708809
0.7808969008922577
0.7231220439076423
0.7371805477142334
0.7793511646986008
0.7555037465691566
0.7819107729196548
0.7184628212451935
0.7245041811466217
0.7497973483800888
0.7403890356421471
0.7760623896121979
0.7466885441541672
0.7376448392868042
0.7167994123697281
0.7585603198409081
0.7579472520947457
0.7287918445467949
0.7354805833101272
0.7596893393993378
0.7181992751359939
0.7050354358553886
0.7478481242060662
0.7308488002419472
0.715201406776905
0.7157186648249626
0.7178641587495804
0.7098232406377792
0.7108109197020531
0.6831171557307243
0.7368982827663422
0.7499059560894966
0.6961796334385872
0.734854108095169
0.7243787354230881
0.721524598300457
0.7259389740228653
0.7181505724787712
0.7122542244195939
0.7194861164689064
0.7353723281621933
0.7187523886561393
0.6856952573359013
0.7193814441561699
0.6931033250689507
0.7162945601344108
0.695366140305996
0.7035352376103401
0.7240735363960266
0.7348247894644737
0.6776868396997452
0.717662024796009
0.6886990803480149
0.7218163749575615
0.7321628338098526
0.725784361064434
0.7034967160224914
0.6729385840892792
0.696216913163662
0.6889261439442634
0.7185246741771698
0.7321987938880921
0.6692996060848236
0.7213942265510559
0.7218214118480683
0.7095648595690727
0.6720994177460671
0.6939949905872345
0.68972218811512
0.6805978575348854
0.7013103404641151
0.6881114986538887
0.7200815288722515
0.697509768307209
0.7043796038627624
0.6605496160686016
0.6636904647946358
0.6745479825139046
0.6672668018937111
0.6664924514293671
0.6841641554236412
0.6872621396183968
0.6688050198554992
0.6764738285541534
0.6630506029725075
0.6982637888193131
0.6628375428915024
0.660130275785923
0.7006354904174805
0.6594331845641136
0.683156151175499
0.6894876903295517
0.6568884596228599
0.6746495240926742
0.6721537235379219
0.6411327362060547
0.6571030035614968
0.68876090914011
0.6479446411132812
0.6564552734792233
0.7089538952708244
0.6820815828442574
0.6455536332726478
0.6815383914113045
0.646180449128151
0.6951629151403904
0.6900332942605019
0.6476369515061379
0.6780168858170509
0.6416899931430816
0.6709678819775582
0.6498697945475578
0.6756786033511162
0.6690635231137275
0.6661455231904984
0.6380949094891548
0.6602421066164971
0.6369435289502143
0.6790028840303421
0.6593300563097
0.6576176124811173
0.705805507004261
0.6607481607794762
0.6699129858613014
0.6414528703689575
0.673451124727726
0.6471747627854347
0.6390625494718551
0.652444928586483
0.62416359603405
0.6557112416625023
0.6730307242274285
0.6576475360989571
0.6238513863086701
0.6652683672308922
0.6435810402035713
0.6172359535098075
0.6566173404455184
0.6651710641384124
0.6621319517493248
0.6332323777675629
0.6413458850979805
0.6560548391938209
0.6183420749008656
0.6587338563799858
0.614930104315281
0.6368257957696914
0.6218191826343537
0.6025314377248288
0.6656266355514526
0.643087529540062
0.6476533797383308
0.6243388471007347
0.6139928865432739
0.625229818224907
0.6522676178812981
0.6335251316428184
0.6436170864105225
0.6306260162591935
0.6656446406245231
0.627181895673275
0.6380765268206596
0.6636831080913543
0.6027290308475495
0.6449769374728203
0.6530145585536957
0.6336817619204521
0.637392116189003
0.6329337581992149
0.66017828643322
0.6079299312829971
0.6232937568426132
0.6287357544898987
0.6471195071935654
0.641590658724308
0.673660719692707
0.6056106206774712
0.6504564061760902
0.6288625076413155
0.6358595821261406
0.6519909811019897
0.600801799595356
0.5934447023272514
0.647453285753727
0.6096752744913101
0.6404177257418633
0.5974360489845276
0.6442469790577888
0.6363472944498062
0.6109466150403022
0.5943054683506489
0.6248369958996772
0.6643188129365444
0.6117646598815918
0.6448511864244938
0.6271578630805016
0.6055760258436202
0.6162089857459069
0.6588453924655915
0.6247888386249543
0.6140713167190551
0.6277779185771942
0.6046914014220238
0.6078059870004654
0.6328609406948089
0.6172617679834366
0.6154072630405426
0.6105643376708031
0.5962298053503037
0.59762187987566
0.6067820131778717
0.6200516071915626
0.627458493411541
0.6313365899026394
0.6342555284500122
0.6411795487999916
0.5985015544295311
0.6220005005598068
0.623237968981266
0.5549477508664131
0.6144426973164081
0.6087102212011815
0.5861173695325852
0.5789151382446289
0.6101302689313889
0.6127757486701012
0.6031058320403099
0.6310912698507309
0.6136139446496963
0.600603634417057
0.5960762998461724
0.6144327446818352
0.6257256892323494
0.6132388488948345
0.5912654817104339
0.6118217554688453
0.576728965640068
0.6292233210802078
0.6171398028731346
0.6081615701317787
0.5877996890246868
0.6099069058895111
0.6293344867229461
0.5919185176491737
0.5723844966292382
0.5999417814612389
0.5878940346837044
0.5723120540380477
0.5833596071600914
0.6342631179094315
0.5736229240894317
0.5763697546720504
0.5761218333244323
0.5768133255839348
0.6397557494044304
0.5781582666933537
0.6007590734958649
0.5976765370368957
0.6142069038748741
0.5957815700769424
0.5626860505342484
0.6128211370110512
0.6028141981363296
0.5745661029219628
0.6187579119205475
0.5912927305698394
0.6212385982275009
0.6114382755756378
0.5914890483021736
0.600594419836998
0.5938168743252754
0.5714280831813813
0.6149547991156578
0.6135546615719796
0.6041253776848317
0.6167518791556358
0.5840683902800083
0.6399259215593338
0.5756151197850704
0.5994631958007812
0.6304673820734024
0.589510663151741
0.5812193471193313
0.5760335348546505
0.573181808590889
0.5602626016736031
0.5658306786417961
0.6215196730196476
0.5881667929887772
0.5883501376211643
0.5926916921138763
0.5749402922391892
0.6051847848296166
0.589649344086647
0.5905226773023605
0.5905076518654824
0.6002791619300842
0.6059782311320305
0.6034073518216609
0.5845324692130088
0.5744126978516578
0.5880577778816223
0.5623939964175224
0.5784463733434677
0.5910119280219078
0.5747387337684632
0.5945983529090881
0.5641869485378266
0.5610553842782974
0.5704516732692718
0.5962450343370438
0.5453628711402416
0.5539128905534745
0.5600115458667279
0.5789789952337742
0.5862928801774978
0.6030921843647957
0.5981807079911232
0.5573941168189048
0.5833695352077484
0.5703309223055839
0.5681869679689407
0.5952883729338646
0.5711483639478684
0.5728525125980377
0.5578673622012138
0.5829083731770516
0.5524725885689259
0.5983064720034599
0.5427477133274078
0.5524351090192795
0.5871161034703255
0.5606083649396897
0.5924598500132561
0.5516245332360268
0.5411248750984669
