1.9956170320510864
1.5553334951400757
1.6659979820251465
1.4063034057617188
1.3685799837112427
1.1327437162399292
1.0591840744018555
0.8316695690155029
1.1457619667053223
0.8302012085914612
0.6499708294868469
0.5669492483139038
0.5503290295600891
0.7418758869171143
0.5171024799346924
0.5390266180038452
0.553921639919281
0.48747339844703674
0.5473507046699524
0.5087136626243591
0.5542622804641724
0.5811613202095032
0.4673026502132416
0.22619903087615967
0.4197755455970764
0.3954748511314392
0.34793367981910706
0.2923237681388855
0.42249563336372375
0.37553155422210693
0.41755491495132446
0.22010964155197144
0.2923732399940491
0.27725523710250854
0.22662734985351562
0.19473469257354736
0.21499989926815033
0.3044433295726776
0.29129040241241455
0.18163681030273438
0.2964686453342438
0.2573421001434326
0.37026193737983704
0.26773303747177124
0.24217461049556732
0.27776673436164856
0.4078482687473297
0.3948231637477875
0.27574047446250916
0.34241077303886414
0.23904293775558472
0.2910817861557007
0.2039272040128708
0.3324070870876312
0.16703511774539948
0.2109302580356598
0.2513161301612854
0.22728708386421204
0.18521131575107574
0.24804410338401794
0.12274247407913208
0.2100263237953186
0.28148776292800903
0.24114082753658295
0.18398331105709076
0.2180921882390976
0.1224006786942482
0.13819752633571625
0.1344340443611145
0.24744616448879242
0.1234552264213562
0.14162620902061462
0.1702001690864563
0.13317979872226715
0.14936363697052002
0.17194482684135437
0.23505614697933197
0.15210680663585663
0.28908345103263855
0.15609577298164368
0.19230879843235016
0.18525168299674988
0.14871394634246826
0.11860061436891556
0.18515421450138092
0.06862093508243561
0.15358808636665344
0.1986665427684784
0.1882416307926178
0.11973357945680618
0.19644057750701904
0.1962449997663498
0.1959379017353058
0.16670459508895874
0.20431269705295563
0.13845878839492798
0.04017368331551552
0.073706716299057
0.11013709753751755
0.09284312278032303
0.24311098456382751
0.16221536695957184
0.09523910284042358
0.15543270111083984
0.11590275168418884
0.24899759888648987
0.221007838845253
0.20130865275859833
0.11542599648237228
0.09071261435747147
0.191012904047966
0.11263057589530945
0.0679524689912796
0.1343352198600769
0.1878369003534317
0.10952872037887573
0.18698076903820038
0.22606264054775238
0.13410618901252747
0.14228643476963043
0.14502647519111633
0.23752789199352264
0.18903589248657227
0.209601491689682
0.16495199501514435
0.20028439164161682
0.12594807147979736
0.23625823855400085
0.14521723985671997
0.17562618851661682
0.08971744775772095
0.1327846795320511
0.1141481027007103
0.2726142704486847
0.16683624684810638
0.16803397238254547
0.10935277491807938
0.09564883261919022
0.07547330111265182
0.1442093700170517
0.16413439810276031
0.083442322909832
0.23710179328918457
0.09656941890716553
0.07696341723203659
0.13825203478336334
0.10978467017412186
0.17693936824798584
0.09785620123147964
0.20900557935237885
0.20420821011066437
0.15303641557693481
0.11949648708105087
0.08340318500995636
0.10824010521173477
0.10473401099443436
0.08065424859523773
0.16938625276088715
0.11206803470849991
0.16335567831993103
0.06176971271634102
0.19288702309131622
0.16168324649333954
0.18215209245681763
0.22607091069221497
0.16838547587394714
0.07672662287950516
0.14071427285671234
0.08655098080635071
0.11772018671035767
0.073539599776268
0.11651253700256348
0.10994094610214233
0.17434778809547424
0.07255028933286667
0.05909730866551399
0.1487821787595749
0.07623924314975739
0.11827266961336136
0.15182076394557953
0.17220769822597504
0.178065225481987
0.030384253710508347
0.12164144963026047
0.1053459495306015
0.09921051561832428
0.06478521972894669
0.2399139404296875
0.2192058563232422
0.09261538833379745
0.12369032204151154
0.12886697053909302
0.149590402841568
0.04556240886449814
0.07873283326625824
0.07219409197568893
0.1643047034740448
0.07321296632289886
0.1328914314508438
0.05257420986890793
0.16483865678310394
0.09474842995405197
0.2007235735654831
0.18842142820358276
0.05581330135464668
0.02995600737631321
0.12074527889490128
0.07039198279380798
0.06745583564043045
0.15711848437786102
0.24959014356136322
0.1695447862148285
0.08355853706598282
0.08702236413955688
0.15504556894302368
0.2072850465774536
0.09187658876180649
0.03485279902815819
0.16400258243083954
0.1861385703086853
0.06717916578054428
0.09575016796588898
0.14001630246639252
0.12703752517700195
0.0942518338561058
0.1452186554670334
0.19100520014762878
0.11782372742891312
0.1399175077676773
0.12944060564041138
0.18529628217220306
0.05151541531085968
0.0888049528002739
0.14111696183681488
0.11141818761825562
0.05674555525183678
0.08946294337511063
0.06253515928983688
0.08208876103162766
0.06110483780503273
0.1858522891998291
0.14378179609775543
0.1549578607082367
0.21070711314678192
0.06548423320055008
0.08599171042442322
0.07015282660722733
0.1529836803674698
0.06044088304042816
0.15173110365867615
0.05534403398633003
0.037139471620321274
0.11900392919778824
0.08431870490312576
0.0849565640091896
0.1288488209247589
0.09846891462802887
0.06996621191501617
0.0561625175178051
0.11413485556840897
0.10298839211463928
0.22237573564052582
0.1106754019856453
0.14624164998531342
0.1297895461320877
0.10870879888534546
0.041067905724048615
0.06384454667568207
0.05989962816238403
0.09426948428153992
0.10679865628480911
0.042271409183740616
0.04667753353714943
0.1303960382938385
0.06255016475915909
0.06850367039442062
0.15341739356517792
0.12169844657182693
0.057367414236068726
0.10236849635839462
0.061561234295368195
0.08635349571704865
0.09099861234426498
0.1534094512462616
0.07498960196971893
0.0513622909784317
0.10205890983343124
0.12597140669822693
0.09430605918169022
0.05835862457752228
0.061308618634939194
0.0688096210360527
0.11357737332582474
0.07027608901262283
0.0612441748380661
0.1313011348247528
0.07945206016302109
0.12490842491388321
0.032169584184885025
0.06894174218177795
0.12766723334789276
0.06595294922590256
0.1202554702758789
0.16689588129520416
0.20620766282081604
0.09848196804523468
0.15373903512954712
0.08190221339464188
0.04530981183052063
0.07761937379837036
0.07761149108409882
0.10565508157014847
0.14065060019493103
0.02201634645462036
0.14370326697826385
0.07213149964809418
0.21343331038951874
0.08560746908187866
0.05271913856267929
0.07717078924179077
0.038096923381090164
0.045176323503255844
0.1596996784210205
0.03748001530766487
0.09323561936616898
0.0592649020254612
0.08791723102331161
0.15591758489608765
0.08477866649627686
0.07924594730138779
0.13265110552310944
0.06975460052490234
0.1471148282289505
0.10402092337608337
0.06814004480838776
0.08090908080339432
0.09900415688753128
0.0652301162481308
0.0961996391415596
0.07222606986761093
0.02754714898765087
0.0364764966070652
0.03418026491999626
0.10229605436325073
0.045251667499542236
0.21167773008346558
0.08407926559448242
0.044229984283447266
0.12672656774520874
0.11918604373931885
0.11106696724891663
0.12711302936077118
0.08454450964927673
0.07165214419364929
0.05180756747722626
0.054739754647016525
0.06799938529729843
0.04131503403186798
0.07352608442306519
0.10312644392251968
0.12198234349489212
0.14753051102161407
0.05276501178741455
0.03835000842809677
0.11374945193529129
0.08527454733848572
0.048019688576459885
0.019634859636425972
0.08611304312944412
0.03205002844333649
0.07549457252025604
0.09094633907079697
0.050094135105609894
0.0847562626004219
0.12755651772022247
0.06752900779247284
0.1584922969341278
0.09189915657043457
0.07556360960006714
0.13933634757995605
0.0790734514594078
0.04340091720223427
0.0988338366150856
0.049252934753894806
0.1883011907339096
0.057232603430747986
0.08474082499742508
0.1458742320537567
0.10643906891345978
0.12489405274391174
0.05579596385359764
0.07936345785856247
0.08456383645534515
0.16456075012683868
0.10918838530778885
0.04642537981271744
0.06007355824112892
0.03336462005972862
0.07165893912315369
0.032279178500175476
0.06085602939128876
0.12142733484506607
0.06794918328523636
0.04521201178431511
0.08364254981279373
0.05242194980382919
0.07908955961465836
0.060133013874292374
0.0531126968562603
0.1112089529633522
0.056337177753448486
0.10036370903253555
0.11271188408136368
0.10075671225786209
0.03942142426967621
0.07671048492193222
0.05503792315721512
0.17531201243400574
0.02908528596162796
0.09538288414478302
0.10218947380781174
0.07778453826904297
0.12289673089981079
0.05805664137005806
0.07777746021747589
0.13625885546207428
0.14351345598697662
0.1282239407300949
0.06512203812599182
0.06387045234441757
0.15694859623908997
0.07838568091392517
0.06601694971323013
0.17294156551361084
0.06623267382383347
0.07139337807893753
0.09172758460044861
0.1268686205148697
0.08083803951740265
0.08239584416151047
0.07507844269275665
0.09912651032209396
0.024977799504995346
0.10214447975158691
0.10132525116205215
0.1424621045589447
0.03601008281111717
0.11879774928092957
0.02380303479731083
0.03477895259857178
0.056343916803598404
0.1406918466091156
0.07181765139102936
0.040746256709098816
0.05640598386526108
0.06747265160083771
0.05770726501941681
0.0377313494682312
0.08902716636657715
0.02844974771142006
0.1750294715166092
0.044960103929042816
0.014594151638448238
0.03714055195450783
0.045636504888534546
0.047486819326877594
0.07043501734733582
0.03612363338470459
0.07914306968450546
0.08150798827409744
0.10265213996171951
0.06104220077395439
0.07859926670789719
0.1694173365831375
0.05388545244932175
0.1324589103460312
0.10976462066173553
0.048263296484947205
0.04266969487071037
0.11029299348592758
0.20407091081142426
0.04669909179210663
0.03534146025776863
0.09719755500555038
0.14186695218086243
0.033390697091817856
0.03800925612449646
0.06161634996533394
0.04593750089406967
0.05771707370877266
0.05934825912117958
0.041823312640190125
0.06426355987787247
0.06531719863414764
0.028270574286580086
0.04377958923578262
0.1025351732969284
0.0620710626244545
0.027731571346521378
0.056024931371212006
0.10754651576280594
0.04472888633608818
0.07984265685081482
0.06623516976833344
0.09846588224172592
0.032206032425165176
0.14361350238323212
0.023038318380713463
0.07633966207504272
0.08416692912578583
0.1445310413837433
0.11694123595952988
0.023846566677093506
0.024701373651623726
0.04453207179903984
0.10198195278644562
0.09820418059825897
0.11447975039482117
0.07252630591392517
0.029169825837016106
0.05842407047748566
0.05483810603618622
0.02996344305574894
0.10115104913711548
0.05023348331451416
0.053696632385253906
0.04781357944011688
0.10595349967479706
0.03749353438615799
0.0270039364695549
0.05329561233520508
0.039172422140836716
0.08672678470611572
0.08895362913608551
0.05094263702630997
0.03861301392316818
0.062214192003011703
0.06694721430540085
0.10757608711719513
0.0478692390024662
0.040631502866744995
0.06882132589817047
0.03377845883369446
0.049872659146785736
0.05559829622507095
0.04259718209505081
0.07183103263378143
0.13019432127475739
0.03300057351589203
0.08015772700309753
0.0521680973470211
0.02620565891265869
0.02083996683359146
0.0512399785220623
0.039104264229536057
0.03364850953221321
0.06443142890930176
0.13086825609207153
0.030721422284841537
0.09754107892513275
0.03284883126616478
0.06836699694395065
0.04037034884095192
0.0855637937784195
0.048395439982414246
0.10850166529417038
0.08690238744020462
0.08396592736244202
0.03661945089697838
0.0650179460644722
0.020811133086681366
0.048168525099754333
0.05627993121743202
0.07946757972240448
0.059371527284383774
0.04786882549524307
0.042450662702322006
0.021365944296121597
0.05342056229710579
0.04178629070520401
0.027263902127742767
0.04240308329463005
0.09552247077226639
0.06973489373922348
0.1039392501115799
0.09107901155948639
0.06719844788312912
0.015096900053322315
0.04719046130776405
0.0655580684542656
0.044569872319698334
0.08864809572696686
0.06943303346633911
0.06385628879070282
0.05614158511161804
0.018044883385300636
0.1400092989206314
0.07522979378700256
0.04853716865181923
0.059142354875802994
0.05125643312931061
0.017791341990232468
0.06278379261493683
0.07050663232803345
0.03163965791463852
0.08369740843772888
0.049897488206624985
0.05692414566874504
0.10410576313734055
0.04621947556734085
0.020807921886444092
0.08686862140893936
0.017367040738463402
0.05330071225762367
0.036302611231803894
0.028280217200517654
0.053905632346868515
0.043585073202848434
0.07958665490150452
0.037648141384124756
0.08621720969676971
0.07651448994874954
0.03208388388156891
0.08374853432178497
0.042704131454229355
0.05503936856985092
0.01864839345216751
0.03584878146648407
0.021259957924485207
0.03531590849161148
0.07616924494504929
0.09463724493980408
0.04487268999218941
0.08440893888473511
0.04267342761158943
0.030494622886180878
0.06062549725174904
0.09446512907743454
0.04330005496740341
0.02402515709400177
0.044484298676252365
0.030317630618810654
0.044589269906282425
0.08559003472328186
0.10494694858789444
0.06562956422567368
0.03481646254658699
0.08494985103607178
0.03713538497686386
0.09513900429010391
0.06001748889684677
0.06602369248867035
0.09378238767385483
0.019912265241146088
0.14076311886310577
0.06985288113355637
0.04146800562739372
0.054475586861371994
0.11973963677883148
0.0251904409378767
0.10339943319559097
0.03707034885883331
0.07629573345184326
0.03177594393491745
0.03147878497838974
0.07913967967033386
0.0661105364561081
0.039577823132276535
0.0720934271812439
0.06037234142422676
0.09952540695667267
0.01597496308386326
0.039831243455410004
0.044373154640197754
0.03981568664312363
0.01944952830672264
0.06349563598632812
0.043010275810956955
0.01571720466017723
0.08390162140130997
0.014225192368030548
0.044716015458106995
0.026057152077555656
0.04331405833363533
0.0568615086376667
0.06596776843070984
0.08332934975624084
0.08327808976173401
0.225144624710083
0.06191385164856911
0.0360414944589138
0.022605061531066895
0.019176045432686806
0.01694599725306034
0.09957437962293625
0.04887751117348671
0.059345442801713943
0.023391302675008774
0.09495352953672409
0.0202370285987854
0.008536464534699917
0.02474835515022278
0.01964602619409561
0.05463903397321701
0.04842676222324371
0.1350802630186081
0.043703220784664154
0.028337841853499413
0.021107666194438934
0.031575798988342285
0.052930399775505066
0.08270525932312012
0.10767924040555954
0.07797735184431076
0.0475216805934906
0.09383215755224228
0.02900465577840805
0.11405829340219498
0.04403092712163925
0.06292406469583511
0.04086630046367645
0.061898842453956604
0.017122404649853706
0.06354529410600662
0.022663651034235954
0.03206849470734596
0.06273889541625977
0.05802018940448761
0.05402325838804245
0.03650882840156555
0.017621057108044624
0.03285490721464157
0.032216064631938934
0.030385758727788925
0.11324518918991089
0.011320257559418678
0.025077825412154198
0.07439328730106354
0.03511591628193855
0.07005888968706131
0.07579553127288818
0.03230231627821922
0.09289206564426422
0.03295505791902542
0.022136280313134193
0.054066549986600876
0.06237924098968506
0.0635407492518425
0.023894228041172028
0.0470871701836586
0.025852305814623833
0.008949694223701954
0.051352355629205704
0.05243583768606186
0.05797305330634117
0.06973930448293686
0.009879941120743752
0.05465734004974365
0.02517804503440857
0.021853530779480934
0.03807016834616661
0.0409175269305706
0.03271649777889252
0.034540195018053055
0.019114475697278976
0.05143953487277031
0.08636968582868576
0.0696413666009903
0.01884269155561924
0.016790125519037247
0.02155817672610283
0.01231767050921917
0.04233814403414726
0.028161760419607162
0.06452229619026184
0.02274812012910843
0.007346248719841242
0.04445374757051468
0.0274162869900465
0.030216125771403313
0.01158344466239214
0.05311882123351097
0.08180253952741623
0.010767786763608456
0.014620774425566196
0.02697783149778843
0.08429481089115143
0.05123274400830269
0.04725528135895729
0.02974344976246357
0.022730330005288124
0.05798754841089249
0.0973987951874733
0.0812203511595726
0.06518721580505371
0.024773873388767242
0.06390535086393356
0.03272311016917229
0.02284953184425831
0.08084836602210999
0.02128148078918457
0.057839278131723404
0.03875695914030075
0.02095581777393818
0.050962358713150024
0.07575924694538116
0.10388965904712677
0.08377078175544739
0.04466679319739342
0.05976514145731926
0.0557655394077301
0.0688318982720375
0.016428543254733086
0.020269084721803665
0.04918408393859863
0.06502220779657364
0.04650602117180824
0.021052127704024315
0.009235735051333904
0.02007000520825386
0.024932032451033592
0.049777064472436905
0.04100409522652626
0.023319518193602562
0.03016042709350586
0.12287800759077072
0.03949068859219551
0.09634874016046524
0.04403930529952049
0.03601791337132454
0.008609686978161335
0.029493313282728195
0.03785009682178497
0.030796954408288002
0.03334429860115051
0.05347200855612755
0.1321924775838852
0.024485429748892784
0.008059092797338963
0.04655315354466438
0.026562338694930077
0.02954598143696785
0.02668086439371109
0.014568573795258999
0.07284992188215256
0.03926737606525421
0.04471602290868759
0.023363852873444557
0.06859802454710007
0.013459889218211174
0.03615676611661911
0.092519611120224
0.001888511935248971
0.031330656260252
0.02901478484272957
0.03417995572090149
0.03171492740511894
0.09474582225084305
0.018717629835009575
0.026997210457921028
0.026692600920796394
0.3792135715484619
0.02231602743268013
0.0286006610840559
0.07534234970808029
0.021974612027406693
0.011921682395040989
0.05828215181827545
0.011954642832279205
0.027542132884263992
0.07488561421632767
0.0135171078145504
0.007081375923007727
0.05950744077563286
0.08604978024959564
0.05157573148608208
0.017517775297164917
0.05505891889333725
0.09007854014635086
0.04931458458304405
0.049970488995313644
0.06647110730409622
0.07426391541957855
0.01977815106511116
0.012483576312661171
0.04104630649089813
0.03986726701259613
0.03033342957496643
0.08367917686700821
0.07710939645767212
0.03956817463040352
0.028856372460722923
0.06738130003213882
0.11285807192325592
0.05661551281809807
0.11468745023012161
0.07375463843345642
0.07143000513315201
0.037841636687517166
0.07697555422782898
0.07068067044019699
0.054722994565963745
0.04322148486971855
0.04601748287677765
0.028365010395646095
0.0700083002448082
0.15780016779899597
0.005908828694373369
0.032971445471048355
0.029824575409293175
0.03902910649776459
0.04951491579413414
0.02628287672996521
0.03235054761171341
0.03938216343522072
0.05807895585894585
0.01449122279882431
0.05604305863380432
0.018494170159101486
0.03341177478432655
0.03359091281890869
0.029100898653268814
0.021198375150561333
0.0859798714518547
0.0326726995408535
0.041802678257226944
0.03464289382100105
0.04139462485909462
0.008777426555752754
0.03216617554426193
0.021012963727116585
0.09087499976158142
0.02241717465221882
0.018157223239541054
0.0570218525826931
0.2001810520887375
0.009439161978662014
0.033398475497961044
0.05311864987015724
0.04468772932887077
0.017658229917287827
0.053979430347681046
0.07695631682872772
0.03631851077079773
0.025744855403900146
0.0022009960375726223
0.03552395477890968
0.01948699541389942
0.06652805209159851
0.08235001564025879
0.08741417527198792
0.07248573005199432
0.018860477954149246
0.01252200361341238
0.060282956808805466
0.09959210455417633
0.042878348380327225
0.047418225556612015
0.018850136548280716
0.03293190151453018
0.0799030289053917
0.06340830773115158
0.02527407370507717
0.01786847785115242
0.03048347868025303
0.1044842079281807
0.01604248583316803
0.03358159214258194
0.06648936867713928
0.008302933536469936
0.03561203554272652
0.10702924430370331
0.08037205785512924
0.04094606265425682
0.03228890895843506
0.05052443966269493
0.10445055365562439
0.10278032720088959
0.06224507465958595
0.01494425255805254
0.026439698413014412
0.05089898779988289
0.029870370402932167
0.005294272676110268
0.03332589566707611
0.0792505145072937
0.020979227498173714
0.051213767379522324
0.028356850147247314
0.06565399467945099
0.030103133991360664
0.042989302426576614
0.06820821017026901
0.08423188328742981
0.03351813554763794
0.034276332706213
0.07163340598344803
0.05036401376128197
0.07670237123966217
0.01401266735047102
0.066324882209301
