0.6939583336934447
0.6712500066496432
0.6908333348110318
0.7166666649281979
0.7272916696965694
0.7216666704043746
0.7179166683927178
0.7233333345502615
0.7162500023841858
0.7435416728258133
0.7424999987706542
0.7460416620597243
0.7435416700318456
0.735208336263895
0.7593750022351742
0.7589583341032267
0.7468749973922968
0.7502083359286189
0.7327083358541131
0.7475000005215406
0.7558333305642009
0.741666667163372
0.7429166687652469
0.7516666678711772
0.7566666677594185
0.7418750012293458
0.7664583348669112
0.7547916676849127
0.7639583367854357
0.7739583346992731
0.776458335109055
0.7602083338424563
0.7583333337679505
0.7683333354070783
0.7779166651889682
0.7720833327621222
0.761875000782311
0.7647916693240404
0.760833335109055
0.752291671000421
0.7568750018253922
0.760833335109055
0.7554166680201888
0.7543750032782555
0.7714583361521363
0.7577083334326744
0.7662500021979213
0.77687500230968
0.7645833352580667
0.7558333352208138
0.7591666644439101
0.769166667945683
0.7587500009685755
0.7735416712239385
0.7787500014528632
0.766250004991889
0.7697916654869914
0.7699999986216426
0.7685416713356972
0.7793750027194619
0.7812500009313226
0.7660416653379798
0.7793749989941716
0.771458332426846
0.7533333394676447
0.7654166696593165
0.7739583319053054
0.7812500037252903
0.7756250025704503
0.7804166674613953
0.777916663326323
0.7820833344012499
0.7841666685417295
0.7731249993667006
0.775000000372529
0.7866666633635759
0.7720833318307996
0.7785416711121798
0.7808333346620202
0.7816666662693024
0.773125003091991
0.7887499984353781
0.7772916657850146
0.7902083331719041
0.7689583357423544
0.7702083336189389
0.7752083372324705
0.7741666669026017
0.7691666688770056
0.7814583322033286
0.7770833363756537
0.7806249996647239
0.8000000016763806
0.7870833361521363
0.7620833376422524
0.7633333336561918
0.7772916676476598
0.7752083372324705
0.7850000029429793
0.7810416715219617
0.7866666670888662
0.7706250008195639
0.7879166649654508
0.791666666045785
0.7772916685789824
0.7897916650399566
0.7739583356305957
0.7950000017881393
0.7777083348482847
0.7718749986961484
0.7850000020116568
0.7887499984353781
0.777708332054317
0.7825000025331974
0.797499998472631
0.7858333336189389
0.7831250010058284
0.776458335109055
0.7939583323895931
0.7914583366364241
0.7631250005215406
0.7856250023469329
0.7825000016018748
0.7943750005215406
0.7820833334699273
0.7945833383128047
0.785625004209578
0.787916662171483
0.7877083336934447
0.7908333353698254
0.7850000020116568
0.7935416679829359
0.791874997317791
0.7850000010803342
0.769583335146308
0.7954166689887643
0.7802083333954215
0.7856249967589974
0.7879166686907411
0.8000000035390258
0.7841666638851166
0.7920833379030228
0.7864583367481828
0.7845833376049995
0.8047916665673256
0.7991666654124856
0.7835416682064533
0.7883333349600434
0.7889583334326744
0.7906250031664968
0.7979166638106108
0.7906249994412065
0.7933333339169621
0.8014583336189389
0.7918749991804361
0.8052083337679505
0.7841666704043746
0.7847916688770056
0.7925000013783574
0.7968750009313226
0.7927083326503634
0.8152083363384008
0.7783333361148834
0.797499998472631
0.7914583357051015
0.7910416685044765
0.795625003054738
0.7918749982491136
0.7914583329111338
0.7854166636243463
0.8000000035390258
0.7897916715592146
0.7912500016391277
0.776458335109055
0.8083333345130086
0.7908333325758576
0.7920833332464099
0.7881249999627471
0.7918750066310167
0.8087499998509884
0.8039583349600434
0.7995833344757557
0.806250000372529
0.7985416632145643
0.809791668318212
0.7914583329111338
0.7889583334326744
0.799583331681788
0.7954166634008288
0.794791666790843
0.8129166653379798
0.7799999993294477
0.7895833356305957
0.7881250008940697
0.8022916708141565
0.7904166663065553
0.8072916669771075
0.8104166705161333
0.8079166673123837
0.8104166686534882
0.8043750021606684
0.8168749995529652
0.7916666651144624
0.8002083376049995
0.8127083349972963
0.7954166699200869
0.8095833351835608
0.8041666625067592
0.8085416676476598
0.8185416655614972
0.802291669882834
0.799166671000421
0.8012500014156103
0.7989583360031247
0.7943750042468309
0.8141666669398546
0.8206249978393316
0.8018750036135316
0.7977083381265402
0.7879166668280959
0.8087500017136335
0.7845833329483867
0.7972916653379798
0.8125000018626451
0.7931250017136335
0.797083331272006
0.8083333354443312
0.7818750003352761
0.8056250000372529
0.782708334736526
0.7981249978765845
0.8027083333581686
0.8018749980255961
0.807500003837049
0.800833335146308
0.7993750013411045
0.8197916690260172
0.796666668727994
0.8106250008568168
0.8147916691377759
0.8054166687652469
0.8004166688770056
0.8052083337679505
0.7935416670516133
0.8056250000372529
0.7975000031292439
0.8175000017508864
0.7937500011175871
0.8064583344385028
0.8037500008940697
0.7962499968707561
0.7939583361148834
0.7985416678711772
0.8087499998509884
0.8129166699945927
0.7912500016391277
0.8125000018626451
0.8033333318307996
0.8166666710749269
0.8168750004842877
0.7870833342894912
0.7956250021234155
0.8177083367481828
0.8160416688770056
0.806041662581265
0.800416667945683
0.7985416678711772
0.8041666727513075
0.8045833352953196
0.7972916644066572
0.8004166670143604
0.7993750032037497
0.8016666639596224
0.8164583388715982
0.808541664853692
0.8000000016763806
0.7997916685417295
0.7939583342522383
0.8145833322778344
0.8006250020116568
0.7995833326131105
0.8012499986216426
0.8035416658967733
0.813124998472631
0.7941666664555669
0.8152083288878202
0.8037500036880374
0.8006249973550439
0.8162500001490116
0.7943750033155084
0.7974999975413084
0.7977083371952176
0.8145833313465118
0.8166666654869914
0.8049999978393316
0.7989583322778344
0.8035416696220636
0.8204166665673256
0.7941666673868895
0.7999999979510903
0.807291666045785
0.7979166656732559
0.7989583313465118
0.8116666674613953
0.8072916716337204
0.8052083300426602
0.8089583357796073
0.7929166695103049
0.8218749985098839
0.7914583375677466
0.8052083356305957
0.8166666692122817
0.7891666665673256
0.8014583326876163
0.8058333322405815
0.822291667573154
0.8033333318307996
0.8004166642203927
0.7939583333209157
0.8331249970942736
0.7995833335444331
0.8160416670143604
0.8204166684299707
0.8172916667535901
0.8041666680946946
0.8133333344012499
0.8014583364129066
0.8133333334699273
0.8087500026449561
0.8139583338052034
0.8143749963492155
0.803124999627471
0.7987500010058284
0.801041666418314
0.8116666674613953
0.8083333326503634
0.8100000005215406
0.8131250012665987
0.8150000013411045
0.7985416669398546
0.8177083395421505
0.8125000027939677
0.8037500027567148
0.8093749983236194
0.79124999884516
0.8024999955669045
0.8137499988079071
0.8089583329856396
0.8054166669026017
0.805208332836628
0.8158333394676447
0.7999999970197678
0.8166666682809591
0.81687499769032
0.8116666683927178
0.8102083364501595
0.817291671410203
0.8045833315700293
0.8214583368971944
0.7910416703671217
0.8004166670143604
0.8091666679829359
0.7997916666790843
0.8141666678711772
0.8302083350718021
0.8106249999254942
0.8129166690632701
0.8197916662320495
0.8256250023841858
0.8072916669771075
0.8110416671261191
0.8135416666045785
0.8233333332464099
0.8216666700318456
0.807708335109055
0.8200000012293458
0.8037499990314245
0.7985416688024998
0.8104166658595204
0.8189583346247673
0.7981250006705523
0.8152083344757557
0.8235416691750288
0.8087500035762787
0.8256249995902181
0.7997916685417295
0.8093750039115548
0.8108333311975002
0.8085416667163372
0.8087500054389238
0.8054166687652469
0.7950000008568168
0.8031249986961484
0.8039583340287209
0.8093750001862645
0.8127083331346512
0.819791667163372
0.8150000041350722
0.8208333402872086
0.8137500006705523
0.8120833337306976
0.8241666657850146
0.8164583323523402
0.8095833323895931
0.8131249994039536
0.8114583296701312
0.8304166635498405
0.8154166648164392
0.8045833352953196
0.8137500043958426
0.8127083322033286
0.8093750029802322
0.8174999970942736
0.8229166669771075
0.8304166719317436
0.8131249994039536
0.8189583355560899
0.8135416666045785
0.8118749959394336
0.8183333352208138
0.811666670255363
0.8070833329111338
0.8068750025704503
0.8083333317190409
0.8029166655614972
0.8150000004097819
0.8208333346992731
0.8164583379402757
0.817708333954215
0.8168749967589974
0.8116666665300727
0.8131250012665987
0.8145833313465118
0.8066666647791862
0.8300000000745058
0.8214583368971944
0.8104166677221656
0.8160416670143604
0.8233333341777325
0.8070833375677466
0.8202083362266421
0.8270833343267441
0.8166666682809591
0.8018750017508864
0.807708335109055
0.8262500008568168
0.8170833345502615
0.8087499979883432
0.8143750010058284
0.8122916668653488
0.7983333338052034
0.8233333323150873
0.808958332054317
0.8183333352208138
0.8154166648164392
0.8277083327993751
0.8131249975413084
0.8074999982491136
0.8106250008568168
0.8112500002607703
0.8097916664555669
0.7912499997764826
0.816041667945683
0.8087500017136335
0.8135416666045785
0.8185416711494327
0.8227083310484886
0.8052083346992731
0.8200000068172812
0.8099999995902181
0.8160416698083282
0.8208333356305957
0.8200000002980232
0.8210416687652469
0.8127083359286189
0.8025000030174851
0.8154166685417295
0.8058333322405815
0.833333333954215
0.8191666658967733
0.8227083329111338
0.8064583316445351
0.8214583331719041
0.8222916647791862
0.8254166664555669
0.8135416684672236
0.8281249972060323
0.8285416690632701
0.8077083332464099
0.8050000024959445
0.8241666629910469
0.7987500010058284
0.8106250017881393
0.8081249985843897
0.8193749999627471
0.8249999983236194
0.8247916661202908
0.8260416686534882
0.8041666680946946
0.8258333364501595
0.8077083341777325
0.7995833307504654
0.8145833350718021
0.8268749993294477
0.8170833317562938
0.8129166709259152
0.8097916655242443
0.8137500025331974
0.80812500230968
0.8212500009685755
0.8349999990314245
0.826458333991468
0.8310416666790843
0.8218750031664968
0.8085416676476598
0.8297916715964675
0.7977083344012499
0.8168749986216426
0.8212500028312206
0.8168750014156103
0.8156250044703484
0.8150000013411045
0.8147916663438082
0.8247916707769036
0.8037499990314245
0.8172916695475578
0.8179166661575437
0.8185416655614972
0.8177083367481828
0.8141666715964675
0.8129166672006249
0.8172916658222675
0.8391666719689965
0.8143749982118607
0.8129166653379798
0.8033333346247673
0.826458333991468
0.8189583336934447
0.819374998100102
0.81375000346452
0.831666667945683
0.8100000014528632
0.8199999975040555
0.817708333954215
0.8202083334326744
0.8210416687652469
0.8231250010430813
0.8125000046566129
0.8022916652262211
0.8227083338424563
0.8233333323150873
0.8091666651889682
0.8177083348855376
0.8095833361148834
0.8225000035017729
0.8181249964982271
0.831458330154419
0.8285416672006249
0.8262500045821071
0.8164583314210176
0.8191666705533862
0.8258333364501595
0.8118749978020787
0.8049999978393316
0.8325000032782555
0.8164583342149854
0.8133333316072822
0.8185416646301746
0.8235416682437062
0.8356249984353781
0.8033333383500576
0.8274999978020787
0.8147916663438082
0.8175000008195639
0.8189583336934447
0.8220833335071802
0.8074999991804361
0.8241666639223695
0.8122916659340262
0.8299999982118607
0.8075000001117587
0.821250001899898
0.819583335891366
0.8122916677966714
0.8287499994039536
0.8093750020489097
0.8208333337679505
0.8089583339169621
0.8152083354070783
0.8224999979138374
0.8112500021234155
0.8183333333581686
0.8379166685044765
0.8170833364129066
0.8085416685789824
0.8114583333954215
0.8202083380892873
0.8306250022724271
0.8102083336561918
0.8189583318307996
0.8181250002235174
0.8100000005215406
0.8154166704043746
0.8250000039115548
0.8264583377167583
0.8202083362266421
0.8129166690632701
0.8164583342149854
0.827916668727994
0.8108333349227905
0.8258333345875144
0.813958334736526
0.8166666710749269
0.8170833364129066
0.814375001937151
0.8179166680201888
0.8231250019744039
0.8281250009313226
0.8110416643321514
0.8189583299681544
0.8122916668653488
0.8208333337679505
0.8385416679084301
0.8206250034272671
0.8200000021606684
0.831874999217689
0.8247916651889682
0.8185416683554649
0.8125000009313226
0.821666669100523
0.8045833325013518
0.818749999627471
0.824375000782311
0.826666665263474
0.8100000014528632
0.8302083350718021
0.7991666691377759
0.8091666651889682
0.8318750048056245
0.8299999982118607
0.8083333345130086
0.8102083364501595
0.8220833344385028
0.822291667573154
0.8116666655987501
0.8202083352953196
0.8229166669771075
0.8170833345502615
0.8333333348855376
0.8114583343267441
0.8220833344385028
0.8164583323523402
0.8341666702181101
0.8168750004842877
0.8239583326503634
0.8168750032782555
0.8214583341032267
0.8233333313837647
0.8164583323523402
0.8160416688770056
0.8262500017881393
0.8160416688770056
0.8227083347737789
0.8300000047311187
0.8272916665300727
0.8327083345502615
0.8329166676849127
0.822916666045785
0.8127083322033286
0.8091666689142585
0.8127083359286189
0.8266666661947966
0.8112500011920929
0.8147916682064533
0.8387500019744039
0.8187500005587935
0.8156249979510903
0.8231250019744039
0.81812500115484
0.8206250024959445
0.8131249994039536
0.8172916686162353
0.8208333337679505
0.8197916653007269
0.8195833330973983
0.8127083340659738
0.8156249979510903
0.8225000007078052
0.8200000040233135
0.8222916657105088
0.8181250002235174
0.8393749985843897
0.8264583377167583
0.8287500040605664
0.8210416696965694
0.8450000006705523
0.8447916712611914
0.8329166676849127
0.8031250033527613
0.8283333322033286
0.8204166702926159
0.8150000013411045
0.8047916665673256
0.822291667573154
0.8254166692495346
0.8170833345502615
0.8270833324640989
0.820416665636003
0.8314583329483867
0.8210416669026017
0.8127083340659738
0.8243749979883432
0.8260416714474559
0.8150000004097819
0.8052083309739828
0.8220833344385028
0.837291672360152
0.827500001527369
0.8345833318307996
0.8297916669398546
0.8147916672751307
0.8347916714847088
0.8281250018626451
0.825208337046206
0.8241666667163372
0.822916666045785
0.8252083351835608
0.8225000007078052
0.8272916693240404
0.8041666690260172
0.8216666700318456
0.8302083350718021
0.8250000020489097
0.8320833379402757
0.8047916693612933
0.8085416695103049
0.8254166645929217
0.832708340138197
0.8225000016391277
0.822916672565043
0.8137500016018748
0.827500001527369
0.8162500010803342
0.8291666693985462
0.828958336263895
0.8216666672378778
0.8331250017508864
0.8293749988079071
0.8043749984353781
0.811875001527369
0.8295833365991712
0.83375000115484
0.8264583321288228
0.8158333338797092
0.814583333209157
0.8250000020489097
0.8199999984353781
0.8229166669771075
0.841041668318212
0.8281250037252903
0.8214583387598395
0.8291666675359011
0.8304166672751307
0.8239583326503634
0.8306250004097819
0.8168750023469329
0.8279166650027037
0.8304166663438082
0.8425000039860606
0.8162500038743019
0.8270833361893892
0.8160416670143604
0.8262500045821071
0.8281250027939677
0.8112499993294477
0.8312500007450581
0.835625003091991
0.826041666790843
0.8147916616871953
0.8356250021606684
0.8156249998137355
0.8397916667163372
0.8160416688770056
0.8260416649281979
0.8320833342149854
0.8237500013783574
0.8329166667535901
0.8404166689142585
0.8227083366364241
0.8279166715219617
0.8220833353698254
0.8218749975785613
0.8262500008568168
0.842916670255363
0.8266666708514094
0.8247916707769036
0.8272916665300727
0.8329166686162353
0.8272916646674275
0.8289583288133144
0.8306250013411045
0.8270833324640989
0.8216666681692004
0.8141666632145643
0.8112500002607703
0.8170833336189389
0.838541666045785
0.8362500024959445
0.8354166699573398
0.832083335146308
0.8210416678339243
0.8297916688024998
0.8145833360031247
0.8145833322778344
0.8264583321288228
0.8185416636988521
0.8281250074505806
0.8112499993294477
0.8202083371579647
0.8266666671261191
0.8287500031292439
0.820000003091991
0.8264583349227905
0.8206250006332994
0.8264583321288228
0.8143750000745058
0.8135416647419333
0.8137500006705523
0.8285416681319475
0.8218749985098839
0.813749996945262
0.831041669473052
0.8310416704043746
0.824791669845581
0.8327083317562938
0.8268750021234155
0.824791669845581
0.8243750017136335
0.8270833380520344
0.8306250041350722
0.8254166655242443
0.8331250045448542
0.814166666008532
0.8283333359286189
0.8449999997392297
0.8195833349600434
0.8362499997019768
0.8312500016763806
0.8247916661202908
0.8152083363384008
0.8175000008195639
0.8102083364501595
0.8327083345502615
0.8139583319425583
0.841041668318212
0.8247916623950005
0.832291672937572
0.8291666703298688
0.8114583324640989
0.8208333384245634
0.8016666686162353
0.820000003091991
0.8241666667163372
0.8362500015646219
0.8397916667163372
0.8075000029057264
0.8335416670888662
0.8170833326876163
0.8268750021234155
0.8404166689142585
0.816041667945683
0.8320833314210176
0.8172916686162353
0.8360416684299707
0.8214583359658718
0.8118750033900142
0.8222916638478637
0.8318750020116568
0.8372916700318456
0.8252083323895931
0.8174999980255961
0.8212500009685755
0.8241666676476598
0.8104166649281979
0.8177083320915699
0.8227083347737789
0.8289583353325725
0.8283333275467157
0.8297916697338223
0.8358333390206099
0.8218750013038516
0.834583337418735
0.8339583342894912
0.8285416681319475
0.8352083321660757
0.8310416722670197
0.8247916707769036
0.8212499963119626
0.831666667945683
0.8260416686534882
0.8370833331719041
0.8164583332836628
0.8274999996647239
0.8256249977275729
0.8277083346620202
0.8256249977275729
0.8243750017136335
0.8231249991804361
0.8168749995529652
0.8254166664555669
0.8393750004470348
0.818958330899477
0.837291662581265
0.8149999994784594
0.823958333581686
0.8204166693612933
0.826666665263474
0.8302083322778344
0.8300000028684735
0.8339583342894912
0.8345833346247673
0.8264583311975002
0.8293750006705523
0.8310416657477617
0.8227083329111338
0.8302083304151893
0.8331249989569187
0.8293750006705523
0.8306249985471368
0.8383333319798112
0.831458336673677
0.8314583329483867
0.832916664890945
0.8229166697710752
0.8345833327621222
0.814166666008532
0.8174999943003058
0.8449999997392297
0.831666667945683
0.8125000037252903
0.8250000001862645
0.8243750026449561
0.833958332426846
0.8141666650772095
0.8266666671261191
0.8354166690260172
0.8235416654497385
0.8147916682064533
0.8262500027194619
0.8256249995902181
0.8212500046938658
0.8306250041350722
0.828333331272006
0.8302083350718021
0.8229166679084301
0.8222916647791862
0.8250000020489097
0.8187500005587935
0.8285416681319475
0.8304166700690985
0.8454166641458869
0.8122916677966714
0.8358333380892873
0.8275000024586916
0.8083333317190409
0.8358333334326744
0.8358333352953196
0.8299999991431832
0.8304166672751307
0.8285416662693024
0.8300000047311187
0.8229166651144624
0.8229166697710752
0.8147916672751307
0.8320833323523402
0.8137499997392297
0.8220833353698254
0.8199999993667006
0.8368750009685755
0.8164583323523402
0.8264583321288228
0.8222916657105088
0.8233333369717002
0.8245833348482847
0.8264583330601454
0.8302083350718021
0.8224999979138374
0.8179166624322534
0.8204166693612933
0.8252083314582705
0.8366666687652469
0.8354166653007269
0.8133333344012499
0.8379166666418314
0.8372916700318456
0.8191666631028056
0.8249999992549419
0.8229166669771075
0.8254166673868895
0.8277083346620202
