1525.7933177947998
1255.2010478973389
1198.7216262817383
1147.000633239746
1135.3246326446533
1140.299295425415
1138.8923511505127
1121.8707599639893
1101.3496026992798
1091.0967597961426
1073.1011867523193
1086.9580011367798
1079.4500799179077
1073.9462547302246
1066.8003854751587
1061.5458345413208
1053.73291015625
1043.2349910736084
1051.046353340149
1037.8384828567505
1018.038083076477
1012.7189235687256
1024.079888343811
1016.0340566635132
997.8776845932007
1003.449405670166
1006.3360137939453
990.4653701782227
993.5033273696899
985.3256731033325
997.6125812530518
978.3756618499756
971.7278232574463
971.9778537750244
965.1386775970459
964.8462562561035
965.9306879043579
965.3290109634399
954.1747303009033
962.622636795044
951.4834480285645
939.8017444610596
933.4269638061523
935.8214206695557
933.4541873931885
934.3475666046143
944.3663711547852
937.4533271789551
927.5909881591797
928.5444135665894
927.5484094619751
905.782922744751
912.7544746398926
914.9934616088867
914.5748805999756
905.161190032959
917.0942134857178
896.0072231292725
894.1718072891235
906.4571008682251
887.8558197021484
890.018144607544
882.5402116775513
892.635687828064
884.4978818893433
879.728925704956
878.1967029571533
881.7668905258179
892.4615306854248
872.3000011444092
885.4307584762573
879.8827524185181
872.8361501693726
906.8261737823486
880.6192245483398
857.2371578216553
874.3175926208496
877.0226516723633
879.6804761886597
859.7082948684692
897.2556037902832
850.0858192443848
872.1182699203491
872.4326982498169
877.2052097320557
861.2457418441772
863.7445316314697
863.8271322250366
861.2815713882446
867.7754583358765
858.805438041687
862.1980266571045
856.7623929977417
855.5203485488892
869.8980531692505
865.2677698135376
868.8652200698853
865.6019639968872
857.6886262893677
851.1639184951782
852.7926712036133
855.3390159606934
857.709719657898
834.0883951187134
855.1250076293945
855.2170467376709
852.2206659317017
849.65882396698
849.2635889053345
842.0580787658691
844.9327077865601
847.4693822860718
847.4049243927002
859.1825523376465
847.1180019378662
856.8173351287842
854.2745866775513
850.2447652816772
827.9127368927002
836.5484714508057
836.3100738525391
849.8210020065308
841.4092683792114
831.578857421875
836.989987373352
822.307653427124
852.2281122207642
839.3916139602661
829.5236692428589
845.2395687103271
843.6098585128784
841.2133798599243
840.4680137634277
844.8561000823975
852.2420959472656
835.1853151321411
824.1412649154663
850.7065153121948
823.0355386734009
823.1152963638306
845.8574266433716
844.3820476531982
835.7717609405518
830.6360378265381
842.184886932373
833.6922569274902
834.7460985183716
826.5893983840942
824.3533811569214
819.6838207244873
838.4182872772217
822.0134716033936
819.1157093048096
824.236291885376
825.7381477355957
833.5291318893433
832.6493797302246
826.9269132614136
828.4677629470825
825.7786483764648
827.0058088302612
827.1482973098755
830.570146560669
832.484073638916
824.3533201217651
824.4933614730835
819.8015251159668
824.4471139907837
832.1447305679321
829.8269920349121
830.4502840042114
820.0889530181885
806.822416305542
825.5160179138184
814.7946901321411
837.4471101760864
817.7549657821655
832.8647317886353
817.7732086181641
825.618257522583
828.614860534668
825.2642889022827
823.286054611206
830.7875843048096
810.643406867981
835.1432418823242
815.8854484558105
827.4291667938232
826.0157566070557
821.2074327468872
809.4347381591797
821.5196714401245
822.3599052429199
813.9521884918213
817.2882642745972
828.1540956497192
804.3771181106567
813.2168045043945
813.0251760482788
821.7817096710205
801.650016784668
811.1364803314209
817.828423500061
821.9216241836548
818.8695411682129
817.0011301040649
827.9938697814941
829.6415500640869
824.5855894088745
808.1443405151367
810.1728582382202
821.4168062210083
822.4968242645264
812.5178899765015
816.5815896987915
820.1719703674316
793.268292427063
808.2283687591553
824.203911781311
804.9345369338989
814.2670288085938
811.3488311767578
813.3592824935913
804.6255588531494
820.4918212890625
815.0344486236572
820.300386428833
813.8545846939087
796.8552474975586
821.1671657562256
804.3826551437378
804.454607963562
816.4380970001221
796.4658603668213
801.9128665924072
808.1508646011353
797.0454807281494
792.8679685592651
798.7747926712036
813.0532426834106
802.846438407898
810.4806604385376
813.021858215332
808.2295942306519
804.5390787124634
812.6398029327393
801.0208024978638
813.2692260742188
804.5053205490112
800.6707353591919
809.9296722412109
819.3475999832153
815.0550661087036
807.4368276596069
790.7559328079224
812.7697811126709
804.9194011688232
802.4742937088013
807.3043909072876
802.8413972854614
810.4818477630615
810.5172567367554
800.1123685836792
810.9508295059204
801.4607553482056
797.9907693862915
800.9443140029907
796.4626131057739
808.549708366394
789.7849159240723
791.5602083206177
813.1062870025635
801.0248823165894
795.2707366943359
788.4402027130127
802.3515300750732
803.218147277832
809.7260475158691
804.2613725662231
808.2655820846558
774.9986152648926
796.1098356246948
798.3888559341431
793.6169595718384
793.065188407898
804.6149616241455
805.4131135940552
806.820463180542
791.6736583709717
814.638913154602
802.9567623138428
813.448582649231
791.6698026657104
798.8830833435059
791.2560749053955
805.040735244751
793.3287982940674
794.4869270324707
795.6448984146118
791.0772657394409
798.804521560669
809.9780197143555
799.3120107650757
803.648232460022
792.6130180358887
807.9788160324097
790.7353172302246
787.2811689376831
785.1112060546875
805.5511560440063
777.3223257064819
788.3420324325562
800.5789566040039
806.5266389846802
796.3107576370239
784.8816366195679
794.6826076507568
790.9465665817261
798.2605237960815
778.0258026123047
795.2345418930054
800.4956321716309
778.1997747421265
802.4895391464233
806.648645401001
796.1646642684937
795.7201633453369
800.6699171066284
796.8346796035767
780.9638681411743
794.2732839584351
780.7094125747681
800.3641862869263
790.8731393814087
791.7875137329102
780.3891286849976
785.0046644210815
774.3949556350708
795.877420425415
792.0191564559937
783.7767953872681
799.4851303100586
785.3115758895874
794.671215057373
797.6744470596313
802.3378620147705
788.2224264144897
794.3394794464111
794.4544887542725
786.9607839584351
789.8021335601807
790.6444396972656
804.448564529419
786.7223501205444
790.3216762542725
787.3571548461914
787.7462472915649
798.5174961090088
798.0466146469116
790.0892200469971
773.8841714859009
794.3820533752441
800.7886066436768
784.31103515625
781.0484285354614
791.0243110656738
781.9873218536377
786.2259883880615
794.1343898773193
784.2061233520508
788.7115058898926
809.0612030029297
787.5877571105957
800.505537033081
785.0156602859497
784.1026411056519
787.8523330688477
786.6514596939087
793.7081594467163
786.672043800354
785.8661756515503
795.5093593597412
784.5551490783691
802.8894128799438
781.1528968811035
789.4287729263306
792.966386795044
793.6094675064087
793.5130558013916
787.2153882980347
782.7119693756104
791.6578016281128
795.5518341064453
790.2161407470703
778.8041687011719
794.3472776412964
790.424786567688
788.9448232650757
797.5686922073364
780.8592920303345
792.3071947097778
791.9898681640625
784.6341905593872
800.7466087341309
782.3854150772095
771.2676763534546
771.565426826477
797.6829319000244
798.1842775344849
787.5574960708618
792.9425897598267
787.6879634857178
791.7007474899292
789.5468969345093
783.2325305938721
787.0289001464844
790.1974515914917
778.8746662139893
777.8871936798096
796.0734405517578
797.0474691390991
778.4698600769043
800.3659954071045
782.9329023361206
795.3463907241821
790.5427236557007
777.5271625518799
784.3003387451172
777.0271549224854
784.3863697052002
793.1463670730591
778.6487503051758
791.4792184829712
781.2018976211548
789.8154392242432
784.7220478057861
783.8035554885864
781.5986843109131
772.4249439239502
776.9015731811523
773.620922088623
782.0649309158325
776.934118270874
785.9274978637695
789.0230255126953
782.4628295898438
786.0083675384521
787.4887094497681
787.5736265182495
795.2812910079956
790.4346408843994
772.6820993423462
780.7015905380249
778.8533916473389
791.9492206573486
768.9843616485596
776.3030862808228
779.1584043502808
786.6200714111328
775.0050621032715
772.0441493988037
792.4859237670898
780.0624122619629
774.9209623336792
801.0804023742676
794.3602161407471
778.1913185119629
784.0341377258301
774.919734954834
785.2762107849121
770.074610710144
782.6794452667236
782.4645862579346
787.5405368804932
778.3733711242676
808.1677312850952
780.8015031814575
789.1464881896973
781.563193321228
772.8141765594482
770.7564420700073
785.41086769104
792.4688730239868
776.5065822601318
785.5030374526978
773.743239402771
768.7280330657959
787.8715152740479
785.379711151123
771.7656259536743
780.3948345184326
780.8934316635132
787.337212562561
776.7500162124634
786.2200059890747
779.147554397583
771.121057510376
769.4171266555786
786.6444549560547
778.2551183700562
778.3354320526123
784.6637907028198
772.8507308959961
788.235110282898
784.3684396743774
776.1095514297485
781.7187595367432
772.8541307449341
786.6344604492188
776.6111516952515
778.8122978210449
788.762285232544
782.6792917251587
783.7335481643677
784.6295156478882
775.0969476699829
779.3606176376343
771.5020990371704
781.7988014221191
768.8186140060425
764.3585300445557
778.8239431381226
775.934567451477
774.6563901901245
770.4285335540771
780.5321846008301
776.9820365905762
775.1461048126221
771.7047157287598
760.2076463699341
776.7900352478027
769.9983034133911
783.3062381744385
771.7773542404175
774.7419080734253
775.6998748779297
777.4909324645996
763.0103883743286
779.0571384429932
767.2830438613892
767.0217981338501
788.4581117630005
772.3568077087402
779.9503793716431
774.553897857666
773.9726419448853
772.8822231292725
788.8040981292725
783.5967350006104
784.1475811004639
779.9621143341064
758.8529901504517
776.3987035751343
772.1556253433228
769.9714441299438
780.6506614685059
779.4291477203369
780.6463289260864
771.7278184890747
775.8334493637085
774.495680809021
783.9823045730591
779.7424602508545
783.7030506134033
764.2676782608032
766.2512187957764
778.0157117843628
778.7886409759521
780.6767349243164
755.7107200622559
779.5130205154419
772.5406560897827
781.6298627853394
778.1015968322754
771.2490882873535
777.1139535903931
788.4343376159668
762.1580715179443
765.0555381774902
778.7567224502563
776.4926109313965
772.3806858062744
774.851640701294
790.7214469909668
769.1360769271851
770.576361656189
788.5272464752197
772.97922706604
791.2295942306519
759.8677663803101
766.7778596878052
770.4147930145264
791.8478574752808
780.0709342956543
784.8047103881836
778.1795921325684
776.0160236358643
758.7063541412354
774.2227811813354
771.742561340332
766.6585521697998
780.6536884307861
777.9682846069336
779.4463338851929
765.2674961090088
778.5526552200317
765.3742456436157
765.1007223129272
783.7211656570435
777.9425525665283
761.0868539810181
772.4505519866943
766.6151494979858
779.3101615905762
784.3140306472778
768.1190948486328
770.5922136306763
771.1144762039185
766.4559831619263
769.0886392593384
773.09166431427
771.2337675094604
759.9959506988525
771.0067844390869
772.9452142715454
776.0921649932861
759.4625415802002
773.3758764266968
780.0098657608032
775.0001087188721
768.5921287536621
775.7447700500488
772.1809272766113
783.8869123458862
769.7016401290894
787.978274345398
765.9056444168091
781.3977127075195
772.1168184280396
760.7104396820068
780.8264865875244
766.1854772567749
782.5071516036987
761.692530632019
772.5518064498901
752.076397895813
777.1200895309448
773.355447769165
768.728931427002
762.602297782898
771.2564401626587
780.8353290557861
750.8741836547852
777.1109933853149
776.8602981567383
779.3555040359497
764.3864040374756
764.1601705551147
768.6914644241333
756.5300598144531
767.3195066452026
765.5964803695679
752.5131149291992
762.5191888809204
746.6854524612427
771.2759618759155
774.7139072418213
761.3477983474731
769.5458116531372
764.7179365158081
767.0571231842041
760.3810682296753
756.5928802490234
777.0989828109741
781.1619272232056
767.3656578063965
779.2533550262451
782.9976682662964
772.3367166519165
767.7338972091675
770.0059328079224
785.0000820159912
778.0435361862183
767.321400642395
772.0714282989502
754.8877849578857
769.3819952011108
753.3607387542725
776.0675525665283
764.110146522522
762.9711513519287
758.7428789138794
777.2141532897949
777.79234790802
773.2280883789062
774.4921398162842
757.1383972167969
761.0215997695923
782.7918567657471
759.3504953384399
758.3625059127808
773.8166646957397
780.7610454559326
765.5853214263916
769.9190073013306
745.6035346984863
756.0200147628784
764.0145683288574
771.7455606460571
757.5420637130737
772.589015007019
776.1715803146362
761.5600891113281
768.8534231185913
773.005274772644
759.2700824737549
770.8461580276489
747.5498037338257
775.2847146987915
762.8291168212891
773.8544816970825
756.7151212692261
768.2596435546875
773.257137298584
759.326512336731
768.2094650268555
757.3799724578857
781.5132513046265
778.1655683517456
775.7182874679565
765.903172492981
769.4235286712646
765.2870149612427
755.629563331604
775.8756856918335
772.7739706039429
768.3573303222656
767.9728307723999
759.1016817092896
771.4728841781616
767.037579536438
770.1463642120361
766.479266166687
744.6983461380005
771.2021865844727
766.3288373947144
744.7580099105835
768.7635345458984
766.0613327026367
773.7355842590332
766.7518825531006
759.0069017410278
764.3674125671387
763.1526193618774
756.6827945709229
771.9935340881348
763.4541501998901
764.7143392562866
758.296407699585
765.1473684310913
762.1985015869141
758.7914485931396
768.0932035446167
762.5866460800171
761.0499582290649
745.1124267578125
760.7188682556152
762.1736106872559
758.5636777877808
763.837010383606
764.911319732666
760.68958568573
758.2403726577759
775.8359975814819
774.9728298187256
767.4452848434448
760.2904090881348
771.9162969589233
749.0634698867798
771.0063943862915
768.1285572052002
756.1443910598755
757.5676565170288
755.6685848236084
763.06667137146
769.8361701965332
753.5820894241333
761.3172998428345
771.209132194519
758.6215658187866
767.9668064117432
765.9815759658813
760.6856698989868
763.0308685302734
757.3151569366455
758.4863405227661
766.3704242706299
767.3795728683472
755.6542568206787
750.2584772109985
777.229250907898
752.8239936828613
763.576024055481
756.3788061141968
771.8328380584717
753.032470703125
755.6784515380859
764.4653978347778
754.1758289337158
764.8400793075562
763.3357734680176
760.4433498382568
753.5144329071045
776.2514772415161
756.8120193481445
769.3998985290527
763.3552055358887
760.9246587753296
771.3846302032471
763.7002658843994
760.0174703598022
775.2377681732178
769.8651666641235
774.6725406646729
761.5327253341675
765.3263025283813
755.191972732544
765.7768268585205
752.3171148300171
759.5426359176636
758.9704504013062
750.0486288070679
763.0621690750122
753.3574743270874
749.4456224441528
753.8108901977539
763.8867444992065
767.390154838562
756.7304964065552
760.9471530914307
741.1925010681152
767.5829391479492
758.2337608337402
759.5878705978394
765.1643362045288
767.0612192153931
753.2428312301636
746.8221111297607
762.7362117767334
771.3692636489868
761.3916463851929
766.3991537094116
764.2529878616333
757.0924186706543
758.631667137146
755.6802339553833
747.5284690856934
758.6305541992188
764.0792322158813
764.3919172286987
769.9420537948608
762.4313669204712
760.8461484909058
755.342752456665
760.2892370223999
776.5042848587036
762.7569665908813
776.8804216384888
772.913293838501
756.778715133667
755.4731369018555
759.88991355896
755.3556880950928
760.1235132217407
766.0534896850586
772.0770139694214
759.9986724853516
761.3877096176147
750.0106000900269
771.1542510986328
763.1040906906128
766.7982788085938
772.677225112915
745.6210670471191
772.3901453018188
761.3414344787598
757.5669231414795
752.6538705825806
765.7475891113281
757.7521781921387
758.1841859817505
750.512619972229
749.1518220901489
757.308671951294
755.3766431808472
767.2482414245605
768.0421915054321
761.1627798080444
776.1345844268799
758.1802558898926
765.194278717041
762.9908380508423
757.3123846054077
757.927267074585
758.5264186859131
754.1107416152954
758.9036273956299
738.2632722854614
758.4551677703857
764.2550354003906
749.0442943572998
752.8672008514404
755.3510704040527
762.5020370483398
775.601170539856
765.1215314865112
754.3455390930176
750.9900579452515
770.301344871521
751.8039388656616
754.6830062866211
748.5594320297241
775.3068609237671
750.7795677185059
766.588457107544
764.9653053283691
755.0146102905273
762.2572259902954
751.1616983413696
761.0471210479736
765.6559524536133
761.7646484375
758.3810920715332
763.0857381820679
755.8648653030396
771.4869298934937
745.1720924377441
759.9209747314453
764.2454099655151
763.9005651473999
762.4126129150391
765.7802286148071
756.850302696228
764.9249124526978
757.4817457199097
753.5197505950928
757.8987016677856
771.3928461074829
737.7183265686035
749.1745929718018
777.2712936401367
749.5867338180542
763.8312015533447
756.3304491043091
753.0631799697876
767.8512773513794
754.8512763977051
746.5744981765747
771.7142915725708
761.4940156936646
761.2367172241211
760.3658323287964
753.0596857070923
751.6832189559937
765.281717300415
758.1679439544678
746.6167640686035
765.0951175689697
764.9790363311768
754.8377494812012
755.0539684295654
757.7513380050659
769.2082977294922
766.5636491775513
764.3560132980347
759.4873580932617
752.1281299591064
764.555233001709
753.8772134780884
749.4815130233765
746.3028259277344
779.356559753418
775.162389755249
757.0643320083618
753.4551277160645
762.1080503463745
759.0872678756714
752.5017166137695
757.1672306060791
757.2642726898193
750.7954959869385
759.0282297134399
767.8715620040894
763.2061433792114
749.0635738372803
758.6963987350464
755.1419734954834
754.881875038147
757.4988012313843
750.4443006515503
