0.24334079147185256
0.2896047736574339
0.32683072434175736
0.3467859807830529
0.37479492891954896
0.3848471293513407
0.40062639857298576
0.4127665930146339
0.42263982119976273
0.43719612372001543
0.43964206052306515
0.4502013435699796
0.460074574355311
0.4655630146497048
0.46577181432071146
0.4768381830829902
0.48489187387812055
0.49434750252122045
0.4920507105404899
0.4976882954571871
0.5044295307773872
0.515764358459703
0.5238777081038328
0.5192841197420287
0.5171364669831807
0.5282326648699357
0.5288888934074633
0.5366144706338845
0.5337807630132508
0.5434451945276069
0.5442505616869703
0.5492915759150614
0.5587472047581769
0.5557047014668484
0.5647427299678726
0.561043996938923
0.5663832968113406
0.571334827466299
0.5685309481700794
0.5731245357318212
0.5806114845627907
0.5864876960747994
0.5820134218107134
0.5854437005199842
0.5893512312197845
0.5889336306776777
0.5894108888686903
0.587859807998542
0.5953765873540968
0.6084116319281943
0.6010141682704823
0.6062043271208769
0.6136912767519087
0.620432512872171
0.6061446678718464
0.6297091695686314
0.6139895581959078
0.6142580153158047
0.6232662216928981
0.6179567457445516
0.6274720354368223
0.628724831262691
0.6278896337787577
0.6357046969784986
0.6357941835518651
0.6361819493690594
0.6319463099009238
0.6387472016699363
0.6448918675016236
0.6377330356396285
0.6481431746642862
0.6383892587767351
0.6440865017423694
0.6484712902331512
0.6542580151717935
0.6514541398758856
0.6465324363452476
0.6500521974275576
0.6503504838719464
0.6536017872343127
0.6462639802254286
0.6666070096844795
0.6656823254271642
0.6639224466861494
0.6562863524328142
0.6663385515645046
0.6703653959619919
0.6666964936576434
0.6696495137758703
0.6761521241008835
0.6656524959026567
0.6873974640097394
0.6767785225138568
0.6719164794323428
0.6749291559993821
0.6788068601749088
0.6745413861818762
0.6793736011389918
0.6882624906181489
0.6857568969662557
0.6840268429493744
0.6882326610936415
0.6785085749306135
0.6846234146380584
0.6820879914616579
0.6900521988836711
0.6872781495119902
0.688411631040125
0.6894854607198062
0.6919612208468802
0.6918120772246547
0.6987621164161887
0.6983743453985892
0.6941983583789544
0.6966144650574498
0.6966741229063712
0.6981058892787703
0.6987024581672361
0.6982550325009647
0.6984638275716128
0.7029679341604246
0.7101864302718399
0.7063683807449853
0.7063683783447983
0.7105741956890029
0.7029977624848385
0.7056226686343251
0.7049067868482346
0.7177628634760044
0.7139746474739689
0.7123042485057908
0.7202386292035148
0.7231319898726957
0.7151677836507759
0.7132885924121678
0.7141237890960386
0.7224459364110192
0.7174049215828813
0.7268307237017074
0.7205965710966379
0.7229530195261809
0.7215809094025785
0.7153467563974777
0.7312155117924581
0.720029828132399
0.7313646530144967
0.7237583870855754
0.7294257999266553
0.7263832964353113
0.7308575670991168
0.727337808817025
0.7324384766937102
0.7320208797518839
0.7337509333687341
0.7308575694993038
0.7290976875580397
0.7237583926860118
0.7380164061616731
0.7406413127111908
0.7332736757777681
0.7402237137692087
0.7434750227320114
0.7366442972381643
0.7355406402341471
0.7350335593191569
0.7353020134388201
0.7411483974264772
0.7404026837156923
0.7462192417791226
0.732885907560387
0.7409395955552991
0.7528411658018227
0.7395376603075322
0.745771811312477
0.7390007468678007
0.7452050731486122
0.7403132011426375
0.7481580912666833
0.746756152818667
0.7560029825908225
0.7533184181923834
0.7501565994032278
0.7461595819300453
0.7552274425557796
0.7493810593681848
0.7514392241535571
0.750723343167529
0.7569276662480912
0.7562117800616578
0.7588366886113314
0.7543325860228315
0.7623564516937973
0.757076810670379
0.7553467590536848
0.7566293818038582
0.7584489183937944
0.7626547369380925
0.7582699480472795
0.7534973885388982
0.7628337076846385
0.7589858318335257
0.7613124535387794
0.7612229693656
0.7585980608159264
0.7585682340916371
0.7652199868387823
0.7668605522821413
0.7609246849213671
0.7636092461195568
0.7632811349510347
0.758568233691606
0.7622371367960168
0.7721103665812704
0.7600596567128328
0.7648918712699173
0.7673079787484751
0.7730052211140627
0.764683071398895
0.7675764384685747
0.7722893369277851
0.7616107419833241
0.769813571600306
0.763161819653223
0.7714839689683595
0.7639373608883595
0.7724384785498548
0.7660850126471296
0.7745861291085314
0.7674869510951459
0.7721998527546057
0.7724086514255345
0.7784041770352613
0.7757196126368222
0.7757792696856812
0.7741387018421352
0.7788516035015951
0.7709768826529484
0.7727069358697674
0.7816554799975964
0.7753318408191604
0.7770320657115655
0.7801640605766501
0.7780462327419512
0.7810290835847791
0.7777181199733043
0.7753318412191916
0.7818344507441425
0.7865771791278916
0.779358689416975
0.7859209559907849
0.7786428032305417
0.7852050714044763
0.7834750209878755
0.7789410892748992
0.7867263219500548
0.780104401127604
0.7820432566156323
0.7878001512297048
0.7805816559183517
0.7836838188587419
0.7852050706044139
0.7915585373072016
0.7818344515442048
0.7813273684290432
0.7785234911329795
0.7821327367885
0.7812080555314186
0.7844593600938784
0.7860402684883784
0.781744966570963
0.7929008199064523
0.7935570458437773
0.7826696498282004
0.7837733046320461
0.7875913493585267
0.7870544387190134
0.7908128279967596
0.7946308719231778
0.7832065628679007
0.793795677639494
0.7890827731798159
0.7871737504165445
0.7832960478411425
0.7893512308997596
0.7913497402363976
0.7930797922531231
0.7943325870789137
0.7887844891356142
0.7954064151584702
0.7884563751668738
0.7968381823309316
0.7890231149308633
0.7906040241254256
0.7956450409537194
0.7948098458699732
0.7983296049521273
0.8006263999330917
0.7914690531340222
0.7937658481149865
0.7926323653867581
0.7937061870658157
0.7982997762276822
0.7932885909240518
0.7965100667620665
0.7895600311708131
0.8018493664344685
0.8016405669634774
0.791290084387632
0.7952870990605962
0.7948098418696615
0.7943624142032342
0.8000000003200249
0.7955555547803841
0.7965995517353084
0.7991349753117402
0.795495897731525
0.8008650273284657
0.7991648068364035
0.7979120052100828
0.8062341521250321
0.7984190939256809
0.8042356427883942
0.8036092451754833
0.8059656940050574
0.8068903784623882
0.8050410159482252
0.8015809111147119
0.8057270686098393
0.8070096937601998
0.8121401927615172
0.8067114085159046
0.7997911992489092
0.8034601031533823
0.8060551825785797
0.8047725586283127
0.8035794172511005
0.8087099182525738
0.8062639816495396
0.8027143898426287
0.8122296829351643
0.804623417006243
0.8068605513380678
0.8134228175118465
0.8087397461769564
0.8125577921035306
0.8084414597325678
0.807874721968734
0.8082326630617949
0.8032811324068364
0.8033706209803587
0.8100521984516375
0.8074869481509164
0.809783743531912
0.8134526434360735
0.811692765495121
0.8027442189671049
0.8069202067868021
0.802475765247473
0.812140192361486
0.8028933617892682
0.8087695737013081
0.8089187157234089
0.8163161805812145
0.8160775523857783
0.8129157319964978
0.8116629375707383
0.8162565231323242
0.8194183455217605
0.8154213276485469
0.8198061129390793
0.8124683079303511
0.8116032805218792
0.8154809858974994
0.8156897849684593
0.8163460089056284
0.8155406393460779
0.8134228175118465
0.8171812059895304
0.8170320635673983
0.8139000727026254
0.8183743465666803
0.8172408610382336
0.8124981322544533
0.8161372142350114
0.8118120819930262
0.8167636118479223
0.8238329615368939
0.81500372710644
0.817867264251581
0.8167636070475482
0.8217151365024131
0.8164354946789325
0.8201342285079444
0.8195674859437366
0.8232065627238895
0.8225801647109473
0.8256524973267677
0.8225801627107915
0.8183445194423599
0.8222222236178865
0.8232960468970689
0.8174794908337946
0.8222818782665585
0.8181058924470171
0.8243400434519621
0.8204921712011299
0.8230574195016951
0.8241014140564323
0.8252050700603716
0.821953763897787
0.8236241608658093
0.827114092823643
0.8227293079331417
0.8188814304819043
0.8267561505304887
0.8163161833814326
0.8301864238393387
0.8214168524582114
0.8225205032617454
0.8300074534928239
0.8222222212176995
0.8246681554205466
0.8216554806536476
0.823236390248241
0.8269947779258625
0.8296793435243952
0.8247576451941625
0.8241312435809398
0.8247278144695614
0.8263385515885066
0.8251454114113879
0.823385534670529
0.8265473522595911
0.8317971637585019
0.8309619658745375
0.8242207301543063
0.8280984327297083
0.8223415353154176
0.8233557031458656
0.8327516765402467
0.8271439219481193
0.8308724805012645
0.8317076799853537
0.8314093943410272
0.8336167055488433
0.8303653973861028
0.8278896336587483
0.8235346750925051
0.8282177480275199
0.8319164794563447
0.831260253919051
0.8276808349878196
0.8296793431243641
0.8311707677457156
0.8365100662180242
0.831856820807361
0.8331991030065805
0.8287844861913848
0.8331991042066741
0.8337956774954828
0.8349291538232125
0.8405070820910818
0.8245786708473359
0.828844146040462
0.8329306464867304
0.8357046970585048
0.8337956726951087
0.8368381805867957
0.8323639059226785
0.8265473526596223
0.82654735185956
0.8326621907669426
0.8283370589249887
0.8355853841608802
0.8336465286728519
0.8282774050763789
0.8297986572220821
0.8331692762822913
0.8316480221364322
0.829321399231085
0.8320059624294307
0.8360626381515657
0.8303653973861028
0.832960476411269
0.8309917945989826
0.8298284839463714
0.8386278896523802
0.8332289337311816
0.8437882149779556
0.8363012647468772
0.8329903051357141
0.8367188644889217
0.8330797905089872
0.837315436577637
0.8378523484172437
0.8382401178347184
0.8412527958018667
0.8451006676526678
0.8366890341643519
0.8359433252539411
