6.847777897879581
2.443696009232694
2.2463179146683454
2.1588874263251387
2.065844959060618
2.023184245864817
1.9654568321752868
1.9321571300493792
1.9029798051654891
1.863738814456351
1.8481359233792196
1.8053402700680214
1.7730459278861948
1.7624902605210375
1.749889540192265
1.7356143109750428
1.6960093127001052
1.669181262086702
1.6651902502815195
1.658257019599812
1.6312113744300485
1.6108221639722786
1.5836725090974129
1.6046451138169973
1.5981261314161672
1.5670208394927467
1.5651228899923748
1.544990709964061
1.5552766595110796
1.5230902657412844
1.5124913886089453
1.5019691542491016
1.4812154977913672
1.4840875487999627
1.4559573391139908
1.4686901809385158
1.4530039329656819
1.433118013727585
1.4354460327417258
1.4309856487600596
1.4056180795567148
1.3884497336893273
1.400747248390377
1.3918830736371495
1.3939550787010448
1.3892884534477388
1.3887750694415713
1.3860523824723774
1.3656651829713142
1.3382590061066135
1.3494083657360716
1.3365848368446298
1.3099044409374263
1.2901420837280735
1.3272515723369265
1.2599378080176027
1.3197886551786588
1.316236943206531
1.2812043252407304
1.2928203136328882
1.2776486949632633
1.2668622980181803
1.2841936633890907
1.2437700141196284
1.2495254138172074
1.2402965022413523
1.2512224148583893
1.2341139176547928
1.2293379766829062
1.2381509466459286
1.2065247297286987
1.2273369643512189
1.2244294997829719
1.2116665736140821
1.1875086226719338
1.1991782756459792
1.2096157974044748
1.1924795916416502
1.2030306782498457
1.1926148921851343
1.201856817575109
1.156106368407307
1.160376373153405
1.1739157990321216
1.1774171270780116
1.1588213579766702
1.1434087177251009
1.1531484043038132
1.147315848993775
1.1254131753972714
1.152063010122952
1.101007894781612
1.1196911675017953
1.1352673492975682
1.128204091283299
1.1188678369426088
1.1284390567933154
1.1110059914972958
1.0961522483985695
1.0992506086426292
1.0965305966818892
1.0818377025175414
1.112593807630091
1.1001536950168993
1.104944671960485
1.083503990765386
1.081081644000623
1.083719246339478
1.087388025034194
1.0773539055113825
1.0744910920226334
1.056312014992605
1.0623461280093096
1.0671423537619162
1.061631713937593
1.0647907749118422
1.0541005398603094
1.058172023536375
1.0484905506940496
1.057288849913834
1.0372891870121028
1.024259668468629
1.0345966447919808
1.0382025833897943
1.0286917814472378
1.0406289148650714
1.0347076398414254
1.031879781076572
1.002581682381214
1.0132982494847087
1.01735025524293
0.9914216171175041
0.9833201634003812
1.008698027405963
1.003114663914546
1.0096220986155056
0.9947248029228825
0.9981887156531315
0.977312244424884
0.990244323375241
0.9817819423323509
0.9932161893620587
1.0019020314184612
0.9508547810900131
0.9967971328120904
0.9657855017873265
0.9764693767432399
0.9666073058275568
0.9707869967358225
0.9614656707584458
0.9718695410946071
0.9580234877215136
0.9597689329377757
0.9586242585374205
0.9709504938765661
0.9605828211611549
0.9740498966018626
0.9486763801350689
0.9316789535868087
0.9616065525368556
0.9436842659175796
0.9329412511531139
0.9487340494290294
0.9499087825717542
0.9461395492489706
0.9497059411650536
0.9368881987245291
0.9424528343565513
0.9135657940934968
0.9426801368694178
0.938713834989791
0.9001432573235275
0.9378140700743502
0.9168201824962693
0.9382301596987167
0.9156249197537467
0.9402487878031378
0.9149683041860593
0.9181922418159126
0.9026094023013275
0.8993675700770128
0.9099225805909842
0.9232926560728342
0.9011365375262779
0.9054192020589074
0.9079365018230157
0.9031577918353497
0.9013368139330973
0.8910062501094486
0.8853384956417468
0.9001086206244142
0.8796031623078673
0.8845331972877452
0.8900162089591058
0.8964100760101472
0.8808106460027246
0.8711264861510104
0.8898138599907792
0.8947108743974826
0.8764856253694367
0.8893590029454072
0.8748905678723482
0.8639800612558455
0.8847942132277776
0.8833649910536389
0.8612294761126473
0.8645308105737571
0.8796936793615354
0.8690728849212596
0.8755045737196135
0.8867944687004857
0.8806388658165132
0.8490978383377894
0.8807322870964972
0.862541830779722
0.8597838490601354
0.8484233305758277
0.8721951682295576
0.8603361216967538
0.8528595246724634
0.8689646216846952
0.8566553384665675
0.8760113704124554
0.853962529425653
0.8634706787615014
0.852021089336216
0.8624083155753629
0.8363817286171369
0.8574313681397662
0.8499061305250898
0.8471192205512283
0.8307230512567815
0.8427485943640638
0.8395231622177483
0.8480773364137483
0.8360238779311212
0.8440798769061197
0.8424818505776809
0.8255418159017627
0.8395666180041013
0.8248961079840692
0.8323773121673789
0.8268359395481596
0.8235863447189331
0.8345776132289195
0.8393876928611089
0.8234537667876122
0.8070818501830901
0.8315152589906782
0.8142567060937818
0.8300126750997249
0.8095235212537266
0.8250288615290751
0.8266805862420358
0.8126522326629434
0.8260425225200269
0.8198062765518291
0.8091569558886074
0.8260642670144971
0.8193658622319266
0.8083001535210833
0.7989891103450084
0.8242144772670413
0.821866748316976
0.8172441576951303
0.8246474578076561
0.8193421091809369
0.8155445332495158
0.8122517214525466
0.8189149498939514
0.7965992961153888
0.7928496283172761
0.8121552235328111
0.8103289120149293
0.8076287816034867
0.8069448195047827
0.7949815128473627
0.7917399292424221
0.8197929283116487
0.7885238272231697
0.7982081342863556
0.8074835114831093
0.8200598687133533
0.8014685103557254
0.7915248482819371
0.7926900146791599
0.7932800498584773
0.8035703525447205
0.7921266187757454
0.8013340070743689
0.7884049883624852
0.8009749430938055
0.7929100078224336
0.781932308369835
0.7824499479076207
0.7890268176194005
0.7776570572149033
0.7876458744074675
0.786331746802234
0.7929703037210759
0.7909539713955566
0.7761945252450521
0.7940392626211947
0.7782042534559365
0.798552086289297
0.7696670161797696
0.7718164544777583
0.7925692660696555
0.7882750682382775
0.78184926789879
0.7872677769436932
0.7699164180147567
0.7750684176915444
0.77649797809204
0.7758399932176475
0.7790088861580663
0.7769969893781931
0.7680698777205192
0.7813084505548413
0.7525048675953142
0.7748495680373787
0.7599703513535877
0.7646442019699404
0.75861203430483
0.755796607708771
0.7594516961366539
0.7656433238279099
0.7533734946842962
0.7523671832660701
0.7499270651164471
0.7565860128242697
0.7797146199533603
0.7699031725825879
0.759237962681175
0.7606204812158674
0.7554864375383262
0.7486992074339182
0.7579074569996571
0.7689434873977764
0.7475271927030295
0.7566366479700843
0.7540598843721735
0.7413213909072364
0.7593109207665361
0.7370604952709787
0.7487155859102339
0.7550271311462325
0.7548362720732721
0.7593614747060226
0.763157587723444
0.7397119222871409
0.7512130341273826
0.7511305038960988
0.7337422674934336
0.7394220264966056
0.7609073365694724
0.7494239927138258
0.7626568767048368
0.7386968211839663
0.763396055906411
0.7545858949622852
0.752038821478018
0.7309304971822956
0.7367394366520363
0.7379810350053262
0.7416312798557666
0.7343036520401104
0.7216890606304143
0.7335373301234022
0.7207309891713546
0.7406236109317549
0.7432665604872991
0.7286944137323623
0.7335746548319823
0.7254512566048027
0.7262725918084983
0.7407471249567582
0.725410871257718
0.7299782077738103
0.7360839147695759
0.7209147674925376
0.7254520586673046
0.7390415748493784
0.7240729792006064
0.7381079476951753
0.7283826718394388
0.7133631124192437
0.7277342637113277
0.7258477497020824
0.726416988260794
0.7147790651593432
0.7326556840198952
0.7201687737599315
0.7231835014868102
0.7090134422651073
0.7083026230735266
0.7042086824474719
0.7166926308766307
0.7249539156488124
0.7176633421206634
0.7115486616256254
0.7196058946967925
0.7117509315877952
0.7278746646522676
0.7059207740646081
0.7143443926868823
0.7059208680719338
0.7114208180632368
0.7036474055091807
0.7115306218198482
0.7111177814486843
0.7040397020794401
0.7212562761050743
0.7238532864807437
0.7011166174939815
0.7207902209870767
0.68996035592668
0.7193004362935188
0.7142706385394871
0.695427757781624
0.7079235151310095
0.7088160778852117
0.7166021846284802
0.7121112482659768
0.6991610823061642
0.6966439957586711
0.7094823882083765
0.7129282167293881
0.6969354356695342
0.7023843256819168
0.7039453195245474
0.7105879313593743
0.698639738279701
0.691322137645427
0.6937681610552257
0.7077995520710145
0.6948075166484654
0.7135763148333403
0.710825197648682
0.6931259976137405
0.6997648553560244
0.6900737879660306
0.6915095948532923
0.6853689961385407
0.6815112239162394
0.687816616872813
0.6940345760159845
0.7064575190912157
0.6941098094786573
0.6793184196388962
0.6928836311269927
0.6934501090705795
0.6937923823427034
0.6863730755828371
0.6728517809170205
0.680825563685206
0.6871385890365447
0.6934492084003935
0.6820547654724761
0.6791279551966879
0.6768591069935153
0.6659838521240542
0.7018984896224617
0.6904422748808893
0.6835717270838334
0.6764772622377281
0.6838268517647814
0.6704139763476865
0.6888154157056104
0.6940206053272989
0.6965240248097669
0.6823632265097342
0.6925803204910868
0.6771403959133481
0.6827848221631658
0.6932827872317909
0.6907934060432767
0.6806940504368519
0.6865403088147208
0.6911875217552953
0.6873511037970549
0.6745463483685615
0.6879855546375249
0.6806998980925387
0.6861427950379032
0.6930760145187378
0.6613220688480659
0.6831968906741814
0.6563473767882225
0.6833482454687156
0.6821615929971605
0.6694448604279717
0.6845278575916418
0.6772858528482834
0.6715522152465462
0.6710126592008859
0.6571974570319157
0.650557835830138
0.671952348227469
0.6816738131862359
