3.223649263381958
2.8551418781280518
2.3222808837890625
1.9872750043869019
1.8731324672698975
1.6570096015930176
1.5989453792572021
1.6316711902618408
1.1678736209869385
1.3441274166107178
1.0929007530212402
1.138230800628662
0.9778462648391724
1.1482362747192383
0.9950611591339111
0.8734515905380249
0.8698728680610657
0.9265981912612915
0.7483253479003906
0.6463661789894104
0.7345856428146362
0.7491140365600586
0.677841305732727
0.7087951302528381
0.7671193480491638
0.6174926161766052
0.6501296758651733
0.6974387168884277
0.761162281036377
0.6329017877578735
0.5741202235221863
0.5821904540061951
0.5835639238357544
0.6910538077354431
0.5645959377288818
0.4580860733985901
0.6473804712295532
0.49545109272003174
0.4536745846271515
0.5908382534980774
0.423519492149353
0.5900420546531677
0.5343098640441895
0.5391743183135986
0.5331135988235474
0.48402631282806396
0.5159209966659546
0.47452110052108765
0.38946980237960815
0.5112962126731873
0.43870800733566284
0.38620489835739136
0.40021610260009766
0.40239500999450684
0.4790785014629364
0.4451431334018707
0.3708034157752991
0.4630059003829956
0.48267579078674316
0.44675135612487793
0.4535086154937744
0.45273613929748535
0.4186083972454071
0.4272637963294983
0.4357462525367737
0.397075355052948
0.4717935621738434
0.4699475169181824
0.41173940896987915
0.4409683346748352
0.4577246308326721
0.40738147497177124
0.3746199607849121
0.377818763256073
0.33480286598205566
0.43258723616600037
0.33632269501686096
0.3995968699455261
0.3705747127532959
0.41597408056259155
0.39146286249160767
0.3526768982410431
0.3892305791378021
0.42126917839050293
0.398831844329834
0.4028016924858093
0.3401055335998535
0.4072640538215637
0.36578625440597534
0.3444221019744873
0.3219234347343445
0.35977229475975037
0.3384602665901184
0.3521227240562439
0.3627215027809143
0.3095282316207886
0.35423144698143005
0.3766409754753113
0.3854852318763733
0.3141908049583435
0.3377482295036316
0.3359907567501068
0.3296246826648712
0.34702515602111816
0.35797613859176636
0.35515502095222473
0.33138126134872437
0.3881876468658447
0.3392914831638336
0.3162960410118103
0.3246065676212311
0.3553711771965027
0.3264651894569397
0.35116416215896606
0.302077054977417
0.3381034731864929
0.3336713910102844
0.2857019305229187
0.32961413264274597
0.3070114552974701
0.2960830330848694
0.3475028872489929
0.3261839747428894
0.3045247793197632
0.3111809194087982
0.2993839979171753
0.33142054080963135
0.3237972557544708
0.3030093014240265
0.312395304441452
0.3124092221260071
0.2534046769142151
0.4150651693344116
0.3421165347099304
0.2770922780036926
0.2796086072921753
0.30081334710121155
0.32578402757644653
0.32558006048202515
0.36301976442337036
0.2920118272304535
0.2591562867164612
0.2890492081642151
0.3162229359149933
0.3228161931037903
0.26136350631713867
0.31709325313568115
0.3441155254840851
0.2682679295539856
0.31840425729751587
0.301984041929245
0.25147441029548645
0.2693374752998352
0.31693190336227417
0.27606457471847534
0.26551303267478943
0.3030508756637573
0.2537977993488312
0.2962315082550049
0.29298871755599976
0.2966463565826416
0.32894691824913025
0.2646559476852417
0.28448113799095154
0.2615315616130829
0.24297088384628296
0.2521115839481354
0.29859721660614014
0.28393256664276123
0.26420357823371887
0.26971572637557983
0.30767136812210083
0.29291826486587524
0.27340424060821533
0.27400481700897217
0.24980506300926208
0.37422287464141846
0.26728105545043945
0.22904206812381744
0.29957109689712524
0.2509823739528656
0.28104886412620544
0.31294649839401245
0.2607932686805725
0.29036223888397217
0.2544700503349304
0.2711299955844879
0.3006073832511902
0.2848510146141052
0.2442246973514557
0.25361257791519165
0.32528018951416016
0.2890791893005371
0.31364405155181885
0.22423678636550903
0.26474976539611816
0.313163161277771
0.26746171712875366
0.25507134199142456
0.2552158236503601
0.295332133769989
0.25277644395828247
0.23233604431152344
0.30401352047920227
0.30872976779937744
0.2504560947418213
0.2824685275554657
0.269115686416626
0.27667397260665894
0.249350905418396
0.26226818561553955
0.2581501305103302
0.2511895000934601
0.2847706377506256
0.2764606177806854
0.27072060108184814
0.27032148838043213
0.23571175336837769
0.25388723611831665
0.30209457874298096
0.2878724932670593
0.30194592475891113
0.2343437671661377
0.28536224365234375
0.23077073693275452
0.26359236240386963
0.2688639760017395
0.22120913863182068
0.25126248598098755
0.22419092059135437
0.2677849531173706
0.2702198028564453
0.2198169231414795
0.25550326704978943
0.2521851062774658
0.2295311689376831
0.2731698155403137
0.2657770812511444
0.24304598569869995
0.2871207594871521
0.252461314201355
0.23966355621814728
0.25781941413879395
0.23364241421222687
0.25535398721694946
0.2667335569858551
0.28469008207321167
0.22136780619621277
0.2671579122543335
0.22925081849098206
0.26863089203834534
0.19725103676319122
0.2705678939819336
0.22877399623394012
0.25428909063339233
0.25834840536117554
0.2659364938735962
0.26061946153640747
0.26391875743865967
0.2107040286064148
0.27418529987335205
0.25603872537612915
0.23956722021102905
0.26447179913520813
0.2650254964828491
0.21210044622421265
0.22471146285533905
0.2265729457139969
0.3073679506778717
0.23115727305412292
0.2888028621673584
0.25064030289649963
0.21777093410491943
0.20119914412498474
0.247734934091568
0.25327029824256897
0.27655029296875
0.2581261396408081
0.21586734056472778
0.24424685537815094
0.2053689956665039
0.2184036821126938
0.22559583187103271
0.20961901545524597
0.24464862048625946
0.23267868161201477
0.24653008580207825
0.2108667939901352
0.2442106008529663
0.26158952713012695
0.26308953762054443
0.23601019382476807
0.2012091875076294
0.2318289875984192
0.22894150018692017
0.22333523631095886
0.2319624125957489
0.2357083559036255
0.2237493395805359
0.2248343527317047
0.24521340429782867
0.23830834031105042
0.2164258062839508
0.24552765488624573
0.2593119144439697
0.18534141778945923
0.19590884447097778
0.25064390897750854
0.2095760554075241
0.19548678398132324
0.2159397304058075
0.23746562004089355
0.24035057425498962
0.23263335227966309
0.25736767053604126
0.22529125213623047
0.24332883954048157
0.2718677818775177
0.2328694760799408
0.2171161025762558
0.22386732697486877
0.2424783706665039
0.20969566702842712
0.19605255126953125
0.22968259453773499
0.21126788854599
0.21264594793319702
0.21818259358406067
0.225337415933609
0.21929782629013062
0.21061909198760986
0.23786379396915436
0.22804571688175201
0.24320799112319946
0.2542148530483246
0.2166200578212738
0.19791695475578308
0.26756829023361206
0.2293635606765747
0.20602212846279144
0.2325582355260849
0.2562935948371887
0.19427156448364258
0.20963799953460693
0.23320895433425903
0.20530995726585388
0.19979780912399292
0.22648727893829346
0.2120789736509323
0.1800726056098938
0.2111995816230774
0.18766415119171143
0.1951226443052292
0.22146445512771606
0.20344790816307068
0.22456058859825134
0.1863420009613037
0.24415960907936096
0.2360840141773224
0.23583410680294037
0.21312624216079712
0.2090577781200409
0.20787544548511505
0.21707838773727417
0.18746328353881836
0.23471027612686157
0.18915873765945435
0.18572233617305756
0.1847711205482483
0.18518856167793274
0.20080241560935974
0.20882704854011536
0.19800007343292236
0.2312072217464447
0.20221610367298126
0.20457181334495544
0.21594123542308807
0.23361745476722717
0.20018643140792847
0.21385864913463593
0.18133510649204254
0.2130405306816101
0.20151889324188232
0.25630176067352295
0.19744770228862762
0.20735853910446167
0.2053796350955963
0.22579467296600342
0.21556216478347778
0.17492201924324036
0.22475683689117432
0.21035924553871155
0.18471264839172363
0.21386122703552246
0.2744143605232239
0.19818556308746338
0.19555962085723877
0.1902763992547989
0.21511995792388916
0.2064114212989807
0.21321474015712738
0.20285320281982422
0.20230494439601898
0.223255455493927
0.2080027312040329
0.22508378326892853
0.24042090773582458
0.24152478575706482
0.18848153948783875
0.18310120701789856
0.2102833390235901
0.18592262268066406
0.20324252545833588
0.20363524556159973
0.20906943082809448
0.19697290658950806
0.20398187637329102
0.19339942932128906
0.19913959503173828
0.21328110992908478
0.19655585289001465
0.20177724957466125
0.20751012861728668
0.19796037673950195
0.19364678859710693
0.22927379608154297
0.19830697774887085
0.19251105189323425
0.22094839811325073
0.177591472864151
0.22640590369701385
0.2576296329498291
0.1905081868171692
0.18662357330322266
0.2132415473461151
0.2391868531703949
0.18759384751319885
0.2368680238723755
0.24614450335502625
0.2191331386566162
0.20937977731227875
0.20149853825569153
0.22287757694721222
0.20570772886276245
0.19316184520721436
0.19270059466362
0.19160214066505432
0.19273564219474792
0.1913444697856903
0.18170791864395142
0.19473832845687866
0.19210749864578247
0.19800792634487152
0.19170278310775757
0.1831737756729126
0.20531579852104187
0.20815050601959229
0.19531434774398804
0.1928619146347046
0.25002917647361755
0.2481568455696106
0.17357993125915527
0.23837758600711823
0.19183480739593506
0.175237774848938
0.20653796195983887
0.19049575924873352
0.20912200212478638
0.1773214042186737
0.20733234286308289
0.20541362464427948
0.1721300184726715
0.18139299750328064
0.22546693682670593
0.1771787703037262
0.18327441811561584
0.18589945137500763
0.20641249418258667
0.20644712448120117
0.20716094970703125
0.2014119029045105
0.18613940477371216
0.1851418912410736
0.215345099568367
0.1914355456829071
0.1988687813282013
0.17824400961399078
0.19553211331367493
0.21518102288246155
0.21605420112609863
0.19203707575798035
0.1800517737865448
0.2036169469356537
0.2099503129720688
0.22790685296058655
0.21911901235580444
0.1924036145210266
0.21462871134281158
0.21296602487564087
0.20140701532363892
0.17497935891151428
0.182310551404953
0.19504912197589874
0.1922515630722046
0.17347058653831482
0.19297043979167938
0.21965965628623962
0.18582594394683838
0.22308506071567535
0.1850423812866211
0.19392099976539612
0.17403630912303925
0.17767341434955597
0.19969981908798218
0.20462065935134888
0.1909002959728241
0.19870063662528992
0.200525164604187
0.19839251041412354
0.18842783570289612
0.20709815621376038
0.1973930299282074
0.21579347550868988
0.20223921537399292
0.17940935492515564
0.19966447353363037
0.21415159106254578
0.20291545987129211
0.17098039388656616
0.20510026812553406
0.18912996351718903
0.19880937039852142
0.18305236101150513
0.1851729452610016
0.1707427054643631
0.19041308760643005
0.18554769456386566
0.2108897566795349
0.1871756613254547
0.18503379821777344
0.18734072148799896
0.1808457374572754
0.18480613827705383
0.18092979490756989
0.1937422752380371
0.21880747377872467
0.1759340763092041
0.17448730766773224
0.16931460797786713
0.19569313526153564
0.17137081921100616
0.1944790631532669
0.17578555643558502
0.2100825309753418
0.1665126085281372
0.18238699436187744
0.18436366319656372
0.18212714791297913
0.18592050671577454
0.20169728994369507
0.18086686730384827
0.17550833523273468
0.1672191619873047
0.1542302370071411
0.15346822142601013
0.19135427474975586
0.18878582119941711
0.1795719861984253
0.16994503140449524
0.18063253164291382
0.16523295640945435
0.17704030871391296
0.19519691169261932
0.16404664516448975
0.19085845351219177
0.19415675103664398
0.17121675610542297
0.19176088273525238
0.1897924244403839
0.18350961804389954
0.17398987710475922
0.18854638934135437
0.16372138261795044
0.19600360095500946
0.1896214783191681
0.17825299501419067
0.20319780707359314
0.19331055879592896
0.19459056854248047
0.17071551084518433
0.20241093635559082
0.18269534409046173
0.1778179258108139
0.20737788081169128
0.17524106800556183
0.17198796570301056
0.17611107230186462
0.19674155116081238
0.20007267594337463
0.17503419518470764
0.17116330564022064
0.19267001748085022
0.17245222628116608
0.19740188121795654
0.16912120580673218
0.17497983574867249
0.1814475953578949
0.1834927499294281
0.1760912537574768
0.17225556075572968
0.21128371357917786
0.193585604429245
0.1749981790781021
0.17736122012138367
0.16288185119628906
0.16188521683216095
0.17503714561462402
0.16772904992103577
0.21169523894786835
0.22694602608680725
0.17371420562267303
0.20102256536483765
0.2208724021911621
0.17067742347717285
0.1832515299320221
0.19417205452919006
0.18376272916793823
0.15157310664653778
0.18186526000499725
0.171015202999115
0.17349816858768463
0.1875125765800476
0.17167724668979645
0.19616994261741638
0.17979322373867035
0.18360841274261475
0.17159663140773773
0.17880986630916595
0.17491136491298676
0.18057182431221008
0.21042466163635254
0.18881410360336304
0.16511563956737518
0.16742822527885437
0.18064671754837036
0.1774148941040039
0.1758032739162445
0.18980464339256287
0.18890506029129028
0.1693350076675415
0.17454856634140015
0.17750172317028046
0.16247057914733887
0.17832064628601074
0.16185115277767181
0.16118839383125305
0.15880416333675385
0.17892542481422424
0.1726067066192627
0.15622898936271667
0.2047695517539978
0.15877054631710052
0.17567002773284912
0.18297332525253296
0.16508324444293976
0.1771431863307953
0.16167989373207092
0.17341706156730652
0.19255459308624268
0.1802627593278885
0.1692221760749817
0.18478348851203918
0.1639035940170288
0.1830851137638092
0.18689590692520142
0.16748450696468353
0.16738320887088776
0.14060740172863007
0.17162099480628967
0.18294617533683777
0.17123006284236908
0.172125905752182
0.17811846733093262
0.1775284707546234
0.17085647583007812
0.1723122000694275
0.19756688177585602
0.15405988693237305
0.183208629488945
0.1910662055015564
0.17453233897686005
0.17399781942367554
0.17343147099018097
0.20499736070632935
0.17392466962337494
0.17208480834960938
0.17714810371398926
0.1784418523311615
0.2312294840812683
0.15105189383029938
0.16152165830135345
0.1959090232849121
0.16738969087600708
0.18422949314117432
0.1765417754650116
0.188860222697258
0.17216265201568604
0.15783900022506714
0.15575213730335236
0.15684020519256592
0.16465961933135986
0.17341776192188263
0.15349715948104858
0.1667323112487793
0.15829190611839294
0.17069010436534882
0.1695995330810547
0.17483428120613098
0.19031809270381927
0.19297534227371216
0.17639032006263733
0.1497408151626587
0.17138643562793732
0.20132717490196228
0.16350263357162476
0.18227408826351166
0.19860690832138062
0.17688453197479248
0.1759745478630066
0.17541718482971191
0.1636892855167389
0.15694671869277954
0.17410793900489807
0.15991832315921783
0.16800501942634583
0.1998283565044403
0.15502133965492249
0.16206219792366028
0.1869024932384491
0.1600780338048935
0.17453819513320923
0.16923460364341736
0.19439604878425598
0.1788492202758789
0.1780102550983429
0.17016805708408356
0.20073938369750977
0.16898581385612488
0.15738742053508759
0.1599310040473938
0.18268942832946777
0.16591230034828186
0.1871211975812912
0.20236220955848694
0.17247197031974792
0.18120361864566803
0.15822409093379974
0.15932464599609375
0.16005101799964905
0.19073134660720825
0.2266414612531662
0.1761564016342163
0.16500405967235565
0.16603995859622955
0.14891254901885986
0.15700086951255798
0.17228488624095917
0.17123591899871826
0.18109290301799774
0.17820264399051666
0.16384360194206238
0.16223476827144623
0.17748036980628967
0.17978344857692719
0.1946127563714981
0.18823599815368652
0.16496992111206055
0.15939106047153473
0.1684102714061737
0.16048356890678406
0.1746678650379181
0.17591264843940735
0.17206265032291412
0.1906244456768036
0.1720910370349884
0.16962504386901855
0.1991523802280426
0.18486793339252472
0.19499778747558594
0.1665443480014801
0.18076476454734802
0.16885757446289062
0.1586194783449173
0.1768619418144226
0.16229623556137085
0.1515427827835083
0.17007270455360413
0.16226422786712646
0.1830042600631714
0.15182778239250183
0.1529812514781952
0.1606181561946869
0.17490117251873016
0.1599637269973755
0.16065466403961182
0.1667858213186264
0.16628403961658478
0.16224978864192963
0.16067765653133392
0.15493729710578918
0.17899352312088013
0.17616575956344604
0.16923677921295166
0.17714086174964905
0.14729641377925873
0.1511707603931427
0.16880281269550323
0.18696406483650208
0.15212559700012207
0.16163666546344757
0.14978033304214478
0.17771902680397034
0.2017735242843628
0.16636335849761963
0.16055786609649658
0.16621249914169312
0.15608669817447662
0.1658979058265686
0.15975141525268555
0.16766104102134705
0.16975466907024384
0.21305716037750244
0.15044547617435455
0.20033499598503113
0.15078143775463104
0.173484668135643
0.14908000826835632
0.15687590837478638
0.16559141874313354
0.1613493114709854
0.16146114468574524
0.16459685564041138
0.15998537838459015
0.1562567949295044
0.1463092565536499
0.17477062344551086
0.17154505848884583
0.1626690775156021
0.15764352679252625
0.1651371717453003
0.16562288999557495
0.17977672815322876
0.1917364001274109
0.15116213262081146
0.1545194834470749
0.1738642454147339
0.19748133420944214
0.16134995222091675
0.15435278415679932
0.17332737147808075
0.15917626023292542
0.15520912408828735
0.15604841709136963
0.1698627471923828
0.1893433928489685
0.15485388040542603
0.15602225065231323
0.1956179440021515
0.16373440623283386
0.15105780959129333
0.16533905267715454
0.17340892553329468
0.15326383709907532
0.16034910082817078
0.15038977563381195
0.17514216899871826
0.1753271222114563
0.15495255589485168
0.17912258207798004
0.1760474294424057
0.16575954854488373
0.14328539371490479
0.16181425750255585
0.16214151680469513
0.162726491689682
0.15855109691619873
0.15958519279956818
0.15848596394062042
0.1757117211818695
0.15647143125534058
0.1400127112865448
0.1656506359577179
0.1618891805410385
0.15908905863761902
0.1920401155948639
0.148841992020607
0.1751554012298584
0.1679510474205017
0.18290889263153076
0.1790490746498108
0.1438998281955719
0.182162344455719
0.16884493827819824
0.19765374064445496
0.15542951226234436
0.1674274057149887
0.17133304476737976
0.1593371331691742
0.16106458008289337
0.1504429578781128
0.17056363821029663
0.14816159009933472
0.1728467047214508
0.18274915218353271
0.14620685577392578
0.17542508244514465
0.16825181245803833
0.1618068367242813
0.15799474716186523
0.14499154686927795
0.16775597631931305
0.20053842663764954
0.17987099289894104
0.16347043216228485
0.16053010523319244
0.18407444655895233
0.15694165229797363
0.1540185660123825
0.157978355884552
0.169605553150177
0.14768214523792267
0.1705477386713028
0.15670067071914673
0.15910941362380981
0.14717088639736176
0.16467654705047607
0.1507965326309204
0.15233579277992249
0.15470977127552032
0.17790250480175018
0.1451885998249054
0.1440569907426834
0.15323320031166077
0.17756229639053345
0.16700030863285065
0.15801139175891876
0.13927029073238373
0.14120854437351227
0.164941668510437
0.1567777395248413
0.1608145385980606
0.15054453909397125
0.15381723642349243
0.16808532178401947
0.15313294529914856
0.16493076086044312
0.15703937411308289
0.14705213904380798
0.147408589720726
0.17594091594219208
0.15645574033260345
0.15096046030521393
0.19615410268306732
0.1630321443080902
0.1588810682296753
0.17608508467674255
0.15293557941913605
0.17808672785758972
0.15203949809074402
0.1817045509815216
0.1810818314552307
0.16029220819473267
0.1621243804693222
0.17157933115959167
0.15127849578857422
0.15762419998645782
0.15757067501544952
0.15051105618476868
0.14070957899093628
0.17285363376140594
0.17240720987319946
0.15336814522743225
0.1414879560470581
0.18017630279064178
0.1965564787387848
0.15042826533317566
0.1590404212474823
0.15011359751224518
0.16192220151424408
0.15799695253372192
0.15287792682647705
0.15158936381340027
0.15750417113304138
0.17893069982528687
0.17593416571617126
0.14439284801483154
0.1786002516746521
0.1566753387451172
0.15016202628612518
0.14620572328567505
0.15327753126621246
0.15621238946914673
0.15162503719329834
0.16604168713092804
0.1435266137123108
0.1854829490184784
0.14696526527404785
0.14380252361297607
0.17414268851280212
0.17905887961387634
0.1591544896364212
0.1682133674621582
0.14917930960655212
0.17384973168373108
0.16673439741134644
0.1532040238380432
0.15528210997581482
0.17181062698364258
0.15359671413898468
0.1410471796989441
0.1778373420238495
0.16626372933387756
0.1535685658454895
0.16479048132896423
0.16714367270469666
0.14695556461811066
0.14741474390029907
0.1717972606420517
0.16921474039554596
0.15181267261505127
0.1424618363380432
0.17726819217205048
0.14714211225509644
0.15046481788158417
0.1426638513803482
0.14581972360610962
0.15658453106880188
0.16439864039421082
0.16630396246910095
0.17416836321353912
0.1622854471206665
0.16854920983314514
0.15854549407958984
0.1451341062784195
0.19532859325408936
0.16096332669258118
0.16164565086364746
0.17965707182884216
0.15641385316848755
0.17635922133922577
0.1506064236164093
0.15726903080940247
0.15799784660339355
0.15131543576717377
0.17671915888786316
0.15439385175704956
0.15871837735176086
0.15983352065086365
0.14071211218833923
0.1703185886144638
0.1838209480047226
0.1410614401102066
0.13931427896022797
0.15229599177837372
0.1522941291332245
0.18026626110076904
0.13737109303474426
0.15518201887607574
0.1597764939069748
0.1475665271282196
0.13841791450977325
0.14276345074176788
0.15891258418560028
0.1593022346496582
0.1802453100681305
0.1655292958021164
0.14790204167366028
0.16958165168762207
0.15426233410835266
0.14454466104507446
0.1783042699098587
0.14792436361312866
0.17287002503871918
0.16626089811325073
0.1658167541027069
0.1653323918581009
0.1527501344680786
0.15343350172042847
0.16187924146652222
0.14795367419719696
0.1535240113735199
0.13882707059383392
0.15231281518936157
0.1467839479446411
0.15935298800468445
0.15742504596710205
0.15458692610263824
0.14123490452766418
0.17234739661216736
0.15314270555973053
0.1643245369195938
0.15799228847026825
0.16708923876285553
0.19605876505374908
0.1409241408109665
0.144911527633667
0.14438365399837494
0.1620395928621292
0.17017687857151031
0.16276413202285767
0.163271963596344
0.16642603278160095
0.15700602531433105
0.1617703139781952
0.17073337733745575
0.15443049371242523
0.1485573649406433
0.15987975895404816
0.1529054343700409
0.1417064368724823
0.14991742372512817
0.14278094470500946
0.1473998725414276
0.14983032643795013
0.15190860629081726
0.13838723301887512
0.14853563904762268
0.15541961789131165
0.13722318410873413
0.16356268525123596
0.15622743964195251
0.15401943027973175
0.16592487692832947
0.1332930475473404
0.1597137451171875
0.1489230990409851
0.14663666486740112
0.1380879133939743
0.14215898513793945
0.1485900729894638
0.14951762557029724
0.1509411334991455
0.14425373077392578
0.13198444247245789
0.16841259598731995
0.180530846118927
0.14132478833198547
0.1436227262020111
0.17930030822753906
0.16280916333198547
0.14818604290485382
0.13722361624240875
0.15614674985408783
0.15503627061843872
0.15435434877872467
0.1776564121246338
0.16724279522895813
0.1463903933763504
0.14702150225639343
0.15299303829669952
0.15784680843353271
0.13724975287914276
0.1423238217830658
0.16036340594291687
0.1795215904712677
0.14734876155853271
0.17880842089653015
0.14684748649597168
0.14789405465126038
0.1520954966545105
0.19186893105506897
0.15127231180667877
0.14304402470588684
0.14238294959068298
0.1533540040254593
0.15842340886592865
0.1644662469625473
0.14378461241722107
0.14421716332435608
0.1732751727104187
0.14818435907363892
0.15054601430892944
0.1424064040184021
0.14717623591423035
0.1569582223892212
0.14062544703483582
0.17367114126682281
0.16741232573986053
0.15759418904781342
0.1762312948703766
0.1784064769744873
0.1686985194683075
0.1638568937778473
0.15755295753479004
0.148826465010643
0.15294811129570007
0.13905562460422516
0.1536804735660553
0.1450188010931015
0.15381979942321777
0.13681860268115997
0.1594517081975937
0.14072628319263458
0.15456534922122955
0.164603129029274
0.13227194547653198
0.16532808542251587
0.15890465676784515
0.14169834554195404
0.16664841771125793
0.14209794998168945
0.16314157843589783
0.1468237191438675
0.14151832461357117
0.17380452156066895
0.1503114402294159
0.14053554832935333
0.14734847843647003
0.14473336935043335
0.14940424263477325
0.18859808146953583
0.14568741619586945
0.1509164571762085
0.1500280201435089
0.17626109719276428
0.17101238667964935
0.1716366410255432
0.13111937046051025
0.14627394080162048
0.14682701230049133
0.1519264578819275
0.13683892786502838
0.14086279273033142
0.1530991494655609
0.14553576707839966
0.16081473231315613
0.15305635333061218
0.15175150334835052
0.14731918275356293
0.14870904386043549
0.15123550593852997
0.13415062427520752
0.1587483286857605
0.14226855337619781
0.1450287252664566
0.18473327159881592
0.18672838807106018
0.20703870058059692
0.13670195639133453
0.15518656373023987
0.17703351378440857
0.1360960751771927
0.1658751517534256
0.1401432305574417
0.14171889424324036
0.14398808777332306
0.17266049981117249
0.14652632176876068
0.13680589199066162
0.13558673858642578
0.16531316936016083
0.14250391721725464
0.15961980819702148
0.1650719791650772
0.1330851912498474
0.15341418981552124
0.1588866412639618
0.1827370524406433
0.15733568370342255
0.14261388778686523
0.160086989402771
0.18498677015304565
0.16370630264282227
0.1671956181526184
0.13403861224651337
0.1376912146806717
0.1386966109275818
0.16079793870449066
0.173463374376297
0.14876434206962585
0.15105736255645752
0.1528179943561554
0.1517573446035385
0.14655940234661102
0.1462438553571701
0.14282681047916412
0.17308427393436432
0.15375259518623352
0.14566773176193237
0.15405115485191345
0.16657789051532745
0.14339491724967957
0.15900729596614838
0.15513445436954498
0.14352013170719147
0.1432853639125824
0.1380321979522705
0.15328256785869598
0.13620278239250183
0.14145559072494507
0.14477479457855225
0.15777771174907684
0.1279909610748291
0.13325124979019165
0.13748577237129211
0.15692293643951416
0.14168573915958405
0.1528787910938263
0.1589614450931549
0.17124947905540466
0.16167935729026794
0.13309910893440247
0.16030067205429077
0.15187862515449524
0.14711572229862213
0.14156050980091095
0.14071020483970642
0.15454718470573425
0.1520189344882965
0.142481729388237
0.16091325879096985
0.1605093628168106
0.15026319026947021
0.15295451879501343
0.18186283111572266
0.15261244773864746
0.15134063363075256
0.14113785326480865
0.1540926992893219
0.13892798125743866
0.16626542806625366
0.1503525674343109
0.14423827826976776
0.15306136012077332
0.149394229054451
0.14014588296413422
0.18075230717658997
0.15316523611545563
0.13115274906158447
0.16251961886882782
0.13622254133224487
0.19742244482040405
0.15014895796775818
0.1636970341205597
0.16409143805503845
0.1709926426410675
0.14947371184825897
0.19435736536979675
0.14064544439315796
0.14219193160533905
0.14533764123916626
0.15660390257835388
0.1659737229347229
0.17837554216384888
0.17870323359966278
0.16410721838474274
0.17775259912014008
0.17545363306999207
0.14570115506649017
0.17316466569900513
0.13488298654556274
0.15159553289413452
0.17010031640529633
0.14258404076099396
0.14811670780181885
0.21476036310195923
0.14184312522411346
0.15379610657691956
0.158376082777977
0.14270013570785522
0.18788248300552368
0.13165485858917236
0.14447808265686035
0.14738862216472626
0.16256994009017944
0.14463508129119873
0.14276181161403656
0.13911770284175873
0.14485010504722595
0.13695386052131653
0.14079318940639496
0.1774584949016571
0.15565970540046692
0.15212705731391907
0.13892827928066254
0.1336531937122345
0.16781054437160492
0.14352069795131683
0.18339210748672485
0.14694227278232574
0.15162882208824158
0.163949117064476
0.13180258870124817
0.1427832841873169
0.13136787712574005
0.15336638689041138
0.13962310552597046
0.1442863941192627
0.15500575304031372
0.14512868225574493
0.14641845226287842
0.16349966824054718
0.14617423713207245
0.13616958260536194
0.14157170057296753
0.1552058756351471
0.1473604291677475
0.15110620856285095
0.169618159532547
0.15664392709732056
0.12914924323558807
0.16381075978279114
0.18534958362579346
0.1628488451242447
0.18285241723060608
0.14872318506240845
0.16426894068717957
0.16183437407016754
0.15174157917499542
0.1550273448228836
0.16038747131824493
0.15760567784309387
0.16286210715770721
0.17465147376060486
0.15701493620872498
0.1412080079317093
0.142052561044693
0.16122464835643768
0.1405012160539627
0.13344237208366394
0.14485463500022888
0.16425588726997375
0.13431814312934875
0.1487240493297577
0.15039819478988647
0.1424424648284912
0.1420651078224182
0.1529109925031662
0.14109359681606293
0.1393502950668335
0.1867167055606842
0.13598857820034027
0.15200650691986084
0.16537833213806152
0.14313100278377533
0.18117329478263855
0.17020468413829803
0.15853279829025269
0.14114002883434296
0.1376488208770752
0.1748051941394806
0.1331121176481247
0.13694235682487488
0.15186157822608948
0.1378663182258606
0.15299424529075623
0.14238983392715454
0.14032363891601562
0.14934805035591125
0.15144558250904083
0.13345104455947876
0.15971964597702026
0.2080569565296173
0.12984532117843628
0.17903006076812744
0.14996036887168884
0.13624899089336395
0.1423257440328598
0.13526703417301178
0.14418405294418335
0.13463377952575684
0.14283618330955505
0.14131376147270203
0.18137329816818237
0.12884658575057983
0.16163840889930725
0.13086849451065063
0.15297828614711761
0.14470788836479187
0.13939346373081207
0.15520569682121277
0.1371971070766449
0.14745306968688965
0.13545100390911102
0.14781050384044647
0.1504518687725067
0.15426069498062134
0.16001807153224945
0.13216225802898407
0.14113247394561768
0.14618177711963654
0.14183035492897034
0.13394153118133545
0.14206570386886597
0.15651099383831024
0.13370974361896515
0.13553360104560852
0.1595160961151123
0.14412516355514526
0.15126550197601318
0.17878401279449463
0.13729454576969147
0.13750046491622925
0.1523490697145462
0.15642844140529633
0.16609451174736023
0.17477329075336456
0.1816217005252838
0.1538309007883072
0.16518715023994446
0.14014054834842682
0.13476090133190155
0.14013361930847168
0.14180457592010498
0.13926784694194794
0.1402510702610016
0.16941402852535248
0.13671556115150452
0.17183169722557068
0.14408639073371887
0.13310955464839935
0.1505538374185562
0.1447076052427292
0.1775900423526764
0.130873441696167
0.13893723487854004
0.15772897005081177
0.14022469520568848
0.15345759689807892
0.1694478988647461
0.14801201224327087
0.13743650913238525
0.14059855043888092
0.146261066198349
0.13578708469867706
0.14670157432556152
0.16795764863491058
0.14554423093795776
0.14244675636291504
0.15684691071510315
0.1305563747882843
0.14335432648658752
0.1487070918083191
0.12682192027568817
0.1449374556541443
0.13609926402568817
0.15812696516513824
0.17030009627342224
0.16274434328079224
0.14806883037090302
0.1351533979177475
0.14223483204841614
0.16489765048027039
0.1481446921825409
0.1584489643573761
0.16426825523376465
0.14010949432849884
0.14667420089244843
0.14016954600811005
0.14040380716323853
0.13567090034484863
0.14006739854812622
0.17494726181030273
0.142198383808136
0.1384415179491043
0.13228240609169006
0.13580182194709778
0.13060244917869568
0.15489411354064941
0.14041964709758759
0.17052167654037476
0.13576661050319672
0.14239779114723206
0.15752217173576355
0.13870708644390106
0.14524859189987183
0.12958602607250214
0.138115793466568
0.14359140396118164
0.134246364235878
0.13646340370178223
0.12981082499027252
0.13737644255161285
0.15972186625003815
0.1450507640838623
0.1371966302394867
0.14558273553848267
0.1638064980506897
0.15125322341918945
0.14241530001163483
0.1641046553850174
0.14052286744117737
0.13048753142356873
0.14535850286483765
0.13174809515476227
0.13470140099525452
0.15011827647686005
0.13513603806495667
0.13618114590644836
0.12874288856983185
0.13610775768756866
0.1556376963853836
0.12766192853450775
0.15726417303085327
0.13288867473602295
0.13980573415756226
0.17547105252742767
0.15272708237171173
0.14320170879364014
0.1370449662208557
0.136039137840271
0.14405259490013123
0.15652628242969513
0.15763947367668152
0.16182556748390198
0.12939521670341492
0.145766943693161
0.14906562864780426
0.1266319304704666
0.12993837893009186
0.13604427874088287
0.14447379112243652
0.15134556591510773
0.1486363559961319
0.15047580003738403
0.1420569270849228
0.13782185316085815
0.1379261314868927
0.1527414321899414
0.15043675899505615
0.16574838757514954
0.14414182305335999
0.14522801339626312
0.13396358489990234
0.15966752171516418
0.1508309543132782
0.1398344486951828
0.16067896783351898
0.14872199296951294
0.14839166402816772
0.14293459057807922
0.14922279119491577
0.15391790866851807
0.13944628834724426
0.12768733501434326
0.15007242560386658
0.12972398102283478
0.13511359691619873
0.13985863327980042
0.13729465007781982
0.12920649349689484
0.18231874704360962
0.12936794757843018
0.14908982813358307
0.13040165603160858
0.13545575737953186
0.1666964888572693
0.12566925585269928
0.17711730301380157
0.14304053783416748
0.13130313158035278
0.15187741816043854
0.1407131403684616
0.13932353258132935
0.12722574174404144
0.13401788473129272
0.1341046839952469
0.13814735412597656
0.1307750642299652
0.14891137182712555
0.14778029918670654
0.1246270015835762
0.14540211856365204
0.14429044723510742
0.13150723278522491
0.16727985441684723
0.14180052280426025
0.14487743377685547
0.14738020300865173
0.15074025094509125
0.15091033279895782
0.1422455906867981
0.14893369376659393
0.15866202116012573
0.13485528528690338
0.14194703102111816
0.17006835341453552
0.14968949556350708
0.1300380527973175
0.1554354727268219
0.1601506918668747
0.12782485783100128
0.14079368114471436
0.13120220601558685
0.1420234590768814
0.13847406208515167
0.14788538217544556
0.15763907134532928
0.1401497721672058
0.1538611501455307
0.14221471548080444
0.16351908445358276
0.14556971192359924
0.149493008852005
0.13729232549667358
0.1510060876607895
0.13278169929981232
0.14014634490013123
0.14487788081169128
0.1662532389163971
0.12982454895973206
0.14805129170417786
0.1646869033575058
0.13072435557842255
0.16364887356758118
0.16010913252830505
0.15350042283535004
0.1376010775566101
0.13837744295597076
0.1291479915380478
0.1418929100036621
0.15423792600631714
0.13849937915802002
0.13913564383983612
0.13854986429214478
0.1739363968372345
0.1529512256383896
0.14928987622261047
0.13853473961353302
0.16340436041355133
0.13699528574943542
0.1500316560268402
0.13314658403396606
0.14383342862129211
0.13667552173137665
0.1386909931898117
0.1468791663646698
0.12852036952972412
0.1567181497812271
0.142588272690773
0.1526344269514084
0.14310377836227417
0.13588522374629974
0.15828567743301392
0.12783068418502808
0.13887785375118256
0.13426664471626282
0.13885663449764252
0.13664308190345764
0.1544197052717209
0.1333518922328949
0.13138233125209808
0.1442926675081253
0.13803456723690033
0.14664079248905182
0.14117877185344696
0.14463528990745544
0.15432865917682648
0.1514507681131363
0.15694086253643036
0.13256651163101196
0.15193812549114227
0.17283502221107483
0.13955630362033844
0.13851341605186462
0.13939891755580902
0.13986919820308685
0.1301584541797638
0.1308625042438507
0.13618674874305725
0.1389537751674652
0.13652732968330383
0.18984661996364594
0.15497572720050812
0.1839454472064972
0.1515781283378601
0.1378646194934845
0.16817425191402435
0.1525566428899765
0.14040635526180267
0.1415373682975769
0.14239156246185303
0.1783100664615631
0.14345727860927582
0.15932701528072357
0.15622428059577942
0.14129890501499176
0.15355542302131653
0.15498587489128113
0.12370616942644119
0.12869134545326233
0.15625424683094025
0.14161977171897888
0.1350243240594864
0.14287902414798737
0.14996352791786194
0.1363454908132553
0.1652950793504715
0.1512312889099121
0.12555277347564697
0.1393459588289261
0.14144517481327057
0.1397554874420166
0.13208316266536713
0.1350490003824234
0.1466289460659027
0.12352408468723297
0.129832461476326
0.13045372068881989
0.1551961898803711
0.14373330771923065
0.1484609991312027
0.1350976526737213
0.14558666944503784
0.1269466131925583
0.1280343383550644
0.14308641850948334
0.16081184148788452
0.1386255919933319
0.1404990404844284
0.13912850618362427
0.15652966499328613
0.1637612283229828
0.15360547602176666
0.12485682219266891
0.13988551497459412
0.14522600173950195
0.1551266461610794
0.15387234091758728
0.13505300879478455
0.14113199710845947
0.12765395641326904
0.15048441290855408
0.12837526202201843
0.12874111533164978
0.1323269158601761
0.13068459928035736
0.13599519431591034
0.13407178223133087
0.13669267296791077
0.13606761395931244
0.1331765353679657
0.1414581835269928
0.14600656926631927
0.14769038558006287
0.15206138789653778
0.14494028687477112
0.13780812919139862
0.14135488867759705
0.14409758150577545
0.1483766734600067
0.13932497799396515
0.13275180757045746
0.1243492141366005
0.1294589340686798
0.13645713031291962
0.1737886667251587
0.13466978073120117
0.15635931491851807
0.14112868905067444
0.12993651628494263
0.1319940835237503
0.14246580004692078
0.1438521444797516
0.13273857533931732
0.14272814989089966
0.13727441430091858
0.13910621404647827
0.15171799063682556
0.13808758556842804
0.14107337594032288
0.1372406780719757
0.15915602445602417
0.13378198444843292
0.14054648578166962
0.14756107330322266
0.1354641616344452
0.14417777955532074
0.15043164789676666
0.1256924718618393
0.13504698872566223
0.1286911815404892
0.13743996620178223
0.1342596411705017
0.16231748461723328
0.14584319293498993
0.136543408036232
0.14533892273902893
0.15860755741596222
0.13349628448486328
0.14077794551849365
0.14805889129638672
0.12596473097801208
0.13242024183273315
0.16553479433059692
0.16731838881969452
0.15021875500679016
0.1330658197402954
0.14656981825828552
0.14618173241615295
0.13228334486484528
0.12984074652194977
0.14680978655815125
0.1465388387441635
0.13400182127952576
0.16412091255187988
0.12674382328987122
0.12991690635681152
0.1456422656774521
0.15132933855056763
0.139603853225708
0.13302749395370483
0.13078130781650543
0.144825279712677
0.13543951511383057
0.15222680568695068
0.14277076721191406
0.16025538742542267
0.138035386800766
0.13788095116615295
0.13026577234268188
0.13748471438884735
0.13222256302833557
0.15064164996147156
0.12776704132556915
0.14257016777992249
0.13502080738544464
0.15413884818553925
0.12878626585006714
0.1524311751127243
0.1430651843547821
0.1316169947385788
0.15311504900455475
0.16616374254226685
0.15802505612373352
0.14744879305362701
0.14838570356369019
0.12779542803764343
0.16834306716918945
0.14207275211811066
0.1340779960155487
0.12844443321228027
0.1337614357471466
0.12904448807239532
0.1316840797662735
0.1297125518321991
0.16651813685894012
0.13418403267860413
0.1297444999217987
0.13821527361869812
0.14361897110939026
0.13327404856681824
0.13654518127441406
0.14575092494487762
0.13932619988918304
0.14923685789108276
0.13299450278282166
0.1444387584924698
0.1363166719675064
0.1432788372039795
0.14804813265800476
0.12554311752319336
0.13823746144771576
0.13219112157821655
0.13331018388271332
0.1408471167087555
0.13168443739414215
0.12913261353969574
0.14738228917121887
0.13496562838554382
0.13772809505462646
0.13819214701652527
0.14486543834209442
0.12849222123622894
0.13002735376358032
0.1283816695213318
0.14175143837928772
0.14722326397895813
0.14445511996746063
0.16778938472270966
0.1449262499809265
0.13116499781608582
0.15294122695922852
0.16149012744426727
0.14528465270996094
0.14988498389720917
0.1611107736825943
0.13348639011383057
0.12785406410694122
0.13644525408744812
0.13173048198223114
0.13276071846485138
0.13799750804901123
0.12930269539356232
0.1406075656414032
0.14091020822525024
0.13729198276996613
0.14024998247623444
0.14204205572605133
0.1493213027715683
0.12987922132015228
0.1681051254272461
0.13563258945941925
0.14677029848098755
0.14515508711338043
0.1568208634853363
0.16741633415222168
0.15266633033752441
0.1328996866941452
0.15250946581363678
0.13308176398277283
0.1395028978586197
0.138973206281662
0.1307549923658371
0.1358080506324768
0.13774080574512482
0.12377667427062988
0.15437451004981995
0.13704530894756317
0.12732572853565216
0.12817253172397614
0.13550642132759094
0.1285063475370407
0.13798153400421143
0.12582342326641083
0.1377512365579605
0.12418556958436966
0.14394505321979523
0.14579682052135468
0.1314162015914917
0.14012622833251953
0.14975640177726746
0.14901939034461975
0.15708568692207336
0.14775243401527405
0.15560419857501984
0.12412963062524796
0.1308552324771881
0.14226612448692322
0.14022104442119598
0.15195465087890625
0.14160582423210144
0.12698687613010406
0.14458715915679932
0.15380539000034332
0.1293022632598877
0.13211116194725037
0.13864462077617645
0.1549859642982483
0.1283567100763321
0.1626722812652588
0.15061894059181213
0.1510152816772461
0.14339764416217804
0.1331859678030014
0.12424073368310928
0.13875144720077515
0.13907556235790253
0.13187482953071594
0.12455853819847107
0.12559068202972412
0.1632976233959198
0.1453208178281784
0.12668438255786896
0.14221003651618958
0.12521080672740936
0.1391884684562683
0.1325124204158783
0.13513511419296265
0.13866972923278809
0.12698689103126526
0.1258387565612793
0.1302504986524582
0.13335856795310974
0.1462934911251068
0.16642269492149353
0.13056832551956177
0.12949220836162567
0.1484365165233612
0.1265043020248413
0.1358826905488968
0.13753171265125275
0.14682713150978088
0.12517049908638
0.13373476266860962
0.1192612275481224
0.15412437915802002
0.1332225203514099
0.13714683055877686
0.1267963945865631
0.13769054412841797
0.14770430326461792
0.15382054448127747
0.13130946457386017
0.12808243930339813
0.14733658730983734
0.13412170112133026
0.13453011214733124
0.1363801658153534
0.13592004776000977
0.13753677904605865
0.13870760798454285
0.14718292653560638
0.1528075635433197
0.1410292536020279
0.1410236954689026
0.12825916707515717
0.12901562452316284
0.1426192820072174
0.13546492159366608
0.13757605850696564
0.14347843825817108
0.13450239598751068
0.12463907897472382
0.12844966351985931
0.12635540962219238
0.13588106632232666
0.14199937880039215
0.15024234354496002
0.12688586115837097
0.1302793323993683
0.13707220554351807
0.13821569085121155
0.16108697652816772
0.14239324629306793
0.14534194767475128
0.1440773457288742
0.1807079315185547
0.1320754736661911
0.15253137052059174
0.16837731003761292
0.13727062940597534
0.14556699991226196
0.15628527104854584
0.1296948343515396
0.14019310474395752
0.1430898904800415
0.1676730513572693
0.1351633369922638
0.128585547208786
0.14716973900794983
0.12771721184253693
0.1307823807001114
0.1296866536140442
0.1257908195257187
0.1387602835893631
0.14979124069213867
0.1306517869234085
0.13596202433109283
0.13417162001132965
0.16092367470264435
0.13399732112884521
0.13155946135520935
0.14446145296096802
0.12907497584819794
0.16109877824783325
0.127986878156662
0.14421559870243073
0.15079493820667267
0.13741056621074677
0.15570172667503357
0.13185356557369232
0.13572360575199127
0.12892597913742065
0.1351526975631714
0.1356566697359085
0.14129364490509033
0.14163589477539062
0.16217643022537231
0.14443135261535645
0.1323932558298111
0.15597572922706604
0.18254196643829346
0.13149438798427582
0.14137877523899078
0.13618125021457672
0.1320083737373352
0.15158796310424805
0.13650667667388916
0.13362376391887665
0.12253522872924805
0.12920330464839935
0.1254853904247284
0.13741463422775269
0.1409953087568283
0.14374759793281555
0.1346820890903473
0.1330478936433792
0.1418253630399704
0.1318376660346985
0.12880530953407288
0.12639164924621582
0.1281592696905136
0.13441281020641327
0.14038248360157013
0.12107937037944794
0.15305110812187195
0.12412989139556885
0.12979599833488464
0.12633031606674194
0.14064782857894897
0.1400076448917389
0.13021403551101685
0.13094791769981384
0.1471707969903946
0.14400821924209595
0.1309598982334137
0.12887299060821533
0.14539757370948792
0.12666970491409302
0.1316184401512146
0.1355665624141693
0.12913212180137634
0.14137086272239685
0.13300850987434387
0.127751886844635
0.14028801023960114
0.15655383467674255
0.1267310231924057
0.12846367061138153
0.13046692311763763
0.12238509953022003
0.1250452995300293
0.1365315467119217
0.1278475672006607
0.13130493462085724
0.13362456858158112
0.14611484110355377
0.1291119009256363
0.1382434219121933
0.13067562878131866
0.14387843012809753
0.1215980127453804
0.13622163236141205
0.13293324410915375
0.1355748176574707
0.13514363765716553
0.13974303007125854
0.12572145462036133
0.1307051032781601
0.12687519192695618
0.1278204768896103
0.14315354824066162
0.12555743753910065
0.1278853565454483
0.1285773068666458
0.14679604768753052
0.14477162063121796
0.12011979520320892
0.15434342622756958
0.12553417682647705
0.13461589813232422
0.12691527605056763
0.1515892744064331
0.13215819001197815
0.1254030019044876
0.15787842869758606
0.14376404881477356
0.1233552098274231
0.1387448012828827
0.13226652145385742
0.12894433736801147
0.13507474958896637
0.12669116258621216
0.12701456248760223
0.16550858318805695
0.13631761074066162
0.1348087042570114
0.12253172695636749
0.13434594869613647
0.14955471456050873
0.13381437957286835
0.14436973631381989
0.13112352788448334
0.13953933119773865
0.12556689977645874
0.1296272873878479
0.14694537222385406
0.13309180736541748
0.13282813131809235
0.1466808021068573
0.12081702053546906
0.12317830324172974
0.14697426557540894
0.14110861718654633
0.13855543732643127
0.1516783982515335
0.13339857757091522
0.15241195261478424
0.12777510285377502
0.14145490527153015
0.15983708202838898
0.12961287796497345
0.13858948647975922
0.11785425245761871
0.13961312174797058
0.14480631053447723
0.13182297348976135
0.12528586387634277
0.1317048966884613
0.18368758261203766
0.1291593462228775
0.1394384354352951
0.15084828436374664
0.13517853617668152
0.1242184117436409
0.13181865215301514
0.13937199115753174
0.13108602166175842
0.13653133809566498
0.13925611972808838
0.13493216037750244
0.14351344108581543
0.12411285191774368
0.13460157811641693
0.14186595380306244
0.13002954423427582
0.13491025567054749
0.15307731926441193
0.13145187497138977
0.13328272104263306
0.13920480012893677
0.13758215308189392
0.12512074410915375
0.14838436245918274
0.12925449013710022
0.15205033123493195
0.12714187800884247
0.1330920308828354
0.14678707718849182
0.1241912841796875
0.13391005992889404
0.13537508249282837
0.13388781249523163
0.14795346558094025
0.13333435356616974
0.12826032936573029
0.1343894600868225
0.1285572052001953
0.15083107352256775
0.13876183331012726
0.1265750229358673
0.1331327259540558
0.1567240059375763
0.12960079312324524
0.13647311925888062
0.12802231311798096
0.12582378089427948
0.13336551189422607
0.13919737935066223
0.13036483526229858
0.12240868806838989
0.12803435325622559
0.1429431289434433
0.1360514611005783
0.1444028913974762
0.12275078892707825
0.1288631707429886
0.14072677493095398
0.1507296860218048
0.12580354511737823
0.14127284288406372
0.11916930973529816
0.12659874558448792
0.12501828372478485
0.15086591243743896
0.13835999369621277
0.14161762595176697
0.162663072347641
0.1287289708852768
0.13513121008872986
0.12756139039993286
0.1284213662147522
0.13187527656555176
0.14896878600120544
0.15108898282051086
0.12818466126918793
0.12520962953567505
0.12602007389068604
0.12596507370471954
0.12122572958469391
0.12359350919723511
0.12982827425003052
0.13609586656093597
0.13880228996276855
0.15183305740356445
0.1400829255580902
0.12917321920394897
0.13236495852470398
0.12515322864055634
0.12649711966514587
0.13168713450431824
0.1372755467891693
0.13839545845985413
0.12620824575424194
0.13980230689048767
0.12358401715755463
0.1448359191417694
0.1343981921672821
0.13304853439331055
0.1279699206352234
0.12788887321949005
0.1420150250196457
0.1297435462474823
0.1254500150680542
0.1301027238368988
0.15593603253364563
0.1306740790605545
0.13962703943252563
0.15774093568325043
0.14740747213363647
0.12806221842765808
0.13867007195949554
0.12231830507516861
0.12152398377656937
0.1364828646183014
0.18507952988147736
0.14727911353111267
0.1345311999320984
0.13336950540542603
0.13148611783981323
0.1329246163368225
0.13049599528312683
0.12213797867298126
0.13086126744747162
0.1403597891330719
0.12684398889541626
0.1304880529642105
0.12253518402576447
0.14497722685337067
0.14050310850143433
0.12442383170127869
0.14647632837295532
0.1333596557378769
0.15132588148117065
0.141653373837471
0.13984213769435883
0.13067451119422913
0.13952623307704926
0.1790701001882553
0.1368875503540039
0.1426871120929718
0.12599948048591614
0.1285351812839508
0.12693507969379425
0.13188953697681427
0.12266437709331512
0.12526187300682068
0.12190231680870056
0.12993690371513367
0.14402292668819427
0.13124236464500427
0.1483772099018097
0.14480853080749512
0.13043609261512756
0.13802632689476013
0.1377834528684616
0.12027370184659958
0.1385149359703064
0.1279028207063675
0.12940703332424164
0.16121195256710052
0.1263946294784546
0.14190806448459625
0.1326020210981369
0.12860724329948425
0.1305643618106842
0.14411276578903198
0.13092219829559326
0.13437959551811218
0.1246747076511383
0.14664573967456818
0.13279227912425995
0.12435193359851837
0.16747206449508667
0.1249365359544754
0.134833425283432
0.15138374269008636
0.12813958525657654
0.13551633059978485
0.13878364861011505
0.12389025092124939
0.1459425538778305
0.1281358152627945
0.12757430970668793
0.12405112385749817
0.1742880940437317
0.13817989826202393
0.12248675525188446
0.14573805034160614
0.13721366226673126
0.1243249773979187
0.13324318826198578
0.15381351113319397
0.13456690311431885
0.13593246042728424
0.127506822347641
0.1402134746313095
0.14284853637218475
0.1271098554134369
0.14207877218723297
0.13293465971946716
0.14341236650943756
0.12653294205665588
0.1318642795085907
0.1384516805410385
0.13021622598171234
0.12351223081350327
0.13214944303035736
0.13167385756969452
0.14185599982738495
0.1466457098722458
0.12397956848144531
0.14472104609012604
0.1412077099084854
0.13677100837230682
0.15126991271972656
0.1279243379831314
0.14343759417533875
0.12293456494808197
0.13863389194011688
0.12729427218437195
0.1364211142063141
0.12191493064165115
0.13961520791053772
0.1490550935268402
0.12488928437232971
0.13923276960849762
0.13277104496955872
0.12482719123363495
0.14405131340026855
0.1301194578409195
0.12708064913749695
0.12468867748975754
0.15175068378448486
0.12088170647621155
0.15822064876556396
0.13594447076320648
0.1449834257364273
0.14321479201316833
0.12497444450855255
0.13148126006126404
0.13051727414131165
0.1293925642967224
0.13411405682563782
0.13139887154102325
0.12081499397754669
0.14391201734542847
0.1254270374774933
0.12639965116977692
0.12988030910491943
0.1300075352191925
0.12708799540996552
0.12131842970848083
0.1374438852071762
0.15879003703594208
0.13110587000846863
0.12181273102760315
0.1360708624124527
0.12601633369922638
0.12461292743682861
0.12426721304655075
0.1276387721300125
0.14109596610069275
0.12115660309791565
0.12190128117799759
0.13620755076408386
0.120931476354599
0.13232862949371338
0.12853971123695374
0.11785165220499039
0.14338673651218414
0.12611012160778046
0.13382992148399353
0.15789303183555603
0.12377335131168365
0.12474653124809265
0.12955152988433838
0.1614094078540802
0.13324134051799774
0.13071943819522858
0.1207563579082489
0.12514367699623108
0.13060186803340912
0.13923798501491547
0.13636550307273865
0.13406679034233093
0.12371349334716797
0.12781760096549988
0.17013424634933472
0.12047921121120453
0.13421247899532318
0.14103566110134125
0.12018827348947525
0.14188332855701447
0.1387922465801239
0.1271493285894394
0.14196445047855377
0.13917693495750427
0.14170968532562256
0.15460257232189178
0.1327114999294281
0.12914560735225677
0.15355969965457916
0.13114877045154572
0.12527509033679962
0.14706262946128845
0.1588987112045288
0.12668246030807495
0.13644275069236755
0.1296634078025818
0.12503139674663544
0.12857113778591156
0.1242290735244751
0.13969071209430695
0.12288957834243774
0.12311630696058273
0.13097858428955078
0.1479703187942505
0.1348114013671875
0.1298545002937317
0.13730892539024353
0.12532928586006165
0.1337595283985138
0.14188987016677856
0.12294615060091019
0.12337460368871689
0.14961399137973785
0.13213233649730682
0.13220545649528503
0.1295733004808426
0.13105174899101257
0.12868227064609528
0.12433355301618576
0.11784373968839645
0.13265009224414825
0.14128261804580688
0.12689225375652313
0.12188231945037842
0.13038955628871918
0.13041025400161743
0.12018166482448578
0.12258899211883545
0.12175270915031433
0.1328350305557251
0.1467088758945465
0.1286005824804306
0.12217477709054947
0.12307273596525192
0.13124771416187286
0.1266060322523117
0.1375795602798462
0.12335867434740067
0.13942447304725647
0.1439182311296463
0.14324313402175903
0.12211517244577408
0.1361909657716751
0.13063940405845642
0.1267261952161789
0.12182191014289856
0.14685577154159546
0.1318030059337616
0.12168914079666138
0.13744524121284485
0.12195922434329987
0.1191045492887497
0.13102954626083374
0.11857232451438904
0.15369239449501038
0.11987455189228058
0.12281346321105957
0.12797269225120544
0.12657678127288818
0.12901803851127625
0.12488970160484314
0.12763039767742157
0.13308775424957275
0.12978225946426392
0.1359914243221283
0.1397554874420166
0.1392778754234314
0.12488482147455215
0.13379594683647156
0.13818199932575226
0.12337248027324677
0.12866000831127167
0.12530802190303802
0.11573412269353867
0.12023623287677765
0.15475407242774963
0.129046231508255
0.12245248258113861
0.11796439439058304
0.14017115533351898
0.12307180464267731
0.12399882078170776
0.1271534413099289
0.1358255296945572
0.13676726818084717
0.12447401136159897
0.11830036342144012
0.11801359057426453
0.12317077815532684
0.12507303059101105
0.1137678399682045
0.12316117435693741
0.12357496470212936
0.13527260720729828
0.16726061701774597
0.1273278445005417
0.13282081484794617
0.12697674334049225
0.1289052516222
0.1318914145231247
0.12609781324863434
0.13444355130195618
0.1292572170495987
0.13869114220142365
0.13383343815803528
0.128544420003891
0.1207449808716774
0.12467364966869354
0.16102556884288788
0.11761154234409332
0.12675094604492188
0.1292034089565277
0.12178636342287064
0.1250380426645279
0.12864907085895538
0.1469869762659073
0.1350417137145996
0.12384635210037231
0.1320021003484726
0.1265101581811905
0.13081279397010803
0.12689097225666046
0.12253440916538239
0.14582006633281708
0.13329632580280304
0.13209904730319977
0.12415386736392975
0.12256038188934326
0.15577368438243866
0.14360414445400238
0.12455755472183228
0.129476398229599
0.1347120702266693
0.11908046156167984
0.15500636398792267
0.12107942998409271
0.12106312811374664
0.11868174374103546
0.12455905228853226
0.13356897234916687
0.1262744516134262
0.1186954528093338
0.1276749223470688
0.12149687111377716
0.12133742868900299
0.12493538856506348
0.12544511258602142
0.140314981341362
0.12328632175922394
0.14368537068367004
0.12845085561275482
0.12865576148033142
0.12322111427783966
0.11908268928527832
0.13644510507583618
0.11964788287878036
0.13219009339809418
0.13306689262390137
0.15462271869182587
0.12253445386886597
0.12572012841701508
0.12756715714931488
0.13944992423057556
0.12146531790494919
0.13589376211166382
0.13581161201000214
0.14509077370166779
0.1302604377269745
0.14212624728679657
0.15515448153018951
0.12974601984024048
0.1265571266412735
0.1380663961172104
0.13601762056350708
0.12230302393436432
0.13109445571899414
0.12016765773296356
0.14123302698135376
0.12286289036273956
0.12667416036128998
0.13428165018558502
0.12279851734638214
0.136337012052536
0.14374609291553497
0.12678997218608856
0.1495388299226761
0.11952792853116989
0.161809504032135
0.12077409774065018
0.12089487165212631
0.123551145195961
0.12190134078264236
0.1298547387123108
0.13626617193222046
0.1309530884027481
0.12847165763378143
0.1204020157456398
0.14232273399829865
0.12974895536899567
0.1215827614068985
0.14540258049964905
0.12987728416919708
0.12205678969621658
0.12924732267856598
0.13120326399803162
0.1225307360291481
0.1308538317680359
0.13293476402759552
0.12715986371040344
0.12673567235469818
0.1548452079296112
0.12610235810279846
0.13916721940040588
0.11856481432914734
0.13769659399986267
0.11786766350269318
0.12601739168167114
0.14019016921520233
0.14555759727954865
0.12459788471460342
0.1296057403087616
0.11981281638145447
0.13082237541675568
0.1204579547047615
0.12536658346652985
0.1287878155708313
0.12989072501659393
0.1352085918188095
0.1313425749540329
0.11971588432788849
0.13219165802001953
0.1316583752632141
0.11702510714530945
0.147816464304924
0.12822094559669495
0.12630292773246765
0.1231568306684494
0.14324413239955902
0.13389457762241364
0.13296927511692047
0.11571410298347473
0.13013231754302979
0.12332665920257568
0.11957862228155136
0.14116093516349792
0.1600569188594818
0.1377772092819214
0.1240631490945816
0.12754735350608826
0.12564590573310852
0.1298561692237854
0.12157858908176422
0.15731491148471832
0.13683868944644928
0.12347327172756195
0.1202889159321785
0.14515069127082825
0.12782780826091766
0.12324173748493195
0.14559318125247955
0.13126865029335022
0.15093091130256653
0.12987716495990753
0.12614120543003082
0.11778031289577484
0.12490980327129364
0.13677151501178741
0.13881245255470276
0.14308738708496094
0.12290161848068237
0.13757503032684326
0.11967724561691284
0.1260008066892624
0.12709350883960724
0.1373748779296875
0.12118475884199142
0.1453646719455719
0.12327113002538681
0.12373410165309906
0.12957589328289032
0.12386834621429443
0.15999093651771545
0.12968075275421143
0.12272205203771591
0.12823039293289185
0.12266746163368225
0.1464705765247345
0.13554267585277557
0.12560825049877167
0.12152664363384247
0.13761475682258606
0.14740730822086334
0.1265193372964859
0.13698357343673706
0.11857239156961441
0.13367457687854767
0.13680383563041687
0.13535217940807343
0.1340930163860321
0.12617036700248718
0.120538130402565
0.12501779198646545
0.12320948392152786
0.12962035834789276
0.18328294157981873
0.1256040334701538
0.12896931171417236
0.12399354577064514
0.12702952325344086
0.13984259963035583
0.15709728002548218
0.13516147434711456
0.13529890775680542
0.12595684826374054
0.1270104944705963
0.128496915102005
0.11731193959712982
0.12757658958435059
0.1210908591747284
0.11725059896707535
0.13861221075057983
0.11771046370267868
0.12405174225568771
0.1256571114063263
0.13992823660373688
0.1288289874792099
0.13196347653865814
0.12535183131694794
0.14944767951965332
0.12834027409553528
0.13908018171787262
0.12216759473085403
0.1283048838376999
0.12513624131679535
0.11780953407287598
0.13575901091098785
0.12206721305847168
0.12300705909729004
0.13773374259471893
0.126085102558136
0.12608161568641663
0.12530100345611572
0.14443840086460114
0.1224336326122284
0.12889474630355835
0.12497855722904205
0.12186931073665619
0.13088329136371613
0.1527412235736847
0.12663409113883972
0.12035325169563293
0.13014329969882965
0.11474496871232986
0.13390520215034485
0.13815507292747498
0.1502159982919693
0.12837573885917664
0.12681645154953003
0.1333332359790802
0.14976343512535095
0.12494755536317825
0.13412117958068848
0.12173555046319962
0.14626911282539368
0.12506315112113953
0.12043158710002899
0.12226651608943939
0.13585199415683746
0.13040459156036377
0.12801900506019592
0.13010501861572266
0.12677688896656036
0.13304103910923004
0.11991693079471588
0.13282714784145355
0.12903715670108795
0.12435326725244522
0.13135431706905365
0.13237479329109192
0.14248453080654144
0.1403319239616394
0.12355678528547287
0.12095102667808533
0.12593919038772583
0.12954208254814148
0.12077689170837402
0.12807905673980713
0.12381352484226227
0.12158071994781494
0.13820989429950714
0.14415991306304932
0.12365180253982544
0.11743912100791931
0.12429506331682205
0.11835901439189911
0.14250601828098297
0.14158830046653748
0.12201818078756332
0.12858346104621887
0.12931063771247864
0.13596013188362122
0.12485028803348541
0.1291390210390091
0.14061078429222107
0.11978041380643845
0.12390763312578201
0.11995816230773926
0.14270931482315063
0.13251909613609314
0.15159444510936737
0.13930708169937134
0.12589824199676514
0.1167953759431839
0.14951550960540771
0.12667657434940338
0.13981342315673828
0.12427486479282379
0.11509856581687927
0.134682297706604
0.12752218544483185
0.1277715265750885
0.11995671689510345
0.12004489451646805
0.12992320954799652
0.14273697137832642
0.12897096574306488
0.14859408140182495
0.12549154460430145
0.14246731996536255
0.1377606987953186
0.12682868540287018
0.1426449418067932
0.1338009089231491
0.126353919506073
0.12228268384933472
0.1265251338481903
0.13138313591480255
0.14176949858665466
0.12584573030471802
0.1501314640045166
0.12019666284322739
0.15386898815631866
0.12799939513206482
0.12726952135562897
0.13296638429164886
0.14258885383605957
0.11844108253717422
0.12916702032089233
0.13376089930534363
0.11684167385101318
0.13651388883590698
0.1257808953523636
0.13366854190826416
0.13280802965164185
0.11973651498556137
0.1307355910539627
0.1212630644440651
0.12865497171878815
0.12768670916557312
0.12405075132846832
0.1322866976261139
0.12605509161949158
0.12698423862457275
0.14772352576255798
0.11793088912963867
0.13882848620414734
0.1272653341293335
0.12984175980091095
0.12646512687206268
0.1300695538520813
0.1336253136396408
0.1274341195821762
0.12319188565015793
0.11758258193731308
0.11803185939788818
0.13082575798034668
0.13079068064689636
0.1332380473613739
0.11782559007406235
0.11941249668598175
0.1579166054725647
0.12648732960224152
0.12944395840168
0.14627596735954285
0.12674400210380554
0.12214948982000351
0.12958042323589325
0.1255408674478531
0.13698220252990723
0.1197633147239685
0.13560086488723755
0.11779025197029114
0.14163467288017273
0.13033290207386017
0.14814813435077667
0.11927207559347153
0.12339453399181366
0.13939149677753448
0.12348639965057373
0.12891793251037598
0.11454972624778748
0.15194673836231232
0.13553619384765625
0.14826059341430664
0.12289171665906906
0.13260580599308014
0.1268884539604187
0.14895638823509216
0.12638476490974426
0.12344400584697723
0.11874707043170929
0.12291230261325836
0.12954159080982208
0.12575440108776093
0.1231715977191925
0.11645103991031647
0.12217406928539276
0.12197710573673248
0.13085433840751648
0.12855654954910278
0.12724685668945312
0.12707187235355377
0.1214708760380745
0.12652651965618134
0.12394323945045471
0.13385073840618134
0.11843482404947281
0.12542957067489624
0.11786359548568726
0.12775883078575134
0.13306671380996704
0.12481902539730072
0.11349797993898392
0.12997712194919586
0.12852685153484344
0.14312584698200226
0.12807515263557434
0.11976824700832367
0.12262887507677078
0.12234116345643997
0.12009057402610779
0.11732590198516846
0.11781495064496994
0.11692072451114655
0.11820142716169357
0.13398900628089905
0.15123111009597778
0.1195320412516594
0.12585149705410004
0.13010583817958832
0.1308249533176422
0.1290605068206787
0.15393121540546417
0.12085796892642975
0.12477216124534607
0.1628648042678833
0.12259803712368011
0.1206115186214447
0.1507297158241272
0.1523353010416031
0.14449723064899445
0.12343105673789978
0.11476119607686996
0.1407919079065323
0.1215607225894928
0.1440994292497635
0.12806354463100433
0.12601745128631592
0.11855058372020721
0.1404687613248825
0.1328023076057434
0.11876294761896133
0.11346612125635147
0.11924556642770767
0.1435053050518036
0.11876538395881653
0.11626933515071869
0.12736184895038605
0.12027807533740997
0.11933993548154831
0.11688700318336487
0.11768035590648651
0.13752619922161102
0.12080488353967667
0.14511853456497192
0.12019547075033188
0.13272373378276825
0.13770434260368347
0.11173763871192932
0.1375279575586319
0.13476601243019104
0.12406148761510849
0.12007340788841248
0.12244825810194016
0.11692486703395844
0.13318726420402527
0.14589926600456238
0.13345761597156525
0.12414291501045227
0.12858609855175018
0.12398736923933029
0.12231764942407608
0.13060398399829865
0.13631406426429749
0.12448481470346451
0.13396140933036804
0.13025185465812683
0.13701531291007996
0.12006725370883942
0.1307687908411026
0.14053405821323395
0.12760061025619507
0.11462743580341339
0.11639663577079773
0.12469247728586197
0.13855186104774475
0.11748120188713074
0.12171854078769684
0.12832961976528168
0.13986936211585999
0.1420125514268875
0.12275077402591705
0.12182863801717758
0.1262107938528061
0.12239176779985428
0.11718155443668365
0.1289399117231369
0.1512310802936554
0.1416325867176056
0.14554306864738464
0.11872179806232452
0.13290899991989136
0.12269334495067596
0.12028570473194122
0.11557213217020035
0.1338159739971161
0.1400461196899414
0.13971096277236938
0.12048321962356567
0.12060023844242096
0.11968360096216202
0.11912856996059418
0.13718247413635254
0.11749301850795746
0.12006750702857971
0.12087669968605042
0.14297547936439514
0.1167616993188858
0.1205347552895546
0.12616673111915588
0.12266293913125992
0.1249052956700325
0.11500101536512375
0.12663611769676208
0.13749493658542633
0.12841932475566864
0.1271306574344635
0.12459313869476318
0.13796992599964142
0.12527631223201752
0.1578080654144287
0.1255427598953247
0.11119868606328964
0.14202219247817993
0.12324660271406174
0.12171916663646698
0.12161116302013397
0.13945627212524414
0.13158822059631348
0.12183231860399246
0.15854457020759583
0.13981285691261292
0.11925783008337021
0.12907461822032928
0.14775380492210388
0.13287192583084106
0.11926600337028503
0.14503726363182068
0.11732551455497742
0.1180681511759758
0.12028636783361435
0.1190241277217865
0.13642172515392303
0.12427528202533722
0.13519398868083954
0.11789172887802124
0.138820081949234
0.12324155122041702
0.1346890926361084
0.12426237761974335
0.11879587918519974
0.12089061737060547
0.12778836488723755
0.12474922090768814
0.13001270592212677
0.12538963556289673
0.12150496989488602
0.13237208127975464
0.12212464958429337
0.1275409460067749
0.12401679158210754
0.12563537061214447
0.13472025096416473
0.12418146431446075
0.12643015384674072
0.12434762716293335
0.1254177689552307
0.1333378404378891
0.12544533610343933
0.11838030070066452
0.12320199608802795
0.1207175999879837
0.11685427278280258
0.1244242861866951
0.12965144217014313
0.12713462114334106
0.12392818927764893
0.1183721125125885
0.1194840669631958
0.12710097432136536
0.12217903882265091
0.14645889401435852
0.11326343566179276
0.12933580577373505
0.12276557832956314
0.1256847083568573
0.11888986825942993
0.1170630156993866
0.12080144882202148
0.11536344140768051
0.12173764407634735
0.11613401770591736
0.1401744782924652
0.11538391560316086
0.11897215247154236
0.12207236886024475
0.11990239471197128
0.13645890355110168
0.1338350474834442
0.12832549214363098
0.11788538098335266
0.1218380257487297
0.11538083851337433
0.12118976563215256
0.1330939680337906
0.11553313583135605
0.12936930358409882
0.11694378405809402
0.1180787906050682
0.1297743022441864
0.12483610957860947
0.1221574991941452
0.13413506746292114
0.1174783706665039
0.12317615747451782
0.1256992071866989
0.12917792797088623
0.13489282131195068
0.12194487452507019
0.12170751392841339
0.1171034649014473
0.13176995515823364
0.11949963122606277
0.134586900472641
0.12383328378200531
0.1243569552898407
0.12703292071819305
0.1189313679933548
0.12653641402721405
0.14663994312286377
0.11794185638427734
0.12407998740673065
0.12440433353185654
0.12153469026088715
0.12093036621809006
0.13443288207054138
0.1331358402967453
0.12362856417894363
0.1211230605840683
0.12363839149475098
0.139814555644989
0.11416460573673248
0.12775665521621704
0.12119535356760025
0.11609163880348206
0.12687337398529053
0.1171974390745163
0.11502894759178162
0.11625077575445175
0.11773619800806046
0.11734587699174881
0.12479095906019211
0.11685898154973984
0.11542987078428268
0.12441015243530273
0.14573587477207184
0.1327926069498062
0.1242026761174202
0.11857376247644424
0.1250566840171814
0.12745490670204163
0.1207566112279892
0.11865837872028351
0.14491921663284302
0.12084663659334183
0.12514668703079224
0.14065685868263245
0.12315847724676132
0.12347300350666046
0.13824965059757233
0.12188588082790375
0.11452125012874603
0.12096080183982849
0.11312878131866455
0.11748862266540527
0.11559536308050156
0.1387014091014862
0.1147180050611496
0.1249767392873764
0.13288839161396027
0.11461520940065384
0.12102722376585007
0.13515779376029968
0.15208816528320312
0.11875934898853302
0.11598929762840271
0.12024550139904022
0.1260189414024353
0.11978042125701904
0.12131395936012268
0.1253565102815628
0.14488232135772705
0.11786186695098877
0.11756698787212372
0.1641138792037964
0.11752325296401978
0.11954838037490845
0.11668714135885239
0.12718944251537323
0.12460732460021973
0.1179775670170784
0.11627527326345444
0.12720364332199097
0.13352009654045105
0.12092343717813492
0.14257313311100006
0.12671899795532227
0.16804510354995728
0.11824458837509155
0.12366606295108795
0.11967705935239792
0.11615043133497238
0.12549276649951935
0.12375342845916748
0.12775194644927979
0.12181562185287476
0.14109155535697937
0.12431810051202774
0.11657049506902695
0.11661087721586227
0.11957892775535583
0.1255236119031906
0.12108390778303146
0.1480269879102707
0.12215252965688705
0.13569888472557068
0.11880315840244293
0.1421605944633484
0.131003737449646
0.12381869554519653
0.14886343479156494
0.12369520217180252
0.1409730613231659
0.12242761999368668
0.1633204221725464
0.11872323602437973
0.1317269653081894
0.14095348119735718
0.12239447236061096
0.1467878818511963
0.11319417506456375
0.1480843424797058
0.12742456793785095
0.12011335790157318
0.12041608989238739
0.13409925997257233
0.12401752918958664
0.12400002777576447
0.11592303216457367
0.12752854824066162
0.14244291186332703
0.12656685709953308
0.12914635241031647
0.12597669661045074
0.13791435956954956
0.1408681571483612
0.12338357418775558
0.12031792104244232
0.11950443685054779
0.13784345984458923
0.11445346474647522
0.11658083647489548
0.129664808511734
0.13128800690174103
0.11776312440633774
0.12161379307508469
0.1300879716873169
0.11846579611301422
0.11801394820213318
0.1303899884223938
0.11582708358764648
0.11418573558330536
0.11663465201854706
0.13261163234710693
0.12754565477371216
0.13118338584899902
0.1265815943479538
0.12651404738426208
0.12374100089073181
0.13403955101966858
0.13890857994556427
0.11815755069255829
0.11555521190166473
0.119279645383358
0.1178843080997467
0.12645873427391052
0.12311011552810669
0.12256599962711334
0.1265362650156021
0.1236439123749733
0.12717948853969574
0.12378834187984467
0.11778345704078674
0.1323048174381256
0.1260705441236496
0.14164379239082336
0.11994874477386475
0.13006998598575592
0.12988415360450745
0.1180187240242958
0.12599804997444153
0.1148567795753479
0.1196819469332695
0.13946402072906494
0.11840038746595383
0.12157934904098511
0.11838981509208679
0.14386413991451263
0.13450610637664795
0.12779371440410614
0.12631620466709137
0.1146334633231163
0.12018236517906189
0.1151999980211258
0.1267871856689453
0.11658217012882233
0.12173505127429962
0.12138815224170685
0.14489634335041046
0.11863885819911957
0.11319777369499207
0.12048211693763733
0.11975870281457901
0.12998346984386444
0.1147795245051384
0.13794735074043274
0.12635204195976257
0.11895616352558136
0.12237492203712463
0.13014787435531616
0.13204313814640045
0.11301404982805252
0.12429619580507278
0.13235925137996674
0.12243353575468063
0.12927041947841644
0.13023413717746735
0.12044963240623474
0.1264798790216446
0.13195088505744934
0.11796632409095764
0.11335944384336472
0.1164255440235138
0.11707207560539246
0.12712956964969635
0.11623566597700119
0.11245284974575043
0.11987815052270889
0.14016789197921753
0.13854731619358063
0.12703655660152435
0.12407378107309341
0.14310944080352783
0.12134318798780441
0.12833759188652039
0.121310755610466
0.12487823516130447
0.12445919215679169
0.12489661574363708
0.11800096184015274
0.14753708243370056
0.11922886222600937
0.11306736618280411
0.12441262602806091
0.12416093796491623
0.12085428833961487
0.11643965542316437
0.11813044548034668
0.12589113414287567
0.13487383723258972
0.13777048885822296
0.13058114051818848
0.14608192443847656
0.11768069118261337
0.1689438819885254
0.12221702188253403
0.11667899042367935
0.11995191872119904
0.12010514736175537
0.12832003831863403
0.1516265571117401
0.12127433717250824
0.1309880018234253
0.1321236789226532
0.12591400742530823
0.12029831856489182
0.11254853010177612
0.12184298783540726
0.12022887915372849
0.115353062748909
0.11744776368141174
0.12024255841970444
0.12048818171024323
0.12159401923418045
0.13579808175563812
0.11647869646549225
0.12680163979530334
0.11582332104444504
0.13161377608776093
0.12352591753005981
0.1408061534166336
0.12923112511634827
0.1264623999595642
0.1359408050775528
0.11767295747995377
0.13066664338111877
0.12968921661376953
0.12278018146753311
0.13153639435768127
0.122444286942482
0.11835138499736786
0.11409860849380493
0.12275200337171555
0.11814097315073013
0.13567723333835602
0.13311876356601715
0.1275421679019928
0.12181168049573898
0.12436524033546448
0.1150340884923935
0.11781255155801773
0.1330573558807373
0.13535013794898987
0.11515380442142487
0.11898830533027649
0.11973536759614944
0.12555307149887085
0.11792197078466415
0.11735576391220093
0.12493440508842468
0.11270686984062195
0.11594414710998535
0.13186708092689514
0.11047423630952835
0.12255457043647766
0.13228127360343933
0.11967258900403976
0.12237054854631424
0.11651349067687988
0.1212281882762909
0.12092775106430054
0.14360995590686798
0.12740913033485413
0.11994177103042603
0.1392040252685547
0.13812373578548431
0.13299088180065155
0.12327505648136139
0.12737858295440674
0.11870627105236053
0.13230249285697937
0.11943982541561127
0.12428329139947891
0.1193644106388092
0.12247435748577118
0.12507666647434235
0.1292666792869568
0.1542395055294037
0.11747118830680847
0.1121668666601181
0.11543397605419159
0.11384443938732147
0.12393853068351746
0.11787756532430649
0.13277705013751984
0.11966807395219803
0.121330626308918
0.13295648992061615
0.12635734677314758
0.11392572522163391
0.1366676390171051
0.13430671393871307
0.11627510190010071
0.12546409666538239
0.12276591360569
0.1264333426952362
0.11980248242616653
0.11442302912473679
0.12333038449287415
0.12196647375822067
0.13255764544010162
0.1164129227399826
0.13092464208602905
0.12471572309732437
0.11745104938745499
0.119430311024189
0.1312979757785797
0.11645011603832245
0.135084867477417
0.12580089271068573
0.12031112611293793
0.11637889593839645
0.12317457050085068
0.1316419541835785
0.11849501729011536
0.13058653473854065
0.11780286580324173
0.12262076139450073
0.11729498207569122
0.11555559933185577
0.11476714164018631
0.13838548958301544
0.11822047084569931
0.11403430998325348
0.1157609224319458
0.1544424295425415
0.11831554770469666
0.1214245855808258
0.12298084050416946
0.11607256531715393
0.12874343991279602
0.11272995173931122
0.11964208632707596
0.11049269139766693
0.1204819604754448
0.12451016902923584
0.12422822415828705
0.12075869739055634
0.1280585676431656
0.13525208830833435
0.12295509874820709
0.12353473156690598
0.1240532398223877
0.15126442909240723
0.11191705614328384
0.12668563425540924
0.12758636474609375
0.125754252076149
0.11778400093317032
0.1349347084760666
0.12014906853437424
0.12850463390350342
0.11974001675844193
0.12773889303207397
0.12098856270313263
0.15440821647644043
0.14063623547554016
0.13104210793972015
0.11557898670434952
0.11776093393564224
0.1183549016714096
0.13357503712177277
0.11596772819757462
0.11459609866142273
0.1431725174188614
0.12906846404075623
0.11375117301940918
0.11277076601982117
0.1195441409945488
0.12317285686731339
0.1159871444106102
0.1214919313788414
0.11854291707277298
0.1206587478518486
0.12958380579948425
0.12550440430641174
0.11704861372709274
0.11670484393835068
0.11245869100093842
0.13212645053863525
0.11291082203388214
0.13953763246536255
0.12995406985282898
0.12824182212352753
0.11589109152555466
0.1272464245557785
0.12048447877168655
0.11359770596027374
0.1139034703373909
0.11606835573911667
0.12223753333091736
0.13002336025238037
0.11601558327674866
0.1272411346435547
0.12351851910352707
0.12207919359207153
0.11879649013280869
0.11347144842147827
0.12463062256574631
0.11689625680446625
0.11417271941900253
0.1224982738494873
0.12156467884778976
0.12448109686374664
0.12907254695892334
0.11376913636922836
0.11431862413883209
0.12345710396766663
0.113471120595932
0.12833938002586365
0.1375848799943924
0.11574792861938477
0.11947615444660187
0.11704247444868088
0.14886268973350525
0.11684615910053253
0.12869621813297272
0.1290634274482727
0.11933300644159317
0.13745063543319702
0.12161289900541306
0.11980901658535004
0.13526606559753418
0.11869359016418457
0.12161244451999664
0.12178193032741547
0.11603504419326782
0.12328554689884186
0.11406204104423523
0.11206772923469543
0.13120968639850616
0.11614884436130524
0.13608048856258392
0.12281377613544464
0.10946334153413773
0.11459177732467651
0.11393197625875473
0.12630753219127655
0.1146475076675415
0.1121579259634018
0.11275122314691544
0.13503476977348328
0.12129189074039459
0.1196700856089592
0.12353754043579102
0.1358625590801239
0.11564810574054718
0.1207517758011818
0.15441006422042847
0.147573783993721
0.13094109296798706
0.1399296224117279
0.12661337852478027
0.12819556891918182
0.11665011942386627
0.1239648312330246
0.11518483608961105
0.14655689895153046
0.13925038278102875
0.12586599588394165
0.1433229148387909
0.12251469492912292
0.11730647087097168
0.12117703258991241
0.1342749446630478
0.11734390258789062
0.12849242985248566
0.11853718012571335
0.1391572803258896
0.12690067291259766
0.12593324482440948
0.13577714562416077
0.1260981410741806
0.12022794038057327
0.1238153800368309
0.13704657554626465
0.14572885632514954
0.1179790273308754
0.11832259595394135
0.1411929726600647
0.1267915666103363
0.11701381951570511
0.11976875364780426
0.13197016716003418
0.11794661730527878
0.11844219267368317
0.14197564125061035
0.12289249897003174
0.12898609042167664
0.11409725993871689
0.1281541883945465
0.11704960465431213
0.13346049189567566
0.11688344180583954
0.11858884245157242
0.1377221643924713
0.12130264192819595
0.12175260484218597
0.12562179565429688
0.1200261041522026
0.12462258338928223
0.12210392951965332
0.12073259055614471
0.12567754089832306
0.11873894929885864
0.12280313670635223
0.12273381650447845
0.12442803382873535
0.11985260248184204
0.12361128628253937
0.12352864444255829
0.13156890869140625
0.11867576837539673
0.11804176867008209
0.12759730219841003
0.12243371456861496
0.11275514215230942
0.11840859800577164
0.11994345486164093
0.13848920166492462
0.11774671822786331
0.12261710315942764
0.11148195713758469
0.11780746281147003
0.1230078637599945
0.11605052649974823
0.11307394504547119
0.13011905550956726
0.12065143138170242
0.11997660994529724
0.11422841250896454
0.1311611533164978
0.120939239859581
0.11415693163871765
0.12100619822740555
0.12554281949996948
0.1125342920422554
0.125482976436615
0.12884896993637085
0.1381302773952484
0.11738864332437515
0.11685019731521606
0.12357369810342789
0.11670646071434021
0.11398952454328537
0.12360231578350067
0.11340250074863434
0.12947219610214233
0.11453713476657867
0.1513713300228119
0.1251603662967682
0.12603849172592163
0.11972597241401672
0.1318182647228241
0.1306200474500656
0.12945085763931274
0.11780626326799393
0.13665524125099182
0.11323439329862595
0.11701041460037231
0.13104072213172913
0.12088456749916077
0.13474401831626892
0.12486681342124939
0.11921028792858124
0.12256192415952682
0.11911754310131073
0.13797661662101746
0.13879993557929993
0.1180831789970398
0.12299969792366028
0.12766440212726593
0.11986096203327179
0.12419317662715912
0.11876748502254486
0.14277926087379456
0.12141737341880798
0.14314652979373932
0.13434699177742004
0.11942379176616669
0.12419262528419495
0.13295157253742218
0.11625293642282486
0.11717940866947174
0.12794183194637299
0.12208890914916992
0.1314111202955246
0.11426258832216263
0.12527187168598175
0.11632172763347626
0.12207140028476715
0.11646292358636856
0.14234814047813416
0.1217840239405632
0.12592770159244537
0.12057095766067505
0.12637613713741302
0.12013198435306549
0.12018809467554092
0.11584603786468506
0.11268877238035202
0.13676699995994568
0.11670561134815216
0.13251489400863647
0.11868015676736832
0.12269733846187592
0.13030529022216797
0.12172552943229675
0.11176621168851852
0.11409652978181839
0.12126702070236206
0.11661025881767273
0.12903904914855957
0.11844409257173538
0.13125485181808472
0.12269867956638336
0.1337171345949173
0.11578163504600525
0.12875929474830627
0.11120757460594177
0.12085792422294617
0.12032601982355118
0.11878986656665802
0.13197576999664307
0.1203523799777031
0.14542752504348755
0.11583342403173447
0.13472622632980347
0.1269332617521286
0.11388992518186569
0.12296596169471741
0.12827612459659576
0.1125580370426178
0.12702083587646484
0.12937837839126587
0.11809861660003662
0.12988552451133728
0.11368421465158463
0.13251259922981262
0.11498542875051498
0.14983691275119781
0.13887536525726318
0.11860855668783188
0.11847635358572006
0.1158074140548706
0.14825987815856934
0.12206648290157318
0.12163830548524857
0.11577945202589035
0.1244659423828125
0.12294262647628784
0.12312322854995728
0.12090688198804855
0.1523967832326889
0.12480513006448746
0.11404012888669968
0.12287254631519318
0.1175323948264122
0.11755945533514023
0.11845047771930695
0.13635894656181335
0.15922868251800537
0.11859577149152756
0.1320279836654663
0.1344197690486908
0.11016812920570374
0.17432856559753418
0.11972000449895859
0.12683163583278656
0.1298006772994995
0.13026225566864014
0.1159466803073883
0.13556639850139618
0.12314648926258087
0.11802835762500763
0.11759725958108902
0.12039672583341599
0.11994097381830215
0.12595416605472565
0.12709544599056244
0.1257876753807068
0.1237117350101471
0.12403081357479095
0.11435772478580475
0.11616732180118561
0.11677039414644241
0.12422297894954681
0.11746172606945038
0.11728724837303162
0.11763118207454681
0.11223907023668289
0.11150740087032318
0.1307886838912964
0.12342849373817444
0.1325366050004959
0.11491215974092484
0.1251198947429657
0.11176388710737228
0.1184445172548294
0.11340001225471497
0.12984474003314972
0.1125691831111908
0.11887849867343903
0.1196327656507492
0.13292056322097778
0.11714862287044525
0.13451671600341797
0.12317453324794769
0.1254412829875946
0.11742869019508362
0.1186152771115303
0.11209331452846527
0.13124358654022217
0.11577385663986206
0.12054349482059479
0.12464432418346405
0.12339126318693161
0.11741481721401215
0.11464457213878632
0.12314940989017487
0.1156291589140892
0.11584501713514328
0.11708682775497437
0.1124105229973793
0.12179233133792877
0.12021096050739288
0.12192244827747345
0.11115218698978424
0.11259307712316513
0.17650526762008667
0.12867072224617004
0.11717243492603302
0.11845047771930695
0.11605696380138397
0.11192216724157333
0.1175241768360138
0.11809270828962326
0.12505841255187988
0.1311349868774414
0.13804912567138672
0.11207015067338943
0.11941114068031311
0.12032826244831085
0.15010789036750793
0.11848209798336029
0.13077214360237122
0.11674961447715759
0.12646716833114624
0.11252911388874054
0.11701804399490356
0.11473297327756882
0.1409696489572525
0.13749456405639648
0.11807951331138611
0.14382697641849518
0.1329471468925476
0.12394680082798004
0.13060706853866577
0.11792295426130295
0.1301138997077942
0.11077474057674408
0.1304900348186493
0.12765134871006012
0.12362726032733917
0.12159495800733566
0.11638998985290527
0.1527901142835617
0.13230514526367188
0.1247948706150055
0.13966216146945953
0.11874879896640778
0.11974457651376724
0.11365066468715668
0.11961723119020462
0.11552410572767258
0.13379576802253723
0.12445127218961716
0.12418224662542343
0.12080322206020355
0.11657501012086868
0.11496992409229279
0.12824323773384094
0.13123363256454468
0.12601500749588013
0.11409442126750946
0.13713084161281586
0.11093607544898987
0.11735878139734268
0.16613982617855072
0.1477876752614975
0.11856810003519058
0.12044952809810638
0.11750538647174835
0.11803684383630753
0.11463425308465958
0.1266442835330963
0.13072249293327332
0.11355558037757874
0.13649882376194
0.1328946352005005
0.13161270320415497
0.11944832652807236
0.1187489703297615
0.1285559982061386
0.14544415473937988
0.11371243000030518
0.12094061821699142
0.1100335419178009
0.13174127042293549
0.13301312923431396
0.12036511301994324
0.13583849370479584
0.12093275785446167
0.12312803417444229
0.12001216411590576
0.13629059493541718
0.11874262988567352
0.12274465709924698
0.11430440098047256
0.11371904611587524
0.13399524986743927
0.11442235112190247
0.11291009187698364
0.12494544684886932
0.1267198771238327
0.1370055377483368
0.11440793424844742
0.1276242882013321
0.13269595801830292
0.12046264111995697
0.11989201605319977
0.12894807755947113
0.12028985470533371
0.117110475897789
0.12054270505905151
0.12763269245624542
0.12566640973091125
0.11599333584308624
0.11462056636810303
0.1180787980556488
0.12209583073854446
0.11575046181678772
0.14151914417743683
0.11764690279960632
0.11329663544893265
0.14220425486564636
0.12075100839138031
0.12944205105304718
0.13953560590744019
0.11283692717552185
0.11686563491821289
0.11821163445711136
0.11438009142875671
0.11959248781204224
0.11189088970422745
0.1297343522310257
0.11906639486551285
0.12219564616680145
0.11901609599590302
0.12658074498176575
0.12007129937410355
0.1115819662809372
0.1453201174736023
0.1137009859085083
0.12515878677368164
0.1289072185754776
0.11782876402139664
0.11969666182994843
0.11269598454236984
0.11064235121011734
0.11325033754110336
0.11802925914525986
0.11883023381233215
0.11919134855270386
0.11976642906665802
0.12353454530239105
0.11717048287391663
0.12888066470623016
0.11570215970277786
0.12740646302700043
0.12662634253501892
0.12320677936077118
0.14991873502731323
0.11610686779022217
0.12094380706548691
0.11521738767623901
0.12683020532131195
0.12253382802009583
0.11265084147453308
0.13322803378105164
0.11374543607234955
0.13575811684131622
0.12150487303733826
0.1424158215522766
0.11836066097021103
0.1171054095029831
0.11424360424280167
0.11563681811094284
0.11512613296508789
0.11927461624145508
0.12654820084571838
0.13618424534797668
0.11963546276092529
0.1261020004749298
0.1355248987674713
0.1101909652352333
0.11366723477840424
0.12401049584150314
0.11639285832643509
0.11720912158489227
0.11994893103837967
0.12086930871009827
0.11508451402187347
0.12021896988153458
0.11384456604719162
0.11706709861755371
0.11353699862957001
0.13764458894729614
0.11314543336629868
0.12096422910690308
0.12206035852432251
0.11519671976566315
0.1161482110619545
0.13038687407970428
0.11201243847608566
0.12059551477432251
0.1293027400970459
0.11415626108646393
0.1291782557964325
0.12751315534114838
0.12041021883487701
0.12964196503162384
0.11875104159116745
0.11412976682186127
0.1298000067472458
0.11683520674705505
0.13689585030078888
0.12293072789907455
0.11936905980110168
0.12162116169929504
0.11113440990447998
0.1220165267586708
0.14733290672302246
0.11326494812965393
0.11583654582500458
0.11580239236354828
0.11825231462717056
0.11937659978866577
0.12320046126842499
0.1289205104112625
0.1208968237042427
0.13089148700237274
0.11529158055782318
0.13303962349891663
0.13246816396713257
0.11883977055549622
0.11795946210622787
0.11910360306501389
0.1249023899435997
0.11727160215377808
0.12124426662921906
0.11231936514377594
0.11956709623336792
0.1100868359208107
0.11255401372909546
0.1217791810631752
0.1297493278980255
0.11487399786710739
0.1147884875535965
0.11828490346670151
0.11845352500677109
0.11438946425914764
0.11831989139318466
0.1242663711309433
0.11928445100784302
0.11831411719322205
0.11856761574745178
0.1169363334774971
0.1206786185503006
0.11411546170711517
0.1297333538532257
0.10964968055486679
0.10930757969617844
0.14253854751586914
0.12961608171463013
0.11398956179618835
0.11846756935119629
0.11637577414512634
0.12763085961341858
0.1265154778957367
0.12203632295131683
0.11844176799058914
0.11025165021419525
0.11935878545045853
0.11713360249996185
0.1172940731048584
0.13507071137428284
0.13226225972175598
0.1388320028781891
0.1195562332868576
0.11506985872983932
0.11078524589538574
0.11284930258989334
0.12364746630191803
0.13103248178958893
0.12006330490112305
0.11945824325084686
0.11557604372501373
0.1233750507235527
0.11941554397344589
0.11612948030233383
0.11156618595123291
0.11467629671096802
0.11190220713615417
0.14461925625801086
0.11510008573532104
0.1152828186750412
0.11538688838481903
0.11544102430343628
0.12334147095680237
0.1239338368177414
0.11170019954442978
0.13149099051952362
0.11666636914014816
0.12078766524791718
0.12711094319820404
0.11025451123714447
0.11509054899215698
0.14125210046768188
0.11555478721857071
0.11615675687789917
0.14125069975852966
0.12196628004312515
0.11602472513914108
0.1152321994304657
0.11471652239561081
0.1288418173789978
0.11432638019323349
0.12516984343528748
0.11035333573818207
0.12202207744121552
0.11677798628807068
0.11704056710004807
0.13443830609321594
0.11406932771205902
0.11459384113550186
0.11993388086557388
0.11392320692539215
0.11156343668699265
0.11624819785356522
0.1207982748746872
0.11282618343830109
0.11858657747507095
0.12734684348106384
0.11181306093931198
0.11853556334972382
0.13291287422180176
0.11949074268341064
0.11911909282207489
0.11377350986003876
0.1307182013988495
0.11884938180446625
0.12163540720939636
0.12099646031856537
0.11303088068962097
0.11008305847644806
0.14045776426792145
0.12788443267345428
0.11359433829784393
0.1248864084482193
0.12410171329975128
0.11553289741277695
0.12900610268115997
0.1210799366235733
0.11780349165201187
0.1188003271818161
0.1137121319770813
0.10996454954147339
0.11972972750663757
0.1101425364613533
0.11471936851739883
0.12654657661914825
0.11620430648326874
0.11677834391593933
0.13275957107543945
0.1241128146648407
0.11645305901765823
0.11888328194618225
0.1273280531167984
0.12957006692886353
0.1153784766793251
0.11228472739458084
0.11715911328792572
0.11598610877990723
0.12778198719024658
0.14153438806533813
0.12576918303966522
0.11851227283477783
0.11299320310354233
0.12041274458169937
0.11011675000190735
0.11983463168144226
0.11557472497224808
0.1145247220993042
0.11589460074901581
0.12604224681854248
0.1292772889137268
0.11724336445331573
0.11250085383653641
0.15030910074710846
0.12596657872200012
0.1316908448934555
0.11424615234136581
0.11168105900287628
0.12283647060394287
0.11782365292310715
0.11335960030555725
0.11028419435024261
0.11281821131706238
0.11875265836715698
0.11567631363868713
0.11186055839061737
0.11583097279071808
0.11426389217376709
0.11936324834823608
0.1087750494480133
0.132915198802948
0.12129490077495575
0.1191808208823204
0.1246284618973732
0.12252982705831528
0.1233251541852951
0.11427255719900131
0.11038239300251007
0.13926289975643158
0.11432692408561707
0.11139358580112457
0.1461496651172638
0.11223671585321426
0.11199231445789337
0.11684158444404602
0.1202610582113266
0.11833052337169647
0.12658649682998657
0.11669545620679855
0.11647670716047287
0.1121206283569336
0.11401913315057755
0.12570291757583618
0.11923263967037201
0.11391748487949371
0.11290542781352997
0.12213017791509628
0.14194081723690033
0.1203383058309555
0.11743983626365662
0.11188637465238571
0.1365365982055664
0.10970841348171234
0.11515132337808609
0.12244202196598053
0.11155568063259125
0.11559338122606277
0.12326943874359131
0.11108584702014923
0.1126970499753952
0.11232218146324158
0.13559898734092712
0.11960294097661972
0.12027411162853241
0.10750214010477066
0.11413668096065521
0.12855668365955353
0.12064473330974579
0.1415548175573349
0.12078730762004852
0.13334161043167114
0.11131516098976135
0.11188535392284393
0.12064413726329803
0.1250883936882019
0.11853620409965515
0.12568099796772003
0.11999667435884476
0.11328278481960297
0.11412198841571808
0.11259213089942932
0.11388494074344635
0.12936583161354065
0.11547557264566422
0.13368844985961914
0.11829504370689392
0.11946990340948105
0.11602283269166946
0.1167779341340065
0.11942708492279053
0.11994167417287827
0.12306435406208038
0.115774966776371
0.11869126558303833
0.12450003623962402
0.10878154635429382
0.12757110595703125
0.12692753970623016
0.12324517965316772
0.11311247944831848
0.1086837574839592
0.14151601493358612
0.12003198266029358
0.11655125021934509
0.11686280369758606
0.13044480979442596
0.1151091456413269
0.1218414157629013
0.10976675152778625
0.1413351446390152
0.12860207259655
0.11543060094118118
0.11970322579145432
0.12532943487167358
0.12224501371383667
0.11121828854084015
0.12872985005378723
0.11084938049316406
0.11123211681842804
0.12277832627296448
0.1265150010585785
0.11471473425626755
0.11237594485282898
0.11288702487945557
0.11427786946296692
0.11352730542421341
0.13728931546211243
0.11407157778739929
0.11630522459745407
0.12508618831634521
0.11131324619054794
0.1137261837720871
0.1130242645740509
0.1158878281712532
0.13148647546768188
0.11834501475095749
0.11910513043403625
0.11416590213775635
0.11936048418283463
0.12557893991470337
0.12769915163516998
0.13244056701660156
0.12114040553569794
0.12260915338993073
0.1326964944601059
0.11615290492773056
0.11446788161993027
0.12100137770175934
0.11367246508598328
0.12324495613574982
0.1403629034757614
0.12387148290872574
0.11223917454481125
0.12910664081573486
0.11782819032669067
0.11678615212440491
0.11408623307943344
0.13230988383293152
0.11390369385480881
0.11469550430774689
0.11545585840940475
0.1389741748571396
0.11142617464065552
0.1161913201212883
0.12476836144924164
0.13252665102481842
0.12368140369653702
0.11704456806182861
0.11773610860109329
0.12366130948066711
0.12989547848701477
0.12769758701324463
0.11396322399377823
0.12404999136924744
0.1263687014579773
0.12453928589820862
0.12048187851905823
0.1280355006456375
0.11634743213653564
0.1182793602347374
0.11362314969301224
0.12524956464767456
0.12210589647293091
0.13591238856315613
0.11139670014381409
0.12319017201662064
0.1106988936662674
0.11676189303398132
0.12427087128162384
0.11864160001277924
0.11595428735017776
0.115957111120224
0.11062180995941162
0.12216761708259583
0.11257675290107727
0.1256575584411621
0.11896748840808868
0.12097068876028061
0.11240918934345245
0.11308279633522034
0.11350129544734955
0.12338493019342422
0.11023256182670593
0.11954790353775024
0.14546847343444824
0.1209535226225853
0.12014122307300568
0.1269589066505432
0.12276221066713333
0.12358246743679047
0.11022784560918808
0.12132946401834488
0.11558748036623001
0.1157267689704895
0.11418993771076202
0.1370149850845337
0.11291778832674026
0.1276872456073761
0.11415719240903854
0.12153879553079605
0.1194351390004158
0.1181182712316513
0.11443710327148438
0.13671235740184784
0.1128605455160141
0.1258828490972519
0.1352359652519226
0.12116370350122452
0.12725581228733063
0.11155278235673904
0.11500440537929535
0.1174192726612091
0.13124798238277435
0.11387412995100021
0.12066727131605148
0.11334303766489029
0.1187392920255661
0.11204680800437927
0.11955946683883667
0.11163226515054703
0.13529229164123535
0.11657607555389404
0.11311963200569153
0.11706279218196869
0.1218617856502533
0.11126181483268738
0.11185356974601746
0.11457505822181702
0.14604517817497253
0.1114904060959816
0.11301709711551666
0.11277204751968384
0.11366212368011475
0.1292702555656433
0.12107935547828674
0.11001318693161011
0.1180453673005104
0.11799439787864685
0.1173848882317543
0.1092611625790596
0.12702524662017822
0.11458496749401093
0.1100074052810669
0.11130506545305252
0.12290742248296738
0.1441439390182495
0.11112461984157562
0.11906801164150238
0.11970792710781097
0.11631819605827332
0.1220550686120987
0.12625908851623535
0.11999603360891342
0.11369945853948593
0.11413111537694931
0.11148226261138916
0.12860511243343353
0.11229122430086136
0.11159016191959381
0.13138554990291595
0.11891307681798935
0.11954307556152344
0.11455884575843811
0.12096968293190002
0.12357161939144135
0.11581860482692719
0.11349081993103027
0.11441080272197723
0.12245070934295654
0.11567478626966476
0.1337691843509674
0.12837353348731995
0.11983262002468109
0.1124400645494461
0.11060374230146408
0.1180461198091507
0.11640980839729309
0.12235406786203384
0.11472359299659729
0.11747800558805466
0.11804282665252686
0.13075727224349976
0.11601851135492325
0.11113761365413666
0.13660655915737152
0.12551403045654297
0.1342456042766571
0.11576008051633835
0.11062948405742645
0.11791625618934631
0.12181136012077332
0.11087224632501602
0.11566378176212311
0.12204043567180634
0.12177291512489319
0.12657007575035095
0.11126048117876053
0.12343772500753403
0.11358916014432907
0.11357469111680984
0.1108798235654831
0.11364594846963882
0.11736950278282166
0.11374258249998093
0.1210806742310524
0.1320301592350006
0.11130601912736893
0.11384998261928558
0.11234596371650696
0.13134124875068665
0.1263841986656189
0.12478230893611908
0.11358928680419922
0.1198844164609909
0.11398601531982422
0.11945442855358124
0.11270648241043091
0.13202668726444244
0.1219375729560852
0.11244520545005798
0.13751153647899628
0.11810003221035004
0.11098316311836243
0.12986475229263306
0.12361887842416763
0.10875853151082993
0.13283242285251617
0.11076119542121887
0.10896055400371552
0.11859974265098572
0.12375079095363617
0.13631856441497803
0.11905266344547272
0.12667573988437653
0.1352529227733612
0.12198328971862793
0.11684434115886688
0.11587541550397873
0.12668904662132263
0.11542508006095886
0.11332067847251892
0.12354183197021484
0.12214958667755127
0.11878421157598495
0.1173907145857811
0.12663307785987854
0.11721231043338776
0.11706464737653732
0.11502262204885483
0.12199152261018753
0.12630392611026764
0.12407369166612625
0.11352656036615372
0.11686290055513382
0.10590916872024536
0.1377374231815338
0.12264787405729294
0.1112249493598938
0.11461260914802551
0.11102074384689331
0.11458843946456909
0.12563376128673553
0.11288948357105255
0.11274044960737228
0.1181766465306282
0.1241123229265213
0.11584192514419556
0.11297748982906342
0.13398481905460358
0.12313774973154068
0.1256897747516632
0.10720818489789963
0.11723747104406357
0.12141674011945724
0.11671078205108643
0.12485554814338684
0.1317911148071289
0.11156631261110306
0.10868635773658752
0.1182444766163826
0.11630232632160187
0.11880477517843246
0.11033059656620026
0.12418819963932037
0.11376996338367462
0.1190502867102623
0.11020846664905548
0.12359169125556946
0.12710870802402496
0.11582213640213013
0.11687915772199631
0.13857710361480713
0.12558890879154205
0.11971750110387802
0.12595345079898834
0.12606337666511536
0.12412066012620926
0.1225503608584404
0.113553985953331
0.11697397381067276
0.11521200090646744
0.11383958160877228
0.12141828238964081
0.11443886160850525
0.11079150438308716
0.1174795925617218
0.12319160997867584
0.11618635803461075
0.11288351565599442
0.12675006687641144
0.13522201776504517
0.12126214057207108
0.11269065737724304
0.11194881051778793
0.12632955610752106
0.1292252391576767
0.11682963371276855
0.11507818102836609
0.12215986102819443
0.11424050480127335
0.11921624839305878
0.1257234513759613
0.1116340309381485
0.12438702583312988
0.133652463555336
0.11753872036933899
0.11060173809528351
0.12358111888170242
0.12504005432128906
0.11901501566171646
0.12251266092061996
0.11161966621875763
0.11758404225111008
0.12329665571451187
0.11803872883319855
0.12617924809455872
0.11386824399232864
0.12027290463447571
0.11908363550901413
