0.2922580653140622
0.3283870965242386
0.35956989228725433
0.3841397850023162
0.3942473133004481
0.41451612944083827
0.44005376412983865
0.4429032270225786
0.4478494628302513
0.454086022271264
0.4666129040621942
0.4664516134127494
0.4770430119768266
0.48607526887809077
0.48655913986506
0.49602150676711915
0.5029569897920855
0.513709677803901
0.5197849463551275
0.5192473117382296
0.5297849471530607
0.5154838703813092
0.5289247300355665
0.537795701815236
0.543225806807318
0.558440861682738
0.5465053774176105
0.5459139786901013
0.5604301070974719
0.5558064503054465
0.5672042989923108
0.5632795693893586
0.5722580624203528
0.5739247308623406
0.5618279545057204
0.5749462376679143
0.5823118261271908
0.5835483821649705
0.5932258091145947
0.589569893815825
0.5977956967488411
0.5956989228725433
0.5932258071918641
0.6077419341571869
0.5935483858469994
0.6048924728266655
0.6116129013319169
0.6086559132222207
0.6170967762028018
0.5993548372099476
0.6138709680207314
0.6249462358893887
0.6215591377788975
0.6123655919105776
0.6246774189414517
0.6288709705395084
0.6387634409531471
0.6266129043313765
0.636075264503879
0.6246774211045234
0.6239784943961328
0.6288172021027534
0.6408602153101275
0.6335483878370254
0.6473655904973706
0.630860214271853
0.6448924726536197
0.651290321061688
0.6482795710044522
0.655376342035109
0.6541935501079406
0.6509677450503072
0.665591397352757
0.6472580634778545
0.6633333321059903
0.6624193554443698
0.6677956984889123
0.6558602139834435
0.6610752666188825
0.6622580635932184
0.6787634415011252
0.6626344085220368
0.668333335989906
0.6681182809895084
0.6683333340671754
0.6730107528067404
0.6738709682418454
0.6725268803777233
0.6824193572805773
0.6718817199430158
0.6745161284362117
0.6680645188016276
0.6681182778650715
0.672204299319175
0.6926881699792801
0.6791935512615789
0.6911290336039758
0.6966666680189871
0.6838709663960242
0.6811290313639948
0.6903763437463392
0.6889784944153601
0.6947311835904275
0.702419352146887
0.702311829934197
0.688978492732971
0.6884946227073669
0.6960215049405252
0.6839247312276594
0.6873655929680793
0.6922043033184544
0.6971505366025432
0.7023118277711253
0.7074731189397073
0.7089247309392498
0.7065053764850863
0.7054838691988299
0.7040322538345091
0.7090860259148383
0.7126881725365116
0.7118279578224305
0.7050000006152738
0.6944623652004427
0.7098387114463314
0.7152688166787547
0.7128494646280042
0.6936559114725359
0.7127956973929559
0.7190322606794296
0.7148387119654687
0.7231182778073896
0.7182258083935706
0.7203225805874793
0.7209677441466239
0.7164516126917254
0.720806451093766
0.728010751547352
0.7209139781132821
0.721397851984347
0.7167204286782972
0.7229032276138183
0.7286559136644486
0.7117741905873821
0.718870967145889
0.7312903192735487
0.7274193533005253
0.7218279574186571
0.7164516122110428
0.7210215056134809
0.7256989255547523
0.7421505388713652
0.7386559132606753
0.7460752706373891
0.7217204301587997
0.7336021507939985
0.7391397813635487
0.729946235495229
0.7337634419241259
0.7315591391055815
0.7416129035334433
0.7304838703524682
0.7422580661312226
0.7327419327151391
0.7421505369486348
0.7441397828440512
0.7305913985736908
0.7400537647547261
0.747956988311583
0.7470967731168193
0.737043010611688
0.7354301070013354
0.752204300895814
0.7410215057672993
0.7475806465072017
0.7465053753506753
0.736989246741418
0.744462366546354
0.7418279556497451
0.7501075267791748
0.7451612877268945
0.743333333442288
0.7501612887267144
0.7432258061824306
0.7458602141949439
0.7561827974934732
0.7552688179477569
0.756344085739505
0.748978492233061
0.7432258052210654
0.7521505389482744
0.7540322604679293
0.7482795686491074
0.7526881718827833
0.7605376349341485
0.7381720413123408
0.7516129031296699
0.7670967723092725
0.7530107517396251
0.7545698943638033
0.7658064514398575
0.7711827961667892
0.7615591378942612
0.7681182776727984
0.7520967760393696
0.7477957005462339
0.7673655926219879
0.7562365555955518
0.7598924718556865
0.7693548380367218
0.7729569870618082
0.7629569884269468
0.7537634391938487
0.7639784933097901
0.7581720433888897
0.7529569883500377
0.7645698920372994
0.7550537617456529
0.7717741929715679
0.7610215035177046
0.7674731155557017
0.7667741938944785
0.7569354830249664
0.7671505376215904
0.7672042986077647
0.7691397839976896
0.7691935483486422
0.7659677401665719
0.7658064504784923
0.7773118317127228
0.7665591388940811
0.7612903214270069
0.7682795692836085
0.7744086033874943
0.7667204271401128
0.7744623677384469
0.762849461647772
0.7747311842057013
0.7737096769194449
0.7686559130107203
0.767741933465004
0.7774731209201198
0.7763440858933234
0.7671505356988599
0.7703763424388824
0.7733333327116505
0.7652150541543961
0.7663978477639537
0.7758064495940362
0.7710752684262491
0.7787096745544865
0.7770430065931813
0.7758064491133536
0.7729569899459039
0.7776881715943736
0.7745161263212081
0.7806451585023634
0.7766129018798951
0.7701075278943584
0.7848387105811027
0.7795161287630757
0.7801075265292199
0.7818279564380646
0.7751075274521305
0.7900537612938112
0.7875806444114254
0.7751075284134957
0.7678494607248614
0.782204300645859
0.7904838698525583
0.7852688148137061
0.7733333288661896
0.7887634375403004
0.7891935456183649
0.7648387061011407
0.7883333328270143
0.7863440850088673
0.7772043025301348
0.7852688157750715
0.783440857645004
0.7825806462957013
0.7904838703332409
0.7876344082816955
0.7786559121262643
0.7859139807762638
0.7744623653350338
0.775537635530195
0.7922042997614029
0.7870967748665041
0.7899462383600974
0.7951075290479968
0.7866129033988521
0.7922580636316731
0.7890322568916506
0.79435483919036
0.7913440840859567
0.7990322584106077
0.7943548382289948
0.7902688177362565
0.7916129015145763
0.7958064550353635
0.7942473109691374
0.7919354861782443
0.7984408587217331
0.7826344092046061
0.8075806440845612
0.7924193576458962
0.7907526887232258
0.8005376309156418
0.7947849472684245
0.7914516108651315
0.8047849463839685
0.7943548396710427
0.794354836786947
0.788548386385364
0.7920430115153713
0.7921505358911329
0.798333334826654
0.7979569886961291
0.794784945345694
0.7959139794111252
0.7952688187360764
0.7897311828790172
0.7969354833326032
0.7934946225535485
0.80370967666949
0.8006451610595949
0.7952688196974416
0.7998924707212756
0.8030107521241711
0.7949462369565041
0.7999999999038635
0.7988709701645759
0.7971505373716354
0.8020430106309152
0.7959139789304426
0.7881720421775695
0.7988172019681623
0.8036021518130456
0.8043010773197297
0.802419351954614
0.8079032249027683
0.809247312526549
0.8048924717210955
0.7998924731246887
0.8015053776964065
0.8082795705526106
0.7991935476180045
0.8070430111500525
0.8033333324616955
0.7992473124496399
0.8129032244605403
0.8054838728520178
0.8039784940981096
0.7996774181242912
0.8034946216690925
0.8025806430847414
0.8029032253449963
0.8124731216699846
0.8104838709677419
0.8031182808260764
0.8095161304358514
0.8020430106309152
0.7949462355144562
0.8064516133839085
0.8122043018379519
0.8143548369407654
0.8101075296440432
0.8138172011221608
0.8104301070974719
0.8041397847475544
0.8155376315116882
0.8012903241380569
0.8045161299167141
0.8090322589681994
0.7967741912411105
0.8102688183707576
0.8146236548500676
0.8127419338110955
0.8057526893192722
0.8074731173053864
0.814946235187592
0.8145161271095276
0.8191397858242835
0.8059139814107649
0.8059139790073517
0.8174731178629783
0.8205376349149212
0.8123118305398572
0.8227419362914178
0.8087634410588972
0.8151612906686722
0.8096774201239308
0.8111290321234734
0.8118279542653791
0.8194623661618079
0.8073118271366242
0.8066129045140359
0.8222580657851312
0.809838710292693
0.8303225814334808
0.8141397853051463
0.8181720448117102
0.8181720452923928
0.8128494620323181
0.8202150531353489
0.8095698923833908
0.8131720399664294
0.8182258043558367
0.8193548355371721
0.8104301090202024
0.8136021485251765
0.8125806446036985
0.8187634406551239
0.8249999996154539
0.8210752707335257
0.8091935481755964
0.8158602176174041
0.8150537638894974
0.8214516120572244
0.822365591122258
0.823172043408117
0.8258064514206301
0.818118279980075
0.8212903199657318
0.8169354839671042
0.8234946213422283
0.8205376353956038
0.8147311825906077
0.8203763423427459
0.8267741924332034
0.821666669461035
0.8298387094851463
0.8241397858627381
0.8266129027451238
0.8201075263561741
0.8233870960051014
0.8159677419931658
0.8216129046293997
0.8259139806032181
0.8286021505632708
0.8328494626668191
0.8188709688763465
0.8189247317852513
0.8268817196930608
0.820107523952761
0.8205914007079217
0.830161290784036
0.827849460705634
0.8225806446806077
0.8307526899922278
0.823118279537847
0.8322580629779447
0.8269354840440135
0.8221505385252738
0.8309677435505775
0.8240860210311028
0.8309139806416727
0.8303225809527982
0.8239247308623406
0.8259139796418529
0.8250537644470891
0.831290322446054
0.8272580658235857
0.8331182772113431
0.8376881730171942
0.8276344061859192
0.8271505356796326
0.8276881714982371
0.8277419339264592
0.8366666676536683
0.8207526875119056
0.8266129041871717
0.8346774188741561
0.8203763437847937
0.8312903229267367
0.8220430069392727
0.8270967761355061
0.8368817216927006
0.8332258087973441
0.8240860210311028
0.8217204299665266
0.8327419373296923
0.8313978463411331
0.8325268837713427
0.8266666694994895
0.8321505390828655
0.8339784952902025
0.824032258122198
0.828279568303016
0.8313440877583719
0.8281720434465716
0.8346236574072992
0.8279569908495872
0.8273118272904427
0.8303763453037508
0.8389784953286571
0.8361290323157464
0.8324193545887547
0.827849462147682
0.830591399342783
