6.445046509465864
2.1560218084243035
1.9726408729630132
1.8993435684711701
1.8578015181326097
1.7860429613820967
1.7404618609336115
1.7241587850355333
1.6946457710958296
1.6850485522900858
1.6561597883701324
1.6504140563549534
1.6247404265788294
1.6031832618098105
1.5813835599730093
1.5556629790413765
1.550270792938048
1.520199063324159
1.5059000532473288
1.4977999752567661
1.483799522922885
1.4916344900285043
1.4632295360488277
1.455355090479697
1.441786342090176
1.4076549526183837
1.414391432077654
1.4289453486281056
1.3871943614175242
1.3960044701253214
1.378038538079108
1.373201343321031
1.3501257396513415
1.3481874042941677
1.369668016510625
1.3457660151104773
1.318348577426326
1.319704546563087
1.2989421116728936
1.300533541267918
1.284322016662167
1.2885486911381445
1.2940592362034706
1.2673976075264715
1.2837623252022652
1.2520099599515238
1.2427099760501616
1.2465258120529112
1.2424093138787053
1.2703762655296633
1.243535072092087
1.2156627014760049
1.2254223794706407
1.2347742410436753
1.2118150322668013
1.2041329895296404
1.1770747092462355
1.2075808437601212
1.1811944116507807
1.2114693661851268
1.2192289521617274
1.1982694465306498
1.1724101516508287
1.1792677520744261
1.1500789412567693
1.1905255279233378
1.1608456863510994
1.1454464514409342
1.1462939025894288
1.1396555602550507
1.1284424350146325
1.1276832929541987
1.1021714258578517
1.1514418947119867
1.116263064165269
1.1095025395193407
1.1008081892805714
1.127566560141502
1.1292513810819196
1.1168044247934896
1.0765265202330006
1.1109390148232061
1.0838770472234296
1.0784690971336057
1.083748371370377
1.077732321716124
1.0730680246506967
1.0874204068414626
1.0700203983053085
1.0866370777929983
1.0545034293205506
1.0803261235837014
1.0844757821290725
1.0740352888261118
1.026910666496523
1.05455359960756
1.0223319318986708
1.0193492967274882
1.0453210968163706
1.044055472939245
1.0317464802534349
1.031307497332173
1.0180857643004386
1.009503390039167
1.0040282121589106
1.032183645713714
1.0344995995683055
1.0205499227008512
1.0509235892565019
1.0341940666398695
1.0240590235879343
1.0156178330221484
0.99829508989088
0.9834534742178456
0.9716198713548722
0.986696750406296
1.0012487240376011
0.9906129289057947
0.978924019682792
0.9746821623656058
0.982415065650017
0.9912350860334211
1.0216520769942192
0.9778903761217671
0.9554820257809854
0.9664336308356254
1.0210370171454646
0.9713882154995396
0.953933397127736
0.9690348847258475
0.9410098180655511
0.9603083431720734
0.9451821609850852
0.9519672057320995
0.9573256527223895
0.9412106395729126
0.9354237644903122
0.95186307882109
0.9512137823527859
0.9568729650589728
0.9406982376690833
0.9351089938033011
0.953441551616115
0.9570549019882756
0.9191675984090374
0.9352617672374172
0.9488240187206576
0.9424506132641146
0.9422916250844156
0.9256779513051433
0.8899661586169274
0.9050677610981849
0.8876318580681278
0.9508735998984306
0.909839337391238
0.8937239983389454
0.9219054723939588
0.9130351216562332
0.9174160130562321
0.8953428297273575
0.9177550577348278
0.8860025470775943
0.9186444104679169
0.8921770876453768
0.8751278889756049
0.9247361998404225
0.8890241187426352
0.873089050333346
0.8855671007787028
0.901099659262165
0.9067796295688998
0.8684489260758123
0.8939111771122101
0.8762714915698574
0.8785259685208721
0.9061159712653006
0.879284530878067
0.8792355397055226
0.8577809670279103
0.8750323210993121
0.884298681732147
0.8748999540844271
0.8928467102589146
0.8699116783757364
0.862783805497231
0.8543515484179219
0.8434343145739648
0.8660899669893326
0.8857320758604235
0.8531807608181431
0.8604267263604749
0.873372679275851
0.8640464140522864
0.8417830760440519
0.8946406033731276
0.8598362673674861
0.832133793542462
0.8596154021159295
0.8531662211302788
0.8195165044838383
0.8062714612291705
0.8353746862661454
0.832595873744257
0.8563413475790331
0.8803020061985138
0.8173904394911181
0.8558886354008028
0.8437224179506302
0.8137597215752448
0.8204198979562328
0.8334802845793385
0.8542622236474868
0.8384674869237407
0.8552097000422016
0.8601658200064013
0.8368356751818811
0.8439931331142303
0.8134657000341723
0.8313432854990805
0.8121318192251267
0.821948568667135
0.840259779364832
0.8214331798015102
0.824653672595178
0.8112690371851767
0.8161116103010793
0.8222055906249631
0.8297458291053772
0.7968518808484077
0.8215806347227865
0.8327428386096032
0.8204065364214682
0.8010382858976242
0.8188145218356964
0.7973770321376862
0.8189789020726758
0.789583886342664
0.805033169446453
0.8123658424423587
0.826106357959009
0.7971208732455007
0.806562157648225
0.8259666235216202
0.8051316007491081
0.8014278068177162
0.8215279276332548
0.8215618484443233
0.8048662290938439
0.8179980872138854
0.7878438412181793
0.7894354664510296
0.8020509712157711
0.8044100067307872
0.8018627738760363
0.8068822415605668
0.7870192037474725
0.7948199546625537
0.8027163655046494
0.78536607132804
0.7879837032768034
0.7793382420655219
0.7822368712194504
0.8023405014987914
0.7674928586329183
0.7741382621949718
0.7989596315929967
0.8148918872879397
0.7834848905763319
0.7689410106789681
0.7648560765289492
0.7967533397097741
0.7656349683961561
0.7716118739016594
0.8286964578493949
0.7614223231231013
0.7785691928959662
0.7812068577735655
0.7784456084332159
0.7875588485790838
0.7814583831256435
0.7589866004643901
0.7740933476917206
0.784952155044002
0.7671923334560087
0.7938323881356947
0.7906521587602554
0.763120443830567
0.7638988828947467
0.7592819635906527
0.7483839801242275
0.7585591310935635
0.76027362240899
0.7696863597919864
0.7571091005398382
0.7524544236160093
0.7409974826920417
0.7499842261595111
0.7606448617673689
0.7539932201466253
0.743919819112747
0.753477084780893
0.7569061803721613
0.7435260597736605
0.7746758424947339
0.7183487744581315
0.7496571963833224
0.7569643362395225
0.7448174595352142
0.7528584842239657
0.750243880575703
0.7320283278822899
0.753994497801027
0.7497084376312071
0.7647416572416982
0.7476317433099593
0.7605415070729871
0.7455715058792022
0.7412976882150096
0.7387543041859904
0.7389047924549349
0.7504374408914197
0.7505240079856688
0.7450733403525045
0.7534410004173556
0.7239577647659087
0.7369963192651349
0.7381447644964341
0.7361786240531553
0.7278385758399963
0.7450979625986468
0.7374008648818539
0.7367165131915
0.7422581175642629
0.7225523225722774
0.743102039060285
0.7680474731229967
0.7409031194063925
0.7234057945109182
0.7225754333119239
0.7343992333739034
0.7106356351606308
0.7094342934508477
0.7184775051090025
0.7282538606274512
0.7322186541653448
0.7059819441168539
0.7328790443078164
0.729522114319186
0.7178118308224986
0.7385536021282596
0.7071009201388205
0.718654666456484
0.7190894323491281
0.7429252956663409
0.7266779974583657
0.7325003449955294
0.7295706106289741
0.7092649383891013
0.7156325540234966
0.7222371747897517
0.7067122553144732
0.7320774889761402
0.7462421218233724
0.7062699729877133
0.7070625770476556
0.6976223321210954
0.704152716984672
0.7018519757736114
0.7118444817681466
0.7270405677057081
0.696272223466827
0.7324769321468568
0.7217939176386402
0.7093876571424546
0.7322318760618087
0.7115817493008029
0.6951902847616903
0.7111410472181535
0.7236870539284521
0.7178204215822681
0.7028405440430487
0.696899386903932
0.6899014865198443
0.7143237809500387
0.7089635609619079
0.6983643784638374
0.6915161573598462
0.6973570441046069
0.6788654627819215
0.712096452953354
0.700509590246985
0.7076291684662143
0.7032085354289701
0.7084090255441204
0.6888408687326216
0.7183527672483075
0.719591416899235
0.6857025736281949
0.7073724656816451
0.6599627360701561
0.6909133674156281
0.6903233754058038
0.6841681455412219
0.7002661177708257
0.6924483980382642
0.7110303289467289
0.6961303807554706
0.6910842532111753
0.6875423738552678
0.705779689213922
0.70663235312508
0.7035194380629447
0.680228368168877
0.6817833709139978
0.6792121008038521
0.7111956493989113
0.6907449991952989
0.7007091516448606
0.6914920244486101
0.6758668405875083
0.6777897763156122
0.6763146904207045
0.6917507047614744
0.679871158974786
0.6883461617173687
0.685808113986446
0.6867154161295583
0.6844067025569177
0.6888193846229584
0.6733148230179664
0.680472143955769
0.660830354017596
0.6733898054207524
0.6664950097760847
0.6823387109944897
0.672429991585593
0.6973585810872817
0.6775683686137199
0.6669108913310112
0.658816453910643
0.6568051182454632
0.6816645206943635
0.6842418067878292
0.6735701169217786
0.6912756999654155
0.6798996819603828
0.669016408343469
0.6640172204182994
0.6766813611311298
0.660709214546988
0.6722524437692857
0.6600131899599107
0.6730061853604932
0.678143867922406
0.6621674623700881
0.6684464968500599
0.6655326610611331
0.6542228868892116
0.6733781430990465
0.6661958011888689
0.6646433749025867
0.6572459234345344
0.6694476102148333
0.6581924564896091
0.6522884775073298
0.6650611614027331
0.6640016530309955
0.6532037822950271
0.6714728945685972
0.6490832584038857
0.6761538331066409
0.666891319376807
0.651221488993014
0.6888930011660822
0.6623720822315062
0.6734590441469224
0.6564912320144715
0.6424493075859162
0.6543508563791552
0.6749915266709943
0.6834216824462337
0.6589597112709477
0.6516055834870185
0.6547358915690453
0.659028340251215
0.6537265655013823
0.6499700450128124
0.6781993638123235
0.65657087824037
0.6600110259267592
0.6555196984160331
0.6439610388009779
0.6587675406086829
0.6612838439403042
0.6622286085640231
0.6348289498879064
0.6495552618176706
0.6527245847448226
0.6559302352609173
0.6510079084865509
