0.4088888911887853
0.4708417509541367
0.5077441075835565
0.49037037097444436
0.5181144786001456
0.555286194338943
0.5334680182765229
0.5706397304029176
0.5688888903218087
0.5628282834183086
0.6026936028942917
0.5793939407425698
0.5787205392062061
0.6133333354285269
0.6358249163386798
0.6055218854335823
0.6202020199611934
0.6218181836484659
0.6443097633544845
0.6289562321070469
0.6561616183531405
0.6378451179374348
0.6471380495061778
0.641212120501682
0.6459259276438241
0.651582496334808
0.6463299658563402
0.6766329964604041
0.6558922583406622
0.6795959599090345
0.6954882172020999
0.7008754243754377
0.6614141407037022
0.6707070707672774
0.659932660334038
0.6731313105785486
0.7086868689517782
0.6983164994403569
0.6913131333962835
0.6829629618712146
0.7062626255281044
0.6930639734773925
0.6876767690133567
0.6894276099975662
0.7103030305318158
0.7051851908967952
0.6999326616224616
0.7019528626191496
0.7228282849596004
0.7299663328161143
0.7068013479613294
0.7043771039355885
0.7127272772668588
0.7112457953920268
0.7000673416287008
0.7252525253729387
0.7055892288082778
0.7164983162374208
0.717979799316387
0.7373737397820058
0.7342760930157671
0.7245791247396758
0.7428956224460794
0.7387205398443973
0.7420875418065774
0.7131313130711064
0.7478787892996662
0.7428956236502137
0.7054545485010051
0.6800000020349869
0.7263299630145834
0.7241750877312939
0.7446464652364905
0.7519191943033777
0.7434343454813717
0.7270033657550812
0.7337373760011461
0.7604040413191824
0.7674074088684236
0.7476094301902887
0.7419528660148081
0.7644444469249609
0.7551515156572516
0.7617508458970773
0.7709090944492456
0.7648484839333428
0.7655218875769413
0.7617508416826074
0.7628282850438898
0.7469360301590929
0.7683501695141648
0.7628282850438898
0.7524579131242001
0.7652525281665301
0.7791245796463706
0.7640404057021093
0.7715824950825084
0.7656565642718113
0.7698316504858961
0.7884175079037444
0.7842424253020623
0.7796633044878641
0.7738720542854733
0.7784511772069064
0.7696969692755227
0.7753535358592717
0.7757575794903919
0.7928619571406432
0.7761616152946396
0.7806060600160348
0.7853198647499084
0.7789899002421986
0.7977104391714539
0.7939393917719523
0.7931313135407188
0.7870707060351516
0.8002693629024005
0.7795286226754237
0.8001346847023627
0.792861955936509
0.7861279438842427
0.7789899026504671
0.7874747466559362
0.7944781160113787
0.8067340053091145
0.8016161641689262
0.7837037046750387
0.7960942766883157
0.8026936054229736
0.7948821530197606
0.8010774441439696
0.8063299673976321
0.7900336739992855
0.8025589224063989
0.8113131282305477
0.7958249154717031
0.8017508435730982
0.817777779367235
0.8127946137177824
0.7979797973777308
0.8060606073851537
0.7956902378737324
0.8071380468329998
0.8010774417357012
0.7942087529885649
0.8028282824188772
0.810370370595142
0.8227609426084191
0.7981144791901714
0.8036363636604463
0.8107744124200609
0.8177777766579329
0.8191245818378949
0.8189899012295887
0.802693602412638
0.8164309793048434
0.8185858612108712
0.8032323248458632
0.8228956238187924
0.8179124575672727
0.8219528649792527
0.8121212136865866
0.8220875419751562
0.8106397318117546
0.819528620050411
0.8199326630794641
0.823973065674907
0.8167003387152546
0.8223568995793661
0.825589226351844
0.8265319845893166
0.8292255937451064
0.8137373749655906
0.8172390584391777
0.8342087557821563
0.8138720537676956
0.8181818205900867
0.8164309756924407
0.8200673415805354
0.8259932687788298
0.8171043811422406
0.828821553726389
0.820202021285741
0.824781146314409
0.8374410783401643
0.8215488201439983
0.8308417538199762
0.8366330001089308
0.8363636370861169
0.8451178429102657
0.8289562337326281
0.824242423881184
0.8385185177880105
0.8395959614503263
0.849158252128447
0.8437710440520084
0.8317845120574489
0.8418855251687946
0.820471379492018
0.8395959614503263
0.8335353545468263
0.8352861964341366
0.83138047023253
0.8303030313867511
0.8433670052374252
0.8356902382590554
0.8393265990295795
0.8282828294869625
0.8460606083725438
0.8408080821085457
0.8482154890744373
0.8373063989359923
0.8495622915450973
0.8281481518889918
0.8488888897077002
0.8401346814752829
0.8324579157010473
0.8518518534573641
0.8455218841331174
0.8459259277642376
0.8558922584610756
0.8498316521596427
0.8327272751114585
0.8600673440730933
0.8432323240270518
0.847138048422457
0.8565656627067412
0.8437710464602769
0.8317845132615831
0.8433670022270896
0.8492929339408875
0.8451178441143999
0.8562962972756588
0.8522558934760817
0.8418855209543248
0.8444444452873384
0.855757576648635
0.8567003378964434
0.8507744103971154
0.8502356927804272
0.8422895639833777
0.8437710482664783
0.8533333365363304
0.8503703709804651
0.8575084191380125
0.8542760953758702
0.8412121221272633
0.8526599316885977
0.8468686890120458
0.8402693620835892
