1.9629672332243486
1.373806088861793
1.275657012607112
1.2886438291482252
1.2469174518729702
1.1685366696781583
1.206494861780995
1.1295363505681355
1.1387041373686357
1.1336134214593907
1.0702800299182083
1.1109983011929676
1.0974234601463935
1.04210915047713
0.9928917562720752
1.0697211280013577
1.0189203860783818
1.016241389693636
0.9726259253843866
0.9959262477027045
0.9296826401142159
0.9630773519024705
0.9534143110116323
0.9651692979263536
0.9520508878760867
0.9250383985162985
0.942666536027735
0.8955923243604526
0.9422879158848464
0.8824801162035778
0.8427266987285229
0.824547921467309
0.8930432706168203
0.893240919317862
0.9244870477252536
0.9034034615815288
0.8100939983069294
0.8336569784265576
0.8450566265318129
0.8426991830570529
0.8241785295081862
0.8418068094084962
0.8396477642083409
0.8425495230188274
0.8052590337365565
0.8085199085750965
0.8145958352269549
0.8053639203008979
0.7675948052695303
0.764878015325527
0.8039835712524376
0.8049010932445526
0.7941117500415956
0.7876726238414494
0.8064884257437003
0.7549430550348879
0.7945323986838563
0.7792824732534813
0.7654939534688237
0.7528625967526676
0.7510488590206763
0.7480974004726217
0.7147477765878042
0.7280726402696936
0.7265938068881179
0.7809135820528473
0.7027820899631038
0.7184590802650259
0.8526309099462297
0.8661619370633905
0.760437429252297
0.7578658317074631
0.7039927500064926
0.6905766559971703
0.7197855825376029
0.7433323429690467
0.7093956009908156
0.6683999959266547
0.6539156357146273
0.7074681905784992
0.7193988939427366
0.6546936136002492
0.6825264797668265
0.6554812834118352
0.6346725026766459
0.6564600145575976
0.6491483847300211
0.666047632242694
0.6525530059530278
0.6869408844998388
0.6497542340346057
0.6580450759090558
0.6783785103547453
0.6572293838617778
0.6304398221198959
0.6461413338629887
0.6422716758467935
0.6623121054485591
0.650638526738292
0.5970613417601345
0.6109946225628708
0.6179322124731661
0.6261861032307751
0.6195676636816275
0.632563797361923
0.6191769086501815
0.6228977836141683
0.5829497687142304
0.6328003776795936
0.5948004572078435
0.6093966984989667
0.615132002818464
0.5729698514697528
0.5806136953108239
0.5823294502316099
0.6037571911859994
0.5635375433196925
0.6039211710896155
0.5746742009815543
0.5892568497043668
0.5936980208363196
0.6116442149034654
0.6048928222270927
0.5673386520809598
0.5515772376698677
0.5491266014299008
0.6011244671212302
0.5717614833453689
0.5599334739675426
0.5714656534520063
0.5635209158815518
0.5435767051848498
0.5902912649843428
0.5504642961302189
0.5328464841451308
0.5779831307102935
0.550006010315635
0.5278422767766798
0.5300757586956024
0.5601601541945429
0.5525281564755873
0.5737531588535116
0.5396351516999379
0.5560863197150857
0.5878714776099331
0.5624434209682725
0.5340025044149823
0.5028084063469761
0.574179966642399
0.5486143407496539
0.5265808316192242
0.5343834068438019
0.513191729031428
0.5285131169690026
0.5582530322400007
0.5178022061032478
0.5153198872100223
0.5423267358782315
0.5098032984468672
0.5143428666122032
0.5029182507835254
0.5305589658744407
0.5078876817768271
0.5432715017837707
0.5169726341511264
0.5065358040308712
0.5050007858962724
0.5095973654527857
0.5039258076988086
0.5086114621824689
0.5018549718790584
0.49337013321693496
0.5166781997740871
0.5104593201117082
0.4770817016110276
0.5328068743751506
0.5057207598078131
0.5222235973736252
0.5057347925624462
0.49591039903838224
0.5099860556197889
0.48611339189187447
0.5130597544137878
0.49566850005978286
0.4701145292833598
0.50341159007465
0.4779581872351242
0.4742109790594891
0.45337334869786944
0.4475005721353521
0.48041001052567456
0.5041918003498905
0.4597792462869124
0.4722085873586963
0.4313709826933013
0.45046899783791916
0.48594104340582184
0.44712084847869293
0.5106934941928796
0.46070998718943257
0.47089378565850887
0.4715686882987167
0.4763186853943449
0.4820665858610712
0.458797751653074
0.4708616973625289
0.46617248172711845
0.4801170618245096
0.43644373991874735
0.4496796906295449
0.43805648446685136
0.46644425076065643
0.438206601624537
0.4812691082256009
0.4358503324816925
0.4600289799649306
0.47625030893268006
0.4258056382338206
0.4498522429153173
0.43113359214380537
0.42699069680288587
0.4363972899137121
0.4676489860120446
0.40868220741700645
0.4443655948747288
0.4344912888576286
0.4320571245719688
0.43831491364975167
0.46921006582602104
0.45013391219004234
0.4445298989914884
0.4381329279505845
0.42187705967161393
0.43168024635977215
0.43940297168011616
0.44009130290060333
0.41957773870289927
0.4123612369100253
0.42123677423506073
0.43153187158432876
0.436822455639791
0.4532960982936801
0.42593466949583303
0.4270742467858575
0.41362386753763813
0.41462689164009964
0.446833579076661
0.4176443955211928
0.4346917817237401
0.45823855457281826
