0.3920538738520459
0.426666669773333
0.4393265996918534
0.44121212369263774
0.4956228957332746
0.4713804723337443
0.4891582504667417
0.5066666717481132
0.5108417514899765
0.5134006729631713
0.5202693605061733
0.5410101031414186
0.5661952868856565
0.5508417532299504
0.5511111114362274
0.5878787901666429
0.586397306184576
0.6004040409820248
0.5835690257525203
0.6115824914339817
0.616026936155377
0.5966329990011273
0.6146801363940191
0.6259932674542822
0.6171043774094245
0.6158922609656748
0.6379797970405733
0.6270707096114303
0.6294949512289028
0.6350168360002113
0.6316498316297627
0.6550841758949588
0.6335353556305471
0.6533333319004135
0.6444444448658915
0.6716498305099179
0.6616834995120463
0.6762289597530557
0.6731313135888841
0.6639730659398165
0.6673400679019966
0.659663299418459
0.6781144774321354
0.6773063973947004
0.6688215494757951
0.6876767660030211
0.6961616211467319
0.6976431000112283
0.6962962966374676
0.694410773539784
0.6940067320158987
0.6909090945817004
0.695084180193718
0.689158249985088
0.7077441086070706
0.7007407434660979
0.6917171725119003
0.7037037027002585
0.7101683526328115
0.7077441077039699
0.7186531996486163
0.7111111099671836
0.7028956214586893
0.7163636386394501
0.719461279083984
0.7146127961500727
0.7243097611147948
0.7152861976864362
0.7376430979882828
0.7344107760323418
0.7395286222901007
0.7403367008223678
0.732255893524247
0.731986529899366
0.734006734207423
0.7459932655999155
0.7482828302214845
0.7478787865903642
0.7400673411109231
0.7455892267853322
0.7636363644792576
0.729427609178755
0.7484175087225557
0.7451851855624806
0.7583838391183603
0.711245793886859
0.7463973098331027
0.7457239064905379
0.7482828281142495
0.7426262636377354
0.7478787911058676
0.7538047140896923
0.7364309779321304
0.7665993273258209
0.7423569042273243
0.7509764318514351
0.751919193400277
0.7489562287475123
0.762289563814799
0.757441080579854
0.7574410781715856
0.7614814825732299
0.7604040401150481
0.7385858598381582
0.758518519425633
0.7503030300140381
0.7695622910754849
0.7617508413815739
0.7721212108929952
0.7703703702098191
0.7738720545865069
0.7695622901723842
0.7816835021731829
0.7863973078101573
0.7598653188859573
0.7753535343541039
0.7706397308243645
0.7710437750575518
0.7745454540156355
0.7772390601610897
0.7630976456584353
0.7775084195715009
0.7745454549187362
0.787340066649697
0.7808754203295467
0.7781818177964952
0.7888215497286633
0.7846464677290483
0.7904377128138687
0.7847811453270189
0.78734006604763
0.7793939387557483
0.7781818159902939
0.795286197855015
0.7793939408629832
0.7999999986754524
0.7886868709265583
0.8078114480683298
0.7919191934845664
0.7775084165611652
0.8048484849207329
0.7967676767195114
0.802424244206361
0.7974410767507072
0.8068686856163872
0.8091582523451911
0.7994612810587642
0.7913804710513413
0.8017508435730982
0.7915151528637818
0.7935353565697718
0.7997306416733097
0.8096969705639463
0.8047138097310307
0.8095622917618415
0.8193939412483061
0.8270707094308102
0.8164309793048434
0.7967676761174443
0.8004040417045054
0.8020202041876436
0.804579127316523
0.8140067343760018
0.8057912467706083
0.8141414161884424
0.8083501680932864
0.8266666688100256
0.811043771228405
0.8255892281580453
0.8032323275551652
0.8074074098558137
0.8057912461685411
0.8187205400129761
0.8144107768029878
0.8246464663081698
0.830572389593028
0.8278787876620437
0.8243771068977587
0.8161616162820295
0.8286868719139484
0.8347474782153813
0.8269360276183697
0.8257239063580831
0.8369023589172748
0.8122558942948929
0.8188552212233495
0.8286868676994786
0.8255892257497768
0.8281481500827905
0.8206060622075592
0.8232996632354428
0.8308417544220433
0.8114478148595251
0.8195286188462768
0.816296297492403
0.838518520798346
0.8172390569340099
0.8347474782153813
0.8211447843397507
0.8416161633501149
0.8507744146115852
0.8195286194483439
0.8360942818901755
0.8356902382590554
0.8324579126907118
0.8311111138324545
0.8259932645643601
0.8246464645019685
0.8402693590732536
0.826262628189241
0.8315151538511719
0.8460606059642753
0.8320538738761285
0.8414814809356073
0.8385185201962789
0.8401346814752829
0.8402693632877234
0.6826936066752732
0.7602693628181111
0.8070033644184922
0.8121212130845196
0.8200673430857032
0.8309764314179469
0.824107744477012
0.8328619551176977
0.8257239075622174
0.8465993289995675
0.8464646477891942
0.8393265984275124
0.8465993302037017
0.8339393969738123
0.847946129061959
0.8526599346989333
0.8546801347925206
0.8374410795442986
0.8521212140719095
0.8468686866037773
0.8482154902785716
0.8399999984587082
0.8506397321970776
0.8518518534573641
0.8507744128053839
0.8502356933824944
0.8449831665164292
0.8474074096390696
0.848754209701461
0.853872056561287
0.8540067371695933
0.8686868686868687
0.8666666685932815
