1.0928680896759033
1.1070984601974487
0.6387330889701843
0.9469001293182373
0.7153182029724121
0.6326162815093994
0.9040374159812927
0.6648350954055786
0.4117873013019562
0.3700218200683594
0.7109096646308899
0.3428706228733063
0.6383932828903198
0.28656136989593506
0.3103078007698059
0.5499103665351868
0.5535445213317871
0.6412177085876465
0.28952986001968384
0.6060583591461182
0.20246392488479614
0.3734756410121918
0.25580689311027527
0.4107077419757843
0.19521480798721313
0.2926863133907318
0.2501857280731201
0.4306858777999878
0.22731152176856995
0.5294385552406311
0.3608405590057373
0.39697179198265076
0.22316336631774902
0.3816777467727661
0.25955450534820557
0.3036113679409027
0.2603188157081604
0.19732055068016052
0.3998444974422455
0.2423684000968933
0.28370919823646545
0.398110955953598
0.2854333817958832
0.15483728051185608
0.2652043402194977
0.16258755326271057
0.19756439328193665
0.42839065194129944
0.22834351658821106
0.2418891191482544
0.2937774658203125
0.13888362050056458
0.13945868611335754
0.17300675809383392
0.368926078081131
0.26875579357147217
0.25744810700416565
0.16491638123989105
0.3375920057296753
0.10607679188251495
0.2733672261238098
0.17312191426753998
0.20763573050498962
0.23442372679710388
0.2246977537870407
0.4075641930103302
0.17418810725212097
0.151442289352417
0.3441998362541199
0.20337504148483276
0.13197560608386993
0.3674967586994171
0.24341344833374023
0.20492839813232422
0.22440463304519653
0.09820397198200226
0.26098379492759705
0.16511359810829163
0.133774995803833
0.2021052986383438
0.2556459903717041
0.18663537502288818
0.38181209564208984
0.18093782663345337
0.17616888880729675
0.1361575722694397
0.2914873957633972
0.12078133970499039
0.23220771551132202
0.16856317222118378
0.10780976712703705
0.15083354711532593
0.1704479455947876
0.12060002982616425
0.1597314327955246
0.27098435163497925
0.11816254258155823
0.10105714201927185
0.22002136707305908
0.177106112241745
0.15407587587833405
0.16939818859100342
0.1916387379169464
0.1693493127822876
0.1661207377910614
0.45366543531417847
0.11577263474464417
0.14589865505695343
0.22472605109214783
0.1808786690235138
0.11145054548978806
0.15080082416534424
0.12207386642694473
0.23531889915466309
0.12546004354953766
0.1705537736415863
0.2446204423904419
0.15185964107513428
0.22449257969856262
0.2015036642551422
0.11263853311538696
0.09502190351486206
0.2083802968263626
0.1647745668888092
0.1628788560628891
0.1537207067012787
0.342327743768692
0.26199325919151306
0.1126205176115036
0.1050860732793808
0.1088876873254776
0.15299856662750244
0.1029505804181099
0.18120077252388
0.22423724830150604
0.2461157739162445
0.11896439641714096
0.1875889003276825
0.15322956442832947
0.10411734133958817
0.11171413213014603
0.21438896656036377
0.3079112470149994
0.2269614189863205
0.11237075924873352
0.22144301235675812
0.23236528038978577
0.26701441407203674
0.2211683988571167
0.16736862063407898
0.10927795618772507
0.12079913914203644
0.46036186814308167
0.094943106174469
0.09612022340297699
0.1607200801372528
0.1303444504737854
0.18923059105873108
0.303151398897171
0.19302862882614136
0.16931810975074768
0.1261650174856186
0.13448669016361237
0.08504282683134079
0.18922850489616394
0.14221173524856567
0.13903526961803436
0.10666345059871674
0.1184081882238388
0.09610889106988907
0.2872299551963806
0.12404738366603851
0.10805519670248032
0.12815240025520325
0.09248829632997513
0.11323763430118561
0.24771904945373535
0.11505044996738434
0.11122897267341614
0.10390675067901611
0.09517551958560944
0.17339211702346802
0.13275441527366638
0.20046721398830414
0.10345414280891418
0.10214948654174805
0.12104378640651703
0.17925289273262024
0.09163124859333038
0.21512997150421143
0.11298879235982895
0.09572926163673401
0.12591800093650818
0.11797812581062317
0.16416335105895996
0.17234036326408386
0.14181029796600342
0.18341858685016632
0.16246157884597778
0.13166901469230652
0.10813803970813751
0.10101564973592758
0.09598128497600555
0.10912416130304337
0.12346550822257996
0.19827812910079956
0.14464473724365234
0.19808019697666168
0.11976537108421326
0.18050751090049744
0.24533841013908386
0.09251566231250763
0.17065474390983582
0.10691490024328232
0.1123671904206276
0.10801029205322266
0.09429066628217697
0.16596420109272003
0.19315995275974274
0.18166673183441162
0.3128952085971832
0.09191000461578369
0.0865679532289505
0.1458168625831604
0.1163807213306427
0.12335321307182312
0.1732751727104187
0.101241335272789
0.20296260714530945
0.12787488102912903
0.12876810133457184
0.12890778481960297
0.0855417549610138
0.09692171961069107
0.14327561855316162
0.1672910749912262
0.14900711178779602
0.10744123160839081
0.08328907936811447
0.2611332833766937
0.12101173400878906
0.16453345119953156
0.16038650274276733
0.27856120467185974
0.2645142078399658
0.19272945821285248
0.19077983498573303
0.12318368256092072
0.12629148364067078
0.23683714866638184
0.11355692148208618
0.18453308939933777
0.21352651715278625
0.1850469708442688
0.17728331685066223
0.21615418791770935
0.18382129073143005
0.1370336413383484
0.18761059641838074
0.19735446572303772
0.2668442130088806
0.24358129501342773
0.16989372670650482
0.1038789451122284
0.08922014385461807
0.23726598918437958
0.1258430778980255
0.16264653205871582
0.13281536102294922
0.1969556361436844
0.08526413142681122
0.13611376285552979
0.08742952346801758
0.16482946276664734
0.13828183710575104
0.23138748109340668
0.14412623643875122
0.10853113234043121
0.1125534176826477
0.11484283208847046
0.10818410664796829
0.10311418026685715
0.12107963860034943
0.1190701350569725
0.10192213952541351
0.17582178115844727
0.1673583835363388
0.12406381219625473
0.12224876880645752
0.23681297898292542
0.10558982938528061
0.12105756253004074
0.08987264335155487
0.14562666416168213
0.09698471426963806
0.0976044237613678
0.10636095702648163
0.2977703809738159
0.19634084403514862
0.10618749260902405
0.11716704815626144
0.17616356909275055
0.24541360139846802
0.08931980282068253
0.1656765341758728
0.1464845836162567
0.17300944030284882
0.10812574625015259
0.14556773006916046
0.23435178399085999
0.15610292553901672
0.19406041502952576
0.6445856094360352
0.08318094909191132
0.12148930877447128
0.16671469807624817
0.2749924957752228
0.13404136896133423
0.10096493363380432
0.18542641401290894
0.15686051547527313
0.1373397409915924
0.11967042088508606
0.1798306703567505
0.3124374747276306
0.13022619485855103
0.10333292931318283
0.1959337592124939
0.17501959204673767
0.11342858523130417
0.1705845147371292
0.0974038615822792
0.2624308466911316
0.23796871304512024
0.1426403671503067
0.08354263007640839
0.1308295726776123
0.10026529431343079
0.19163981080055237
0.09846704453229904
0.09670089185237885
0.08092619478702545
0.08811677247285843
0.13377726078033447
0.13589662313461304
0.16129355132579803
0.21276432275772095
0.2439013570547104
0.20621708035469055
0.1608891785144806
0.19281120598316193
0.3602695167064667
0.10315270721912384
0.10859610140323639
0.08841834217309952
0.08571900427341461
0.24830372631549835
0.13339433073997498
0.25407159328460693
0.19209396839141846
0.10248607397079468
0.1400831937789917
0.14640405774116516
0.18948769569396973
0.11695872247219086
0.14748460054397583
0.14896224439144135
0.11024245619773865
0.12318312376737595
0.10937745869159698
0.13210636377334595
0.2794351875782013
0.11512432247400284
0.09030970185995102
0.2182106077671051
0.10884897410869598
0.18992066383361816
0.20312157273292542
0.0862908661365509
0.1498008519411087
0.0889677181839943
0.10513783991336823
0.19394010305404663
0.11896458268165588
0.09314782172441483
0.13088148832321167
0.14025568962097168
0.10148966312408447
0.1019640788435936
0.10753457248210907
0.09448277950286865
0.11711316555738449
0.18898695707321167
0.10975995659828186
0.1792035549879074
0.09653730690479279
0.20461024343967438
0.1241997554898262
0.16716399788856506
0.09464158117771149
0.11574208736419678
0.08775491267442703
0.1138804703950882
0.18248671293258667
0.15909790992736816
0.10532589256763458
0.10354341566562653
0.15283188223838806
0.2040667086839676
0.1078222244977951
0.10970579087734222
0.11040987074375153
0.14712630212306976
0.18542662262916565
0.10324330627918243
0.0879557654261589
0.11144739389419556
0.08399058878421783
0.12940242886543274
0.10836753249168396
0.11854669451713562
0.12346801906824112
0.0850895345211029
0.09351851046085358
0.13163287937641144
0.09262926131486893
0.10203242301940918
0.10200905054807663
0.08715315908193588
0.11791251599788666
0.11252637207508087
0.10040528327226639
0.09986168146133423
0.23068922758102417
0.08897268027067184
0.08775924146175385
0.08032424002885818
0.09877572953701019
0.08894143998622894
0.0731644481420517
0.18058964610099792
0.13353300094604492
0.1405978798866272
0.07795768231153488
0.15631195902824402
0.10419754683971405
0.14676299691200256
0.19119322299957275
0.13048920035362244
0.19605734944343567
0.10048454254865646
0.17570185661315918
0.12888969480991364
0.14238384366035461
0.08137798309326172
0.12058085203170776
0.0960092544555664
0.1273835450410843
0.10843297839164734
0.0981544777750969
0.1271173357963562
0.15659549832344055
0.24128521978855133
0.10138142108917236
0.15402156114578247
0.22963517904281616
0.11277144402265549
0.10941698402166367
0.10101938992738724
0.12458071857690811
0.08784705400466919
0.13588440418243408
0.16950275003910065
0.19432266056537628
0.15618884563446045
0.3380615711212158
0.14723818004131317
0.11013418436050415
0.1250668466091156
0.1308279037475586
0.11571557819843292
0.09526301920413971
0.09556832164525986
0.09160113334655762
0.09003030508756638
0.13965535163879395
0.09667133539915085
0.1153881847858429
0.18714791536331177
0.24164819717407227
0.08555396646261215
0.19326739013195038
0.08438482880592346
0.12220491468906403
0.11445730179548264
0.18831157684326172
0.17320826649665833
0.08518648892641068
0.1558159589767456
0.11112484335899353
0.12821930646896362
0.16496284306049347
0.2671133279800415
0.13109208643436432
0.07846688479185104
0.1428201049566269
0.07916202396154404
0.12373709678649902
0.10588590800762177
0.1051349937915802
0.1111600250005722
0.13973435759544373
0.08652643859386444
0.1172509491443634
0.11569738388061523
0.10206742584705353
0.11285965889692307
0.12037241458892822
0.1855013370513916
0.11446969211101532
0.10824412107467651
0.11488094925880432
0.1228199228644371
0.08269818872213364
0.35161644220352173
0.27929043769836426
0.12979644536972046
0.1132543534040451
0.13328510522842407
0.1726512461900711
0.36302608251571655
0.12186549603939056
0.15882670879364014
0.0869566798210144
0.1241225004196167
0.08262655884027481
0.12760406732559204
0.07825405895709991
0.09231458604335785
0.08600464463233948
0.09604328125715256
0.09665031731128693
0.13996689021587372
0.07892892509698868
0.10649517178535461
0.12065371125936508
0.13663965463638306
0.0827522799372673
0.09245306253433228
0.11210284382104874
0.09939002245664597
0.11360067129135132
0.08392901718616486
0.11663933098316193
0.12543849647045135
0.11418423801660538
0.09293879568576813
0.08763711899518967
0.1549481898546219
0.09559117257595062
0.08569872379302979
0.12427781522274017
0.1106480062007904
0.08579328656196594
0.08432000130414963
0.0935700386762619
0.11139172315597534
0.10317033529281616
0.13030549883842468
0.0797351524233818
0.17453011870384216
0.15008944272994995
0.08204856514930725
0.16904495656490326
0.12061580270528793
0.1005411446094513
0.09597615897655487
0.08413472771644592
0.16426041722297668
0.10463495552539825
0.1415698230266571
0.30346235632896423
0.32109594345092773
0.0813775360584259
0.0971522107720375
0.10110606253147125
0.10779702663421631
0.09271597862243652
0.09764225780963898
0.14934822916984558
0.1236988753080368
0.10814379155635834
0.08393260091543198
0.17056389153003693
0.09156424552202225
0.13855759799480438
0.09432662278413773
0.09425849467515945
0.08500218391418457
0.09306702762842178
0.10997076332569122
0.09185390174388885
0.19962413609027863
0.09453132748603821
0.08697548508644104
0.12990453839302063
0.11536707729101181
0.15740272402763367
0.21730564534664154
0.14527662098407745
0.10581003129482269
0.11120530962944031
0.21965472400188446
0.07983864098787308
0.0870998278260231
0.10505908727645874
0.08755670487880707
0.08101658523082733
0.11463142931461334
0.13009408116340637
0.12628081440925598
0.08888769149780273
0.09325778484344482
0.12464196979999542
0.09680627286434174
0.10128796845674515
0.08914028108119965
0.16044855117797852
0.077368825674057
0.11565998196601868
0.10082599520683289
0.12665635347366333
0.3080257773399353
0.08148665726184845
0.11334270238876343
0.07874830067157745
0.17180010676383972
0.33669301867485046
0.1404085010290146
0.07959160953760147
0.15950404107570648
0.19989113509655
0.2798614501953125
0.14779295027256012
0.09320997446775436
0.0860258936882019
0.08605840802192688
0.0844501480460167
0.09178085625171661
0.18585914373397827
0.21539843082427979
0.11023534834384918
0.14229729771614075
0.09953239560127258
0.13719983398914337
0.13663871586322784
0.13807421922683716
0.17765626311302185
0.08456337451934814
0.1123216524720192
0.26764628291130066
0.12616117298603058
0.10334186255931854
0.15690919756889343
0.11800628900527954
0.09297708421945572
0.11170251667499542
0.17285776138305664
0.17636153101921082
0.1003124862909317
0.10484613478183746
0.14828063547611237
0.11623966693878174
0.09093204140663147
0.11588703840970993
0.09064125269651413
0.08665744960308075
0.1033785417675972
0.0949254259467125
0.13133300840854645
0.08704221248626709
0.0856345146894455
0.10141404718160629
0.08473104238510132
0.09814122319221497
0.10346044600009918
0.15737242996692657
0.10586538910865784
0.10896199941635132
0.08550484478473663
0.1327478587627411
0.10004597902297974
0.08688408136367798
0.08610966056585312
0.114990234375
0.12150728702545166
0.10107475519180298
0.13803313672542572
0.227523073554039
0.08756205439567566
0.09555786848068237
0.08421169966459274
0.12021107971668243
0.09118349105119705
0.09623193740844727
0.09576964378356934
0.1446039378643036
0.10673091560602188
0.0939653217792511
0.08299846947193146
0.0971502736210823
0.09247566759586334
0.07548950612545013
0.11517134308815002
0.1377386599779129
0.08913850784301758
0.261024534702301
0.08177237957715988
0.09333036094903946
0.08722901344299316
0.10861345380544662
0.12060777842998505
0.06965383887290955
0.0813056156039238
0.10118519514799118
0.342225044965744
0.15516921877861023
0.11820445209741592
0.09861718863248825
0.11516264081001282
0.09156543016433716
0.12041091918945312
0.13897380232810974
0.10439620912075043
0.07483599334955215
0.21527761220932007
0.0770128071308136
0.1293843537569046
0.1421828269958496
0.11144111305475235
0.13112594187259674
0.08622007817029953
0.0931931659579277
0.09373261034488678
0.11643845587968826
0.0884983241558075
0.07801011949777603
0.07961714267730713
0.11768623441457748
0.07540437579154968
0.11896739900112152
0.10862468928098679
0.07752984017133713
0.10723096877336502
0.11042265594005585
0.08142479509115219
0.08543438464403152
0.22710460424423218
0.2006760537624359
0.08489543199539185
0.07733305543661118
0.15574117004871368
0.1793486475944519
0.09445556998252869
0.10321497917175293
0.0941053181886673
0.08875927329063416
0.1132618859410286
0.1141146868467331
0.10197488963603973
0.08131860941648483
0.10050661861896515
0.2330864667892456
0.22130201756954193
0.12737250328063965
0.11788994073867798
0.14217506349086761
0.12866756319999695
0.1836162805557251
0.089100182056427
0.09721028804779053
0.11731648445129395
0.09383997321128845
0.38764384388923645
0.12731072306632996
0.09854842722415924
0.11362630128860474
0.07604818046092987
0.12818366289138794
0.1366763561964035
0.118798166513443
0.08108245581388474
0.12422475963830948
0.0950680673122406
0.1558203101158142
0.11930855363607407
0.08094867318868637
0.08278855681419373
0.09771844744682312
0.10467454046010971
0.1182488203048706
0.12724411487579346
0.24360767006874084
0.10023705661296844
0.14073872566223145
0.07776737213134766
0.09213456511497498
0.17088058590888977
0.10519919544458389
0.10258481651544571
0.1195458471775055
0.11087986826896667
0.12971147894859314
0.2156551033258438
0.07846387475728989
0.1555096060037613
0.08264502137899399
0.11110568046569824
0.10897473990917206
0.14605814218521118
0.13781431317329407
0.24020713567733765
0.10915854573249817
0.17744842171669006
0.23370078206062317
0.09113533049821854
0.12820132076740265
0.1561402678489685
0.07838436216115952
0.09768474102020264
0.3252294659614563
0.09410540759563446
0.08756797015666962
0.08361998200416565
0.16294702887535095
0.09467342495918274
0.0996939018368721
0.09462793916463852
0.09456498920917511
0.10986463725566864
0.21508190035820007
0.13334786891937256
0.07989295572042465
0.1066356971859932
0.09608527272939682
0.09847855567932129
0.09526737034320831
0.08957599848508835
0.09523250162601471
0.0835890844464302
0.2103644609451294
0.12406367063522339
0.12413259595632553
0.0808485746383667
0.12040960043668747
0.0976332351565361
0.12729346752166748
0.08580203354358673
0.13137809932231903
0.07974234968423843
0.08524177968502045
0.08182233572006226
0.08447474241256714
0.09090202301740646
0.15689967572689056
0.0788392424583435
0.12130439281463623
0.10229732096195221
0.1018330454826355
0.14609584212303162
0.169792041182518
0.12299959361553192
0.18205678462982178
0.08346284925937653
0.08165095001459122
0.13965876400470734
0.08739124238491058
0.07816354185342789
0.10315747559070587
0.11591958999633789
0.1134694442152977
0.10449713468551636
0.07790062576532364
0.2512359917163849
0.11724653095006943
0.0856069028377533
0.08564192801713943
0.11682861298322678
0.0814659595489502
0.09149689972400665
0.15261295437812805
0.07537857443094254
0.10036088526248932
0.13342612981796265
0.14324337244033813
0.10630225390195847
0.1435401886701584
0.08753302693367004
0.11017565429210663
0.07755745947360992
0.08605880290269852
0.08075450360774994
0.0909857377409935
0.135679692029953
0.07800613343715668
0.2144254744052887
0.25256216526031494
0.09339024871587753
0.07456094771623611
0.11192326247692108
0.11919426918029785
0.19291925430297852
0.08827007561922073
0.07791392505168915
0.0989515632390976
0.14148175716400146
0.0837426409125328
0.17940717935562134
0.08042091131210327
0.2609202265739441
0.08322244137525558
0.09583736956119537
0.10863672941923141
0.08133238554000854
0.081630639731884
0.17542843520641327
0.09211164712905884
0.08240024745464325
0.09076463431119919
0.08275023847818375
0.07573369145393372
0.08381712436676025
0.10233691334724426
0.09319046139717102
0.10479986667633057
0.08029472082853317
0.1361234188079834
0.09752115607261658
0.11642148345708847
0.2706127464771271
0.15430891513824463
0.10517348349094391
0.1416080892086029
0.12078249454498291
0.10740716755390167
0.12769338488578796
0.08388038724660873
0.15690067410469055
0.10219477117061615
0.0815267264842987
0.10072283446788788
0.0892491564154625
0.10300876945257187
0.095823734998703
0.0923236683011055
0.09194884449243546
0.08287914097309113
0.14197146892547607
0.09665833413600922
0.09995477646589279
0.08452603220939636
0.08244556188583374
0.16826966404914856
0.12745726108551025
0.12191346287727356
0.09604310989379883
0.11356234550476074
0.07588711380958557
0.08837387710809708
0.08274874091148376
0.11967220902442932
0.11070183664560318
0.08711795508861542
0.114934042096138
0.08319376409053802
0.09044086933135986
0.18613415956497192
0.11214561760425568
0.09430374205112457
0.07491686940193176
0.14798328280448914
0.13460202515125275
0.11075684428215027
0.07545309513807297
0.15292048454284668
0.20457565784454346
0.08854207396507263
0.1035393625497818
0.2015579342842102
0.07332566380500793
0.13405048847198486
0.10915210098028183
0.0854092538356781
0.0792081356048584
0.13862818479537964
0.07725439965724945
0.08001638203859329
0.08848796784877777
0.1708349883556366
0.09574811905622482
0.18500792980194092
0.08141957223415375
0.10269054770469666
0.07977519929409027
0.07614077627658844
0.10899022221565247
0.08911868929862976
0.08114375174045563
0.15128231048583984
0.18096579611301422
0.10864555835723877
0.1328098475933075
0.14221514761447906
0.10340464115142822
0.06902424246072769
0.08154945075511932
0.09161078184843063
0.08167506009340286
0.15392400324344635
0.19363528490066528
0.2495158612728119
0.102322518825531
0.1669357866048813
0.18435588479042053
0.09898830950260162
0.07323101162910461
0.08488260954618454
0.17327909171581268
0.16639596223831177
0.11885015666484833
0.09578120708465576
0.1162913367152214
0.14513033628463745
0.1263403743505478
0.2907939851284027
0.08436967432498932
0.11577236652374268
0.10330816358327866
0.21893863379955292
0.2341471165418625
0.09629480540752411
0.13725337386131287
0.13399405777454376
0.11996220052242279
0.12430824339389801
0.08979450911283493
0.09179700911045074
0.09340998530387878
0.09013820439577103
0.31203508377075195
0.14597271382808685
0.08799734711647034
0.08251603692770004
0.1689416468143463
0.08125664293766022
0.13735178112983704
0.09377625584602356
0.08781813085079193
0.08508215844631195
0.09241966903209686
0.1350216269493103
0.09033538401126862
0.09255718439817429
0.10353101044893265
0.1290636956691742
0.08350701630115509
0.20176786184310913
0.08540888875722885
0.11575382202863693
0.0860198438167572
0.07867641001939774
0.09069576859474182
0.15317486226558685
0.1262606680393219
0.09882383048534393
0.10338300466537476
0.07920940220355988
0.09282474964857101
0.08212988078594208
0.07827425003051758
0.09215053170919418
0.1135128065943718
0.08431197702884674
0.07467181980609894
0.0995083600282669
0.12594880163669586
0.0821145623922348
0.10674256086349487
0.2544599771499634
0.08251756429672241
0.10920467972755432
0.08284953236579895
0.10284193605184555
0.07352518290281296
0.17009428143501282
0.0774366706609726
0.10384999215602875
0.14147678017616272
0.16941171884536743
0.14051590859889984
0.17229688167572021
0.09444783627986908
0.09027843922376633
0.076314777135849
0.12271226942539215
0.09039533883333206
0.08815628290176392
0.11054724454879761
0.08033744245767593
0.0799291655421257
0.30122292041778564
0.07462061941623688
0.08738215267658234
0.08915551006793976
0.08112697303295135
0.07392171025276184
0.08667410910129547
0.0790293961763382
0.07498927414417267
0.1882302612066269
0.09304970502853394
0.12369067966938019
0.10141059756278992
0.08465372025966644
0.1252191960811615
0.10306040942668915
0.0794510468840599
0.09408332407474518
0.14055806398391724
0.0698370486497879
0.06963945180177689
0.08238853514194489
0.07988306879997253
0.09603159129619598
0.09711674600839615
0.0833781510591507
0.08343996107578278
0.18528011441230774
0.0783495381474495
0.10693565756082535
0.18771308660507202
0.071632981300354
0.11066274344921112
0.09494117647409439
0.11519208550453186
0.154009610414505
0.07369117438793182
0.07424843311309814
0.10247994214296341
0.07660131901502609
0.13369745016098022
0.073470339179039
0.09481900185346603
0.08960622549057007
0.0822705551981926
0.07254834473133087
0.07776395231485367
0.17012430727481842
0.09670576453208923
0.07549523562192917
0.17755013704299927
0.1435021162033081
0.12350106239318848
0.07697789371013641
0.1900707483291626
0.1095210611820221
0.08219706267118454
0.09767136722803116
0.09567160904407501
0.08723083138465881
0.1395048201084137
0.07382810115814209
0.13907238841056824
0.07180535793304443
0.14260423183441162
0.15277177095413208
0.12297606468200684
0.18220247328281403
0.10597340762615204
0.07682707160711288
0.11351267248392105
0.09136129915714264
0.08540300279855728
0.07701385766267776
0.15750890970230103
0.08422331511974335
0.23928669095039368
0.08841312676668167
0.09726231545209885
0.10589596629142761
0.08459387719631195
0.1303209662437439
0.1177370697259903
0.09089330583810806
0.0745718777179718
0.19446969032287598
0.09302926808595657
0.16292650997638702
0.09036463499069214
0.09265045821666718
0.07362194359302521
0.11245562136173248
0.07553435117006302
0.1366848647594452
0.06900244206190109
0.10635047405958176
0.07961845397949219
0.1349930763244629
0.11595755815505981
0.12115202844142914
0.07622213661670685
0.08145376294851303
0.07593444734811783
0.09877482056617737
0.08062931895256042
0.08875743299722672
0.11331576108932495
0.08452620357275009
0.10357879102230072
0.08554249256849289
0.13596324622631073
0.0777847096323967
0.07943695038557053
0.10033789277076721
0.07458563894033432
0.14563173055648804
0.0739295482635498
0.0872344970703125
0.1806013286113739
0.1323985606431961
0.13242751359939575
0.07774583250284195
0.1224069893360138
0.1007397249341011
0.11561538279056549
0.14961925148963928
0.07455163449048996
0.07619214057922363
0.11514894664287567
0.0897269919514656
0.09819386899471283
0.08314599096775055
0.24825634062290192
0.2490617036819458
0.07133780419826508
0.0904785618185997
0.13709519803524017
0.08474782109260559
0.09309244155883789
0.09601666033267975
0.09950778633356094
0.08687324821949005
0.08930230140686035
0.12221919000148773
0.09279254078865051
0.16309155523777008
0.07428943365812302
0.08001101762056351
0.08953128755092621
0.07504025101661682
0.08821549266576767
0.21241891384124756
0.07805346697568893
0.11632054299116135
0.18038387596607208
0.12189105153083801
0.08510351181030273
0.14323560893535614
0.08056557178497314
0.08097837120294571
0.17011307179927826
0.07243476063013077
0.10648612678050995
0.1461685448884964
0.07128838449716568
0.07394342869520187
0.12896785140037537
0.1252022683620453
0.08501099795103073
0.07608161866664886
0.08707838505506516
0.07539327442646027
0.08200807869434357
0.28519776463508606
0.07521196454763412
0.08693768084049225
0.086392842233181
0.12036837637424469
0.12636922299861908
0.10865665972232819
0.08017472922801971
0.11566382646560669
0.07920023053884506
0.09507346153259277
0.12849941849708557
0.08905812352895737
0.08501484990119934
0.10935041308403015
0.07852499932050705
0.08652126789093018
0.1269536167383194
0.0790197104215622
0.25575143098831177
0.1294809728860855
0.07978291064500809
0.07554443180561066
0.14669877290725708
0.12912975251674652
0.08968669921159744
0.10290317237377167
0.12264649569988251
0.07258564978837967
0.08579693734645844
0.0815027505159378
0.10721166431903839
0.11060140281915665
0.07330629229545593
0.0928264632821083
0.07965534180402756
0.12460538744926453
0.13871091604232788
0.08326862752437592
0.17133095860481262
0.0889299139380455
0.07762148976325989
0.08331020176410675
0.11544539034366608
0.11892301589250565
0.0977383702993393
0.08253259211778641
0.10412460565567017
0.07487430423498154
0.08640982210636139
0.14555560052394867
0.11500370502471924
0.07662253081798553
0.13938447833061218
0.07688156515359879
0.08912484347820282
0.08693818002939224
0.081870436668396
0.0781526267528534
0.08972841501235962
0.07411342114210129
0.09345153719186783
0.09251011908054352
0.09640415757894516
0.09523019194602966
0.07521918416023254
0.08536447584629059
0.11664822697639465
0.07851999253034592
0.07590324431657791
0.1015043556690216
0.12323414534330368
0.06947384029626846
0.08069439232349396
0.09115531295537949
0.19425079226493835
0.07065122574567795
0.11621102690696716
0.2790072560310364
0.11300966143608093
0.1076156347990036
0.08669610321521759
0.07846082001924515
0.08051452785730362
0.09471039474010468
0.10126842558383942
0.1263533979654312
0.08305958658456802
0.07940676063299179
0.09530159831047058
0.08199387788772583
0.0794198289513588
0.10057984292507172
0.08416065573692322
0.14632749557495117
0.0880221575498581
0.08156808465719223
0.08330190926790237
0.1329469233751297
0.13935907185077667
0.104898601770401
0.08066696673631668
0.08192620426416397
0.08055252581834793
0.10106320679187775
0.08289255946874619
0.09955805540084839
0.08128801733255386
0.07487457990646362
0.07881557941436768
0.09833864122629166
0.09298714250326157
0.18061906099319458
0.09459806233644485
0.1459529548883438
0.07315394282341003
0.090427927672863
0.08846768736839294
0.08009405434131622
0.14066269993782043
0.08127789199352264
0.07663993537425995
0.09165968000888824
0.06993154436349869
0.0896051824092865
0.07538796961307526
0.12422299385070801
0.09642058610916138
0.08082766085863113
0.09728555381298065
0.09630227088928223
0.1187717393040657
0.10145550966262817
0.08573794364929199
0.08130364865064621
0.07568077743053436
0.08308420330286026
0.08276017755270004
0.10074856877326965
0.07639376074075699
0.09505678713321686
0.06821869313716888
0.12439559400081635
0.11536812782287598
0.08366429060697556
0.08582514524459839
0.0963362604379654
0.09805337339639664
0.07875382900238037
0.08880357444286346
0.11072786152362823
0.13820359110832214
0.07622310519218445
0.3310774862766266
0.08552026748657227
0.08763255178928375
0.12396806478500366
0.16374093294143677
0.07750605791807175
0.07192063331604004
0.11152058094739914
0.11812420189380646
0.11620862782001495
0.07674264907836914
0.07750173658132553
0.1519225388765335
0.10455572605133057
0.07120692729949951
0.10668419301509857
0.08182628452777863
0.16797292232513428
0.13757944107055664
0.08080820739269257
0.08027637004852295
0.08529415726661682
0.08868523687124252
0.06974834203720093
0.16310231387615204
0.09337100386619568
0.08235271275043488
0.22264449298381805
0.12591618299484253
0.08850768208503723
0.08371549844741821
0.07507754862308502
0.08052922040224075
0.08331158757209778
0.07677154242992401
0.08857302367687225
0.08930466324090958
0.07866191864013672
0.0951245129108429
0.09666842222213745
0.0779823288321495
0.08462980389595032
0.08659294247627258
0.10937158018350601
0.09509100764989853
0.12505559623241425
0.12917286157608032
0.08445073664188385
0.0724015161395073
0.09275861084461212
0.06939297169446945
0.07942657172679901
0.08680155873298645
0.1346319317817688
0.11124417185783386
0.09058354794979095
0.13290691375732422
0.13129855692386627
0.0703820139169693
0.08948435634374619
0.07370635122060776
0.06730131804943085
0.06755073368549347
0.07162798941135406
0.08793777972459793
0.08653321117162704
0.16538339853286743
0.12433048337697983
0.07397473603487015
0.1872151643037796
0.0734444186091423
0.07492322474718094
0.08925822377204895
0.08502094447612762
0.086148202419281
0.07489202171564102
0.07454639673233032
0.0819104015827179
0.06924844533205032
0.07688510417938232
0.11848175525665283
0.0900900736451149
0.12166642397642136
0.08633291721343994
0.07124929875135422
0.07983039319515228
0.08014818280935287
0.13982032239437103
0.12249013781547546
0.08084001392126083
0.07486575096845627
0.07629920542240143
0.07953903824090958
0.06976665556430817
0.11822851002216339
0.08769696205854416
0.07878994941711426
0.10314327478408813
0.11681036651134491
0.07859078049659729
0.12014679610729218
0.1032233014702797
0.09768612682819366
0.08928360044956207
0.08301197737455368
0.09015512466430664
0.07904829829931259
0.06901662796735764
0.12772098183631897
0.13301421701908112
0.08026351779699326
0.21727848052978516
0.09184742718935013
0.0974133163690567
0.09764458239078522
0.14240944385528564
0.16838759183883667
0.07372329384088516
0.07851239293813705
0.07572959363460541
0.10898392647504807
0.14780350029468536
0.13378068804740906
0.08493468165397644
0.07398778945207596
0.10481823980808258
0.0790354534983635
0.0837472677230835
0.10244747996330261
0.07911957800388336
0.072254978120327
0.0917857438325882
0.08263255655765533
0.06594021618366241
0.07535934448242188
0.19598761200904846
0.08125657588243484
0.12817971408367157
0.07791496068239212
0.07700704783201218
0.08467954397201538
0.0849337950348854
0.10139332711696625
0.11150950193405151
0.07693100720643997
0.09034756571054459
0.0882778912782669
0.09201013296842575
0.07298953086137772
0.0801098421216011
0.07165706902742386
0.0831366702914238
0.12720192968845367
0.07976069301366806
0.07842577248811722
0.08459586650133133
0.12373867630958557
0.10931102931499481
0.1328241527080536
0.07452533394098282
0.07303539663553238
0.14503872394561768
0.07112373411655426
0.09496676921844482
0.07959592342376709
0.08942249417304993
0.08448749035596848
0.08490860462188721
0.08625272661447525
0.08977455645799637
0.11569413542747498
0.09071674942970276
0.08774933218955994
0.08407074213027954
0.09305517375469208
0.10310353338718414
0.0905805379152298
0.1500866413116455
0.07400382310152054
0.08163843303918839
0.08359431475400925
0.09965050220489502
0.09051991254091263
0.07775010168552399
0.1440054327249527
0.11459365487098694
0.09128887206315994
0.12328001856803894
0.13008560240268707
0.23203296959400177
0.08876833319664001
0.0830647423863411
0.32657966017723083
0.07529104501008987
0.12961038947105408
0.07514787465333939
0.109012171626091
0.12409064173698425
0.06949622929096222
0.2051936388015747
0.07283393293619156
0.10552974045276642
0.11795994639396667
0.07185818254947662
0.08767218887805939
0.0788176879286766
0.07465583831071854
0.1356096714735031
0.08607253432273865
0.08919595181941986
0.11832008510828018
0.1534251868724823
0.07603462785482407
0.1567302942276001
0.1025601178407669
0.13016805052757263
0.1360708773136139
0.1390044391155243
0.11654992401599884
0.12874913215637207
0.07931941747665405
0.0944204330444336
0.09760354459285736
0.0760902389883995
0.12742415070533752
0.10544790327548981
0.08682910352945328
0.09077095240354538
0.11343453079462051
0.08452928066253662
0.07704517245292664
0.08020076900720596
0.13051526248455048
0.12178783118724823
0.13484063744544983
0.12260551750659943
0.06990910321474075
0.08329198509454727
0.26426011323928833
0.076483815908432
0.17246940732002258
0.19160059094429016
0.09208137542009354
0.09823983907699585
0.08790955692529678
0.2610500454902649
0.08050292730331421
0.09875499457120895
0.14055635035037994
0.09444941580295563
0.09744138270616531
0.08141974359750748
0.08296932280063629
0.08787208795547485
0.14955881237983704
0.1729632019996643
0.08262009918689728
0.10605771839618683
0.088248111307621
0.08059406280517578
0.08336306363344193
0.08022242784500122
0.07576188445091248
0.08468641340732574
0.08452147245407104
0.13047005236148834
0.13648197054862976
0.13999222218990326
0.1705743968486786
0.0756874829530716
0.10285793989896774
0.08178022503852844
0.13186024129390717
0.09902229905128479
0.07375232875347137
0.1026591956615448
0.07808027416467667
0.07865414023399353
0.09200878441333771
0.07515605539083481
0.08311537653207779
0.0952250063419342
0.07831738889217377
0.08956187218427658
0.08549103885889053
0.10757899284362793
0.10257548838853836
0.12013483047485352
0.1829041838645935
0.10266484320163727
0.09276852011680603
0.22921523451805115
0.09471233189105988
0.09931772947311401
0.09471714496612549
0.0910281240940094
0.09403542429208755
0.07470965385437012
0.09057168662548065
0.07958311587572098
0.087164968252182
0.08945780992507935
0.07609281688928604
0.09262692928314209
0.22390688955783844
0.07408157736063004
0.10577380657196045
0.07222001254558563
0.085963174700737
0.0922444760799408
0.08029700815677643
0.1199927031993866
0.07621956616640091
0.08457861840724945
0.07372476160526276
0.08323477953672409
0.07768772542476654
0.09903141856193542
0.0750684142112732
0.08132918179035187
0.08195097744464874
0.09253378957509995
0.10334371030330658
0.1840522736310959
0.09350668638944626
0.08266512304544449
0.07478445023298264
0.08087891340255737
0.15346045792102814
0.08619436621665955
0.08255229145288467
0.08233003318309784
0.12584425508975983
0.08154921978712082
0.0731777474284172
0.07380542159080505
0.0708170235157013
0.14124509692192078
0.07264341413974762
0.09081229567527771
0.08477947115898132
0.08176438510417938
0.08098989725112915
0.13448947668075562
0.11772476136684418
0.07803104817867279
0.0966353490948677
0.08911106735467911
0.07364268600940704
0.11508521437644958
0.10417963564395905
0.10626232624053955
0.10183613002300262
0.08758069574832916
0.0815286636352539
0.10004211962223053
0.09461087733507156
0.0830543115735054
0.07534520328044891
0.08641543984413147
0.09470932930707932
0.13735754787921906
0.07073230296373367
0.0911606028676033
0.0904245674610138
0.10132919996976852
0.07012087851762772
0.07802080363035202
0.08182322233915329
0.07626252621412277
0.09885653108358383
0.19462794065475464
0.15393544733524323
0.06869441270828247
0.0815051943063736
0.06748038530349731
0.08025774359703064
0.09009858220815659
0.10134834796190262
0.10081353783607483
0.11633440107107162
0.09240591526031494
0.0969957560300827
0.16458506882190704
0.072809137403965
0.08615972101688385
0.31629398465156555
0.20530809462070465
0.13181833922863007
0.0797744169831276
0.08749106526374817
0.11107189953327179
0.07513183355331421
0.0736427828669548
0.1353633552789688
0.08390460163354874
0.0771566852927208
0.06827730685472488
0.07627394795417786
0.09663562476634979
0.06756456941366196
0.07409301400184631
0.09636330604553223
0.08579213917255402
0.1225995123386383
0.07107148319482803
0.07965922355651855
0.077543243765831
0.09293803572654724
0.09431628882884979
0.0919349193572998
0.07460051774978638
0.07507944852113724
0.0933937206864357
0.07438714802265167
0.08696120232343674
0.1415322721004486
0.12907150387763977
0.12053637206554413
0.07513925433158875
0.11860927939414978
0.06728696823120117
0.12549513578414917
0.09409210085868835
0.08934202790260315
0.07887466996908188
0.10072106122970581
0.14213845133781433
0.07269547134637833
0.11769374459981918
0.06779593974351883
0.1391400694847107
0.07950849086046219
0.1155649796128273
0.07172401249408722
0.08058903366327286
0.09574059396982193
0.1156008392572403
0.078203484416008
0.07204008102416992
0.08562921732664108
0.0988425612449646
0.09104825556278229
0.12771596014499664
0.07773426920175552
0.10543013364076614
0.0805714875459671
0.09284418821334839
0.07245645672082901
0.08382514119148254
0.10493987053632736
0.11202357709407806
0.07493208348751068
0.09859615564346313
0.1970033049583435
0.10092857480049133
0.06978920102119446
0.09387901425361633
0.0782805010676384
0.07990238070487976
0.10662360489368439
0.10602797567844391
0.09182251244783401
0.07283295691013336
0.08009535819292068
0.10110718011856079
0.0946369543671608
0.10068444907665253
0.10690896958112717
0.11643146723508835
0.08982992172241211
0.06388290971517563
0.1042318269610405
0.07181119918823242
0.07372316718101501
0.0690583884716034
0.08228877186775208
0.10635149478912354
0.09578833729028702
0.09575112909078598
0.08372846990823746
0.08214736729860306
0.1503755748271942
0.1285545825958252
0.07518664747476578
0.08475591242313385
0.09371872991323471
0.09392080456018448
0.0703783854842186
0.07758252322673798
0.08868353068828583
0.07590848952531815
0.13077066838741302
0.1449139416217804
0.16514432430267334
0.11884486675262451
0.0796436220407486
0.07653610408306122
0.2555440664291382
0.1060577780008316
0.08093839883804321
0.07590027898550034
0.07289723306894302
0.0854034498333931
0.08418874442577362
0.08605486899614334
0.07760707288980484
0.09418115764856339
0.10329432785511017
0.06900329142808914
0.09209827333688736
0.08742719888687134
0.07382989674806595
0.07204718887805939
0.10583926737308502
0.10397256910800934
0.13458314538002014
0.10374300926923752
0.08472155034542084
0.10549178719520569
0.10552605986595154
0.0740647166967392
0.11749488115310669
0.09453649073839188
0.09353021532297134
0.07596661895513535
0.07439404726028442
0.09671936929225922
0.14332976937294006
0.07590144127607346
0.08743563294410706
0.0917031317949295
0.07822461426258087
0.07855962216854095
0.1259068250656128
0.0822681412100792
0.0847192257642746
0.07684768736362457
0.08268754929304123
0.10785864293575287
0.08488336205482483
0.07595212012529373
0.07030003517866135
0.06439105421304703
0.0967874675989151
0.0697314515709877
0.06910846382379532
0.10085175931453705
0.0993535965681076
0.2204216718673706
0.07122735679149628
0.13455551862716675
0.07307864725589752
0.07864128053188324
0.08780045807361603
0.07134436070919037
0.1127578616142273
0.0979297086596489
0.09442911297082901
0.08589114248752594
0.07545776665210724
0.0726328045129776
0.06503759324550629
0.12636099755764008
0.08798197656869888
0.11805269122123718
0.06906326860189438
0.0712060034275055
0.08898855745792389
0.07888619601726532
0.08377904444932938
0.08149906247854233
0.08153275400400162
0.10592904686927795
0.08147759735584259
0.12031181156635284
0.09348221868276596
0.119782954454422
0.07307738065719604
0.07212678343057632
0.07111481577157974
0.07353901863098145
0.07941240072250366
0.08817281574010849
0.08100547641515732
0.10416259616613388
0.07625208050012589
0.078939288854599
0.08235932141542435
0.06914706528186798
0.09879684448242188
0.0794149786233902
0.10764516890048981
0.08673526346683502
0.07200096547603607
0.06938186287879944
0.08779606223106384
0.0755205824971199
0.07585451006889343
0.06894788146018982
0.07088576257228851
0.08176293969154358
0.0691893994808197
0.07079087942838669
0.06637411564588547
0.07041584700345993
0.22806838154792786
0.07971686124801636
0.06675904989242554
0.17855703830718994
0.23379594087600708
0.07774851471185684
0.07096942514181137
0.07349170744419098
0.07222187519073486
0.14952942728996277
0.09465807676315308
0.08964467793703079
0.07949423789978027
0.10470259189605713
0.07840056717395782
0.0838763490319252
0.07579070329666138
0.08656153082847595
0.1022837907075882
0.0741380825638771
0.08609691262245178
0.09439019858837128
0.08381220698356628
0.0964033305644989
0.07910088449716568
0.10719127953052521
0.07095272094011307
0.08114761114120483
0.07495392113924026
0.08522771298885345
0.0774739682674408
0.10895851999521255
0.10432589054107666
0.08103382587432861
0.10336349904537201
0.11568903177976608
0.08480577915906906
0.0995756983757019
0.07565509527921677
0.06978785991668701
0.07694382220506668
0.12357110530138016
0.07450606673955917
0.12668323516845703
0.06845761835575104
0.06722370535135269
0.08066699653863907
0.079896941781044
0.3392021358013153
0.09569717198610306
0.13245591521263123
0.12713658809661865
0.06248398497700691
0.08040693402290344
0.06859353184700012
0.07187793403863907
0.126775324344635
0.08189604431390762
0.08865638077259064
0.07624224573373795
0.07107693701982498
0.07808294147253036
0.07052136212587357
0.09162786602973938
0.17714513838291168
0.07287903875112534
0.076400026679039
0.09061373025178909
0.08511628210544586
0.07483649998903275
0.12763197720050812
0.0721023753285408
0.08744996786117554
0.09535826742649078
0.09136136621236801
0.15871629118919373
0.07158917188644409
0.07587498426437378
0.08014561980962753
0.09250617772340775
0.07664883881807327
0.0762285366654396
0.20014692842960358
0.0925850123167038
0.08493433892726898
0.06988752633333206
0.09517000615596771
0.0679425448179245
0.0935726910829544
0.07564431428909302
0.09861253201961517
0.103399358689785
0.08895637094974518
0.06823911517858505
0.15926408767700195
0.11484120786190033
0.07206634432077408
0.13125939667224884
0.07927711308002472
0.1103762537240982
0.08914202451705933
0.08230135589838028
0.11052699387073517
0.0848865732550621
0.07181386649608612
0.07739300280809402
0.11387486010789871
0.08070048689842224
0.07494636625051498
0.07250578701496124
0.09720681607723236
0.06923968344926834
0.0633050724864006
0.07293158024549484
0.08010424673557281
0.09171460568904877
0.10626500099897385
0.08086065948009491
0.06933490186929703
0.07239347696304321
0.08357635140419006
0.079086534678936
0.08205436170101166
0.08209047466516495
0.066225565969944
0.15074414014816284
0.10611650347709656
0.06941389292478561
0.0624549500644207
0.08986642211675644
0.15293335914611816
0.08693796396255493
0.09069424867630005
0.06616286933422089
0.08204126358032227
0.08056119084358215
0.11270131170749664
0.09338007122278214
0.08428198099136353
0.09518685936927795
0.07095465809106827
0.07491979002952576
0.14217278361320496
0.08587336540222168
0.11842857301235199
0.08343599736690521
0.10707049071788788
0.07260963320732117
0.08172821998596191
0.10319291055202484
0.11295615136623383
0.07639375329017639
0.07227665185928345
0.07981734722852707
0.07381466031074524
0.07441948354244232
0.0736037939786911
0.10043391585350037
0.08028867095708847
0.0888904556632042
0.08592192828655243
0.10153663903474808
0.1026359423995018
0.1324358880519867
0.08859187364578247
0.07980398833751678
0.07072144001722336
0.09057038277387619
0.08464828133583069
0.08553209900856018
0.07521656155586243
0.07185614109039307
0.08776871860027313
0.12600848078727722
0.08221148699522018
0.0709538608789444
0.07452414929866791
0.10296129435300827
0.07876650989055634
0.07989858090877533
0.07056284695863724
0.0807817354798317
0.07408632338047028
0.08654601871967316
0.07525554299354553
0.10398794710636139
0.06761827319860458
0.07483891397714615
0.06785877048969269
0.0946374163031578
0.08683700859546661
0.23263049125671387
0.0662333071231842
0.08427399396896362
0.09809862077236176
0.07365880906581879
0.09925508499145508
0.07237513363361359
0.08428451418876648
0.07565949857234955
0.07791080325841904
0.08773510158061981
0.07629062235355377
0.11525710672140121
0.10363899171352386
0.10595612227916718
0.07644987851381302
0.11662864685058594
0.09122253954410553
0.08118364214897156
0.08176625519990921
0.08925837278366089
0.13520961999893188
0.0874076560139656
0.08752739429473877
0.08217979967594147
0.07878997921943665
0.09356548637151718
0.0962226614356041
0.07073094695806503
0.07113546878099442
0.08524761348962784
0.08390937000513077
0.09281609207391739
0.07185753434896469
0.13355648517608643
0.07529371976852417
0.07224425673484802
0.07154770940542221
0.08450979739427567
0.1687772423028946
0.06239679083228111
0.0924341082572937
0.19574686884880066
0.07801733911037445
0.08475938439369202
0.07334835827350616
0.13866779208183289
0.07444968074560165
0.07046330720186234
0.10902765393257141
0.07070135325193405
0.09088431298732758
0.0747959315776825
0.09786838293075562
0.06914742290973663
0.06682529300451279
0.06651764363050461
0.11571969091892242
0.13150709867477417
0.07680172473192215
0.0928337574005127
0.10530184954404831
0.07632547616958618
0.08377969264984131
0.06923383474349976
0.08179699629545212
0.06696169078350067
0.06601332873106003
0.0924927368760109
0.07359210401773453
0.06785322725772858
0.10750576853752136
0.2747323513031006
0.08168480545282364
0.06795648485422134
0.08352823555469513
0.1008424386382103
0.07535379379987717
0.07525170594453812
0.082481250166893
0.08939135819673538
0.07489318400621414
0.0768502876162529
0.1108892560005188
0.148767352104187
0.08073056489229202
0.08587773144245148
0.08210436999797821
0.10852576792240143
0.0938655287027359
0.11568909883499146
0.07049837708473206
0.11221053451299667
0.07359413802623749
0.120277538895607
0.0851798802614212
0.07034607231616974
0.07707717269659042
0.09538547694683075
0.09655185043811798
0.06574229896068573
0.21438972651958466
0.08402250707149506
0.07392169535160065
0.13011635839939117
0.08653682470321655
0.07262692600488663
0.12514138221740723
0.0745646059513092
0.07742530852556229
0.1138559877872467
0.17023839056491852
0.08292165398597717
0.12722335755825043
0.07929764688014984
0.06943219900131226
0.17920871078968048
0.07099317014217377
0.15644823014736176
0.07655911892652512
0.22282016277313232
0.08141564577817917
0.08818567544221878
0.07357157766819
0.09222947061061859
0.07933804392814636
0.19960260391235352
0.08719415962696075
0.09060133993625641
0.0764022022485733
0.11211971938610077
0.06953774392604828
0.07917650789022446
0.07623160630464554
0.08241129666566849
0.08185536414384842
0.08760206401348114
0.06931474059820175
0.08049187064170837
0.07775155454874039
0.06515708565711975
0.08610016852617264
0.15036742389202118
0.10106272995471954
0.10245563089847565
0.09537342190742493
0.0715692788362503
0.14091965556144714
0.10443928837776184
0.10244647413492203
0.11513537913560867
0.09254533052444458
0.06201836094260216
0.08125841617584229
0.07898775488138199
0.07955549657344818
0.07105033844709396
0.0771489366889
0.0734165757894516
0.08070052415132523
0.12991701066493988
0.0915459543466568
0.10088663548231125
0.0730331540107727
0.07694949209690094
0.14642521739006042
0.13780736923217773
0.0825837254524231
0.07612434774637222
0.07683441042900085
0.07597273588180542
0.06787964701652527
0.07157886773347855
0.08352231979370117
0.18462586402893066
0.13811218738555908
0.07132872194051743
0.0708165094256401
0.08046530187129974
0.09387443214654922
0.07391933351755142
0.08228263258934021
0.09502723813056946
0.08484213054180145
0.07503090798854828
0.0841175764799118
0.0661638155579567
0.17778609693050385
0.06184599921107292
0.1730995923280716
0.08771304786205292
0.08290601521730423
0.08442651480436325
0.0988733172416687
0.07589705288410187
0.06537891924381256
0.08588352799415588
0.14522722363471985
0.09074583649635315
0.0910288393497467
0.08071247488260269
0.06718143820762634
0.08713331818580627
0.10099931061267853
0.0733708068728447
0.17520934343338013
0.14199605584144592
0.06746196746826172
0.12287209928035736
0.09205035120248795
0.08559289574623108
0.19183623790740967
0.06962933391332626
0.10231532156467438
0.072964608669281
0.12742187082767487
0.08345980942249298
0.1051051914691925
0.08616252988576889
0.06957480311393738
0.07380229234695435
0.08577622473239899
0.07579648494720459
0.1482798308134079
0.07097882777452469
0.07006337493658066
0.08085940778255463
0.07176822423934937
0.08090457320213318
0.07732266932725906
0.0654759407043457
0.10959742218255997
0.07065022736787796
0.1287563592195511
0.09138087928295135
0.09377997368574142
0.07611054182052612
0.06395009905099869
0.07472564280033112
0.06727810204029083
0.08962399512529373
0.06951972097158432
0.0855112075805664
0.10939998179674149
0.08163844794034958
0.09289009869098663
0.14002245664596558
0.15187032520771027
0.09938919544219971
0.07342793792486191
0.0909634605050087
0.08701600879430771
0.06610602885484695
0.101493701338768
0.2289525270462036
0.08380971103906631
0.09678682684898376
0.08152566850185394
0.10359849035739899
0.10746375471353531
0.1269047111272812
0.08233171701431274
0.08280373364686966
0.14123117923736572
0.09775757789611816
0.0918884128332138
0.08252076059579849
0.08625070750713348
0.08232241123914719
0.08042681217193604
0.07445964217185974
0.08438136428594589
0.07978826761245728
0.1450331211090088
0.1367257833480835
0.07557785511016846
0.09270594269037247
0.08359890431165695
0.12985514104366302
0.07892542332410812
0.09245903789997101
0.09335703402757645
0.12914030253887177
0.07146663218736649
0.07668164372444153
0.07412031292915344
0.07612091302871704
0.0755220502614975
0.07338336855173111
0.07438190281391144
0.07134144008159637
0.1150970533490181
0.08653195202350616
0.08720052242279053
0.09628415107727051
0.10647782683372498
0.092633455991745
0.0859973132610321
0.07812163233757019
0.1215074434876442
0.09430783987045288
0.06799978762865067
0.07793238759040833
0.10887099802494049
0.0714820921421051
0.10674220323562622
0.07059896737337112
0.06950075924396515
0.0801180973649025
0.11401436477899551
0.08762504160404205
0.24695985019207
0.06725901365280151
0.06917545199394226
0.07687502354383469
0.06704261898994446
0.07396592199802399
0.08831287920475006
0.06551911681890488
0.0795072689652443
0.07155019044876099
0.08096443861722946
0.0725141167640686
0.08105714619159698
0.10100704431533813
0.06960606575012207
0.0725516602396965
0.07000678777694702
0.09778040647506714
0.06868945062160492
0.07789742201566696
0.06884543597698212
0.06993798166513443
0.18462204933166504
0.11918165534734726
0.07164717465639114
0.07647555321455002
0.16819339990615845
0.07201944291591644
0.08673852682113647
0.07145491242408752
0.07561995089054108
0.1151617169380188
0.0854228213429451
0.07120668143033981
0.07772473245859146
0.08908426761627197
0.10785461962223053
0.07306556403636932
0.36737388372421265
0.06380653381347656
0.09510864317417145
0.1009323000907898
0.1541297435760498
0.07042519748210907
0.08747518062591553
0.0666995495557785
0.0621907040476799
0.10012326389551163
0.08495237678289413
0.0975024551153183
0.10382421314716339
0.13464930653572083
0.07091057300567627
0.12133964896202087
0.12602275609970093
0.12402170896530151
0.07587353885173798
0.2847917079925537
0.07999800145626068
0.06827092170715332
0.07645147293806076
0.07857250422239304
0.07691261917352676
0.07329867035150528
0.07584148645401001
0.10981259495019913
0.11339376121759415
0.08960399031639099
0.10613733530044556
0.07747670263051987
0.11520756781101227
0.06709695607423782
0.08230476081371307
0.1341385692358017
0.08945094794034958
0.1252996325492859
0.07633340358734131
0.09532725811004639
0.0796990841627121
0.07413117587566376
0.14307495951652527
0.10959796607494354
0.13523291051387787
0.08036738634109497
0.09871000051498413
0.11141133308410645
0.08856088668107986
0.07398255914449692
0.06567955017089844
0.07742084562778473
0.10197284072637558
0.07207287102937698
0.0824568122625351
0.08166063576936722
0.07407264411449432
0.0754498764872551
0.06771424412727356
0.07959194481372833
0.07171843945980072
0.09038043022155762
0.07312942296266556
0.07119706273078918
0.11624044179916382
0.14248469471931458
0.06859768182039261
0.08202802389860153
0.0816754624247551
0.06925015896558762
0.07863649725914001
0.12124817073345184
0.06318981200456619
0.08290400356054306
0.07501883059740067
0.0665198266506195
0.07547806948423386
0.07030162960290909
0.12876558303833008
0.06247209757566452
0.07354501634836197
0.08216075599193573
0.14286798238754272
0.07250246405601501
0.09562364220619202
0.11806939542293549
0.09448690712451935
0.07606732100248337
0.08137749135494232
0.07063528895378113
0.07002980262041092
0.1314460188150406
0.13136589527130127
0.07385595142841339
0.07813519239425659
0.15388108789920807
0.11837463080883026
0.07771585881710052
0.12360022962093353
0.0798027366399765
0.06384782493114471
0.14119943976402283
0.07281763106584549
0.07720426470041275
0.07439616322517395
0.07054974883794785
0.085936538875103
0.07186397165060043
0.07015866786241531
0.09368599951267242
0.07726778835058212
0.0983646959066391
0.07992219924926758
0.08313091099262238
0.06700138747692108
0.21069791913032532
0.07944916933774948
0.07475250214338303
0.07937328517436981
0.1754460334777832
0.09519252926111221
0.11176527291536331
0.09947474300861359
0.0697166845202446
0.08461330085992813
0.08774718642234802
0.0781843513250351
0.08266805112361908
0.0648895874619484
0.09445921331644058
0.07680130004882812
0.09680534899234772
0.13429129123687744
0.07235024124383926
0.08688803017139435
0.07560864835977554
0.0700538232922554
0.07373787462711334
0.18432989716529846
0.07093103975057602
0.12741172313690186
0.06702100485563278
0.08319006860256195
0.09597645699977875
0.1462939977645874
0.07595833390951157
0.09998989850282669
0.09051980823278427
0.07282441109418869
0.08419491350650787
0.07076321542263031
0.1571713238954544
0.08000838756561279
0.09878841042518616
0.08133833110332489
0.06473007798194885
0.080722875893116
0.07644981145858765
0.08401072025299072
0.07036083936691284
0.08462144434452057
0.08545123040676117
0.12260494381189346
0.07937052100896835
0.09003657847642899
0.08949867635965347
0.09198012948036194
0.08629381656646729
0.0714694932103157
0.07119962573051453
0.07661198824644089
0.0874074324965477
0.06769734621047974
0.09401723742485046
0.1230527013540268
0.10043016076087952
0.10099343955516815
0.1222432479262352
0.08138817548751831
0.07323827594518661
0.06821892410516739
0.06825949251651764
0.22966569662094116
0.06996728479862213
0.0638553649187088
0.09869706630706787
0.06660237908363342
0.07556073367595673
0.08484332263469696
0.11520855128765106
0.07352090626955032
0.07694988697767258
0.06796377897262573
0.06794316321611404
0.10719744116067886
0.06293138116598129
0.08807222545146942
0.0927497148513794
0.08703087270259857
0.11093398928642273
0.08694662153720856
0.09617817401885986
0.08462785184383392
0.07422933727502823
0.08704455196857452
0.07620758563280106
0.1515188217163086
0.06855908781290054
0.09342119097709656
0.11470040678977966
0.08108124881982803
0.08613495528697968
0.07005439698696136
0.1001458466053009
0.06990232318639755
0.07222520560026169
0.07531806826591492
0.1667318046092987
0.0699542686343193
0.0921468511223793
0.07502485066652298
0.07154127955436707
0.07656632363796234
0.10531651973724365
0.08984337002038956
0.11394283175468445
0.07443353533744812
0.07423119246959686
0.08024334162473679
0.19971305131912231
0.0696648582816124
0.1145787462592125
0.0748831108212471
0.07532697916030884
0.06877601891756058
0.07316065579652786
0.08519019931554794
0.06384608894586563
0.08904432505369186
0.08557592332363129
0.06750853359699249
0.10009991377592087
0.07332168519496918
0.08457900583744049
0.09926745295524597
0.06927981227636337
0.06497853994369507
0.07208878546953201
0.06343387812376022
0.0844627320766449
0.11126002669334412
0.09054291993379593
0.09575724601745605
0.0673464760184288
0.08614006638526917
0.06819228827953339
0.07670209556818008
0.08018477261066437
0.13675592839717865
0.06906629353761673
0.15699484944343567
0.08704227209091187
0.07502076029777527
0.16717419028282166
0.10329610109329224
0.07010312378406525
0.06969671696424484
0.0909937173128128
0.08162163197994232
0.08050048351287842
0.07263276726007462
0.07494296878576279
0.07652468234300613
0.14378538727760315
0.09021256864070892
0.08807370066642761
0.0703209787607193
0.08238446712493896
0.07860073447227478
0.08492746949195862
0.06982402503490448
0.07886724919080734
0.09029452502727509
0.07415834814310074
0.06665472686290741
0.07101991772651672
0.06819400936365128
0.06623195856809616
0.07031416147947311
0.07371053099632263
0.0744863897562027
0.11738595366477966
0.08468523621559143
0.06842834502458572
0.12241389602422714
0.1171589344739914
0.08899310976266861
0.07943820208311081
0.0738866776227951
0.07683420926332474
0.0877227634191513
0.07908077538013458
0.08925063163042068
0.09348606318235397
0.13624292612075806
0.07695645093917847
0.08092764019966125
0.08692523837089539
0.0712340772151947
0.08493292331695557
0.08194366097450256
0.06836274266242981
0.07454544305801392
0.09929271787405014
0.07397697865962982
0.09541161358356476
0.07254856079816818
0.0763993039727211
0.07125586271286011
0.0995236486196518
0.07902456820011139
0.06575660407543182
0.07199227809906006
0.07830356061458588
0.09701970964670181
0.09071984887123108
0.11099383980035782
0.26314154267311096
0.10040455311536789
0.07395507395267487
0.07201476395130157
0.07749872654676437
0.10250645875930786
0.1183435246348381
0.08163218200206757
0.07002440840005875
0.08062964677810669
0.07179258018732071
0.13874228298664093
0.08373464643955231
0.07013654708862305
0.10344944894313812
0.09131906926631927
0.06659074127674103
0.08648669719696045
0.08550245314836502
0.07905756682157516
0.08142004907131195
0.06996478140354156
0.07317014783620834
0.07279309630393982
0.0656585842370987
0.07597699761390686
0.07283322513103485
0.07624265551567078
0.07176224887371063
0.06463388353586197
0.06915964186191559
0.13710013031959534
0.06846518069505692
0.20638909935951233
0.07086561620235443
0.08336596935987473
0.07589959353208542
0.06517313420772552
0.16154979169368744
0.10790161788463593
0.06301917880773544
0.10706111043691635
0.06692803651094437
0.0634683296084404
0.1463143527507782
0.06949059665203094
0.07511168718338013
0.06939966231584549
0.1000165045261383
0.06630709022283554
0.08583568781614304
0.06572780013084412
0.09534808993339539
0.10978415608406067
0.08721181750297546
0.06754244863986969
0.06895849108695984
0.0742790549993515
0.0730976015329361
0.07773075252771378
0.07856957614421844
0.06739256531000137
0.12374521791934967
0.08761031925678253
0.062222208827733994
0.10740044713020325
0.06482459604740143
0.12106944620609283
0.08132453262805939
0.0891304463148117
0.12026996910572052
0.0720624029636383
0.09787426888942719
0.06784778833389282
0.12172897905111313
0.07638688385486603
0.10017599165439606
0.08572418987751007
0.0725092813372612
0.0805029571056366
0.06473559141159058
0.13522984087467194
0.07432921975851059
0.08652928471565247
0.07545672357082367
0.09360939264297485
0.07180614769458771
0.14046809077262878
0.07033634185791016
0.07235847413539886
0.07892899960279465
0.06817445158958435
0.08854201436042786
0.06965962797403336
0.141134113073349
0.0995674803853035
0.06816885620355606
0.06686581671237946
0.08211065083742142
0.08823391050100327
0.060313913971185684
0.06828848272562027
0.07276108115911484
0.06294749677181244
0.06732328981161118
0.06999021768569946
0.06740424036979675
0.0785333663225174
0.07825674116611481
0.07616405934095383
0.07657849788665771
0.12289977073669434
0.09257987886667252
0.08296455442905426
0.06667851656675339
0.08848308026790619
0.07278164476156235
0.08267759531736374
0.06838054209947586
0.09739747643470764
0.06257139891386032
0.09350333362817764
0.07146482914686203
0.08899413794279099
0.07564195245504379
0.07041653245687485
0.11442143470048904
0.06385669857263565
0.07341223210096359
0.06977175921201706
0.0749010518193245
0.06884115934371948
0.05893190950155258
0.06329638510942459
0.0627622902393341
0.06335652619600296
0.0803302675485611
0.14596480131149292
0.06874167919158936
0.07634089887142181
0.06451844424009323
0.06906953454017639
0.10008920729160309
0.08969888091087341
0.09806401282548904
0.07601307332515717
0.11479723453521729
0.10359524190425873
0.09988653659820557
0.07754111289978027
0.18107807636260986
0.09250344336032867
0.07342587411403656
0.06839948892593384
0.06260871887207031
0.08490929007530212
0.07321391999721527
0.06875944882631302
0.09737028181552887
0.10391400754451752
0.07387470453977585
0.08885093033313751
0.08957034349441528
0.07373501360416412
0.07259805500507355
0.0842566266655922
0.09634150564670563
0.09112494438886642
0.0676594227552414
0.08509743958711624
0.09184002876281738
0.07434944808483124
0.07749053090810776
0.07203687727451324
0.06956686079502106
0.06729254126548767
0.07075505703687668
0.06870289891958237
0.07354237884283066
0.06660338491201401
0.10403332114219666
0.14728187024593353
0.08596032857894897
0.0706929862499237
0.07208649069070816
0.06865837424993515
0.09922738373279572
0.1240367740392685
0.0881413072347641
0.06731180846691132
0.06565120816230774
0.13759073615074158
0.09340257942676544
0.06387608498334885
0.12781289219856262
0.21329984068870544
0.07469145953655243
0.06805700063705444
0.07737304270267487
0.11845144629478455
0.08284614980220795
0.08531340211629868
0.07758350670337677
0.0706176683306694
0.0707116574048996
0.06854619085788727
0.08513793349266052
0.09154757857322693
0.0677998960018158
0.09851561486721039
0.1092148870229721
0.09922129660844803
0.13654208183288574
0.09807151556015015
0.07659322768449783
0.07057185471057892
0.07071641832590103
0.07522411644458771
0.07375013828277588
0.07241459935903549
0.07021228224039078
0.10694001615047455
0.07443303614854813
0.08664602786302567
0.25843822956085205
0.08749037981033325
0.06891819834709167
0.07673054933547974
0.07247482240200043
0.08242383599281311
0.08129492402076721
0.0730360671877861
0.09827792644500732
0.07257547229528427
0.07905659079551697
0.09733758866786957
0.07694897055625916
0.0751320868730545
0.06998579204082489
0.07010366022586823
0.0773867517709732
0.07237059623003006
0.07361334562301636
0.08309055864810944
0.07200107723474503
0.06828829646110535
0.08413338661193848
0.08555406332015991
0.0632026419043541
0.1219680905342102
0.09733594954013824
0.07685796916484833
0.062068697065114975
0.12891189754009247
0.06687132269144058
0.09885016828775406
0.09664002060890198
0.11273422837257385
0.07302279770374298
0.07290657609701157
0.07447873055934906
0.0951806902885437
0.19671697914600372
0.07076733559370041
0.06746590882539749
0.11424915492534637
0.06905333697795868
0.15266770124435425
0.07370838522911072
0.07545935362577438
0.1133924052119255
0.06975845247507095
0.06790639460086823
0.07281974703073502
0.1136244609951973
0.07443049550056458
0.10944308340549469
0.06968173384666443
0.08295431733131409
0.07035888731479645
0.0768364816904068
0.07150092720985413
0.06805204600095749
0.08630885928869247
0.07439568638801575
0.08894244581460953
0.07145138084888458
0.06935913860797882
0.12538078427314758
0.06569219380617142
0.08728532493114471
0.13474345207214355
0.06468822062015533
0.07894060015678406
0.30374395847320557
0.09606489539146423
0.07922491431236267
0.06396416574716568
0.0668112188577652
0.07195468246936798
0.1002650335431099
0.09058182686567307
0.07903490960597992
0.11211290955543518
0.0764181911945343
0.07373522222042084
0.07871644198894501
0.08956503868103027
0.06296518445014954
0.08441252261400223
0.07467295229434967
0.07966568320989609
0.11619436740875244
0.1145797148346901
0.07793836295604706
0.08612411469221115
0.18437151610851288
0.09609609097242355
0.07159953564405441
0.07595474272966385
0.08088457584381104
0.09149830788373947
0.14227330684661865
0.1601233333349228
0.15229786932468414
0.07769028842449188
0.07815790176391602
0.09545136988162994
0.06367035955190659
0.11542756110429764
0.07218533754348755
0.07337716221809387
0.07602102309465408
0.11264664679765701
0.06902497261762619
0.06671392172574997
0.07292012870311737
0.0719170868396759
0.06806103140115738
0.07921378314495087
0.13628803193569183
0.0967586487531662
0.10083350539207458
0.11539551615715027
0.07427161186933517
0.06546109914779663
0.07007021456956863
0.06960850954055786
0.08398812264204025
0.07575783133506775
0.09352502971887589
0.07982852309942245
0.06975404918193817
0.06808172911405563
0.07046952098608017
0.07730604708194733
0.1848107874393463
0.07510004937648773
0.09573523700237274
0.09294816851615906
0.06881600618362427
0.08586034178733826
0.07084375619888306
0.06722364574670792
0.07100088894367218
0.06321509927511215
0.07958228141069412
0.073776975274086
0.10833210498094559
0.16779910027980804
0.06715141981840134
0.22054770588874817
0.06841998547315598
0.06747184693813324
0.0675140768289566
0.06475736945867538
0.08400701731443405
0.07518500089645386
0.0711359903216362
0.1274486929178238
0.08471838384866714
0.07256399840116501
0.07358111441135406
0.06981321424245834
0.08731897920370102
0.08299124240875244
0.09565797448158264
0.1028876081109047
0.06861655414104462
0.08219396322965622
0.0812300518155098
0.07108250260353088
0.11590160429477692
0.07828393578529358
0.08787751197814941
0.06755373626947403
0.06566973775625229
0.11534774303436279
0.0645306333899498
0.07375458627939224
0.06762181222438812
0.0663817897439003
0.15189622342586517
0.16676004230976105
0.09550873935222626
0.06113951653242111
0.11362731456756592
0.06659648567438126
0.06583930552005768
0.06680995225906372
0.0656806230545044
0.05978810787200928
0.06554333120584488
0.07157158851623535
0.09623799473047256
0.08150334656238556
0.08034787327051163
0.06599551439285278
0.08038119971752167
0.06741556525230408
0.06314055621623993
0.0743994191288948
0.14118357002735138
0.07402700185775757
0.10162340104579926
0.07852941751480103
0.0668392926454544
0.10870744287967682
0.07176744937896729
0.18212631344795227
0.06214090436697006
0.12645967304706573
0.07804907113313675
0.12657427787780762
0.1691276729106903
0.08305513113737106
0.08517253398895264
0.06811441481113434
0.06885290145874023
0.07273523509502411
0.07799147814512253
0.07973267138004303
0.08024704456329346
0.07843075692653656
0.08382560312747955
0.07417628169059753
0.09571048617362976
0.0889822244644165
0.07628988474607468
0.07017723470926285
0.0961352288722992
0.10421372950077057
0.08729936182498932
0.09506911784410477
0.06529642641544342
0.11244780570268631
0.06537186354398727
0.06544621288776398
0.08302482962608337
0.06863310188055038
0.07548195868730545
0.07725561410188675
0.0895318016409874
0.08302351087331772
0.0652315616607666
0.11731888353824615
0.11849169433116913
0.07135151326656342
0.10699006170034409
0.06994321197271347
0.14308731257915497
0.07749535143375397
0.14072634279727936
0.07912316173315048
0.06141228601336479
0.06728380918502808
0.0658721849322319
0.06805934011936188
0.07390043884515762
0.07742039859294891
0.06885770708322525
0.06209605559706688
0.06607024371623993
0.06793774664402008
0.0661049336194992
0.07136259973049164
0.06479750573635101
0.0929238349199295
0.07531686127185822
0.08003143221139908
0.07560952752828598
0.0697518140077591
0.06530643254518509
0.16072256863117218
0.0827677920460701
0.10597887635231018
0.07377247512340546
0.08778762072324753
0.0677579939365387
0.08056063205003738
0.0811663344502449
0.06991109251976013
0.07780516147613525
0.09578656405210495
0.06292354315519333
0.07798229902982712
0.09735855460166931
0.08344374597072601
0.06987979263067245
0.0718940794467926
0.09812219440937042
0.06648911535739899
0.09390532970428467
0.06750447303056717
0.07283814996480942
0.06673143804073334
0.07191731035709381
0.0662507489323616
0.06520766019821167
0.08262402564287186
0.06625410169363022
0.11383228003978729
0.09173248708248138
0.06676047295331955
0.07675860077142715
0.06523207575082779
0.07038207352161407
0.06379896402359009
0.07602798193693161
0.0878833532333374
0.0808066800236702
0.06111516058444977
0.09215816855430603
0.1005045473575592
0.07423073053359985
0.06599956005811691
0.09389810264110565
0.07305879890918732
0.07931426912546158
0.08024325966835022
0.0706300362944603
0.06354299932718277
0.07607901096343994
0.071770079433918
0.0985477864742279
0.09496723860502243
0.06990505009889603
0.08825365453958511
0.09300905466079712
0.09681546688079834
0.06792474538087845
0.06217430159449577
0.08274044096469879
0.0732613056898117
0.0647738054394722
0.06308187544345856
0.08784337341785431
0.20234368741512299
0.09716837853193283
0.0677955225110054
0.07720928639173508
0.07541278004646301
0.06678271293640137
0.07715344429016113
0.08339235931634903
0.07865346968173981
0.06611688435077667
0.10867141932249069
0.08163879811763763
0.09105391800403595
0.06995829939842224
0.07243400812149048
0.06594599038362503
0.06280113756656647
0.11405441164970398
0.0647849440574646
0.06739744544029236
0.09895557910203934
0.18519918620586395
0.13014407455921173
0.07040093839168549
0.0766361728310585
0.0777425467967987
0.09698913991451263
0.10422788560390472
0.066545270383358
0.08745380491018295
0.08576089143753052
0.08946621417999268
0.06648734956979752
0.09302176535129547
0.07498799264431
0.11478923261165619
0.08319804072380066
0.14469671249389648
0.08120837807655334
0.07344277948141098
0.07998266816139221
0.07575301080942154
0.08142057806253433
0.07564465701580048
0.06964291632175446
0.07530131191015244
0.07216870784759521
0.07706818729639053
0.06605593115091324
0.0698157325387001
0.09730898588895798
0.06578221172094345
0.06772314012050629
0.08276023715734482
0.0831202045083046
0.09890751540660858
0.0851975679397583
0.10882307589054108
0.1889021396636963
0.07110902667045593
0.07189425081014633
0.06774011999368668
0.0879548117518425
0.07315608114004135
0.08378128707408905
0.07454554736614227
0.06740419566631317
0.18622002005577087
0.08227081596851349
0.12607866525650024
0.08621525764465332
0.07360190153121948
0.0766603872179985
0.07947947084903717
0.06462179869413376
0.0717860609292984
0.06880016624927521
0.07194489985704422
0.07703236490488052
0.06950844079256058
0.06951400637626648
0.060830261558294296
0.09282906353473663
0.0756368488073349
0.07261604815721512
0.07158903777599335
0.09117932617664337
0.08761131018400192
0.06405868381261826
0.06987480074167252
0.10870319604873657
0.189796581864357
0.08679001778364182
0.09158698469400406
0.07976824045181274
0.07688421756029129
0.07506085932254791
0.11562660336494446
0.16450610756874084
0.06788826733827591
0.07282581180334091
0.06389403343200684
0.07893064618110657
0.074619360268116
0.06807231158018112
0.13114526867866516
0.07977104187011719
0.07942592352628708
0.09200356900691986
0.10022738575935364
0.07835669815540314
0.0730232372879982
0.08334790170192719
0.06762349605560303
0.09587198495864868
0.0887267142534256
0.07988422363996506
0.06856594979763031
0.06424329429864883
0.06783906370401382
0.07531028985977173
0.06931803375482559
0.07607759535312653
0.0734400823712349
0.09506265819072723
0.06534002721309662
0.08173785358667374
0.07546211779117584
0.08279682695865631
0.34114816784858704
0.07889772951602936
0.09423232823610306
0.08388490974903107
0.06331200897693634
0.07798981666564941
0.07275598496198654
0.06859083473682404
0.06181442365050316
0.06608638167381287
0.07710812240839005
0.08314014971256256
0.06448452174663544
0.08466088771820068
0.08530387282371521
0.0907239317893982
0.08519916236400604
0.07995801419019699
0.07867241650819778
0.06403972953557968
0.06934481114149094
0.07193450629711151
0.09670720994472504
0.08561278879642487
0.12154527753591537
0.07491623610258102
0.0733579620718956
0.08386623859405518
0.09476316720247269
0.07233201712369919
0.07747311145067215
0.0724724605679512
0.10166725516319275
0.0719042643904686
0.06565642356872559
0.07196424901485443
0.09343153983354568
0.11075218766927719
0.06718312948942184
0.06754749268293381
0.09953249990940094
0.07297327369451523
0.06359139084815979
0.09276587516069412
0.08132360130548477
0.07435543835163116
0.06391143798828125
0.07697305828332901
0.0793640986084938
0.07798802852630615
0.08173727989196777
0.07691241055727005
0.07453376054763794
0.07336209714412689
0.07083265483379364
0.07105069607496262
0.06373746693134308
0.10802724957466125
0.06867095828056335
0.07498799264431
0.07159870862960815
0.06217603012919426
0.08585067838430405
0.08493141084909439
0.08180505037307739
0.0606633797287941
0.08738376200199127
0.0733889490365982
0.06478467583656311
0.12515580654144287
0.07129567861557007
0.0669071301817894
0.07012730836868286
0.09420274198055267
0.0723111480474472
0.07340262830257416
0.07256112992763519
0.07387401908636093
0.16767358779907227
0.06151460111141205
0.06661377102136612
0.08060096204280853
0.0750545859336853
0.07733241468667984
0.06648990511894226
0.07022884488105774
0.06467941403388977
0.06889116764068604
0.0660078227519989
0.09093201160430908
0.08127666264772415
0.07401423901319504
0.07148483395576477
0.08049070835113525
0.08726482093334198
0.06581103801727295
0.06327920407056808
0.06971034407615662
0.06602367758750916
0.08173428475856781
0.07600999623537064
0.0693502128124237
0.06149226799607277
0.06767505407333374
0.0672166645526886
0.06453420221805573
0.06702928990125656
0.0951332300901413
0.06956701725721359
0.0741095095872879
0.06688562780618668
0.08299744129180908
0.07458639144897461
0.09187710285186768
0.07536618411540985
0.08156277984380722
0.06187593936920166
0.0777830109000206
0.0768355056643486
0.0688040554523468
0.06750624626874924
0.07994948327541351
0.08703833073377609
0.06410457193851471
0.07709953188896179
0.06297916918992996
0.0730680599808693
0.06525759398937225
0.06808311492204666
0.0673142522573471
0.07155610620975494
0.1956997513771057
0.06352104246616364
0.06959065049886703
0.12976330518722534
0.06322522461414337
0.06763271242380142
0.06498996913433075
0.08633411675691605
0.06725271046161652
0.1317165493965149
0.06743174046278
0.12144037336111069
0.06278891116380692
0.0710226520895958
0.06899069994688034
0.06366182118654251
0.07775730639696121
0.05920188128948212
0.06675504148006439
0.05895545333623886
0.07038826495409012
0.06434188783168793
0.07766752690076828
0.07280378043651581
0.05952218547463417
0.10060770809650421
0.09006151556968689
0.07012879103422165
0.06814006716012955
0.14404454827308655
0.06497712433338165
0.07231159508228302
0.07301200181245804
0.0746752917766571
0.07251183688640594
0.1013614758849144
0.08317616581916809
0.06362785398960114
0.0630095824599266
0.09564665704965591
0.06702257692813873
0.061876676976680756
0.16720056533813477
0.08928108215332031
0.08753351122140884
0.09617222845554352
0.07025989890098572
0.07486788928508759
0.07218320667743683
0.08533230423927307
0.08281771838665009
0.17063573002815247
0.11910288035869598
0.07350410521030426
0.06985271722078323
0.1722211092710495
0.12126508355140686
0.0796952098608017
0.07128022611141205
0.09100767970085144
0.068654365837574
0.07437089085578918
0.07114836573600769
0.06815259158611298
0.09633776545524597
0.06875075399875641
0.11653130501508713
0.09085208177566528
0.060855332762002945
0.11329613626003265
0.07116352766752243
0.06663165241479874
0.13341623544692993
0.07913185656070709
0.09003253281116486
0.08564173430204391
0.07646623253822327
0.1047450378537178
0.08409832417964935
0.06362028419971466
0.06619863957166672
0.06831461191177368
0.08735924959182739
0.09954753518104553
0.06930322200059891
0.07664331793785095
0.07070987671613693
0.07957565784454346
0.06778423488140106
0.06600496172904968
0.06561920791864395
0.06859049946069717
0.07286876440048218
0.06475182622671127
0.06862377375364304
0.06428772956132889
0.10499808192253113
0.061597105115652084
0.06664054095745087
0.0852918028831482
0.0770290419459343
0.0618540421128273
0.06841446459293365
0.08864493668079376
0.0771622285246849
0.12457923591136932
0.10865907371044159
0.05923045426607132
0.06766707450151443
0.09937576949596405
0.07359027862548828
0.07273298501968384
0.07336213439702988
0.07227729260921478
0.0691693052649498
0.07638905942440033
0.07139698415994644
0.07021556049585342
0.07754538953304291
0.16658031940460205
0.06801419705152512
0.09707267582416534
0.07417409867048264
0.06748101115226746
0.06315205991268158
0.11096934974193573
0.06653198599815369
0.08496809005737305
0.08114371448755264
0.07517169415950775
0.0942976251244545
0.0797886848449707
0.1443656086921692
0.06440462172031403
0.07717767357826233
0.06536895036697388
0.06972801685333252
0.09511376917362213
0.0848337933421135
0.0738648772239685
0.06966009736061096
0.0643458291888237
0.09226308017969131
0.06336621195077896
0.07859932631254196
0.06120575591921806
0.06803641468286514
0.06579709053039551
0.07691267877817154
0.07778870314359665
0.08651743829250336
0.06874103099107742
0.06915679574012756
0.17523375153541565
0.07653431594371796
0.0748196616768837
0.1034076064825058
0.0655965507030487
0.09259650111198425
0.0689534991979599
0.08261870592832565
0.0749320313334465
0.08659029752016068
0.07445497065782547
0.061711207032203674
0.06167929619550705
0.08135060966014862
0.07229955494403839
0.06638646870851517
0.06559079140424728
0.0771636813879013
0.0674273818731308
0.06797736883163452
0.07951146364212036
0.11319506168365479
0.07032892853021622
0.06033390387892723
0.06070121377706528
0.06135191023349762
0.06382588297128677
0.06069653853774071
0.061212699860334396
0.07599291950464249
0.07585130631923676
0.06364625692367554
0.06166998669505119
0.06678272783756256
0.11854483187198639
0.07876564562320709
0.06606198847293854
0.06236560642719269
0.06668395549058914
0.0757116973400116
0.05986902862787247
0.08904887735843658
0.10796044021844864
0.06524468958377838
0.06640685349702835
0.08057743310928345
0.06950528919696808
0.08214929699897766
0.06385035812854767
0.07730650901794434
0.06224958598613739
0.07814715802669525
0.06761258095502853
0.09222126752138138
0.0766330361366272
0.07774683833122253
0.11567780375480652
0.10621920228004456
0.06788820028305054
0.06960429251194
0.09085758775472641
0.07745252549648285
0.12122976779937744
0.13725751638412476
0.07244862616062164
0.07687347382307053
0.06464787572622299
0.07255659997463226
0.07319056987762451
0.06234458461403847
0.058057039976119995
0.06772175431251526
0.07842469215393066
0.1145944595336914
0.0648759976029396
0.07276101410388947
0.07971969246864319
0.07931353151798248
0.11676235496997833
0.09405101835727692
0.07423478364944458
0.0775807648897171
0.09095726907253265
0.069121353328228
0.12059612572193146
0.06328807026147842
0.07482361793518066
0.065737783908844
0.07389920204877853
0.06880458444356918
0.08451590687036514
0.0703992024064064
0.09227105975151062
0.06718843430280685
0.07655693590641022
0.0631248727440834
0.06637600064277649
0.10298774391412735
0.09290197491645813
0.06399958580732346
0.0697731077671051
0.06445934623479843
0.07624717056751251
0.09126143157482147
0.0694895014166832
0.06259986013174057
0.06497090309858322
0.07759574055671692
0.10389633476734161
0.06917035579681396
0.06598547846078873
0.07009454816579819
0.06699027866125107
0.06599278748035431
0.0626755803823471
0.06537248194217682
0.1376711130142212
0.08994147181510925
0.07060584425926208
0.09549971669912338
0.2758326530456543
0.10475869476795197
0.07392378151416779
0.06421977281570435
0.06307324767112732
0.08415015041828156
0.07198354601860046
0.07427538931369781
0.06420940160751343
0.06241477653384209
0.06690225750207901
0.06645315885543823
0.07451459765434265
0.06260894984006882
0.09752880781888962
0.09912768006324768
0.07379733771085739
0.08595317602157593
0.070333331823349
0.08732229471206665
0.08237409591674805
0.09081525355577469
0.06659232079982758
0.06497718393802643
0.0652538388967514
0.07868222147226334
0.08019648492336273
0.09693172574043274
0.0721413642168045
0.12480360269546509
0.06505865603685379
0.07622206211090088
0.062738336622715
0.07245418429374695
0.19465258717536926
0.07122121006250381
0.077403225004673
0.06622221320867538
0.06590336561203003
0.07520078122615814
0.07502897828817368
0.10283814370632172
0.17835970222949982
0.06465501338243484
0.06755594909191132
0.06350148469209671
0.0748194009065628
0.0842127799987793
0.07454024255275726
0.06423106789588928
0.07300791144371033
0.0665692687034607
0.07830852270126343
0.08100131154060364
0.07531198114156723
0.08203761279582977
0.08010876178741455
0.12255389243364334
0.0659973993897438
0.06847679615020752
0.06036732345819473
0.189559206366539
0.06848865002393723
0.06657002866268158
0.07300735265016556
0.06754884123802185
0.08009938895702362
0.06843786686658859
0.08345448225736618
0.06487853080034256
0.06495615839958191
0.0713222324848175
0.07978947460651398
0.06825152039527893
0.08179959654808044
0.09737172722816467
0.13242404162883759
0.06912853568792343
0.10151715576648712
0.0639047920703888
0.10746331512928009
0.07411612570285797
0.06557731330394745
0.0673137754201889
0.07438282668590546
0.062244974076747894
0.08686329424381256
0.08221732825040817
0.08910681307315826
0.06207256391644478
0.0699513778090477
0.07259021699428558
0.08797550201416016
0.06584131717681885
0.07862520217895508
0.0684368833899498
0.07697033882141113
0.06107380986213684
0.06942083686590195
0.07990271598100662
0.09953530132770538
0.07003264129161835
0.05865900218486786
0.10181370377540588
0.12771838903427124
0.08770164847373962
0.1316593438386917
0.06829289346933365
0.06444185972213745
0.06029406189918518
0.07966563105583191
0.08122007548809052
0.08042648434638977
0.08013182878494263
0.09453221410512924
0.07333030551671982
0.07347822934389114
0.06663961708545685
0.11883649975061417
0.06848285347223282
0.10940995812416077
0.073723204433918
0.06933939456939697
0.08916023373603821
0.07120488584041595
0.06322784721851349
0.11505462229251862
0.06142424792051315
0.07196652889251709
0.07833786308765411
0.06315097957849503
0.09665431082248688
0.06628493964672089
0.06702262163162231
0.08187699317932129
0.07106329500675201
0.07758793234825134
0.06668999791145325
0.06548640131950378
0.07987897843122482
0.06176402047276497
0.06806079298257828
0.06476479768753052
0.11148574203252792
0.06887026131153107
0.08922770619392395
0.06643573939800262
0.07281340658664703
0.10041236877441406
0.061398476362228394
0.07430402934551239
0.060667045414447784
0.06365520507097244
0.062433406710624695
0.06670435518026352
0.07498449832201004
0.06865984201431274
0.1051916629076004
0.0791010633111
0.06958900392055511
0.06239022687077522
0.07815206795930862
0.1004023551940918
0.07782735675573349
0.08139944076538086
0.06183925271034241
0.07626181095838547
0.06882533431053162
0.08796004951000214
0.08689987659454346
0.24826325476169586
0.07249343395233154
0.0745941698551178
0.09328828006982803
0.06232970580458641
0.06637769192457199
0.06624065339565277
0.10093121230602264
0.05994034558534622
0.08300674706697464
0.07185835391283035
0.06502078473567963
0.07585683465003967
0.07919992506504059
0.06524528563022614
0.06300688534975052
0.07044465839862823
0.06964339315891266
0.06652475148439407
0.07478602230548859
0.08947888016700745
0.08425091207027435
0.06386516243219376
0.07488267123699188
0.09308867156505585
0.13274025917053223
0.06928076595067978
0.07254044711589813
0.06648736447095871
0.075039803981781
0.06732356548309326
0.07095183432102203
0.07131969183683395
0.08633315563201904
0.07135818153619766
0.06774850189685822
0.0659552589058876
0.11707571148872375
0.06558647006750107
0.1126011535525322
0.08874429762363434
0.08712667226791382
0.10234963893890381
0.10839074105024338
0.0635501965880394
0.0738527849316597
0.07263817638158798
0.08262383937835693
0.08445911854505539
0.12655571103096008
0.08539481461048126
0.09170005470514297
0.07903570681810379
0.06727732717990875
0.1394275724887848
0.06406436860561371
0.08607620000839233
0.07553230971097946
0.07255960255861282
0.1142471581697464
0.07735744118690491
0.07941184937953949
0.06761160492897034
0.10616309940814972
0.07031252235174179
0.16997112333774567
0.08472141623497009
0.07866401970386505
0.06453374773263931
0.0743115246295929
0.08325497061014175
0.07929138094186783
0.09222964942455292
0.11311495304107666
0.07366929948329926
0.0679752454161644
0.08835679292678833
0.07556156814098358
0.08165204524993896
0.07410818338394165
0.06423152983188629
0.06938987225294113
0.09002919495105743
0.06378554552793503
0.1009470522403717
0.0760837122797966
0.08375953882932663
0.07206308096647263
0.07565160095691681
0.07139206677675247
0.06821151077747345
0.06868168711662292
0.07811950147151947
0.09209795296192169
0.07766389846801758
0.07855444401502609
0.0770784243941307
0.10140523314476013
0.12312765419483185
0.09719288349151611
0.06885622441768646
0.10395592451095581
0.06833716481924057
0.07014390826225281
0.09395640343427658
0.10716720670461655
0.07416322082281113
0.08631354570388794
0.0639571100473404
0.0902525931596756
0.06763371080160141
0.10388238728046417
0.06563526391983032
0.07218699157238007
0.06551792472600937
0.07932396233081818
0.07817984372377396
0.07457894831895828
0.06402454525232315
0.08372669667005539
0.1175689846277237
0.06773823499679565
0.06979729980230331
0.1132165789604187
0.06917579472064972
0.09146283566951752
0.08664102852344513
0.08014263957738876
0.09498773515224457
0.0829426646232605
0.07014746963977814
0.06950069218873978
0.06575944274663925
0.10524870455265045
0.07750608026981354
0.07434448599815369
0.09183677285909653
0.08567368984222412
0.06818860024213791
0.10127776861190796
0.08656677603721619
0.06678341329097748
0.06708956509828568
0.08262914419174194
0.0901939645409584
0.0803816169500351
0.07679919898509979
0.0692221000790596
0.0660327896475792
0.0780813917517662
0.08381219953298569
0.07661274075508118
0.06798165291547775
0.06579267233610153
0.06202234327793121
0.06358549743890762
0.08977730572223663
0.058194078505039215
0.0882822722196579
0.0945114940404892
0.07600563764572144
0.07108824700117111
0.07097047567367554
0.061860278248786926
0.06442847102880478
0.06124873459339142
0.09243883192539215
0.10885201394557953
0.06547533720731735
0.10948550701141357
0.06219043210148811
0.07495516538619995
0.10612060129642487
0.09784762561321259
0.07003351300954819
0.1042010486125946
0.05952905863523483
0.05971997603774071
0.06889547407627106
0.09429769963026047
0.08976200968027115
0.05969342961907387
0.06817398220300674
0.07325858622789383
0.06807907670736313
0.07373511046171188
0.08686105906963348
0.07111580669879913
0.06646271049976349
0.0868234932422638
0.06061222404241562
0.06692394614219666
0.06544391065835953
0.07369828224182129
0.07442937046289444
0.06407671421766281
0.06383108347654343
0.07769086211919785
0.05981965363025665
0.07730814814567566
0.06510365754365921
0.0691709890961647
0.08391422778367996
0.06122396141290665
0.06615911424160004
0.06890818476676941
0.0721820592880249
0.09064321219921112
0.09337793290615082
0.08834891766309738
0.07161016017198563
0.07428212463855743
0.09181861579418182
0.07146676629781723
0.10491632670164108
0.0757468193769455
0.06802546232938766
0.0695539191365242
0.0986609011888504
0.06592098623514175
0.06449053436517715
0.07889507710933685
0.06749100983142853
0.07420818507671356
0.06162218749523163
0.06274382770061493
0.06554079800844193
0.0683225691318512
0.12109294533729553
0.07837390899658203
0.08817430585622787
0.07236145436763763
0.06395532935857773
0.10492637753486633
0.08103835582733154
0.1253553330898285
0.07725988328456879
0.08097346127033234
0.0719437226653099
0.06810750812292099
0.15887489914894104
0.06442655622959137
0.06875117123126984
0.06490688771009445
0.0661698579788208
0.10796313732862473
0.09906844049692154
0.0675472840666771
0.08723919093608856
0.08358563482761383
0.07595418393611908
0.0823831707239151
0.08896707743406296
0.06406910717487335
0.0761079490184784
0.08275062590837479
0.06182735413312912
0.07510579377412796
0.06490935385227203
0.13222195208072662
0.07007676362991333
0.07779663801193237
0.0625084787607193
0.06737607717514038
0.12935929000377655
0.09202450513839722
0.06383172422647476
0.14837926626205444
0.12614008784294128
0.08366642892360687
0.07651820033788681
0.08006113767623901
0.13732978701591492
0.06953714787960052
0.0690963938832283
0.07139138877391815
0.0690581277012825
0.08143191039562225
0.10017910599708557
0.09398145228624344
0.0656929463148117
0.0916447639465332
0.06095106899738312
0.1022382378578186
0.07330826669931412
0.06768587231636047
0.06788897514343262
0.06392419338226318
0.06910856813192368
0.06414999812841415
0.05885173752903938
0.07532400637865067
0.062381476163864136
0.10649772733449936
0.06450904160737991
0.08185890316963196
0.054585736244916916
0.1247633546590805
0.060451701283454895
0.0771264061331749
0.11508046835660934
0.07613475620746613
0.06249310076236725
0.13322438299655914
0.1251918375492096
0.08086200803518295
0.06488540768623352
0.08544643968343735
0.06715315580368042
0.06591232866048813
0.07077301293611526
0.0648123174905777
0.062495190650224686
0.07391230762004852
0.07811961323022842
0.06487815827131271
0.058151278644800186
0.06753870844841003
0.08369080722332001
0.06610763818025589
0.0618918314576149
0.08052116632461548
0.06307283043861389
0.06624959409236908
0.07162554562091827
0.06718334555625916
0.10596069693565369
0.08849027752876282
0.06410346180200577
0.11292866617441177
0.06419206410646439
0.09009008854627609
0.06219515949487686
0.06850510835647583
0.09960046410560608
0.08052635937929153
0.06969620287418365
0.07046928256750107
0.08351922035217285
0.0855153352022171
0.08925226330757141
0.10386477410793304
0.07649526745080948
0.06813505291938782
0.07996003329753876
0.10222133994102478
0.07599906623363495
0.07543385028839111
0.08331272751092911
0.07328920811414719
0.08925944566726685
0.06200588867068291
0.07012566179037094
0.09421759843826294
0.07013091444969177
0.06308465451002121
0.06655732542276382
0.10930843651294708
0.1783352643251419
0.1556500345468521
0.07463729381561279
0.06636450439691544
0.21801623702049255
0.07518569380044937
0.07391742616891861
0.07511409372091293
0.06835553050041199
0.07666009664535522
0.06935936957597733
0.07680302113294601
0.06804350763559341
0.07385110855102539
0.06862755119800568
0.07371236383914948
0.10938127338886261
0.0684574693441391
0.09357324242591858
0.06200551986694336
0.058441754430532455
0.06670551747083664
0.07405390590429306
0.06945072114467621
0.09824638068675995
0.06124333292245865
0.06832116097211838
0.1188267171382904
0.06626708060503006
0.06882872432470322
0.06587807834148407
0.0843454897403717
0.06300001591444016
0.0806887298822403
0.06424261629581451
0.07020708918571472
0.0754946917295456
0.09933781623840332
0.07047855854034424
0.08278488367795944
0.06381164491176605
0.06439464539289474
0.07862016558647156
0.08393698930740356
0.07565924525260925
0.07309386879205704
0.06885115057229996
0.09657174348831177
0.095198854804039
0.0735747441649437
0.059117577970027924
0.17279300093650818
0.09627699851989746
0.06710147857666016
0.07288626581430435
0.05844053626060486
0.13023078441619873
0.0635792538523674
0.06678478419780731
0.0733984038233757
0.06390818953514099
0.06724737584590912
0.09496136009693146
0.06642566621303558
0.06784655153751373
0.0721036046743393
0.07040885835886002
0.06348811089992523
0.08841367065906525
0.07400378584861755
0.07190929353237152
0.06447748094797134
0.060914941132068634
0.4820981025695801
0.07070320099592209
0.06437727808952332
0.06566185504198074
0.08731414377689362
0.06827137619256973
0.1474025547504425
0.05725359544157982
0.06361831724643707
0.062419116497039795
0.10886490345001221
0.06342481076717377
0.06610206514596939
0.08531593531370163
0.05936308205127716
0.08672039955854416
0.06405344605445862
0.0724480077624321
0.08700644969940186
0.13950669765472412
0.06574396044015884
0.07109083980321884
0.06193605810403824
0.06617723405361176
0.07453527301549911
0.06851926445960999
0.061857130378484726
0.094129778444767
0.07670921087265015
0.05971604958176613
0.06527549773454666
0.0667857974767685
0.06628942489624023
0.1324758380651474
0.09330461174249649
0.06561689078807831
0.08474990725517273
0.06994421780109406
0.12790124118328094
0.06234855577349663
0.08933417499065399
0.07147442549467087
0.0800359696149826
0.10960888117551804
0.06264358013868332
0.07993015646934509
0.0694245845079422
0.08064395189285278
0.10184906423091888
0.07958205044269562
0.07575643062591553
0.08393336832523346
0.10028711706399918
0.07670795917510986
0.0683840960264206
0.06400501728057861
0.08003081381320953
0.0787530392408371
0.12413397431373596
0.07096166908740997
0.07165175676345825
0.07448574900627136
0.06710561364889145
0.06735144555568695
0.11619432270526886
0.06936827301979065
0.12526899576187134
0.12133380770683289
0.07032669335603714
0.0810924768447876
0.07362931966781616
0.10915926098823547
0.06478381156921387
0.07743153721094131
0.06978512555360794
0.06819692254066467
0.0648200511932373
0.07176782935857773
0.07023964822292328
0.06790715456008911
0.06175350397825241
0.07232480496168137
0.06887034326791763
0.08706249296665192
0.0809984877705574
0.08962209522724152
0.06569059938192368
0.11547291278839111
0.08440349996089935
0.09039077162742615
0.09139545261859894
0.07308224588632584
0.09461526572704315
0.09992772340774536
0.10255876183509827
0.08617838472127914
0.14809954166412354
0.0704917311668396
0.07209895551204681
0.06995798647403717
0.07269600033760071
0.11379935592412949
0.06925827264785767
0.10648082196712494
0.06997142732143402
0.09707118570804596
0.07292812317609787
0.08847904205322266
0.06303223967552185
0.06594665348529816
0.06777680665254593
0.07444367557764053
0.07911061495542526
0.06636839359998703
0.0716877281665802
0.07171694189310074
0.08293864876031876
0.06330724060535431
0.06686138361692429
0.067173071205616
0.06971824914216995
0.06108514219522476
0.07974123954772949
0.08552482724189758
0.08819064497947693
0.0630495473742485
0.11988770961761475
0.19543613493442535
0.0807105079293251
0.07481227815151215
0.06677936762571335
0.064512237906456
0.06225282698869705
0.07954930514097214
0.06635062396526337
0.0668368935585022
0.07855232059955597
0.14051565527915955
0.06411230564117432
0.10549852252006531
0.07915564626455307
0.06037835776805878
0.06771959364414215
0.08549255132675171
0.07412127405405045
0.062443722039461136
0.07736442983150482
0.06265139579772949
0.10603591799736023
0.06761758029460907
0.0909365713596344
0.07824034988880157
0.06560396403074265
0.08827108144760132
0.0659700483083725
0.06787440925836563
0.06570795923471451
0.06343521177768707
0.13594916462898254
0.06411349028348923
0.07206279039382935
0.0930476039648056
0.06410498172044754
0.08290347456932068
0.06697128713130951
0.06929746270179749
0.06584068387746811
0.06568040698766708
0.09087146818637848
0.12098334729671478
0.06506795436143875
0.060830436646938324
0.08164776116609573
0.06551869213581085
0.08555810153484344
0.1188221350312233
0.07661823183298111
0.0754583477973938
0.08707334846258163
0.06822056323289871
0.08035013824701309
0.08526930212974548
0.06319603323936462
0.06685689091682434
0.07563172280788422
0.09407687187194824
0.06073511391878128
0.07240830361843109
0.07527667284011841
0.07115192711353302
0.0868230015039444
0.07060731947422028
0.06670349836349487
0.0658496618270874
0.0697547197341919
0.1042061373591423
0.06611339002847672
0.07071670889854431
0.07218579202890396
0.09587559849023819
0.11847656965255737
0.07500271499156952
0.07125191390514374
0.08739706873893738
0.06303157657384872
0.09902890026569366
0.07471544295549393
0.0665183961391449
0.1175156980752945
0.0770324319601059
0.06203396990895271
0.07165920734405518
0.14131084084510803
0.06312377005815506
0.07947655022144318
0.06271059066057205
0.06553731858730316
0.05829593911767006
0.07092393934726715
0.066895991563797
0.06390585750341415
0.06305885314941406
0.06766655296087265
0.089987613260746
0.07841290533542633
0.07083728909492493
0.0751897543668747
0.07921641319990158
0.06359824538230896
0.06560125946998596
0.10282037407159805
0.05815321207046509
0.07051574438810349
0.059634167701005936
0.08605967462062836
0.0710754543542862
0.06641095876693726
0.09016498923301697
0.062410663813352585
0.07234126329421997
0.06827963888645172
0.06259375810623169
0.07423141598701477
0.07243411242961884
0.097447969019413
0.09903259575366974
0.061036333441734314
0.07246606051921844
0.06640525907278061
0.07583552598953247
0.07270019501447678
0.06599266827106476
0.07202288508415222
0.09564007818698883
0.06693532317876816
0.06172175332903862
0.07901107519865036
0.10628406703472137
0.06438708305358887
0.08646870404481888
0.06831900775432587
0.08206391334533691
0.11984865367412567
0.06081528961658478
0.08616366982460022
0.0823102667927742
0.0747673287987709
0.06290093809366226
0.08805286884307861
0.06949115544557571
0.0689004436135292
0.07367175072431564
0.13065946102142334
0.08265796303749084
0.13874435424804688
0.08266597986221313
0.059306129813194275
0.0963112935423851
0.09645773470401764
0.10732733458280563
0.07029452919960022
0.08919211477041245
0.13389752805233002
0.0764084979891777
0.0746702179312706
0.07030653208494186
0.07191486656665802
0.08718625456094742
0.06752406060695648
0.09425480663776398
0.07145504653453827
0.0725054070353508
0.06047451123595238
0.07954496890306473
0.11841406673192978
0.07676222920417786
0.07008196413516998
0.06565269082784653
0.08676956593990326
0.07357976585626602
0.06475988030433655
0.07329004257917404
0.061202723532915115
0.07313916087150574
0.06315440684556961
0.06594933569431305
0.13071604073047638
0.10630810260772705
0.07150092720985413
0.12518788874149323
0.08211938291788101
0.0801316648721695
0.09045464545488358
0.06810439378023148
0.07983789592981339
0.07634523510932922
0.06666000187397003
0.06491399556398392
0.09253478050231934
0.06668342649936676
0.06828723102807999
0.14525729417800903
0.06998468190431595
0.07148830592632294
0.06234300881624222
0.06428404152393341
0.06821128726005554
0.08016623556613922
0.07192203402519226
0.07713098078966141
0.14742597937583923
0.11137165874242783
0.08029957115650177
0.08845920860767365
0.06511597335338593
0.07285750657320023
0.08529707789421082
0.06636979430913925
0.12332719564437866
0.0690891444683075
0.07813312113285065
0.06496281921863556
0.07455448806285858
0.07778141647577286
0.08551359176635742
0.09191502630710602
0.10715312510728836
0.06898286938667297
0.07934941351413727
0.06814493983983994
0.07922305166721344
0.07520971447229385
0.06840808689594269
0.06880311667919159
0.06510385870933533
0.06685468554496765
0.061220213770866394
0.0805911123752594
0.07108713686466217
0.07023575901985168
0.06867272406816483
0.07039915770292282
0.12827029824256897
0.07306528836488724
0.06349243968725204
0.10759830474853516
0.09697411954402924
0.06210828572511673
0.06683576852083206
0.08203128725290298
0.060689959675073624
0.06615487486124039
0.09032413363456726
0.0648748129606247
0.061985958367586136
0.0647004023194313
0.09781849384307861
0.08031997084617615
0.06643026322126389
0.06054604426026344
0.16064071655273438
0.08088507503271103
0.07038817554712296
0.0628015547990799
0.10202568024396896
0.07766024768352509
0.159929558634758
0.08830958604812622
0.06735754013061523
0.09174397587776184
0.06814822554588318
0.07400467246770859
0.07946674525737762
0.08796505630016327
0.06835789978504181
0.08796803653240204
0.07494927942752838
0.06736671179533005
0.07019398361444473
0.06764091551303864
