0.41213333383202555
0.43573333382606505
0.4656000010669231
0.5025333341956139
0.5218666671216488
0.5474666711688042
0.5557333332300186
0.5784000018239022
0.5689333349466323
0.583733336031437
0.6008000028133392
0.5957333344221115
0.6121333339810371
0.6168000036478043
0.6284000000357628
0.6261333352327347
0.625733335018158
0.6282666671276093
0.6336000001430512
0.6313333329558373
0.6224000033736229
0.6312000003457069
0.6446666646003724
0.6441333305835724
0.6525333353877067
0.6653333315253258
0.6381333324313164
0.6529333338141441
0.6680000010132789
0.6673333323001862
0.6605333322286606
0.670133332312107
0.6693333336710929
0.6654666700959205
0.6640000021457673
0.672800001502037
0.6805333334207535
0.6622666692733765
0.654533334672451
0.6694666650891304
0.6690666681528091
0.6726666676998139
0.6650666695833206
0.6813333368301392
0.6829333311319351
0.6737333339452743
0.6969333365559578
0.6893333324790001
0.683333331644535
0.701200000345707
0.6848000022768974
0.6899999997019768
0.6982666680216789
0.708400000333786
0.6997333344817162
0.7021333330869675
0.7143999990820885
0.6922666677832603
0.7097333335876465
0.7057333350181579
0.7081333339214325
0.7049333360791207
0.6978666669130326
0.6802666655182839
0.7124000012874603
0.6941333347558976
0.7076000010967255
0.7052000004053116
0.6996000030636788
0.7058666679263115
0.695466665327549
0.7261333334445953
0.709733335673809
0.720666669011116
0.7206666678190231
0.7137333363294601
0.716800000667572
0.7188000029325485
0.7235999989509583
0.7084000006318092
0.7261333352327347
0.7152000030875206
0.7230666679143906
0.7248000034689903
0.7108000013232231
0.7301333311200142
0.7157333338260651
0.7254666683077812
0.7258666673302651
0.7197333294153213
0.720133336186409
0.739200000166893
0.7245333334803581
0.7182666662335396
0.7390666681528092
0.7401333332061768
0.7177333307266235
0.730400002002716
0.7230666679143906
0.7267999994754791
0.7275999990105629
0.7290666699409485
0.7318666642904281
0.737599999010563
0.7460000032186508
0.7460000014305115
0.7430666688084603
0.7222666671872139
0.7300000005960464
0.7546666687726975
0.7321333360671997
0.7329333347082138
0.7433333358168602
0.7382666692137718
0.7400000017881393
0.7318666708469391
0.7444000020623207
0.7354666638374329
0.7370666691660881
0.7396000027656555
0.7417333364486695
0.7478666684031486
0.7517333373427391
0.7422666668891906
0.7556000012159347
0.7516000020503998
0.7422666695713996
0.7404000023007393
0.7495999985933304
0.745599998831749
0.7478666675090789
0.7513333350419998
0.7573333373665809
0.732933335006237
0.7518666651844979
0.7533333331346512
0.7511999988555909
0.7510666644573212
0.7572000035643578
0.7501333349943161
0.7503999987244606
0.7445333352684975
0.7605333364009857
0.744666668176651
0.7460000017285346
0.7540000033378601
0.7614666706323624
0.7565333360433578
0.7508000004291534
0.7681333339214325
0.751866665482521
0.7636000037193298
0.7688000011444092
0.7597333353757858
0.7727999997138977
0.7628000032901764
0.7724000000953675
0.7598666656017303
0.7625333321094513
0.7610666653513909
0.7606666651368141
0.7541333377361298
0.7590666699409485
0.7556000018119812
0.7794666683673859
0.7676000010967254
0.7582666677236557
0.7697333341836929
0.7824000030755996
0.7577333346009254
0.77
0.7681333339214325
0.7429333341121673
0.7555999994277954
0.7712000015377999
0.7567999988794327
0.7696000021696091
0.7557333332300186
0.7754666668176651
0.7761333340406418
0.7567999988794327
0.755466668009758
0.7698666667938232
0.7509333336353302
0.7557333335280418
0.774133335351944
0.7712000012397766
0.7578666704893112
0.7626666671037674
0.7728000009059905
0.770933333337307
0.7604000017046928
0.7878666710853577
0.7772000014781952
0.7538666713237763
0.7693333357572556
0.7758666688203811
0.7778666663169861
0.7835999989509582
0.7866666662693024
0.7921333330869674
0.7718666678667069
0.7832000011205673
0.765200001001358
0.790666663646698
0.7937333345413208
0.7796000045537949
0.7810666662454605
0.7844000017642975
0.7821333321928978
0.7729333335161209
0.7742666679620743
0.7708000013232231
0.7796000018715858
0.7935999977588654
0.7789333355426789
0.7778666704893112
0.7852000015974044
0.7700000023841858
0.7933333361148834
0.7900000017881393
0.8020000004768372
0.7690666675567627
0.7874666678905488
0.7886666679382324
0.765600003004074
0.7808000010251999
0.7697333347797394
0.7932000029087066
0.7862666672468186
0.7832000017166137
0.8105333352088928
0.7749333333969116
0.7694666677713394
0.7897333347797394
0.7806666666269302
0.791466668844223
0.7766666680574417
0.7936000031232834
0.7881333351135253
0.7837333327531815
0.7812000006437302
0.79
0.7877333343029023
0.7692000037431717
0.772533334493637
0.7936000007390976
0.7986666667461395
0.7850666677951813
0.7820000004768372
0.7914666724205017
0.7733333361148834
0.7876000034809113
0.7736000019311905
0.7856000024080276
0.7866666686534881
0.7746666663885117
0.7880000007152558
0.7891999995708465
0.7881333374977112
0.796266667842865
0.7846666669845581
0.7761333352327346
0.7868000000715256
0.7902666682004929
0.7945333307981491
0.7877333331108093
0.7888000014424325
0.793466666340828
0.8145333355665207
0.7970666682720184
0.7941333329677582
0.7932000023126602
0.7905333364009857
0.7998666682839394
0.7728000020980835
0.8201333338022232
0.7964000010490417
0.7934666687250137
0.7878666681051254
0.8021333372592926
0.7885333329439164
0.791466668844223
0.7847999984025955
0.8013333344459533
0.8133333337306976
0.7917333325743675
0.7882666730880737
0.7881333351135253
0.7875999987125397
0.7942666685581208
0.7785333305597305
0.7865333360433578
0.7920000022649765
0.7942666679620742
0.8052000021934509
0.789066663980484
0.7887999993562699
0.7749333333969116
0.8105333325266838
0.8094666665792465
0.7929333335161209
0.7942666685581208
0.7981333339214325
0.7986666649580002
0.7901333367824555
0.805733333826065
0.7975999999046326
0.789733334183693
0.8042666703462601
0.7861333352327347
0.7982666683197022
0.7872000002861023
0.7956000024080276
0.793333338201046
0.7994666695594788
0.811466668844223
0.7985333335399628
0.7846666675806045
0.8051999998092652
0.8046666634082794
0.813999997973442
0.8000000005960465
0.7937333345413208
0.8009333366155624
0.7957333344221115
0.7960000002384185
0.813333334326744
0.8071999999880791
0.8066666662693024
0.8041333335638047
0.8164000022411346
0.8094666677713395
0.7964000070095062
0.7992000043392181
0.7995999991893769
0.7990666657686234
0.7987999981641769
0.7997333317995071
0.8135999989509582
0.7958666670322418
0.8038666671514512
0.7990666651725769
0.8113333338499069
0.813066668510437
0.8116000014543533
0.8046666690707207
0.8090666687488556
0.7985333377122878
0.8048000019788742
0.8034666684269905
0.7836000007390976
0.8050666671991348
0.804400001168251
0.8181333321332932
0.815466668009758
0.7941333341598511
0.8140000057220459
0.8161333358287811
0.8153333324193954
0.8102666634321213
0.8190666699409485
0.8113333374261856
0.811066666841507
0.8029333347082138
0.8154666686058044
0.7972000020742417
0.8052000015974045
0.8024000012874604
0.8066666686534881
0.8116000014543533
0.8110666692256927
0.8134666657447815
0.8034666687250137
0.8085333341360093
0.7974666696786881
0.8168000012636185
0.8032000052928925
0.8134666639566421
0.819333330988884
0.8270666682720185
0.814533331990242
0.8093333339691162
0.8268000048398971
0.8114666658639907
0.7949333375692368
0.8071999999880791
0.803333335518837
0.8045333361625672
0.8258666652441025
0.8188000011444092
0.8117333346605301
0.8086666679382324
0.8089333355426789
0.8106666690111161
0.8198666679859161
0.8059999966621398
0.7993333381414414
0.8118666684627533
0.8122666698694229
0.8117333364486694
0.7977333343029023
0.823733332157135
0.8173333376646041
0.8119999974966049
0.8157333350181579
0.8206666707992554
0.8102666682004929
0.8160000044107437
0.8157333344221115
0.8228000020980835
0.8098666667938232
0.8272000032663346
0.8106666672229766
0.8068000018596649
0.8113333338499069
0.8188000017404556
0.8117333328723908
0.8233333301544189
0.817866667509079
0.8176000028848648
0.8156000024080277
0.8156000018119812
0.8182666647434235
0.8084000015258789
0.8164000028371811
0.8242666691541671
0.8250666666030884
0.8222666704654693
0.813466665148735
0.7968000000715256
0.8188000065088272
0.809866669178009
0.8342666679620743
0.8142666691541671
0.8082666704058648
0.8170666688680649
0.8200000011920929
0.8145333325862885
0.8253333342075347
0.8256000036001205
0.8172000008821487
0.8217333352565765
0.8194666677713394
0.828533331155777
0.8172000002861023
0.8214666694402695
0.8161333328485489
0.8249333363771438
0.8209333324432373
0.817066667675972
0.8414666658639908
0.8364000046253204
0.8034666669368744
0.8286666667461395
0.8205333358049393
0.8142666703462601
0.8184000033140183
0.8337333327531815
0.8216000026464463
0.8149333328008652
0.8053333336114883
0.8264000022411346
0.8287999999523162
0.8301333373785019
0.8293333351612091
0.8221333372592926
0.8148000013828277
0.8242666685581207
0.8066666716337204
0.820799999833107
0.8196000009775162
0.825466668009758
0.8218666702508927
0.8212000006437301
0.821599999666214
0.8230666661262512
0.8236000037193298
0.8249333339929581
0.8384000015258789
0.8372000020742416
0.8166666662693024
0.8380000019073486
0.840933334827423
0.8121333360671997
0.8235999995470047
0.8172000002861023
0.8189333361387253
0.817066667675972
0.8224000000953674
0.8415999978780746
0.8358666664361953
0.8149333345890045
0.8408000034093857
0.8358666664361953
0.8250666677951812
0.8126666718721389
0.8305333352088928
0.8225333338975906
0.830666670203209
0.8248000019788742
