6.144611325263977
1.4193833243846894
1.3159361577033997
1.2408536189794541
1.2104632532596589
1.1528210085630417
1.1237200951576234
1.083961386680603
1.1160484033823013
1.0745653828978539
1.034341744184494
1.0403043586015701
1.0055181646347047
1.000236194729805
0.9688478177785873
0.9673804730176926
0.9697329324483871
0.9632318890094758
0.948176258802414
0.961581239104271
0.9809451401233673
0.9478846770524979
0.8988946729898453
0.9249652129411697
0.9195932745933533
0.8741528594493866
0.9323814558982849
0.9028572356700897
0.8554036995768547
0.8708187174797059
0.8842342242598533
0.8530445343255997
0.8692408195137977
0.8699330455064773
0.8781180548667907
0.8589830201864243
0.8325761920213699
0.8685703232884407
0.8741857558488846
0.8557984349131584
0.8423724535107613
0.8467119655013085
0.8715587148070335
0.8329534396529198
0.8211804074048996
0.8437150326371193
0.7943293204903603
0.7916698670387268
0.8343416261672973
0.8003490608930588
0.8267966148257255
0.8207602614164352
0.7923078873753547
0.769099905192852
0.7832626321911812
0.7777795180678367
0.7491877995431423
0.8084574410319328
0.7519513583183288
0.7793869483470917
0.7401884710788726
0.7655057011544705
0.79550119638443
0.8232319810986519
0.7495725518465042
0.7924338173866272
0.7639600120484829
0.7566201731562614
0.7779625004529953
0.7729790736734867
0.7845612001419068
0.718021322786808
0.7665997439622879
0.7366708113253116
0.7380576898157597
0.7551200917363167
0.7354095223546028
0.7332561033964157
0.7155855867266655
0.7630971413850784
0.718680360019207
0.7395719283819199
0.7327626824378968
0.7320544320344925
0.7486120083928108
0.7072731545567512
0.7467032819986343
0.7118430322408676
0.7246485802531243
0.7425723618268967
0.7248547965288162
0.6830244502425193
0.7295126730203628
0.7209759160876275
0.6853996674716473
0.6843547375500202
0.7230941691994667
0.7024563306570053
0.7209905382990837
0.7132569289207459
0.7087850493192672
0.7222280922532082
0.6963027837872505
0.6858224412798881
0.6715104451775551
0.6674087488651276
0.681186649799347
0.7201179307699204
0.7006038501858711
0.6621415036916732
0.6996632558107376
0.7016965165734291
0.6742853423953057
0.6842188356816769
0.6887679481506348
0.7041790676116944
0.6814336735010147
0.6886553895473481
0.6889483544230461
0.6833920918405056
0.6848744353652001
0.6505117046833039
0.6687914508581162
0.6798212990164757
0.6423804096877574
0.6526408845186233
0.6734340000152588
0.6886533531546593
0.6595585978031159
0.6669300852715969
0.6572820666432381
0.6563264948129653
0.6434169520437717
0.6932478368282318
0.6545945966243744
0.6518442283570767
0.648880442082882
0.6665127117931843
0.6518382064998149
0.6509136360883713
0.6548343300819397
0.6633286717534065
0.6286981758475304
0.6651588307321071
0.6636207967996597
0.6490163540840149
0.6304634346067906
0.6349556627869606
0.6486115771532058
0.6089153137803077
0.6535187844932079
0.6260464258491993
0.6246333415806293
0.6306221269071102
0.6137883897125721
0.6282492063939571
0.6103549204766751
0.6176086130738259
0.6212787817418576
0.6231558573246002
0.6410929368436337
0.6511963636428117
0.6288514721393585
0.6302489390969277
0.5962062005698681
0.6120865312218666
0.6326853993535042
0.6082802094519139
0.5823024599254132
0.6458378411829472
0.6028480100631713
0.6007431724667549
0.651161327958107
0.6439931777119636
0.5969384245574474
0.6375894226133824
0.6107964654266834
0.6383527459204197
0.5879925131797791
0.5983123373985291
0.6150273557007313
0.6418599580228329
0.6147289076447486
0.6383355350792408
0.6327239827811718
0.6079967129230499
0.6009174278378486
0.6306388309597969
0.6227542671561241
0.5981355948746204
0.5988683034479618
0.6320569586753845
0.5593573267757893
0.5971104717254638
0.6302118729054927
0.5981484819948674
0.5910213454067708
0.5947775223851204
0.5846249720454216
0.573375290185213
0.5499193644523621
0.5909678314626217
0.5842911039292812
0.6141918455064297
0.5549726991355419
0.5579294733703136
0.5690675626695156
0.5725717637687922
0.5805808381736278
0.5686738501489162
0.5802429147064686
0.6005986127257347
0.609834807664156
0.582239244878292
0.5624099034070968
0.5875956353545189
0.575630285590887
0.5690144416689873
0.6175996378064156
0.5606094247847796
0.5441047775745392
0.5388795480132103
0.6072667939960956
0.5509530988335609
0.5714492113888263
0.6056351873278618
0.5755324683338404
0.6003139933943749
0.5443649865686894
0.5672165080904961
0.5636706428229808
0.5073023694753647
0.5874408900737762
0.6009092579782009
0.5546558232605457
0.569366759955883
0.5376330238580703
0.5904638385772705
0.5357722477614879
0.554700710773468
0.5719094769656659
0.5755809272825718
0.5416515053808689
0.5606576527655125
0.5972366097569466
0.6013626700639725
0.5533563528954982
0.5279161068797111
0.5700267946720123
0.5646650252491235
0.5504514004290104
0.5859375251829624
0.5601682284474373
0.5950796365737915
0.5702937790751457
0.5598286671936512
0.5862647541612387
0.5633850212395192
0.5567364546656609
0.5720836262404919
0.550564853399992
0.5656301113963127
0.5790337502956391
0.5525081396102905
0.5547432188689708
0.5434509125351906
0.5589062948524952
0.5524706603586673
0.5598011007905006
0.4886322370171547
0.5270309472084045
0.5501532603800297
0.5371317240595818
0.5430932545661926
0.5284293725341559
0.5974938629567623
0.4904488269984722
0.5293332585692405
0.5394056385755539
0.5564773309230805
0.5277719692885876
0.5556914252042771
0.5549287641048432
0.5654273250699043
0.5261198864877223
0.49120759263634683
0.5491431255638599
0.5393551620841026
0.5635104932636023
0.5706977045536041
0.5427813586592675
0.5723567329347133
0.5567695906758309
0.5629146844148636
0.5361990416049958
0.5204022876918316
0.5491269312798976
0.5404090514779091
0.5813413149118424
0.5150461480021477
0.5058243890106678
0.5333235871791839
0.5529773785173893
0.5240886023640633
0.5287629130482674
0.5546902193129063
0.5037057954072952
0.5240771770477295
0.5382234783470631
0.5193494486808777
0.5610715831816196
0.5386622761934996
0.5494335241615772
0.5282317690551281
0.5470813302695752
0.5149555981904268
0.5036607150733471
0.5318553492426872
0.5663453508913517
0.5135263623297215
0.5151581431925297
0.4973102013766766
0.535891044959426
0.5432072444260121
0.5160142362117768
0.5360287290811538
0.5249287398904562
0.49429399758577347
0.5102226772159338
0.5156931440532208
0.5101757650077343
0.4984861322492361
0.49556398019194603
0.5328867438435555
0.5135405215620995
0.520771741271019
0.528991876989603
0.5353799054026603
0.5231648929417133
0.497044695019722
0.5385741892457009
0.5252473057806492
0.5271089805662632
0.4938313989341259
0.4876611511409283
0.5130535565316677
0.5209521976858378
0.49943007826805114
0.5226101434230804
0.5057102464139461
0.5081113736331463
0.5599987564980984
0.5176173488795758
0.5165526950359345
0.48492468319833276
0.4924666859209538
0.5321651172637939
0.5050046287477017
0.48912834115326403
0.4801923318207264
0.5098817794024945
0.4817117875814438
0.5036588129401207
0.48827980443835256
0.5173237683624029
0.4878147093951702
0.5247386130690574
0.5090661025047303
0.5196262355148792
0.5057093904167413
0.5002943420410156
0.49535848036408425
0.4802848646044731
0.5234518640488386
0.4955076389014721
0.5228532557189465
0.48170450039207935
0.5114753079414368
0.4968923981487751
0.475358726605773
0.4680111619830132
0.4889598472416401
0.509041681587696
0.4629457361996174
0.5025494347512722
0.5418724854290485
0.5130069397017359
0.515453996360302
0.5032927579432726
0.4698404476046562
0.4739528602361679
0.4938564133644104
0.49749628841876986
0.5003264257311821
0.5062162923812866
0.47429097540676596
0.5074236692488193
0.5257017407566309
0.501862186640501
0.48690064437687397
0.4965796419233084
0.5197474596649408
0.47495061829686164
0.48771425083279607
0.4998693423718214
0.4942213033139706
0.4743812727183104
0.48770197078585625
0.4920423460751772
0.47859740622341634
0.4641817209124565
0.49981433868408204
0.45141489163041115
0.4975288764387369
0.504403645992279
0.49412783943116667
0.48068375915288925
0.4942683383822441
0.4532051817327738
0.48507859773933887
0.48014761425554753
0.48741569355130193
0.4755263487994671
0.4797790205478668
0.49984787225723265
0.47080998241901395
0.46872681595385074
0.45484572038054466
0.4716886883974075
0.4841187626868486
0.5290954701602459
0.48328787118196487
0.48504106149077414
0.45010823652148246
0.4745370368659496
0.4959617314487696
0.47257875055074694
0.4622582167387009
0.47691534146666525
0.46316192284226415
0.45792517252266407
0.4797231464087963
0.46438046514987946
0.47632755868136883
0.4552526694536209
0.47845576457679273
0.46789448745548723
0.4735272052884102
0.46433467537164685
0.46625484749674795
0.4893330307304859
0.4205929271131754
0.43025768384337426
0.503583577722311
0.4556290975213051
0.4667645393311977
0.48018868669867515
0.4670979701727629
0.45126487471163274
0.4699671134352684
0.47595500469207763
0.5065886124968528
0.45733596824109557
0.4521842113137245
0.4484722635149956
0.45233563005924227
0.46681113900616766
0.48985296532511713
0.4649481157213449
0.49641152173280717
0.46939330741763113
0.4727557661384344
0.45973049268126487
0.45877875298261644
0.46355770491063597
0.46644904315471647
0.4747401076555252
0.4657237833738327
0.4683838189393282
0.4255874302983284
0.43770183324813844
0.4837448062002659
0.43559721790254113
0.4209999042004347
0.4753643389046192
0.4592696975916624
0.473780362457037
0.48598325237631795
0.48772586151957514
0.4628915154188871
0.4285108844190836
0.43018621880561114
0.49229873195290563
0.41461433589458463
0.4425631901621819
0.456516128256917
0.4881931693851948
0.4505782290548086
0.469078017398715
0.4429698334634304
0.46092725738883017
