1.8881447315216064
1.708736777305603
1.660386085510254
1.668807029724121
1.532082200050354
1.586534857749939
1.5097668170928955
1.6283447742462158
1.4517909288406372
1.3892590999603271
1.3253754377365112
1.4014972448349
1.490615963935852
1.3042566776275635
1.522217869758606
1.3693766593933105
1.4524800777435303
1.2109951972961426
1.417015552520752
1.2702654600143433
1.2285723686218262
1.3544310331344604
1.2303186655044556
1.276707649230957
1.285404086112976
1.3051173686981201
1.5294415950775146
1.3912023305892944
1.1641939878463745
0.9657902717590332
0.925391674041748
1.0905051231384277
0.9956434369087219
0.8679416179656982
1.0856821537017822
1.0319957733154297
1.012195110321045
1.9142369031906128
0.6485028266906738
1.3090204000473022
1.3245879411697388
1.0790965557098389
1.1298768520355225
1.3235396146774292
1.1493761539459229
0.9374071359634399
1.3729302883148193
1.128329873085022
1.1707264184951782
0.9153416156768799
0.9563817977905273
1.0659749507904053
1.0939111709594727
1.142371654510498
1.1259809732437134
0.7173947691917419
0.8802540898323059
1.332029104232788
1.0050427913665771
0.8238614797592163
1.3537838459014893
1.1513010263442993
0.7628958225250244
1.03684663772583
1.3138467073440552
0.993707537651062
1.2223566770553589
1.3199028968811035
1.2951171398162842
1.0221996307373047
1.1096105575561523
1.1428145170211792
1.0287261009216309
1.1197078227996826
1.0025559663772583
0.8917140960693359
0.7982831001281738
1.5832699537277222
0.998444676399231
1.222584843635559
1.156805396080017
0.7312536835670471
1.2863479852676392
1.1245993375778198
1.1497970819473267
1.00816011428833
0.9713277220726013
1.2344778776168823
0.8392120599746704
0.7275760173797607
1.022395372390747
0.7439125776290894
1.0649795532226562
1.1623692512512207
0.8425701260566711
0.9863423109054565
0.9903820157051086
0.8456443548202515
1.097582221031189
1.128415822982788
0.7284319400787354
1.2204012870788574
1.1282563209533691
1.1315826177597046
1.065008282661438
1.0553752183914185
1.0485867261886597
0.7170999646186829
1.306393027305603
0.9342013597488403
0.9519524574279785
1.0040016174316406
1.0067691802978516
1.38926100730896
0.8055159449577332
0.7370271682739258
1.0230568647384644
0.8442469239234924
1.0012904405593872
1.1618574857711792
1.0043916702270508
1.4741480350494385
0.7676804661750793
0.6097780466079712
0.8649723529815674
0.9702417254447937
1.0163629055023193
0.8170329332351685
1.0334765911102295
0.6987224817276001
1.1696234941482544
0.972669243812561
0.9999471306800842
0.6283649802207947
0.6381131410598755
0.9138174653053284
1.1472651958465576
0.6869364976882935
0.8731550574302673
1.1940407752990723
1.094701886177063
0.9517595767974854
0.9261491894721985
0.8717791438102722
1.0205202102661133
0.8237096071243286
0.7083185911178589
0.7866585850715637
1.2268097400665283
1.3152494430541992
1.0380867719650269
0.9992744326591492
0.6819076538085938
0.945411205291748
1.1133939027786255
0.8323694467544556
0.9515756964683533
1.4305766820907593
0.7445478439331055
0.6329869031906128
0.9451747536659241
1.012289047241211
1.0012537240982056
1.512159824371338
1.1188406944274902
0.7045899629592896
1.0750598907470703
0.9534696340560913
0.848551869392395
1.2771614789962769
1.2291351556777954
0.9456877708435059
1.1475245952606201
0.8949026465415955
0.664398193359375
1.071566104888916
0.9933793544769287
0.9266600608825684
1.0205656290054321
1.1586591005325317
0.6789284348487854
0.825363039970398
0.8097739219665527
0.7426587343215942
0.7631918787956238
0.9977462887763977
0.8489188551902771
0.7263895869255066
0.9548372626304626
0.7473475933074951
0.720238983631134
0.9351540803909302
0.8305748701095581
0.7493336200714111
0.7909331917762756
1.106539249420166
0.7688677310943604
0.75629723072052
0.5639506578445435
0.8188005685806274
0.7916483283042908
0.74040687084198
1.0375542640686035
0.8156473636627197
0.8528046607971191
0.6322872042655945
0.6526034474372864
0.808732271194458
0.9203430414199829
0.6714523434638977
0.6380999088287354
0.8165225982666016
0.8026697635650635
0.730147123336792
0.9509947896003723
0.8610602021217346
1.140655755996704
0.756144642829895
0.7452555894851685
0.8384767174720764
0.7962720394134521
0.6793700456619263
0.754519522190094
0.9100112915039062
0.8670742511749268
1.167832851409912
1.242052435874939
0.7785155773162842
1.2446346282958984
0.7365203499794006
0.7514987587928772
0.7258285284042358
0.8750078082084656
0.5377658605575562
0.8639620542526245
0.7019109725952148
0.8150185346603394
0.8343166708946228
0.6468233466148376
0.8399133682250977
0.9624538421630859
0.7913644909858704
0.5279206037521362
0.8619872331619263
0.7353310585021973
0.831860363483429
0.8953951597213745
0.9084689021110535
1.1053298711776733
0.8705369830131531
1.0119208097457886
1.0753631591796875
0.7887101173400879
0.9504283666610718
0.7381355166435242
1.0762633085250854
0.69228196144104
1.1162762641906738
0.9959384202957153
0.5644007921218872
0.8003939390182495
1.1424437761306763
0.5590529441833496
1.162131905555725
0.745758056640625
1.3179868459701538
1.1874158382415771
1.2093485593795776
0.6348886489868164
0.8399009108543396
0.7343785762786865
0.985172688961029
0.910261869430542
0.7972322106361389
0.852728545665741
0.9826700687408447
0.6854252815246582
1.065808892250061
1.058680772781372
0.5889041423797607
0.756891667842865
0.7323608994483948
0.8777256011962891
0.7443468570709229
0.8461686372756958
0.7095093727111816
0.9786887764930725
0.7702279090881348
0.6414498090744019
0.7981357574462891
0.8910180926322937
0.9031826257705688
0.8307605981826782
0.6326215267181396
0.7484395503997803
0.6870695352554321
0.658971905708313
1.002068281173706
0.5621626377105713
0.945769190788269
1.110056757926941
0.6565766334533691
0.9541500210762024
1.1697982549667358
0.7140662670135498
0.6311842203140259
0.7749887108802795
0.6147974133491516
1.1125385761260986
1.005171298980713
0.715400218963623
0.7680387496948242
0.887530505657196
0.8873586058616638
0.8622350692749023
0.7354741096496582
1.0770576000213623
0.5498995780944824
0.63353431224823
0.7250436544418335
0.573703408241272
0.6980617046356201
0.9781479835510254
1.0060217380523682
0.5393549203872681
0.7745444178581238
0.7787185907363892
0.7876457571983337
1.2417593002319336
0.6280632019042969
0.8345832824707031
0.9996956586837769
0.5550863146781921
0.6394482851028442
0.7147563695907593
0.684860110282898
0.9402268528938293
1.059270977973938
0.7263519763946533
0.817201554775238
0.9864171147346497
0.7488036751747131
0.8685264587402344
0.6230488419532776
0.7171071767807007
0.6402539610862732
1.0887553691864014
0.7866554856300354
0.5733894109725952
0.5503309965133667
0.8387309908866882
0.9961385726928711
0.7232315540313721
0.5835756063461304
0.7638893127441406
0.8529927730560303
0.9607115387916565
1.047304630279541
0.5679518580436707
0.6762455701828003
0.8073431253433228
0.8257495164871216
0.7812437415122986
0.5695600509643555
0.8712465763092041
0.8513631820678711
1.0069448947906494
0.8115617632865906
0.6603385210037231
0.7777364253997803
1.1200450658798218
0.5684042572975159
0.9704406261444092
1.0457301139831543
0.7616114616394043
0.7735257744789124
0.7755609154701233
0.7066646218299866
1.1104340553283691
0.6213270425796509
0.5542423725128174
0.9064003229141235
0.8237891793251038
0.6097671985626221
0.7471911311149597
0.769667387008667
0.7276723980903625
0.9598669409751892
1.1751537322998047
0.5526068806648254
0.7739698886871338
0.8733525276184082
0.5885467529296875
1.004340648651123
0.5520954132080078
0.7012536525726318
0.7008239030838013
0.6425385475158691
0.7639259099960327
0.7188361883163452
0.7614745497703552
0.7429542541503906
0.8208047151565552
0.521899402141571
0.6656540036201477
0.7029027938842773
0.6925763487815857
0.9209156036376953
0.7585169672966003
0.5460912585258484
0.7242810130119324
0.6971161365509033
0.8504916429519653
0.827960729598999
0.9053062796592712
0.6393304467201233
0.8852229118347168
0.9476168751716614
0.6447085738182068
0.8532190322875977
0.805421769618988
0.5167161226272583
0.8226463794708252
0.5679351091384888
0.5119588971138
0.5767642259597778
0.6584506034851074
0.7078661918640137
0.8892268538475037
0.6280124187469482
0.566679835319519
0.5831341743469238
0.8192481994628906
0.5698529481887817
0.994743287563324
0.9238006472587585
0.8345820307731628
0.6628803610801697
0.8115788698196411
0.7035377621650696
0.9463320970535278
0.6665695905685425
0.9121416807174683
0.7157930731773376
1.291935920715332
0.6116305589675903
0.5326386094093323
1.083046793937683
0.6264114379882812
0.8854885101318359
0.5827186107635498
0.8964568376541138
0.7320387363433838
0.7208657264709473
0.5519675612449646
1.1882935762405396
0.7714313864707947
1.0479015111923218
0.4561745226383209
0.8141473531723022
0.9206645488739014
0.4270370602607727
0.8579415082931519
1.198000431060791
0.5692752003669739
0.8955260515213013
0.8899390697479248
0.6719356179237366
0.7653201818466187
0.7152470350265503
0.7484029531478882
0.6908403635025024
0.8556722402572632
0.8428492546081543
0.8275659084320068
0.8228825926780701
0.9511919021606445
0.6004586815834045
0.6934331655502319
0.8972713947296143
1.0068423748016357
0.8284443616867065
0.9658570289611816
0.833541214466095
0.944418728351593
0.9428414106369019
0.5179721117019653
0.7510969638824463
0.6319591999053955
0.7891979217529297
0.754696249961853
0.5218684673309326
0.47406452894210815
1.0255320072174072
0.5536059141159058
0.9436361789703369
0.47505342960357666
0.5221512913703918
0.78434818983078
0.6114944815635681
0.8561869263648987
0.7656839489936829
0.9185301065444946
0.6454229354858398
0.6198207139968872
0.8608775734901428
0.5816177725791931
0.5474979877471924
0.6770175099372864
0.854666531085968
0.6373618841171265
1.083939790725708
0.5652027130126953
0.9479762315750122
0.6889569759368896
0.8939797282218933
0.6938085556030273
0.5595991611480713
0.6295271515846252
0.557646632194519
0.5752832889556885
0.5885134339332581
1.3681832551956177
1.0877102613449097
0.5966442227363586
0.7247958183288574
0.5381342172622681
0.6210041046142578
0.7234456539154053
0.5323954224586487
0.8365520238876343
0.5595479011535645
1.0361284017562866
0.571373701095581
0.7045201063156128
0.7378541231155396
0.7396759390830994
0.8416324257850647
0.5408769249916077
0.5584017634391785
0.7439129948616028
0.6589794158935547
0.5673959255218506
0.6252232789993286
0.8601465821266174
1.1661990880966187
0.4963000416755676
0.9890830516815186
0.4828137755393982
0.5897371768951416
0.704724907875061
0.8676161170005798
0.5621501207351685
0.475355863571167
0.5381667613983154
0.6621388792991638
1.0649402141571045
0.7086499929428101
0.6964091062545776
0.7929561734199524
0.7440611124038696
0.9614927768707275
0.6269074082374573
0.7335455417633057
0.48399701714515686
0.9648120999336243
0.6523823738098145
0.7902083992958069
0.793868362903595
0.7959269285202026
0.7232928276062012
0.6973395347595215
0.679961621761322
0.49733811616897583
0.8602319359779358
0.6363435983657837
0.7160663604736328
0.9048794507980347
0.664188027381897
0.7751598358154297
0.5475672483444214
0.5576258897781372
0.816845178604126
0.8351294994354248
0.5241760015487671
0.8609781265258789
0.636712908744812
0.7738378643989563
0.6370201110839844
0.4552032947540283
0.7036854028701782
0.8757518529891968
0.9643701314926147
0.6022868752479553
0.5278254151344299
0.6532018184661865
0.7432221174240112
0.5218343734741211
0.7443622350692749
0.9862267971038818
0.508086621761322
0.6560512781143188
0.7076924443244934
0.738865077495575
0.4935705065727234
1.0143513679504395
1.0473488569259644
0.5284656882286072
0.49239304661750793
0.6924154758453369
0.7459233999252319
0.7822009921073914
0.6855993270874023
0.634559690952301
0.6584574580192566
0.7956618070602417
1.0283598899841309
0.6229111552238464
0.47008341550827026
0.6024560928344727
0.6312700510025024
0.5789766311645508
0.6237254738807678
0.7419707775115967
0.5383437275886536
0.8405544757843018
0.9014352560043335
0.6360725164413452
0.5716203451156616
0.8569142818450928
0.6763390302658081
0.7277512550354004
0.7645906209945679
0.634286105632782
0.8582803606987
0.6861656904220581
0.6450896263122559
0.7215688228607178
0.8520786762237549
0.7521008253097534
0.8008193969726562
1.0824534893035889
0.6176220178604126
0.844036340713501
0.47016099095344543
0.8257752060890198
0.6736721396446228
0.6575329303741455
0.52205890417099
0.6210707426071167
0.7824538946151733
0.521513044834137
0.5669876337051392
0.9788143634796143
0.7441357970237732
0.7900300025939941
0.6988842487335205
0.8046542406082153
0.5341628789901733
0.7469805479049683
0.8597779273986816
1.0563021898269653
0.6559280157089233
0.5818002223968506
0.7780568599700928
0.6015715599060059
0.6726519465446472
0.6914974451065063
0.5726063251495361
0.9560841917991638
0.6707664728164673
0.869422197341919
0.748691976070404
0.5136284828186035
0.6388840675354004
0.8099859952926636
0.4574142098426819
0.8554693460464478
0.5641269683837891
1.0332486629486084
0.53076171875
0.7576589584350586
0.5647561550140381
0.5224583148956299
0.666520357131958
0.4534483551979065
0.9187350273132324
0.5823856592178345
0.6505311131477356
0.5441912412643433
0.6819654703140259
0.6559629440307617
0.758042573928833
0.7255396246910095
0.6654324531555176
0.831100344657898
0.4978068768978119
0.5595752596855164
0.4928990602493286
0.8687668442726135
0.6800039410591125
0.7811528444290161
0.7254236936569214
0.637785017490387
0.7818654775619507
0.7849456071853638
0.9446139335632324
0.4801359474658966
0.5445385575294495
0.6485588550567627
1.0203638076782227
0.5905028581619263
0.7005575895309448
0.565552294254303
0.601952075958252
0.7327736020088196
0.5872851610183716
0.8183732032775879
0.5574383735656738
0.6431422233581543
0.8238149881362915
0.6682719588279724
0.5749546885490417
0.6323553323745728
0.7429019808769226
0.7520339488983154
0.600063145160675
0.49378490447998047
0.7024868130683899
0.8636322021484375
0.8000776767730713
0.721677839756012
0.6637281775474548
0.8888882398605347
0.6502132415771484
0.6342020034790039
0.5017181634902954
0.5760265588760376
0.5904112458229065
0.6568406820297241
0.6131894588470459
0.5768553614616394
0.7558247447013855
0.6542466878890991
0.8476488590240479
0.5301817655563354
0.6614716053009033
1.3475106954574585
0.488949179649353
0.6048362851142883
0.8804804086685181
0.5741980075836182
0.8433206081390381
0.837446928024292
0.5321600437164307
0.6831161379814148
1.1288684606552124
0.72003573179245
0.7317284941673279
0.7711793184280396
1.119269609451294
0.5950230956077576
0.8179538249969482
0.5663006901741028
0.6404989361763
0.5337046384811401
0.6391308307647705
0.6206495761871338
0.565972089767456
0.6731921434402466
0.8595779538154602
0.8041584491729736
0.6640422940254211
0.7576867341995239
0.7297604084014893
0.478773295879364
0.8416723012924194
0.8377147912979126
0.44873589277267456
0.741824746131897
0.6461820602416992
0.4729818105697632
0.6733027696609497
0.8707544207572937
0.652377724647522
0.7838720083236694
0.6577047109603882
0.7165350317955017
0.6496312618255615
0.9030963778495789
0.8266673684120178
0.6622783541679382
0.6180030107498169
0.9438896775245667
0.6281415820121765
0.5651026964187622
0.7128080129623413
0.8038623929023743
0.6012887358665466
0.6378763914108276
0.6867164969444275
0.6078938245773315
0.9842410087585449
0.5807974338531494
0.9228824377059937
0.5009554028511047
0.5621404647827148
0.6367876529693604
0.5590240955352783
0.9135361313819885
0.7400519251823425
0.723976731300354
0.47654110193252563
0.9724805951118469
0.6107398271560669
0.7027095556259155
0.672111451625824
0.5758463740348816
0.8775300979614258
0.60426265001297
0.5307537913322449
0.634042501449585
0.8396356105804443
0.9115583896636963
0.4730936288833618
0.998352587223053
0.9011275768280029
0.8565025925636292
0.7929641604423523
0.6472095251083374
0.8137544989585876
0.7516331672668457
0.797434389591217
0.8172757029533386
0.7731770277023315
0.4504294693470001
0.449776828289032
0.7827491164207458
0.5442708134651184
0.571384072303772
0.4873817563056946
0.8396281003952026
0.6908473372459412
0.859929084777832
0.5626416206359863
0.5005878210067749
0.6420124769210815
0.823158860206604
0.5037064552307129
0.5192430019378662
0.5860122442245483
0.5808665752410889
0.5646985769271851
0.7400218844413757
0.5411263108253479
0.49958547949790955
0.6310871839523315
0.761885404586792
0.6691378355026245
0.6545879244804382
0.6974339485168457
0.7692760229110718
0.5622990131378174
0.6803879737854004
0.6516764163970947
0.7337534427642822
0.8052274584770203
0.8142839074134827
0.5015417337417603
0.4793018102645874
0.6825813055038452
0.568149209022522
0.7317947149276733
0.5910496711730957
0.6180835366249084
0.6257447004318237
0.38484737277030945
1.0290865898132324
0.7171276211738586
0.793318510055542
0.6935681104660034
0.5874891877174377
0.9976239800453186
0.6301559209823608
0.6749136447906494
0.601061999797821
0.6181155443191528
0.7000914812088013
0.6275118589401245
0.6179013252258301
0.45481637120246887
0.5670101046562195
0.5661035776138306
0.7589160203933716
0.5808598399162292
0.784574031829834
0.5925767421722412
0.8919638395309448
0.5112908482551575
0.833768367767334
0.5395838022232056
0.6884886622428894
0.8888656497001648
0.5792714357376099
0.8089431524276733
0.6045174598693848
0.5316850543022156
0.8278990983963013
0.6033353209495544
0.745212733745575
0.5736058950424194
0.5528011918067932
0.6466789841651917
0.672507643699646
1.224687933921814
0.5201762914657593
0.633760929107666
0.7130258083343506
0.6451206207275391
0.776688814163208
0.686404824256897
0.668433427810669
0.6359606981277466
0.9167914986610413
0.8725244998931885
0.4849901795387268
0.7160502076148987
0.6397606730461121
0.746228814125061
0.47855591773986816
0.8716115355491638
0.6978200674057007
0.6613855361938477
0.7820078730583191
0.6423642039299011
0.4111635386943817
0.5967352390289307
0.4752848148345947
0.5496079921722412
0.8545246124267578
0.9714105129241943
0.6511044502258301
1.1794756650924683
0.6160430908203125
0.6635218858718872
0.758826494216919
0.4166480302810669
0.8840656280517578
0.6288717985153198
0.9052631258964539
0.5866261720657349
0.7704967260360718
0.6536984443664551
0.6056848168373108
0.6807109117507935
0.8544827103614807
0.59971022605896
0.6367651224136353
0.5147708654403687
0.46968334913253784
0.6668137907981873
0.7208993434906006
0.6416930556297302
1.018405556678772
0.8250432014465332
0.49485769867897034
0.7263827919960022
0.5147356390953064
0.7118183374404907
0.5896503925323486
0.9412469863891602
0.8615162968635559
0.6393789649009705
0.4721054136753082
0.64841628074646
0.6557682752609253
0.6581035852432251
0.677074670791626
0.5390055775642395
0.827539324760437
0.696205198764801
0.5403950214385986
0.912667989730835
0.7371941804885864
0.7715206146240234
0.7506402134895325
0.623052716255188
0.48450666666030884
0.629772961139679
0.6086918115615845
0.5259456634521484
0.6014056205749512
0.6946187615394592
0.487286239862442
0.526843786239624
0.6225948929786682
0.8441842198371887
0.5599175691604614
0.8289401531219482
0.6087236404418945
0.5991601943969727
0.7329432368278503
0.4919697046279907
0.800538182258606
0.7369706630706787
0.5400087833404541
0.4688226580619812
0.4944998025894165
0.6384777426719666
0.9806156158447266
0.7071051597595215
0.6703382730484009
0.6628391742706299
0.47416073083877563
0.4449840188026428
0.5439409017562866
0.9484895467758179
0.8563101291656494
0.7929055690765381
0.8489624261856079
0.6700137257575989
0.7980049848556519
0.8257129788398743
0.5444232225418091
0.7271168231964111
0.6418753266334534
0.6167967319488525
0.5407611131668091
0.45279544591903687
0.62428218126297
0.5425057411193848
0.8759961128234863
0.5247162580490112
0.704957127571106
1.0196106433868408
0.5242550373077393
0.7270970344543457
0.5146201252937317
0.6700961589813232
1.229073405265808
0.5936193466186523
0.6448912620544434
0.7147459983825684
0.6611279845237732
0.45107513666152954
0.7905464768409729
0.6112317442893982
0.5642518401145935
0.5190737247467041
0.6887879371643066
0.9933624267578125
0.8487755060195923
0.8924016952514648
0.8811608552932739
0.9393905401229858
0.8300750255584717
0.6746746301651001
0.8327977061271667
0.5705816745758057
0.5854436159133911
0.5610829591751099
0.4921707808971405
0.5585340261459351
0.6434258222579956
0.5735580921173096
0.7157620787620544
0.6670588254928589
0.8906847238540649
0.6030038595199585
0.423763632774353
0.6399394869804382
0.6954640746116638
0.842246413230896
0.640837550163269
0.6433320641517639
0.552314817905426
0.6439385414123535
0.7307830452919006
0.46181273460388184
0.8086112141609192
0.7329705357551575
0.7591535449028015
0.667670726776123
0.5641059875488281
0.49118977785110474
0.49418210983276367
0.4240724444389343
0.6439375281333923
0.5591365098953247
0.5482180714607239
0.6815471053123474
0.5108650922775269
0.7806960344314575
0.6967118978500366
0.7395811080932617
0.7423738241195679
0.5115496516227722
0.7031773328781128
0.6503310799598694
0.5420442819595337
0.4134838581085205
0.6832050085067749
0.6968771815299988
0.6764400005340576
0.6753562688827515
0.6093814373016357
0.8332687020301819
0.6840705871582031
0.6240321397781372
0.8550286293029785
0.5303698778152466
0.5355156660079956
1.181452989578247
0.5357372164726257
0.5013796091079712
0.5828959941864014
0.5393221378326416
0.5714124441146851
0.5184213519096375
0.7094689011573792
0.5539936423301697
0.9862313270568848
0.6587002277374268
0.43624722957611084
0.8312649130821228
0.4874711036682129
0.7715518474578857
0.7360291481018066
0.6152545213699341
0.6908219456672668
0.8076056241989136
0.6940993666648865
0.4589737057685852
0.6066625714302063
0.7274526953697205
0.5953525304794312
0.8658465147018433
0.5657987594604492
0.6893445253372192
0.5476353168487549
0.8901069760322571
0.7484012246131897
0.5359796285629272
0.5736468434333801
0.5054086446762085
0.6594279408454895
0.7248486876487732
0.76324462890625
0.6028419137001038
0.6624251008033752
0.6462745666503906
0.5527902245521545
1.0983344316482544
0.5512849688529968
0.665482759475708
0.725248396396637
0.8409134745597839
0.5020268559455872
0.8494231700897217
0.6238784193992615
0.5855827927589417
0.508577287197113
0.6386229395866394
0.6378911733627319
0.6135461926460266
0.8180183172225952
0.9417060017585754
0.7544602155685425
0.6283564567565918
0.7932420372962952
0.482746422290802
0.8050384521484375
0.7406274080276489
0.5860334634780884
0.9230809807777405
0.8097604513168335
0.8979054093360901
0.5805555582046509
0.6064138412475586
0.6577928066253662
0.7392451763153076
0.4916765093803406
0.6943803429603577
0.582732081413269
0.48409271240234375
0.5714044570922852
0.612744927406311
0.6643654108047485
0.4546092450618744
0.971179723739624
0.5613946914672852
0.5715996026992798
0.5868567824363708
0.6250519752502441
0.7856317162513733
0.7150392532348633
0.600236177444458
0.5770307779312134
0.6583189964294434
0.5779805183410645
0.6187223196029663
0.8690633773803711
0.4246440529823303
1.0404033660888672
0.7105902433395386
0.6238252520561218
0.9551589488983154
0.6573333740234375
0.6674697399139404
0.46886658668518066
0.5255746841430664
0.6913059949874878
0.7318703532218933
0.5626567602157593
0.549924910068512
0.6803447008132935
0.6105715036392212
0.713297963142395
0.5087952017784119
0.6634544134140015
0.6017389893531799
0.5904483795166016
0.811269998550415
0.5035139918327332
0.8653664588928223
0.8622273206710815
0.9115455150604248
0.5264883041381836
0.85444176197052
1.0601505041122437
0.5610923767089844
0.47512781620025635
0.6342599391937256
0.7036777138710022
0.7125974893569946
0.749509334564209
0.5570712089538574
0.48274338245391846
0.8071222305297852
1.0063130855560303
0.5046554803848267
0.47977539896965027
0.4670306146144867
0.5776910185813904
0.5247476696968079
0.7279528975486755
0.6562110185623169
0.7256805896759033
0.894017219543457
0.5905231237411499
0.8372554779052734
0.7224888205528259
0.47909289598464966
0.5340819954872131
0.858267605304718
0.5725924968719482
0.5794035196304321
1.1398805379867554
0.8410729765892029
0.6521249413490295
0.5763917565345764
0.4817964434623718
0.6369506120681763
0.5372212529182434
0.9605324864387512
0.5466297268867493
0.4397946000099182
0.6301386952400208
0.6082724928855896
0.3797266483306885
0.6611268520355225
0.6996186971664429
0.5690442323684692
0.8473705649375916
0.7883920073509216
0.5113420486450195
0.7535253763198853
0.8200345039367676
0.5944084525108337
0.5275050401687622
0.5294548273086548
0.4179401099681854
0.49798783659935
0.5472577810287476
0.5509987473487854
0.5709553956985474
0.4980961084365845
0.8401544094085693
0.41425877809524536
0.6629384756088257
0.6145129203796387
0.6916532516479492
0.5861641764640808
0.9341211915016174
0.7965428829193115
0.5612674951553345
0.5445060729980469
0.5984079837799072
0.5959898233413696
0.5896869897842407
0.4904640316963196
0.42492446303367615
0.9058805704116821
0.5723556876182556
0.6063007116317749
0.6477670669555664
0.7297603487968445
0.875432014465332
0.6229680180549622
0.48845374584198
0.6200206875801086
0.7070896029472351
0.5754954814910889
0.809881865978241
0.6105351448059082
0.5364159345626831
0.5490460395812988
0.5879274010658264
0.5469560027122498
0.7369914650917053
0.65341717004776
0.5435748100280762
0.7133673429489136
0.6507225036621094
0.5625914335250854
0.9729927778244019
0.6655167937278748
0.6544651389122009
0.7133343815803528
0.6640059947967529
0.53233802318573
0.7370327115058899
0.6095435619354248
0.8857908248901367
0.5713446140289307
0.7254387140274048
0.6621919274330139
1.448592185974121
0.8581867218017578
0.535854697227478
0.5276251435279846
0.7201141715049744
0.6678552031517029
0.6475986242294312
0.720706582069397
0.8666412830352783
0.6230530738830566
0.604996383190155
0.6340686678886414
0.7500032186508179
0.7312915325164795
0.7144809365272522
0.5077874660491943
0.7065772414207458
0.7490880489349365
0.6233353614807129
0.6838796138763428
0.4978773593902588
0.6711803674697876
0.8135582208633423
0.5234633684158325
0.6088539361953735
0.5560413002967834
0.4735034108161926
0.5284847021102905
0.49826037883758545
0.8694180250167847
0.6921966671943665
0.6820216178894043
0.6206581592559814
0.6005432605743408
0.6471049785614014
0.4113185405731201
0.5777788162231445
0.6772089004516602
0.6769484281539917
0.7113226056098938
0.7535021901130676
0.5552875995635986
0.672681987285614
0.6320759654045105
0.6128112077713013
0.6162078976631165
0.5835028290748596
0.8512364625930786
0.6050082445144653
1.2823512554168701
1.0722332000732422
0.759825587272644
0.6409517526626587
0.5795149803161621
0.6593353748321533
0.6259419322013855
0.5648202896118164
0.6825150847434998
0.719123363494873
1.0119678974151611
0.5891841053962708
0.4236600697040558
0.524831235408783
0.576361358165741
0.6876885890960693
0.45779889822006226
0.6496586799621582
0.6255200505256653
0.5111699104309082
0.7143067121505737
0.43205636739730835
0.6348999738693237
0.7303034067153931
0.8449113368988037
0.6593046188354492
0.7068378925323486
0.6065567135810852
0.6319174766540527
0.6796582937240601
0.4786933660507202
0.4896501898765564
0.7611374258995056
0.8534714579582214
0.7148352265357971
0.6420586109161377
0.6243928670883179
0.45056185126304626
0.5038262009620667
0.6850717663764954
0.6144480109214783
0.5558549761772156
0.6257364153862
0.7001966834068298
0.9067726135253906
0.42485886812210083
0.8664728403091431
0.6516590118408203
0.42762506008148193
0.6905434131622314
0.6248147487640381
0.6748561263084412
0.5413140058517456
1.4532051086425781
0.9285445809364319
0.6459989547729492
1.2274656295776367
0.5281083583831787
0.6825370788574219
0.4798550009727478
0.5731102228164673
0.6840861439704895
0.4550142288208008
0.7071924209594727
0.6149393320083618
0.6190481185913086
0.5704180002212524
0.6467496156692505
0.520205557346344
0.6074120402336121
0.539514422416687
0.4196787476539612
0.6045764088630676
0.45680513978004456
0.8093361854553223
0.7130610346794128
0.699170708656311
0.6856040358543396
0.671278715133667
0.5361495018005371
0.4945663809776306
0.7159669399261475
0.5996396541595459
0.6481815576553345
0.6293121576309204
0.47942519187927246
0.7984120845794678
0.7298005819320679
0.5768636465072632
0.900409460067749
0.7244725227355957
0.646060049533844
0.6785975694656372
0.5881374478340149
0.6985566020011902
1.0622515678405762
0.608471155166626
0.5522872805595398
0.7547338008880615
0.4618733525276184
0.7012779712677002
0.39386940002441406
0.5621545910835266
0.7535713315010071
0.5628938674926758
0.7121501564979553
0.691705584526062
0.44067147374153137
0.5008906722068787
0.7161924242973328
0.9701104164123535
0.7318822741508484
0.5837836861610413
1.0310560464859009
0.5069572925567627
0.553977906703949
0.9446268081665039
0.5019822716712952
0.6153638362884521
0.5067243576049805
0.5861284136772156
0.5509049296379089
0.7408915758132935
0.6018080711364746
0.6969366073608398
0.48986610770225525
0.9149019718170166
0.9406118392944336
0.6034739017486572
0.48886820673942566
0.5496300458908081
0.9566848874092102
0.4845972955226898
0.5513932704925537
0.43201106786727905
0.7108486890792847
0.634187638759613
0.6786053776741028
0.7705817222595215
0.6156778335571289
0.7554426789283752
0.9108210802078247
0.728800356388092
0.5453773736953735
0.5072828531265259
0.47407352924346924
0.7597341537475586
0.6088491678237915
0.43777996301651
0.6292791366577148
0.5585486888885498
0.6579990983009338
0.554328203201294
0.4307486414909363
0.754816472530365
0.5733155012130737
0.7075899243354797
0.47794026136398315
0.6767586469650269
0.7283549904823303
0.5948678255081177
0.5101712942123413
0.6653647422790527
0.613917350769043
0.7188612222671509
0.6522060036659241
0.5844033360481262
0.6218255162239075
0.9145936965942383
0.5933985710144043
0.5606966018676758
0.5429387092590332
0.6914834976196289
0.6270440816879272
0.47929880023002625
0.7893324494361877
0.7343862652778625
0.4182989001274109
0.6717011332511902
0.4474731385707855
0.4654771685600281
1.0244524478912354
0.4559164047241211
0.5060412287712097
0.770582377910614
0.9127687215805054
0.5979225635528564
0.6685768365859985
0.5374171137809753
0.5814465284347534
0.7241908311843872
0.45596083998680115
0.4119792580604553
0.621317446231842
0.5355889797210693
0.62679123878479
0.7459077835083008
0.777885377407074
0.5488956570625305
0.6857209205627441
0.5988268852233887
0.595379114151001
0.5273797512054443
0.5730117559432983
0.7570357918739319
0.47800374031066895
0.7890071272850037
0.5524603128433228
0.4269114136695862
0.6135337948799133
0.5093937516212463
0.4737674593925476
0.5423827171325684
0.6356046199798584
0.4746856093406677
0.45845669507980347
0.6131557822227478
0.5012966394424438
0.5816256403923035
0.5547924041748047
0.5376813411712646
0.7109721302986145
0.5645123720169067
0.489124059677124
0.8162798285484314
0.6149576902389526
0.4643661379814148
0.6674763560295105
0.5279252529144287
0.5967135429382324
0.47033682465553284
0.7926361560821533
0.5385875105857849
0.6308581829071045
0.5177124738693237
0.5557113885879517
0.8073779940605164
0.45237278938293457
0.6092270016670227
0.5393451452255249
0.48246684670448303
0.7926072478294373
0.5815432071685791
0.5203663110733032
0.9279292821884155
0.4278883934020996
1.0971249341964722
0.5953338146209717
0.5582064390182495
0.4443548917770386
0.5624560713768005
0.587383508682251
0.37657278776168823
0.5556105375289917
0.555202066898346
0.4648143947124481
0.5292408466339111
0.49222150444984436
0.39094117283821106
0.7187573909759521
0.418792188167572
0.37510380148887634
0.4987677335739136
0.44183412194252014
0.42999038100242615
1.0808768272399902
1.1990081071853638
0.5839885473251343
0.9192004203796387
0.7346802949905396
0.6120945811271667
0.6327512264251709
0.5302575826644897
0.5282341241836548
0.48796477913856506
0.4853063225746155
0.47429072856903076
0.623478889465332
0.8106351494789124
0.47666484117507935
0.45426204800605774
0.5554644465446472
0.8219472169876099
0.5149232745170593
0.4968564510345459
0.45337849855422974
0.44987988471984863
0.8922204971313477
0.7249715924263
0.5510976314544678
0.6160962581634521
1.0859333276748657
0.5174049139022827
0.6980077624320984
0.7677881717681885
0.5633794069290161
0.5310258865356445
0.5986568927764893
0.3809148967266083
0.7045813798904419
0.7254664897918701
0.4885847568511963
0.541604220867157
0.4851951003074646
0.7943383455276489
0.573582112789154
0.5759422779083252
0.7157339453697205
0.5825856924057007
0.9935784339904785
0.718110978603363
0.45983201265335083
0.7950378656387329
0.6473647356033325
0.6288796067237854
0.5593725442886353
0.4445078372955322
0.5345349311828613
0.3788157105445862
0.6245303153991699
0.570178747177124
0.5254216194152832
0.8093100190162659
0.48725074529647827
0.6549485921859741
0.5929415225982666
0.6457840204238892
0.5153857469558716
0.5199172496795654
0.5683746337890625
0.6253594756126404
0.623598575592041
0.6331599950790405
0.539893388748169
0.5030377507209778
0.4949488043785095
0.4986874461174011
0.774925708770752
0.737851619720459
0.6105126738548279
0.574951171875
0.736699640750885
0.6339578628540039
0.6503147482872009
1.2143722772598267
0.46567320823669434
0.7857840061187744
0.3941989839076996
0.5224500894546509
0.6511889696121216
0.5716098546981812
0.8973854780197144
0.8891576528549194
0.5718629956245422
0.7481632232666016
0.7033705115318298
0.597152590751648
0.6188008189201355
0.5083818435668945
0.5725179314613342
0.5418042540550232
0.4520435631275177
0.6268329620361328
0.5019174814224243
0.49561792612075806
0.6410866379737854
0.47027039527893066
0.5315057635307312
0.7961772680282593
0.6363362073898315
0.8082913160324097
0.5773513317108154
0.5512710809707642
0.7392643690109253
0.4289116859436035
0.5676608681678772
0.4310309886932373
1.0637989044189453
0.4439978003501892
0.7480714321136475
0.5131886005401611
0.7426275610923767
0.4786323010921478
0.616237461566925
0.433208703994751
0.50898277759552
0.47779378294944763
0.4876447021961212
0.4467517137527466
0.5620624423027039
0.6355187296867371
0.684234619140625
0.7228323221206665
0.5981072187423706
0.5665007829666138
0.4887343645095825
0.4841795563697815
0.6492352485656738
0.5835095643997192
0.5445570945739746
0.43127864599227905
0.4942705035209656
0.6759761571884155
0.6755073070526123
0.923458456993103
1.1096307039260864
0.47302988171577454
0.9022431969642639
0.42356225848197937
0.6995822191238403
0.6807721853256226
0.5634135007858276
0.45130759477615356
0.5106664896011353
0.4887133240699768
0.5114034414291382
0.4474896788597107
0.6168900728225708
0.6749135255813599
0.5949592590332031
0.4907403886318207
0.6833850145339966
0.5109601616859436
0.5442776083946228
0.5452626943588257
0.4752447009086609
0.5791873931884766
0.7104787826538086
0.5622242093086243
0.5476012229919434
0.862872302532196
0.3796427249908447
0.4241653084754944
0.4598449170589447
0.6066810488700867
0.6616475582122803
0.4710597097873688
0.5102847814559937
0.586543083190918
0.5320414304733276
0.5199755430221558
0.6596745252609253
0.38046973943710327
0.4405425190925598
0.5783505439758301
0.6907488703727722
0.8394281268119812
0.6958848834037781
0.43202364444732666
0.660702109336853
0.4771314263343811
0.634971559047699
0.6713497638702393
0.5363149046897888
0.5011617541313171
0.7083051204681396
0.9123532772064209
0.5133287906646729
0.6536316871643066
0.5527709722518921
0.40971481800079346
0.5300818681716919
0.4450383186340332
0.4712534248828888
0.6483930945396423
0.5533042550086975
0.47145217657089233
0.6304502487182617
0.5605483055114746
0.5140081644058228
0.9139329791069031
0.5812484622001648
0.4844856858253479
0.4523329734802246
0.35764580965042114
0.6116456985473633
0.46845996379852295
0.5689784288406372
0.7227775454521179
0.717499315738678
0.6217692494392395
0.5137403011322021
0.6902132034301758
0.6098892092704773
0.8516970872879028
0.4571022391319275
0.41924747824668884
0.4708910286426544
0.8368487358093262
0.40862321853637695
0.5725170373916626
0.40980207920074463
0.4536970853805542
1.0018662214279175
0.3939308226108551
0.5637157559394836
0.6461939215660095
0.5262587070465088
0.5292851328849792
0.7799120545387268
0.5841151475906372
0.6525869965553284
0.5170115232467651
0.7630882263183594
0.43141674995422363
0.8577495217323303
0.5378315448760986
0.4675707221031189
0.42472776770591736
0.7236663699150085
0.7819032073020935
0.4525703191757202
0.4263252019882202
0.5656419992446899
0.5756623148918152
0.5928927063941956
0.5717073678970337
0.5733884572982788
0.6302212476730347
0.6459696292877197
0.5547049045562744
0.747369647026062
0.4587651789188385
0.9221841096878052
0.6265677213668823
0.6789090633392334
0.8449627161026001
0.38949212431907654
0.3894292414188385
0.7291668653488159
0.6681188344955444
0.781002402305603
0.6251323223114014
0.6361356973648071
0.48529547452926636
0.5561770796775818
0.4993944764137268
0.44335275888442993
0.5695172548294067
0.5823796987533569
0.6204425692558289
0.5342690944671631
0.5458885431289673
0.5528229475021362
0.48341405391693115
0.5787860751152039
0.4710874855518341
0.6676499843597412
0.8176674246788025
0.5654573440551758
0.49895936250686646
0.4614297151565552
0.5743495225906372
0.6471520662307739
0.9218378067016602
0.7929063439369202
0.7813977003097534
0.542259931564331
0.5285162925720215
0.8712927103042603
0.576632022857666
0.5328161716461182
0.6991459131240845
0.5897154808044434
0.8498362302780151
0.6308304071426392
0.4825420379638672
0.5892869234085083
1.0535780191421509
0.7174960374832153
0.6744306087493896
0.4464995861053467
0.8477011919021606
0.5824438333511353
0.6453766822814941
0.537291407585144
0.6573179960250854
0.4677896797657013
0.7675676941871643
0.4399026334285736
0.6793529987335205
0.662615180015564
0.7205668687820435
0.6554090976715088
0.6570533514022827
0.4248851239681244
0.83934086561203
0.6104140877723694
0.6117755174636841
0.4059140682220459
0.507596492767334
0.531991720199585
0.6845431327819824
0.5832233428955078
0.526396632194519
0.4846259355545044
0.7125768661499023
0.6800330877304077
0.49305880069732666
0.6873405575752258
0.5128017067909241
0.6314206123352051
0.48733681440353394
0.694442093372345
0.37667399644851685
0.5794245600700378
0.4280896782875061
0.7856990098953247
0.539440393447876
0.5561543107032776
0.39869290590286255
0.5519822835922241
0.5619892477989197
0.47627025842666626
0.43234124779701233
0.4831881523132324
0.9068275094032288
0.5188957452774048
0.8212618827819824
0.45503509044647217
0.6586398482322693
0.5238601565361023
0.5875895023345947
0.5681709051132202
0.5427875518798828
0.5337276458740234
0.6484948396682739
0.47882869839668274
0.6741559505462646
0.6945828199386597
0.5880603194236755
0.7850910425186157
0.5296656489372253
0.46223586797714233
0.6032536029815674
0.4948568344116211
0.5856260061264038
0.8721525073051453
0.7013627290725708
0.5334312319755554
0.6984031796455383
0.518326997756958
0.5518962740898132
0.4608718156814575
0.513240396976471
0.5956843495368958
0.6354495286941528
0.7814627289772034
0.637946367263794
0.5097851753234863
0.4667631983757019
0.47735536098480225
0.6065126061439514
0.5976545810699463
0.45615872740745544
0.6413476467132568
0.8522560596466064
0.8322727084159851
0.5116475224494934
0.7579805850982666
0.6045434474945068
0.653343915939331
0.6687569618225098
0.5914450883865356
0.6935648918151855
0.44634729623794556
0.5065119862556458
0.5184909105300903
0.4686192572116852
0.6745216846466064
0.9225201606750488
0.41976499557495117
0.6212430000305176
0.7451567649841309
0.609162449836731
0.6447696685791016
0.5548905730247498
0.6031843423843384
0.5739424824714661
0.37568771839141846
0.4973107576370239
0.6376206874847412
0.5758339166641235
0.3686164319515228
0.5341506004333496
0.6507201194763184
0.5455803871154785
0.4381704330444336
0.5109105110168457
0.681159496307373
0.8135390877723694
0.6441420316696167
1.0837482213974
0.46293389797210693
0.47189462184906006
0.4536494314670563
0.7336336970329285
0.4530045986175537
0.845184326171875
0.696481466293335
0.5372229814529419
0.6919411420822144
0.5777691602706909
0.5668511986732483
0.4673396944999695
0.6328895092010498
0.5206275582313538
0.9517570734024048
0.6835600137710571
0.7481337189674377
0.365420937538147
0.44309282302856445
0.6988371014595032
0.3790811002254486
0.7196199893951416
0.39480727910995483
0.4651547074317932
0.48639363050460815
0.6022339463233948
0.4561846852302551
0.4038962125778198
0.5910516977310181
0.5899899005889893
0.5649608373641968
0.5862607359886169
0.6411103010177612
0.5376254320144653
0.6246256828308105
0.3736303150653839
0.558637797832489
0.4432477355003357
0.593185305595398
0.7168846726417542
0.7779819965362549
0.4445320963859558
0.6677985787391663
0.48595374822616577
0.367561012506485
0.4505816698074341
0.5683454871177673
0.4416655898094177
0.47827184200286865
0.6869233846664429
0.6385583281517029
0.5407497882843018
0.5096465945243835
0.44243788719177246
0.6970860958099365
0.6880180835723877
0.366144597530365
0.6858075857162476
0.5419790148735046
0.7016890048980713
0.6160227060317993
0.47477445006370544
0.44820863008499146
0.4928457736968994
0.42399439215660095
0.5084723830223083
0.36480066180229187
0.628973126411438
0.5189945101737976
0.6791637539863586
0.4488506317138672
0.4476465880870819
0.5557274222373962
0.7620113492012024
0.6085496544837952
0.39416345953941345
0.5778100490570068
0.5388127565383911
0.4348139762878418
0.4635622501373291
0.4089430868625641
0.49294209480285645
0.48402291536331177
0.6252919435501099
0.5203040242195129
0.7669090032577515
0.5524929761886597
0.6469776034355164
0.8407707214355469
0.473209410905838
0.5877041220664978
0.4601958096027374
0.7405329942703247
0.6737813353538513
0.4263613820075989
0.6710422039031982
0.3851093053817749
0.5500079989433289
0.4185289442539215
0.6327173113822937
0.7135809659957886
0.3901875913143158
0.7873799800872803
0.4997159242630005
0.537964940071106
0.716831624507904
0.7714464664459229
0.5166316032409668
0.4016503393650055
0.5066808462142944
0.6018162369728088
0.5625529289245605
0.5219208002090454
0.3832915425300598
0.46134287118911743
0.727320671081543
0.3595985770225525
0.5698331594467163
0.6981886625289917
0.6133397817611694
0.6191607117652893
0.618202805519104
0.587501585483551
0.5345792174339294
0.5406911373138428
0.7389422655105591
0.854881763458252
0.4754054546356201
0.5747361779212952
0.5745135545730591
0.5270794630050659
0.4791029095649719
0.6026291847229004
0.5473994016647339
0.793129563331604
0.5306386947631836
0.6020547747612
0.6208915114402771
0.7477498054504395
0.6548871994018555
0.9378310441970825
0.7317925095558167
0.49484533071517944
0.4868611693382263
0.42044180631637573
0.4821300506591797
0.628176212310791
0.44700655341148376
0.4517114460468292
0.7116566300392151
0.512635350227356
0.4905667006969452
0.5571442246437073
0.8460244536399841
0.5554367899894714
0.4228563904762268
0.6227146983146667
0.3851287364959717
0.4999634623527527
0.4800705015659332
0.44735395908355713
0.540336549282074
0.5661182403564453
0.5162110328674316
0.8666127920150757
0.47783488035202026
0.5502030849456787
0.7149621248245239
0.561046838760376
0.6601663827896118
0.4205554127693176
0.608902633190155
0.44963338971138
0.6212015748023987
0.4677731692790985
0.674860954284668
0.5173779726028442
0.49308085441589355
0.8081309795379639
0.44537389278411865
0.835991382598877
0.6358633041381836
0.4465242028236389
0.5545447468757629
0.5214237570762634
0.37312841415405273
0.6826926469802856
0.4607769846916199
0.507072925567627
0.5208190083503723
0.42844197154045105
0.44297730922698975
0.8801437616348267
0.756738007068634
0.4099721312522888
0.5763900279998779
0.6588106751441956
0.7108588218688965
0.9085315465927124
0.6083706617355347
0.49531421065330505
0.9546484351158142
0.605916440486908
0.5375460386276245
0.7101629972457886
0.5029863119125366
0.48445701599121094
0.4918195903301239
0.5264633893966675
0.624179482460022
0.5466992855072021
0.6759347319602966
0.5047022104263306
0.802229642868042
0.44403931498527527
0.7981584072113037
0.5778133273124695
0.43269288539886475
0.5818033218383789
0.5106673836708069
0.5972868800163269
0.7280689477920532
0.577828586101532
0.558386504650116
0.7612792253494263
0.8902130126953125
0.5313217639923096
0.5286208987236023
0.5749844312667847
0.5114924907684326
0.6256359219551086
0.6669822931289673
0.7643306851387024
0.49907827377319336
0.47983506321907043
0.8546184301376343
0.6773478984832764
0.5784450173377991
0.4452548027038574
0.5708572864532471
0.6314359903335571
0.4845629334449768
0.5141339302062988
0.610321044921875
0.6752834320068359
0.4734432101249695
0.7840139865875244
0.4811474084854126
0.5096487998962402
0.7272403836250305
0.46620187163352966
0.6062678098678589
0.5964987277984619
0.517056941986084
0.7953723669052124
0.7148771286010742
0.6389139890670776
0.4130285680294037
0.4447375535964966
0.6654103994369507
0.43161484599113464
0.5099111795425415
0.5420481562614441
1.193070888519287
0.4608180522918701
0.564803957939148
0.571349024772644
0.4243251085281372
0.6226799488067627
0.4288443326950073
0.5045548677444458
0.4889855980873108
0.6970874071121216
0.6879873871803284
0.507485032081604
0.5325608849525452
0.5391379594802856
0.4081233739852905
0.5227062106132507
0.5846880674362183
0.49886631965637207
0.623383104801178
0.7351967692375183
0.6345332860946655
0.6485665440559387
0.7449716329574585
0.5618423819541931
0.7063233852386475
0.4989466667175293
0.5316349864006042
0.4803977906703949
0.5030748844146729
0.539115309715271
0.4276854991912842
0.5039412379264832
0.5099308490753174
0.4554044008255005
0.41369569301605225
0.6034989356994629
0.5275512337684631
0.5713590979576111
0.5922424793243408
0.7363366484642029
0.49722814559936523
0.7073209285736084
0.47536593675613403
0.5638262033462524
0.49662142992019653
0.6601054668426514
0.7077847719192505
0.7751147747039795
0.7977535724639893
0.43527814745903015
0.526090145111084
0.7322286367416382
0.36831775307655334
0.5214865207672119
0.541176974773407
0.40933436155319214
0.6314785480499268
0.7267143726348877
0.554539680480957
0.6955131888389587
0.5898152589797974
0.6659499406814575
0.5779943466186523
0.6333820223808289
0.590096116065979
0.6718003153800964
0.5890547037124634
0.9133262038230896
0.5093191862106323
0.4810599088668823
0.6076017022132874
0.5417812466621399
0.45831310749053955
0.5848126411437988
0.5889558792114258
0.4961822032928467
0.6015501618385315
0.5585172176361084
0.6200176477432251
0.4292038083076477
0.466630756855011
0.4471128582954407
0.5395396947860718
0.5880870819091797
0.6400682926177979
0.774549126625061
0.4343292713165283
0.4927480220794678
0.6060559749603271
0.4924415349960327
0.816474437713623
0.5335911512374878
0.4578695297241211
0.39287012815475464
0.3746064305305481
0.5184198617935181
0.40461328625679016
0.5912044048309326
0.7126159071922302
0.4257284104824066
0.3526250720024109
0.6179295778274536
0.5502080917358398
0.45392781496047974
0.8332688808441162
0.5355252027511597
0.5973326563835144
0.5654759407043457
0.6112717390060425
0.5478417873382568
0.4075295031070709
0.567978024482727
0.47390395402908325
0.4723619818687439
0.5195645093917847
0.4378213882446289
0.45505306124687195
0.5280625820159912
0.6791788339614868
0.4254782795906067
0.5132445693016052
0.6944937705993652
0.7725858688354492
0.6780902743339539
0.5777378082275391
0.9341928362846375
0.5937104225158691
0.47650986909866333
0.7008700370788574
0.45336300134658813
0.5846055746078491
0.5749837160110474
0.5144771337509155
0.441837340593338
0.5722624063491821
0.5868127942085266
0.8678310513496399
0.5264025330543518
0.4609622359275818
0.7357563376426697
0.5619646310806274
0.5435986518859863
0.5440792441368103
0.5830764174461365
0.5787899494171143
0.39799875020980835
0.4196690618991852
0.9574406147003174
0.47917044162750244
0.4828972816467285
0.5549837946891785
0.48882514238357544
0.47888630628585815
0.46428680419921875
0.6150208711624146
0.6546850800514221
0.6950236558914185
0.535964846611023
0.7019214630126953
0.5430643558502197
0.4688996970653534
0.5008617043495178
0.4786561131477356
0.5648757219314575
0.530198335647583
0.8132527470588684
0.5814967155456543
0.5647581815719604
0.5230563879013062
0.5029623508453369
0.516987681388855
0.4684174656867981
0.5338490009307861
0.4716528058052063
0.5176262259483337
0.5190646648406982
0.45109498500823975
0.5221289396286011
0.623080313205719
0.44861340522766113
0.5592200756072998
0.5843464732170105
0.4535279870033264
0.7097606658935547
0.4189375042915344
0.531456470489502
0.5415012836456299
0.4027247428894043
0.5921802520751953
0.6290961503982544
0.5070160627365112
0.5105317831039429
0.419955849647522
0.5180106163024902
0.5882489681243896
0.45585131645202637
0.44745633006095886
0.5323551297187805
0.5172101855278015
0.5070486664772034
0.5979406833648682
0.45206159353256226
0.5995000600814819
0.6310693025588989
0.5571734309196472
0.9344671964645386
0.47706523537635803
0.4598923921585083
0.486031174659729
0.5953035354614258
0.6749938726425171
0.5642508268356323
0.4620015025138855
0.49608492851257324
0.6047556400299072
0.3911547064781189
0.5532494187355042
0.5494927167892456
0.7165384888648987
0.5057293176651001
0.4978199303150177
0.603339433670044
0.4490049481391907
0.5263346433639526
0.5447530150413513
0.6098575592041016
0.7709999680519104
0.4807138442993164
0.6166527271270752
0.6644599437713623
0.7439790964126587
0.4263933300971985
0.4178149998188019
0.6237468719482422
0.5532143115997314
0.47588807344436646
0.732469916343689
0.47316908836364746
0.6053637266159058
0.5298858880996704
0.49882590770721436
0.4356094002723694
0.4387162923812866
0.3908894658088684
0.5196077823638916
0.5382939577102661
0.5230451822280884
0.4907979369163513
0.4045374393463135
0.6696150898933411
0.5729950666427612
0.6295338869094849
0.7092269659042358
0.5361177921295166
0.6432300806045532
0.4885762929916382
0.537971019744873
0.6241655349731445
0.6374335289001465
0.6956759691238403
0.5897036790847778
0.7880481481552124
0.713623046875
0.8409634828567505
0.494057297706604
0.5842791795730591
0.627379834651947
0.5085805058479309
0.5334701538085938
0.7892350554466248
0.4732995629310608
0.4763641953468323
0.6513308882713318
0.6487100720405579
0.4202352464199066
0.6291537284851074
0.46653324365615845
0.7980297803878784
0.43922191858291626
0.5013803243637085
0.5344864130020142
0.7044095993041992
0.8633430004119873
0.4051705598831177
0.5819872617721558
0.5206916928291321
0.6958508491516113
0.6555909514427185
0.3643815219402313
0.6406420469284058
0.5616703033447266
0.7761470079421997
0.7006493210792542
0.45844292640686035
0.6383218765258789
0.9287422299385071
0.5019651651382446
0.6596345901489258
0.5754129886627197
0.5152537822723389
0.46040093898773193
0.7223093509674072
0.6108154058456421
0.637425422668457
0.7144268751144409
0.49883419275283813
0.7929317951202393
0.6576993465423584
0.5032798647880554
0.5459702014923096
0.5540229082107544
0.4371808171272278
0.43407461047172546
0.5401859879493713
0.4079616665840149
0.4306713938713074
0.46922218799591064
0.5533768534660339
0.5693868398666382
1.0793378353118896
0.5038633942604065
0.38431334495544434
0.7273253202438354
0.44721847772598267
0.3979276418685913
0.46194037795066833
0.4642980992794037
0.4341927766799927
0.6523385643959045
0.45995214581489563
0.40267273783683777
0.7255306243896484
0.5502912998199463
0.5732146501541138
0.419020414352417
0.8764950037002563
0.4351441264152527
0.5681678056716919
0.46501773595809937
0.6536993980407715
0.8375556468963623
0.4150407016277313
0.5098879337310791
0.5857737064361572
0.728996217250824
0.6088794469833374
0.5859194993972778
0.5073851943016052
0.5576251745223999
0.8971421718597412
0.4069877564907074
0.7170761823654175
0.5791822671890259
0.5677363872528076
0.6318855285644531
0.5757488012313843
0.6916233897209167
0.5511510372161865
0.4620102643966675
0.4004696011543274
0.5044946670532227
0.5640614032745361
0.6622714996337891
0.4678143560886383
0.5780133008956909
0.45213353633880615
0.5033454895019531
0.5041912198066711
0.5543423891067505
0.3764209449291229
0.4533427357673645
0.9581179022789001
0.674875020980835
0.581973671913147
0.4939454197883606
0.5324304699897766
0.5554202795028687
0.460849404335022
0.49988776445388794
0.40726059675216675
0.5022944211959839
0.4647628664970398
0.4250570833683014
0.4659844934940338
0.6950517296791077
0.4292548894882202
0.554893970489502
0.6458571553230286
0.4757448136806488
0.5104697346687317
0.6192306280136108
0.578229546546936
0.5838558673858643
0.6083409786224365
0.41723597049713135
0.5702866315841675
0.8698597550392151
0.539465069770813
0.3982742428779602
0.46431857347488403
0.7895836234092712
0.5557396411895752
0.48231106996536255
0.5153440833091736
0.5291313529014587
0.5921797752380371
0.4059012234210968
0.47230809926986694
0.39735862612724304
0.7253512144088745
0.5130449533462524
0.48677492141723633
0.5446972846984863
0.5458368062973022
0.48199862241744995
0.6743348836898804
0.6016032695770264
0.5153409242630005
0.5419422388076782
0.45992743968963623
0.39485132694244385
0.5344189405441284
0.804412841796875
0.5866434574127197
0.6486800312995911
0.455776572227478
0.42081141471862793
0.6625427603721619
0.6463348865509033
0.4067215919494629
0.5461411476135254
0.38996872305870056
0.6803091764450073
0.4995650053024292
0.8391163945198059
0.5093028545379639
0.7423704266548157
0.4059709310531616
0.9351701736450195
0.5005198121070862
0.5222393274307251
0.481914758682251
0.6474707722663879
0.5799694657325745
0.429848849773407
0.401735782623291
0.5157614946365356
0.7194933891296387
0.6000286340713501
0.41900643706321716
0.45196467638015747
0.4381273686885834
0.4960310459136963
0.7021988034248352
0.6125293970108032
0.5384547114372253
0.4851928949356079
0.4247090220451355
0.5557907819747925
0.6227761507034302
0.43681955337524414
0.42494118213653564
0.5292372703552246
0.43605631589889526
0.44582700729370117
0.43357521295547485
0.6611815690994263
0.4780365824699402
0.48652440309524536
0.43502628803253174
0.3943636417388916
0.6075748205184937
0.525456428527832
0.7179542183876038
0.3961026072502136
0.43002647161483765
0.6461406946182251
0.4489084780216217
0.4350510239601135
0.4250548481941223
0.6510336995124817
0.5085264444351196
0.430625319480896
0.4434671998023987
0.49483221769332886
0.45962387323379517
0.4164719581604004
0.4235423803329468
0.5992293953895569
0.4965599477291107
0.5028810501098633
0.6417949199676514
0.4774140417575836
0.8549880981445312
0.41383832693099976
0.4023013412952423
0.43200695514678955
0.5723560452461243
0.4493429660797119
0.48701441287994385
0.5581874847412109
0.5270500779151917
0.47193461656570435
0.4615471363067627
0.570789098739624
0.5322227478027344
0.4364684224128723
0.36188364028930664
0.6898661851882935
0.6198067665100098
0.4964918792247772
0.4066044092178345
0.47309610247612
0.5123623609542847
0.4677880108356476
0.5562890768051147
0.6435842514038086
0.5546951293945312
0.631403923034668
0.6673494577407837
0.5606681108474731
0.43486857414245605
0.53885817527771
0.7417123317718506
0.44317713379859924
0.45570945739746094
0.7973537445068359
0.561998724937439
0.45676010847091675
0.5011796951293945
0.7414761185646057
0.4627333879470825
0.4610019326210022
0.7737741470336914
0.5222222805023193
1.1498035192489624
0.593776524066925
0.4276331663131714
0.4714520275592804
0.5744695663452148
0.8557644486427307
0.8050634860992432
0.4816361665725708
0.3718131482601166
0.4291803240776062
0.7121833562850952
0.4857299029827118
0.41316038370132446
0.36868607997894287
0.7073315382003784
0.5470702648162842
0.6535162329673767
0.5257612466812134
0.47702670097351074
0.6617089509963989
0.40925562381744385
0.8923415541648865
0.7707579731941223
0.5384092330932617
0.4826587438583374
0.58133465051651
0.7703160047531128
0.504718005657196
0.5392884016036987
0.40233367681503296
0.6022622585296631
0.5256063938140869
0.3522704243659973
0.6795611381530762
0.757099449634552
0.5657742023468018
0.638748288154602
0.6075384616851807
0.5058150291442871
0.7254840731620789
0.5498294830322266
0.5007271766662598
0.5913496613502502
0.5911747217178345
0.4808180332183838
0.36828985810279846
0.5759803056716919
0.6682742834091187
0.48731762170791626
0.442455917596817
0.8125300407409668
0.5395172238349915
0.5872754454612732
0.6222594976425171
0.5844149589538574
0.6207582950592041
0.6175874471664429
0.8140777349472046
0.38252678513526917
0.5611166954040527
0.9387373924255371
0.547482967376709
0.42550843954086304
0.4668669104576111
0.5929986238479614
0.6565409302711487
0.5234442353248596
0.8351866006851196
0.5930410623550415
0.43884027004241943
0.6047837138175964
0.4755200147628784
0.6969300508499146
0.539065420627594
0.649163007736206
0.4930073022842407
0.7450752854347229
0.9808409810066223
0.5147446990013123
0.4321810007095337
0.39502108097076416
0.4949905276298523
0.8429062366485596
0.6034752130508423
0.4464303255081177
0.4272555708885193
0.5010199546813965
0.6521246433258057
0.5921581983566284
0.5331448316574097
0.582484245300293
0.6333274841308594
0.5416476726531982
0.49730679392814636
0.5382238626480103
0.6602267026901245
0.42000383138656616
0.706397533416748
0.43422263860702515
0.5237224102020264
0.6245316863059998
0.8634933829307556
0.3351295590400696
0.7377736568450928
0.528490424156189
0.47477656602859497
0.7179496884346008
0.5005667209625244
0.7623264193534851
0.5298011898994446
0.621460497379303
0.48662111163139343
0.5579213500022888
0.5545337200164795
0.5742390751838684
0.44570192694664
0.6790666580200195
0.48240670561790466
0.5015506744384766
0.5475629568099976
0.5729525089263916
0.4365110993385315
0.7847856283187866
0.5179373025894165
0.4185676574707031
0.4166733920574188
0.6330819725990295
0.3972512483596802
0.779072105884552
0.5016499757766724
0.42596298456192017
0.5221458673477173
0.4377022385597229
0.5949304699897766
0.5901974439620972
0.43153396248817444
0.3940119743347168
0.4716971516609192
0.44222307205200195
0.541845440864563
0.8169225454330444
0.6606138944625854
0.5276355147361755
0.47429996728897095
0.4762771725654602
0.4397393465042114
0.4342442750930786
0.4801006317138672
0.3818109333515167
0.6498890519142151
0.581794798374176
0.6920934915542603
0.49371397495269775
0.5260480642318726
0.4818984270095825
0.5559699535369873
0.42424625158309937
0.5317690372467041
0.48835182189941406
0.563068151473999
0.4896540343761444
0.4596508741378784
0.6020222902297974
0.521192193031311
0.4700224995613098
0.4975458085536957
0.7607100605964661
0.4740094542503357
0.5017926096916199
0.5337159633636475
0.45375335216522217
0.5901215076446533
0.49156343936920166
0.4189481735229492
0.6287718415260315
0.4622453451156616
0.5345255136489868
0.6191097497940063
0.5975295901298523
0.6835739612579346
0.5837036371231079
0.5044363737106323
0.7601590752601624
0.8268481492996216
0.49055618047714233
0.37849265336990356
0.8392208218574524
0.4560563564300537
0.557705819606781
0.5637535452842712
0.43956470489501953
0.4511590003967285
0.6446973085403442
0.5117433071136475
0.6921510100364685
0.7121854424476624
0.5735946893692017
0.4483634829521179
0.5045678615570068
0.7681249976158142
0.5368411540985107
0.8218008875846863
0.6047399044036865
0.42210710048675537
0.6831133365631104
0.41515305638313293
0.6261799335479736
0.6169505715370178
0.6351718306541443
0.7921631336212158
0.42160096764564514
0.5106498003005981
0.47679275274276733
0.441902220249176
0.4863387942314148
0.5050556659698486
0.7130534052848816
0.7535756826400757
0.5125629305839539
0.49068111181259155
0.49099960923194885
0.4533193111419678
0.4554767906665802
0.5085407495498657
0.621160626411438
0.49648189544677734
0.39036130905151367
0.5273039937019348
0.4527836740016937
0.5285889506340027
0.4686407446861267
0.5927373170852661
0.5473304390907288
0.7164334654808044
0.48845812678337097
0.4855077266693115
0.5678848624229431
0.5646976828575134
0.6999863982200623
0.547126054763794
0.702041506767273
0.5390876531600952
0.3634069561958313
0.6428333520889282
0.5689697265625
0.7480252981185913
0.7333395481109619
0.4798312187194824
0.5296363830566406
0.389707088470459
0.6395740509033203
0.48417168855667114
0.8203541040420532
0.46752268075942993
0.5386441946029663
0.6424641609191895
0.582553505897522
0.45346254110336304
0.5484931468963623
0.5428210496902466
0.7929201126098633
0.5326441526412964
0.37979820370674133
0.6204675436019897
0.6611803770065308
0.5801690220832825
0.7038965225219727
0.40853193402290344
0.43321841955184937
0.5246124267578125
0.4540087878704071
0.46244409680366516
0.7456233501434326
0.8078263401985168
0.438140332698822
0.5837579965591431
0.46257105469703674
0.7036623954772949
0.476803719997406
0.49524587392807007
0.4312753677368164
0.547400951385498
0.6779223680496216
0.557202160358429
0.9020214676856995
0.4734463095664978
0.3455613851547241
0.34420332312583923
0.40788882970809937
0.5040289163589478
0.5614163875579834
0.37490686774253845
0.5766974091529846
0.4704402983188629
0.653814971446991
0.6550115346908569
0.42359697818756104
0.6557774543762207
0.7396111488342285
0.6020970940589905
0.48042982816696167
0.45744457840919495
0.4684253931045532
0.48097288608551025
0.3946913480758667
0.5478237867355347
0.6108652353286743
0.39632734656333923
0.5174451470375061
0.5075016021728516
0.48944854736328125
0.43698030710220337
0.5590654611587524
0.5287894010543823
0.6822545528411865
0.42692720890045166
0.4471319913864136
0.638344407081604
0.7862255573272705
0.6082979440689087
0.6118183732032776
0.48597338795661926
1.744828462600708
0.3686114251613617
0.43956422805786133
0.4792940616607666
0.6867117881774902
0.41280990839004517
0.6397829651832581
0.5183488130569458
0.5473282933235168
0.49895691871643066
0.5113992691040039
0.6589847803115845
0.6687920093536377
0.6823868155479431
0.5262913107872009
0.7720383405685425
0.6746952533721924
0.48743730783462524
0.5142605304718018
0.6665958762168884
0.46380335092544556
0.4729915261268616
0.5167564153671265
0.5367068648338318
0.6586248874664307
0.6383703351020813
0.712671160697937
0.5289112329483032
0.6347091197967529
0.5270348191261292
0.633915901184082
0.649797797203064
0.6121578216552734
0.6389654874801636
0.6673383116722107
0.6424667835235596
0.47643381357192993
0.634375810623169
0.40142810344696045
0.5941992998123169
0.3804668188095093
0.44698166847229004
0.5814861059188843
0.5477039813995361
0.44684267044067383
0.5064135789871216
0.6941632628440857
0.5390660762786865
0.7057677507400513
0.47505053877830505
0.4794138967990875
0.6700832843780518
0.5778195858001709
0.4494425654411316
0.4261346757411957
0.4985707700252533
0.7427037954330444
0.5382793545722961
0.4674951136112213
0.6356878280639648
0.4101540744304657
0.5884721279144287
0.7371532917022705
0.6349039077758789
0.5271058082580566
0.6515640020370483
0.6049950122833252
0.46743571758270264
0.5707575678825378
0.47452449798583984
0.5109044313430786
0.45689961314201355
0.4171873927116394
0.5346609354019165
0.49475836753845215
0.4748328924179077
0.4921436011791229
0.542288064956665
0.5085965394973755
0.5376807451248169
0.4792104959487915
0.6444582939147949
0.4370850920677185
0.6025393009185791
0.44847601652145386
0.6613621115684509
0.5270038843154907
0.7086917757987976
0.6059927940368652
0.5467144846916199
0.5445331931114197
0.6271992325782776
0.4636886715888977
0.36702412366867065
0.5788368582725525
0.3987639844417572
0.5068379044532776
0.4960879683494568
0.5657813549041748
0.43244674801826477
0.3943917751312256
0.4855495095252991
0.9808170199394226
0.7124056220054626
0.5683218240737915
0.5409219861030579
0.43276840448379517
0.4899994134902954
0.3861221671104431
0.5339500904083252
0.5410248637199402
0.48847901821136475
0.5730113983154297
0.5557850003242493
0.4543251097202301
0.8247998356819153
0.482535719871521
0.4537050127983093
0.5691912174224854
0.5029196739196777
0.4109407961368561
0.49822402000427246
0.37149983644485474
0.5359700918197632
0.6592501401901245
0.6211122274398804
0.5979897975921631
0.5190619826316833
0.48736023902893066
0.5548101663589478
0.5152566432952881
0.46222907304763794
0.5589127540588379
0.48665472865104675
0.7883261442184448
0.5005950927734375
0.47515368461608887
0.4485434591770172
0.45709383487701416
0.6615893840789795
0.5430862903594971
0.5205490589141846
0.4807180166244507
0.5251626968383789
0.4742116928100586
0.4951774477958679
0.7832030057907104
0.575613796710968
0.4631301164627075
0.4247242212295532
0.4243248403072357
0.5639665722846985
0.5192894339561462
1.3307565450668335
0.6047087907791138
0.48175179958343506
0.43767350912094116
0.6945492625236511
0.5308201909065247
0.7248096466064453
0.3701370358467102
0.655846357345581
0.4309713840484619
0.48015791177749634
0.5807675719261169
0.4932484030723572
0.48327773809432983
0.3798915147781372
0.5132105350494385
0.4007990062236786
0.4728814959526062
0.4975752830505371
0.464773952960968
0.5993252396583557
0.43650007247924805
0.625123918056488
0.5095326900482178
0.6512058973312378
0.4809054732322693
0.6330133676528931
0.4758079946041107
0.5532518029212952
0.46612441539764404
0.4484492540359497
0.46785110235214233
0.40444037318229675
0.5121510028839111
0.7102047204971313
0.45794862508773804
0.4721672534942627
0.7017694711685181
0.6298801898956299
0.5067600011825562
0.5124220848083496
0.5474894046783447
0.4889758229255676
0.6478859782218933
0.5715296268463135
0.4783427119255066
0.4639270007610321
0.39370793104171753
0.5523240566253662
0.5333317518234253
0.8631504774093628
1.3123841285705566
0.792443573474884
0.5631709694862366
0.4090203046798706
0.3961939513683319
0.4772912263870239
0.5664939284324646
0.5191159248352051
0.532785177230835
0.5950679779052734
0.6323089599609375
0.7025906443595886
0.5036865472793579
0.7223801016807556
0.8999797105789185
0.46713221073150635
0.8015261292457581
0.3972051739692688
0.3782290816307068
0.43979138135910034
0.5167418122291565
0.49573880434036255
0.5498076677322388
0.42733120918273926
0.7478044033050537
0.650204598903656
0.46889394521713257
0.5053650140762329
0.5435505509376526
0.45187461376190186
0.5056803822517395
0.42065680027008057
0.4556053876876831
0.48078349232673645
0.6062955856323242
0.4763233959674835
0.5817573070526123
0.3629019558429718
0.5636568069458008
0.44370201230049133
0.42564791440963745
0.499881774187088
0.5389090180397034
0.7123525142669678
0.5336530208587646
0.7966449856758118
0.602167010307312
0.6540809869766235
0.4431791305541992
0.5958697199821472
0.8083247542381287
0.5355408191680908
0.5973615646362305
0.46250468492507935
0.7762019634246826
0.48200464248657227
0.4903745651245117
0.7484089136123657
0.5796277523040771
0.5115959644317627
0.38591986894607544
0.6428841948509216
0.4779053330421448
0.4689105451107025
0.5920264720916748
0.7280309796333313
0.4180135130882263
0.4001406133174896
0.4042535722255707
0.6328983902931213
0.5770788192749023
0.6737455129623413
0.4131651222705841
0.4914887547492981
0.48495805263519287
0.5411943197250366
0.5229987502098083
0.5864666700363159
0.37162336707115173
0.4272836446762085
0.4720601439476013
0.6980161666870117
0.6063953638076782
0.4138486683368683
0.41945093870162964
0.4730246067047119
0.6863128542900085
0.4833107590675354
0.634723424911499
0.6989065408706665
0.40836429595947266
0.4177524745464325
0.5457976460456848
0.4191513955593109
0.6111726760864258
0.5067709684371948
0.6102412939071655
0.6770906448364258
0.4835435152053833
0.7565615773200989
0.4901522397994995
0.48449084162712097
0.3923744261264801
0.42051610350608826
0.5036125183105469
0.4799883961677551
0.8249956369400024
0.42388617992401123
0.5494866371154785
0.4866684079170227
0.48232704401016235
0.5679616928100586
0.8973544836044312
0.46581998467445374
0.4320804178714752
0.3605727255344391
0.4862988591194153
0.599402904510498
0.6385602951049805
0.4945565164089203
0.6895248293876648
0.5353792905807495
0.5557501316070557
0.3632819652557373
0.5029973983764648
0.4311177134513855
0.4920065402984619
0.6212441921234131
0.6332818269729614
0.5039921998977661
0.48919087648391724
0.5714522004127502
0.5288872122764587
0.5798746943473816
0.5794103741645813
0.39987248182296753
0.7524106502532959
0.5644035339355469
0.5119548439979553
0.6245757341384888
0.5712971687316895
0.5184839963912964
0.8161285519599915
0.4631662964820862
0.39898109436035156
0.46386775374412537
0.43558502197265625
0.48840415477752686
0.6255494356155396
0.5377640724182129
0.5089747905731201
0.45902520418167114
0.4678647518157959
0.4724375307559967
0.6317411065101624
0.4100201725959778
0.43179190158843994
0.4242057502269745
0.6103370189666748
0.6507871747016907
0.6125822067260742
0.4664783477783203
0.7841150164604187
0.40123599767684937
0.42149633169174194
0.48604756593704224
0.4445854127407074
0.4243847727775574
0.5417768359184265
0.4494583010673523
0.41225704550743103
0.9052436947822571
0.6685168743133545
0.48230260610580444
0.7746703028678894
0.48577889800071716
0.559258222579956
0.3865909278392792
0.45386481285095215
0.8156965970993042
0.44500648975372314
0.5028925538063049
0.5239757895469666
0.5320083498954773
0.46621084213256836
0.4918184280395508
0.5225868225097656
0.3825148344039917
0.41996675729751587
0.8883730173110962
0.45883023738861084
0.48949626088142395
0.47190946340560913
0.4744732975959778
0.5630995035171509
0.5798913240432739
0.48582857847213745
0.4605579376220703
0.6722951531410217
0.4155226945877075
0.5171640515327454
0.3697148859500885
0.43163514137268066
0.3947221338748932
0.4506813883781433
0.6795741319656372
0.48903366923332214
0.5195457935333252
0.7820547223091125
0.564084529876709
0.478790283203125
0.44474607706069946
0.37516453862190247
0.6067595481872559
0.42423272132873535
0.647100567817688
0.8388323783874512
0.692460298538208
0.7072134017944336
0.38382309675216675
0.5291757583618164
0.6072849035263062
0.7338547110557556
0.5704667568206787
0.4749830961227417
0.5172659158706665
0.4804666042327881
0.5872647166252136
0.46218636631965637
0.4231477379798889
0.38736552000045776
0.7651320695877075
0.4090786576271057
0.6110173463821411
0.5236114263534546
0.42390361428260803
0.42370232939720154
0.431041419506073
0.6062051653862
0.4698915481567383
0.44958528876304626
0.6173615455627441
0.5838508009910583
0.6004723310470581
0.4847828149795532
0.534383237361908
0.4674660265445709
0.5632335543632507
0.37536290287971497
0.4804286062717438
0.49946659803390503
0.4362823963165283
0.6251684427261353
0.7526542544364929
0.531660795211792
0.6082807183265686
0.5707311630249023
0.5615710616111755
0.6588131785392761
0.5228850245475769
0.5899803638458252
0.5059278011322021
0.5891054272651672
0.566247820854187
0.43234360218048096
0.5982603430747986
0.41905003786087036
0.4311109781265259
0.4335690140724182
0.6179771423339844
0.5128301382064819
0.5992816090583801
0.43186697363853455
0.38408252596855164
1.0263991355895996
0.3898118734359741
0.6334964036941528
0.5511793494224548
0.5050182938575745
0.5969069004058838
0.45371949672698975
0.5657856464385986
0.6999106407165527
0.5821314454078674
0.5044783353805542
0.35465919971466064
0.6258455514907837
0.40901869535446167
0.5553239583969116
0.49649113416671753
0.42036211490631104
0.3869296610355377
0.5299802422523499
0.4585370123386383
0.3632076382637024
0.6403664350509644
0.4014904201030731
0.4598085880279541
0.605504035949707
0.4856392741203308
0.4026017487049103
0.40086519718170166
0.41639190912246704
0.5071807503700256
0.6111115217208862
0.4975162148475647
0.46213310956954956
0.37873390316963196
0.5249835252761841
0.4953271746635437
0.3726733922958374
0.46244722604751587
0.5354670882225037
0.4319589138031006
0.4388592839241028
0.4639250338077545
0.45117706060409546
0.5565838813781738
0.45319026708602905
0.5641651153564453
0.5113565325737
0.3702998161315918
0.5697752237319946
0.5556411743164062
0.4472101330757141
0.4198075532913208
0.6690210103988647
0.6361330151557922
0.45012784004211426
0.5047367811203003
0.6522343754768372
0.5835134983062744
0.6154593825340271
0.5896521806716919
0.4102644920349121
0.5146249532699585
0.49464094638824463
0.5706736445426941
0.612248957157135
0.5376209020614624
0.5497571229934692
0.47709712386131287
0.49924933910369873
0.5607954263687134
0.6873070001602173
0.5322262048721313
0.42238518595695496
0.4752456545829773
0.7304949760437012
0.5314763784408569
0.4227999746799469
0.5179420709609985
0.8570044636726379
0.6576286554336548
0.5082758665084839
0.7206311821937561
0.4169076383113861
0.9363282918930054
0.7626559734344482
0.4071061611175537
0.4913800060749054
0.3838036358356476
0.45825302600860596
0.4873443841934204
0.5953357219696045
0.4172677993774414
0.49121880531311035
0.48158854246139526
0.3864555358886719
0.5931826829910278
0.44208359718322754
0.5550817251205444
0.5002403855323792
0.4349213242530823
0.4425593614578247
0.45416563749313354
0.5151312351226807
0.5353413820266724
0.46709179878234863
0.47013652324676514
0.6239893436431885
0.45051276683807373
0.7548304796218872
0.5531271696090698
0.5423921346664429
0.4479098320007324
0.5696778297424316
0.43798118829727173
0.51567542552948
0.49896514415740967
0.5775746703147888
0.5076904296875
0.44009560346603394
0.7019532322883606
0.38210853934288025
0.46444952487945557
0.7625002861022949
0.7214723825454712
0.46786946058273315
0.556681215763092
0.3532768785953522
0.43805402517318726
0.5307085514068604
0.5682392716407776
0.4529249668121338
0.4119521379470825
0.4525411128997803
0.44310349225997925
0.5359123945236206
0.6146653294563293
0.7820148468017578
0.3838181793689728
0.45081913471221924
0.4833492040634155
0.5147793889045715
0.5999191403388977
0.39297616481781006
0.448882520198822
0.43164384365081787
0.595860481262207
0.5916762948036194
0.5136561393737793
0.41582414507865906
0.6276373863220215
0.3944782316684723
0.4563728868961334
0.5419178605079651
0.4286256432533264
0.6743943095207214
0.47500988841056824
0.361712783575058
0.4270261526107788
0.5200250148773193
0.5245528817176819
0.385865718126297
0.5903806686401367
0.6033127307891846
0.4403975009918213
0.598768949508667
0.40764570236206055
0.39173853397369385
0.4503319561481476
0.5393655896186829
0.5788654685020447
0.8235706090927124
0.4021310806274414
0.43473076820373535
0.4997365176677704
0.4818618893623352
0.5131734609603882
0.6134229898452759
0.36903849244117737
0.420309841632843
0.49052122235298157
0.5812402367591858
0.5192391872406006
0.4223266839981079
0.5511066913604736
0.7263363003730774
0.4648776948451996
0.5596338510513306
0.5869805812835693
0.6048595905303955
0.5627679824829102
0.3920728862285614
0.36961111426353455
0.40909823775291443
0.46157023310661316
0.38753652572631836
0.3726968765258789
0.409054696559906
0.39050808548927307
0.4652802348136902
0.5135328769683838
0.6914189457893372
0.627671480178833
0.38565942645072937
0.5261887907981873
0.6031843423843384
0.3621351718902588
0.42624109983444214
0.48625946044921875
0.3788928985595703
0.47667235136032104
0.4794175326824188
0.4592045545578003
0.5512885451316833
0.45277082920074463
0.5013656616210938
0.4891921877861023
0.41508546471595764
0.4710746109485626
0.5494226813316345
0.43283408880233765
0.4156792461872101
0.7233904600143433
0.5745261907577515
0.6366317272186279
0.5144418478012085
0.9220165610313416
0.5257461071014404
0.4657091498374939
0.5628001689910889
0.6021642088890076
0.595629096031189
0.4357258975505829
0.5024973154067993
0.47743698954582214
0.7011334896087646
0.4970174729824066
0.4215319752693176
0.5048518776893616
0.48094427585601807
0.6545906066894531
0.3927968740463257
0.3928505778312683
0.4051678776741028
0.4086534082889557
0.607996940612793
0.3685459792613983
0.4540753960609436
0.40208232402801514
0.7997987270355225
0.4211588501930237
0.6330522298812866
0.4702097177505493
0.5228464603424072
0.5989020466804504
0.5437865257263184
0.6662643551826477
0.5321514010429382
0.511086106300354
0.47305405139923096
0.6127804517745972
0.5224781632423401
0.41104334592819214
0.5177497267723083
0.6128489971160889
0.5657317638397217
0.40193772315979004
0.5127148628234863
0.35279273986816406
0.5704622268676758
0.505436897277832
0.6497645974159241
0.5069258213043213
0.4740253686904907
0.5740811824798584
0.44737833738327026
0.4162067472934723
0.47907257080078125
0.5694141387939453
0.48014628887176514
0.5086804032325745
0.6777601838111877
0.3715590536594391
0.4539383053779602
0.5008069276809692
0.40915870666503906
0.4705325961112976
0.5971620678901672
0.4943481683731079
0.5250752568244934
0.41105297207832336
0.37851154804229736
0.5691652297973633
0.607840895652771
0.41942298412323
0.5500575304031372
0.3801777958869934
0.3934379816055298
0.41018128395080566
0.4820649027824402
0.7236024141311646
0.4106641411781311
0.4569358825683594
0.41829913854599
0.5843856334686279
0.8289202451705933
0.5596368908882141
0.3740050494670868
0.5013267397880554
0.4399260878562927
0.48236286640167236
0.47758281230926514
0.4991913437843323
0.49123919010162354
0.5427388548851013
0.6452609300613403
0.5938658118247986
0.6074498295783997
0.690314769744873
0.46132534742355347
0.49440738558769226
0.5069073438644409
0.3687879145145416
0.7975527048110962
0.4631921052932739
0.5067776441574097
0.5623273849487305
0.6578479409217834
0.540475070476532
0.5655455589294434
0.4766407608985901
0.5389097332954407
0.43909722566604614
0.7057820558547974
0.3619683086872101
0.5161901712417603
0.44427627325057983
0.44368672370910645
0.5276719331741333
0.6456339955329895
0.36521726846694946
0.401592493057251
0.7391929030418396
0.4341171383857727
0.3564964830875397
0.41052913665771484
0.5213139653205872
0.3977077305316925
0.689167857170105
0.4550307095050812
0.5774754285812378
0.5965563058853149
0.38936319947242737
0.4636586308479309
0.5448907613754272
0.3821064531803131
0.35740119218826294
0.7232665419578552
0.5993167161941528
0.3639955520629883
0.47568315267562866
0.5459651947021484
0.43903887271881104
0.4641120433807373
0.7337404489517212
0.6030726432800293
0.449337899684906
0.36217865347862244
0.5299709439277649
0.6474398374557495
0.3874969482421875
0.6004473567008972
0.4925282895565033
0.4666653275489807
0.8125836253166199
0.5936195850372314
0.4174219071865082
0.5616006851196289
0.41546714305877686
0.5011401176452637
0.3555561304092407
0.733233630657196
0.6262677311897278
0.4375872313976288
0.5483751893043518
0.6226584911346436
0.5034319162368774
0.6505813598632812
0.5166994333267212
0.5472571849822998
0.4310725927352905
0.46610692143440247
0.48756861686706543
0.6281256675720215
0.6491267681121826
0.5754323601722717
0.6023155450820923
0.614341139793396
0.5976123809814453
0.46052950620651245
0.44935163855552673
0.5882054567337036
0.4097307026386261
0.35980743169784546
0.3961349129676819
0.5085864663124084
0.5404783487319946
0.4893385171890259
0.4628891348838806
0.6550019979476929
0.48283642530441284
0.39492976665496826
0.5217000842094421
0.367140531539917
0.5835192203521729
0.5851962566375732
0.5786798000335693
0.4129445254802704
0.44986724853515625
0.4808307886123657
0.46720030903816223
0.4836013913154602
0.7082694172859192
0.6565084457397461
0.43205156922340393
0.8240087032318115
0.44306182861328125
0.6566823720932007
0.4718720018863678
0.4631441831588745
0.46328413486480713
0.34747520089149475
0.5408968925476074
1.1986602544784546
0.4159952402114868
0.4010331332683563
0.4378138482570648
0.4782443344593048
0.4847981929779053
0.5354428291320801
0.675244927406311
0.45857012271881104
0.3502994775772095
0.5048351287841797
0.5373179912567139
0.45721450448036194
0.46847212314605713
0.5698825120925903
0.8639267683029175
0.5257038474082947
0.5235152840614319
0.5506129264831543
0.541715145111084
0.43942415714263916
0.5304198861122131
0.5485529899597168
0.4261237680912018
0.4470503032207489
0.4353896975517273
0.4850218594074249
0.5574145317077637
0.5886968374252319
0.44816896319389343
0.5846691131591797
0.5414576530456543
0.47726970911026
0.4741085171699524
0.6367405652999878
0.36631569266319275
0.4163093566894531
0.45526766777038574
0.5151812434196472
0.4037858247756958
0.4938504695892334
0.6121407747268677
0.3975074589252472
0.5538146495819092
0.7150574922561646
0.41640734672546387
0.4852241277694702
0.41063427925109863
0.4558846354484558
0.3803051710128784
0.45661503076553345
0.6055737137794495
0.41236770153045654
0.6489043235778809
0.4757903516292572
0.40013980865478516
0.5414062738418579
0.6931660175323486
0.4397895336151123
0.6805457472801208
0.5582139492034912
0.43017396330833435
0.579532265663147
0.5242613554000854
0.49118438363075256
0.4896993339061737
0.41084444522857666
0.46819597482681274
0.5639528036117554
0.34449949860572815
0.4728613495826721
0.43925008177757263
0.5566751956939697
0.43172362446784973
0.6336107850074768
0.4716389775276184
0.49483805894851685
0.4366200566291809
0.33562615513801575
0.4411962926387787
0.4792579412460327
0.5099445581436157
0.5000055432319641
0.45156294107437134
0.5932117104530334
0.6099809408187866
0.8321580290794373
0.6554630994796753
0.48243820667266846
0.5449034571647644
0.5925816297531128
0.541616678237915
0.4766654074192047
0.6137990951538086
0.498369038105011
0.4358319640159607
0.5105796456336975
0.5314537286758423
0.5862843990325928
0.49906373023986816
0.3847962021827698
0.4289344847202301
0.46934521198272705
0.50003981590271
0.672066330909729
0.4724352955818176
0.5950415134429932
0.4886946678161621
0.44441187381744385
0.4771457314491272
0.4581013321876526
0.3927059769630432
0.4639796018600464
0.35804516077041626
0.518280029296875
0.7114399671554565
0.5318435430526733
0.4711894392967224
0.486944317817688
0.4526367783546448
0.5398790240287781
0.5969847440719604
0.46398240327835083
0.5864513516426086
0.42343881726264954
0.5103508234024048
0.42723798751831055
0.4024755358695984
0.5578106641769409
0.42289528250694275
0.5311115384101868
0.4312209486961365
0.46908849477767944
0.4540529251098633
0.65841144323349
0.6284791231155396
0.42833930253982544
0.5091351270675659
0.7794419527053833
0.4726516008377075
0.6615419387817383
0.4457589387893677
0.3950878977775574
0.653656005859375
0.4122246205806732
0.568631649017334
0.5216082334518433
0.4501350522041321
0.5480767488479614
0.5370687246322632
0.43616342544555664
0.4022541642189026
0.5422643423080444
0.5926199555397034
0.5125364661216736
0.4038381576538086
0.4193647503852844
0.7038337588310242
0.3942680358886719
0.7981473207473755
0.6322193145751953
0.6192969083786011
0.47063004970550537
0.5432138442993164
0.538686990737915
0.5212301015853882
0.6538989543914795
0.6837698817253113
0.4191637635231018
0.46465516090393066
0.47576484084129333
0.4903344213962555
0.49288082122802734
0.4238886833190918
0.4495213031768799
0.5157680511474609
0.4458133578300476
0.4746975898742676
0.5389328002929688
0.41588181257247925
0.5137779712677002
0.6355814933776855
0.3736748695373535
0.5519654154777527
0.7089122533798218
0.5343081951141357
0.4354008436203003
0.4107567071914673
0.44229838252067566
0.4673665165901184
0.3712087869644165
0.8593664765357971
0.6349955201148987
0.5545719861984253
0.3616638779640198
0.4805251657962799
0.5307035446166992
0.48630812764167786
0.8212065100669861
0.4608270525932312
0.48502713441848755
0.43957486748695374
0.4217108488082886
0.7413365244865417
0.5754076838493347
0.39098086953163147
0.47669172286987305
0.4406019449234009
0.6278389692306519
0.5615324378013611
0.4679543375968933
0.5099965333938599
0.6502199172973633
0.49532851576805115
0.5160804986953735
0.4511910080909729
0.37494492530822754
0.5040042400360107
0.4996870756149292
0.6366521716117859
0.48457005620002747
0.5111749768257141
0.7356492280960083
0.41663190722465515
0.443034827709198
0.5074055194854736
0.41639602184295654
0.42940133810043335
0.5133469700813293
0.37546005845069885
0.4525139331817627
0.4786808490753174
0.48241156339645386
0.5870962142944336
0.552398145198822
0.5597188472747803
0.575593113899231
0.4123087525367737
0.4469399154186249
0.4083230495452881
0.4730260372161865
0.40659478306770325
0.40040647983551025
0.5016952753067017
0.45075395703315735
0.40169715881347656
0.5018548369407654
0.602931797504425
0.6392727494239807
0.48421382904052734
0.42245304584503174
0.6078118085861206
0.44328102469444275
0.5022522211074829
0.6211262941360474
0.4511069059371948
0.47648555040359497
0.3814025819301605
0.34389227628707886
0.4761967658996582
0.6215850114822388
0.49094724655151367
0.4138943552970886
0.45612502098083496
0.5199953317642212
0.4594486355781555
0.7781023979187012
0.7629718780517578
0.3801584839820862
0.5067523717880249
0.4752516746520996
0.42166242003440857
0.4708077907562256
0.45420676469802856
0.7669370174407959
0.5156214237213135
0.409274697303772
0.487517774105072
0.4735465347766876
0.7370095252990723
0.4343312978744507
0.5442917346954346
0.3708866238594055
0.5036128163337708
0.5856107473373413
0.6474051475524902
0.5746761560440063
0.7390117049217224
0.763534426689148
0.44540172815322876
0.5062413215637207
0.6414779424667358
0.4409724473953247
0.5120077133178711
0.5859920978546143
0.4090995192527771
0.8936948776245117
0.4501635432243347
0.386404424905777
0.3851207494735718
0.42380207777023315
0.4325695335865021
0.5813168883323669
0.6385588645935059
0.5065920948982239
0.5056714415550232
0.4174458086490631
0.4095630645751953
0.40265315771102905
0.540907621383667
0.4859963059425354
0.5136148929595947
0.5825008749961853
0.3641439974308014
0.4123969078063965
0.49900275468826294
0.7132023572921753
0.4279916286468506
0.5497037172317505
0.7727116942405701
0.5258281230926514
0.47895848751068115
0.5527541041374207
0.6323186159133911
0.4437776803970337
0.4441496729850769
0.489344984292984
0.4854213297367096
0.41721609234809875
0.5634622573852539
0.6084060668945312
0.6256445646286011
0.421662837266922
0.4328134059906006
0.6425336003303528
0.47626787424087524
0.4213990867137909
0.5384942293167114
0.5083693265914917
0.45233863592147827
0.4275980591773987
0.44250017404556274
0.48247194290161133
0.47849005460739136
0.5451593995094299
0.53760826587677
0.4574447274208069
0.5797210931777954
0.4079210162162781
0.4075664281845093
0.4412860870361328
0.5555547475814819
0.4478816092014313
0.7851001024246216
0.5455794334411621
0.4373704493045807
0.513590395450592
0.5594309568405151
0.48455604910850525
0.6249802708625793
0.4227948784828186
0.3660229444503784
0.49918222427368164
0.42458122968673706
0.49441301822662354
0.41463831067085266
0.47033679485321045
0.40949174761772156
0.8196306824684143
0.5142540335655212
0.5363364219665527
0.6338292360305786
0.528782844543457
0.5858919024467468
0.5027575492858887
0.7377090454101562
0.513337254524231
0.37562096118927
0.4351581931114197
0.5146951675415039
0.423859566450119
0.4094240069389343
0.5039243698120117
0.5852078199386597
0.43105417490005493
0.39498141407966614
0.408648282289505
0.460526704788208
0.48393410444259644
0.42410528659820557
0.4532899260520935
0.6602157354354858
0.43740522861480713
0.45319464802742004
0.4471991956233978
0.5923576354980469
0.4173356890678406
0.6141802072525024
0.5281162261962891
0.48101115226745605
0.3800816535949707
0.4154112637042999
0.4992583990097046
0.3955875039100647
0.4571351408958435
0.5475279092788696
0.7446215152740479
0.44445091485977173
0.5557091236114502
0.5519968271255493
0.4917592406272888
0.7181560397148132
0.40117233991622925
0.5043991804122925
0.4312017858028412
0.4159458875656128
0.4219869077205658
0.5123392343521118
0.478416383266449
0.42866581678390503
0.5800027847290039
0.5025115013122559
0.46003687381744385
0.742946207523346
0.5519697666168213
0.4848824143409729
0.5070281028747559
0.491495281457901
0.5054581761360168
0.5725274085998535
0.3826739192008972
0.4201178550720215
0.7067136168479919
0.41397619247436523
0.4268583655357361
0.5012333393096924
0.4291640520095825
0.509385883808136
0.3734178841114044
0.5320802330970764
0.5874742269515991
0.4254103899002075
0.4307810068130493
0.45823052525520325
0.5260651707649231
0.3975880742073059
0.5647159814834595
0.5067800879478455
0.5635221004486084
0.44211345911026
0.6060835123062134
0.527990460395813
0.4131701588630676
0.5300198793411255
0.49987953901290894
0.45452308654785156
0.396584689617157
0.3749329149723053
0.45326822996139526
0.5101805925369263
0.593222975730896
0.47682875394821167
0.4284598231315613
0.5063788294792175
0.5006445646286011
0.47020184993743896
0.47476089000701904
0.6487755179405212
0.3795517683029175
0.4303271174430847
0.6393669247627258
0.44270259141921997
0.43604570627212524
0.43349161744117737
0.4529546797275543
0.44708871841430664
0.518713653087616
0.39091336727142334
0.44444525241851807
0.6136354207992554
0.4057180881500244
0.38752269744873047
0.4454820156097412
0.5840638279914856
0.48430243134498596
0.4278956353664398
0.4671240448951721
0.4085789918899536
0.44360220432281494
0.43975532054901123
0.7128133177757263
0.5742045640945435
0.6589183807373047
0.43576478958129883
0.5785120725631714
0.7450833916664124
0.41467970609664917
0.34652742743492126
0.41075849533081055
0.35320478677749634
0.4917384386062622
0.5085356831550598
0.3320162296295166
0.418955534696579
0.47081995010375977
0.618141770362854
0.48642221093177795
0.5696501731872559
0.3816242218017578
0.7155646085739136
0.5475245714187622
0.4732661247253418
0.5194984674453735
0.5125188231468201
0.467771977186203
0.42464011907577515
0.6288011074066162
0.46074262261390686
0.4799548387527466
0.4658096730709076
0.46824419498443604
0.5193068385124207
0.5894880294799805
0.491601824760437
0.5910269021987915
0.4465329051017761
0.4770756959915161
0.4291432499885559
0.5190410017967224
0.5934476852416992
0.41589975357055664
0.6902329325675964
0.4892694354057312
0.5600513219833374
0.546249508857727
0.6087198853492737
0.5586280822753906
0.776419460773468
0.40880072116851807
0.4007924497127533
0.42058461904525757
0.46553945541381836
0.45237797498703003
0.4069167375564575
0.8250600099563599
0.49110937118530273
0.5583184957504272
0.6203168034553528
0.47936177253723145
0.6463823914527893
0.3912447690963745
1.1028449535369873
0.5217485427856445
0.587793231010437
0.6102620363235474
0.5100403428077698
0.4800838530063629
0.5705482959747314
0.418364018201828
0.47229933738708496
0.5071200132369995
0.5817585587501526
0.5671423673629761
0.5177867412567139
0.5588508248329163
0.6738126873970032
0.4581795632839203
0.41882234811782837
0.37064579129219055
0.33909547328948975
0.4980270266532898
0.6187516450881958
0.3715246915817261
0.3893154263496399
0.6913814544677734
0.5373350381851196
0.5157525539398193
0.5516611933708191
0.6512144207954407
0.5870144367218018
0.4103861451148987
0.4433736205101013
0.5324488878250122
0.4624122381210327
0.5243566632270813
0.5493842959403992
0.39399784803390503
0.6470532417297363
0.4119170308113098
0.5373279452323914
0.5008273124694824
0.5760226249694824
0.3807345926761627
0.48875749111175537
0.49001216888427734
0.39685893058776855
0.8102041482925415
0.5056568384170532
0.48650023341178894
0.5018390417098999
0.5836634635925293
0.4357214570045471
0.5127806663513184
0.4199863076210022
0.4661174416542053
0.38507455587387085
0.47725462913513184
0.43083256483078003
0.500099778175354
0.595543622970581
0.5775160193443298
0.34654638171195984
0.8985666036605835
0.4324621260166168
0.41075295209884644
0.3590814769268036
0.6674184799194336
0.5006359815597534
0.47434279322624207
0.5602269172668457
0.5376353859901428
0.6375442743301392
0.43817073106765747
0.4214528501033783
0.586774468421936
0.793480634689331
0.4506586492061615
0.4183444678783417
0.5936175584793091
0.41787809133529663
0.4279080033302307
0.478708416223526
0.510646641254425
0.4561046361923218
0.34257322549819946
0.6676220893859863
0.6325931549072266
0.8189326524734497
0.4691542387008667
0.44849085807800293
0.45143038034439087
0.4956302046775818
0.5443434715270996
0.8794231414794922
0.4862847328186035
0.5323193073272705
0.4795858860015869
0.3565029799938202
0.4578605592250824
0.4798245429992676
0.45267581939697266
0.4666959047317505
0.4976791739463806
0.6193861961364746
0.3817932605743408
0.46777814626693726
0.4799637794494629
0.3841642439365387
0.6286009550094604
0.6709903478622437
0.581283450126648
0.5156933069229126
0.4169182777404785
0.4664566218852997
0.6069797277450562
0.5474961400032043
0.7554490566253662
0.5520648956298828
0.5168943405151367
0.6761091947555542
0.44758471846580505
0.44267553091049194
0.48695480823516846
0.47235676646232605
0.7211382389068604
0.4527851939201355
0.5848159790039062
0.5272510051727295
0.5833203196525574
0.4733489751815796
0.4487624764442444
0.5038496255874634
0.698107123374939
0.6611834764480591
0.5407741069793701
0.4048747420310974
0.40858930349349976
0.5801403522491455
0.5172865390777588
0.5930988192558289
0.531510591506958
0.4111844599246979
0.5165386199951172
0.393679141998291
0.7716367840766907
0.5235187411308289
0.41683846712112427
0.355835884809494
0.5052996873855591
0.4905470609664917
0.7438914775848389
0.5354651212692261
0.5348754525184631
0.6712796688079834
0.4744710326194763
0.48384517431259155
0.67339026927948
0.6223440766334534
0.5330003499984741
0.5841953754425049
0.5742521286010742
0.527470588684082
0.6561622619628906
0.3886360824108124
0.49675723910331726
0.4460318982601166
0.5998947620391846
0.3985360264778137
0.5028072595596313
0.416930228471756
0.49874430894851685
0.6343290209770203
0.5452715158462524
0.5355167388916016
0.5385606288909912
0.452434778213501
0.5185104608535767
0.41122472286224365
0.40916529297828674
0.6820962429046631
0.4312394857406616
0.5484726428985596
0.5795848965644836
0.4284006953239441
0.4711487889289856
0.4139052927494049
0.56049644947052
0.5560727715492249
0.5175559520721436
0.48686298727989197
0.546891450881958
0.5303255915641785
0.4073268473148346
0.5402228236198425
0.5109546184539795
0.5965059995651245
0.43190014362335205
0.37681713700294495
0.5124373435974121
0.4534400701522827
0.38784387707710266
0.3974558115005493
0.559406042098999
0.4352901577949524
0.517318844795227
0.37689292430877686
0.39650827646255493
0.41053926944732666
0.45154109597206116
0.4795650243759155
0.505683958530426
0.4893573522567749
0.5186446905136108
0.49529701471328735
0.45541566610336304
0.5187528133392334
0.47152864933013916
0.5179083347320557
0.45341259241104126
0.463140606880188
0.4661707878112793
0.46329522132873535
0.6151037216186523
0.4158878028392792
0.5254752039909363
0.4858277440071106
0.4302312433719635
0.4700946807861328
0.6431891322135925
0.711435079574585
0.532139778137207
0.6131922006607056
0.5700098276138306
0.44332969188690186
0.45249438285827637
0.5232597589492798
0.42713481187820435
0.4281386137008667
0.452339768409729
0.5577499866485596
0.5902314186096191
0.4054935574531555
0.36097466945648193
0.5508514642715454
0.4344140291213989
0.3711200952529907
0.45372021198272705
0.4526451528072357
0.38021397590637207
0.5192916989326477
0.5140073299407959
0.4076384902000427
0.5034342408180237
0.5008288025856018
0.41365474462509155
0.5972242951393127
0.6728107333183289
0.36752602458000183
0.4512210786342621
0.6047143340110779
0.5251068472862244
0.41943079233169556
0.7491989731788635
0.4329405426979065
0.4526568353176117
0.548255443572998
0.451951265335083
0.5773416757583618
0.4338057041168213
0.5592895746231079
0.39705294370651245
0.4696137309074402
0.6110744476318359
0.41870948672294617
0.5241509079933167
0.47513461112976074
0.4227311611175537
0.7441668510437012
0.4553114175796509
0.590728223323822
0.48198163509368896
0.4461478590965271
0.4694581627845764
0.6625174283981323
0.430248498916626
0.5387353897094727
0.5434324741363525
0.40566718578338623
0.49288254976272583
0.4303368330001831
0.6547096967697144
0.5116480588912964
0.3894180655479431
0.8658878207206726
0.4700293242931366
0.5606108903884888
0.7293702363967896
0.4275502562522888
0.7400535345077515
0.41512250900268555
0.5225302577018738
0.6930491924285889
0.5522700548171997
0.5516006946563721
0.5056732892990112
0.4749820828437805
0.5532243251800537
0.7323639392852783
0.46375545859336853
0.43503785133361816
0.42494428157806396
0.5744860768318176
0.6882774829864502
0.5300161242485046
0.4543728232383728
0.43622899055480957
0.442035436630249
0.5180333852767944
0.5642969608306885
0.5610957145690918
0.547100841999054
0.4629034996032715
0.43658000230789185
0.46274399757385254
0.3822365403175354
0.4209197759628296
0.5352362394332886
0.4533563256263733
0.4713939130306244
0.5787166357040405
0.39099201560020447
0.41646820306777954
0.4614380896091461
0.40121132135391235
0.6447435617446899
0.46142393350601196
0.48490357398986816
0.6662530899047852
0.49606138467788696
0.4954085648059845
0.37902122735977173
