0.40592592698757096
0.4495622870898006
0.4844444463349352
0.5019528637028704
0.5194612822749398
0.5344107750088277
0.5214814820674935
0.5701010115820953
0.5463973085085551
0.5583838411051818
0.5765656579022456
0.5827609454140519
0.5912457909246888
0.5847811473138405
0.5908417524111391
0.603905727766981
0.5939393973711765
0.6277441093415925
0.643905726045069
0.6079461294593234
0.6352861975178574
0.6284175087707211
0.6008080816028094
0.6290909109091518
0.6366329987843832
0.6358249172417805
0.6511784496933523
0.6560269335303643
0.6688215527871643
0.6588552190799906
0.6502356896496783
0.656835017782269
0.6670707051802163
0.6596633033318953
0.6770370376832557
0.6693602722100537
0.6968350226830955
0.6682828309560063
0.6790572437975142
0.6707070716703781
0.6828282851763446
0.6828282836711768
0.6802693632515994
0.6797306402163072
0.6944107729377169
0.6856565659094338
0.7050505039667843
0.7082828292340944
0.6944107744428847
0.6887542120736054
0.7088215501621516
0.69952862039961
0.71582491831346
0.6864646486561707
0.6914478128004555
0.6985858585497345
0.7028956238669578
0.7329292929533756
0.7205387212411322
0.6937373738096217
0.7043771051397227
0.6992592624943665
0.7088215477538832
0.7257912487092645
0.7104377114411556
0.7115151514910688
0.7329292944585434
0.7197306427088651
0.7096296320057879
0.7139393952157762
0.723905724106413
0.7274074090851678
0.7279461270028894
0.7338720539001503
0.7438383855000891
0.7175757559863004
0.728619528539253
0.7162289547197747
0.7360269373113458
0.7416835026909606
0.7321212150231756
0.731043773167061
0.7486868681329669
0.7587878776319099
0.7432996648730654
0.7494949511807374
0.7508417521462296
0.7441077443084332
0.7626936038335165
0.7714478120659337
0.7498989899953207
0.7609427631503404
0.752188551606554
0.7556902347791075
0.7625589250314115
0.7469360265466902
0.7539393949990321
0.7672727306683859
0.7727946127303923
0.771447813270068
0.7525925907221708
0.7622895596003292
0.7674074064601552
0.7625589244293444
0.7727946133324595
0.7675420912829313
0.7827609422230961
0.7738720533823726
0.7710437720472162
0.7845117829062722
0.7714478114638665
0.7862626284059852
0.7835690273781015
0.7862626284059852
0.7618855219898801
0.7796632996713272
0.7695622946878876
0.7620202032002535
0.7866666666185013
0.7773737407693959
0.7846464659228469
0.7815488248762458
0.7885521909203193
0.754747475036467
0.6102356946829594
0.6728619547805401
0.7105723869318914
0.7419528624024054
0.7525925937325063
0.7575757557695563
0.792996635942748
0.7740067339906789
0.7776431028891091
0.7832996640542541
0.792188554701179
0.7804713833211648
0.780875421533681
0.7878787902870563
0.7917845137793609
0.783838385885412
0.7758922555831947
0.767138047651811
0.8096969717680805
0.8020202023814423
0.7858585853769322
0.7845117859166078
0.7981144803943057
0.80552188675813
0.7849158283435937
0.8102356890837351
0.7888215497286633
0.7960942766883157
0.8018855247834716
0.8057912479747426
0.8071380474350669
0.8056565631519664
0.8024242448084282
0.7921885534970448
0.8039057248770588
0.796632995509138
0.815488217454968
0.8000000022878551
0.8141414173925766
0.8057912473726754
0.8185858600067369
0.8092929311472961
0.816969698727733
0.8106397312096875
0.8109090894159644
0.8193939400441719
0.8206060661209954
0.825858585160188
0.8185858618129384
0.82329966383751
0.8207407404075969
0.8080808086828752
0.8193939424524403
0.8111784536429126
0.80619528799346
0.8165656563007471
0.8222222249917309
0.8282828294869625
0.8150841762321164
0.8237037074686301
0.8191245806337607
0.826127948183002
0.8067340080184165
0.8160269380819918
0.8165656599131498
0.8162962950841345
0.8172390587402113
0.8344781176008359
0.8327272769176599
0.8298989913680337
0.8280134700765514
0.8115824930595629
0.8343434345842612
0.8237037038562274
0.8109090900180316
0.8332659963405493
0.812121215492788
0.8220875449854919
0.8238383832603994
0.8129292901116189
0.8241077438749448
0.8161616162820295
0.8175084190537231
0.8297643131679959
0.840404040283627
0.8374410801463656
0.826262627587174
0.8463299647726193
0.8331313139260418
0.8389225572046607
0.8261279475809348
0.8352861964341366
0.8377104377505755
0.8509090910054217
0.8351515182340988
0.8381144783713601
0.8480808090681982
0.8308417526158419
0.8483501684786093
0.8369023589172748
0.8546801359966548
0.8387878771984216
0.8475420854308389
0.8238383856686678
0.851582494046953
0.8440404070748223
0.8181818199880195
0.837845119563016
0.851717173451125
0.8292255901327037
0.8448484871122572
0.8398653202586703
0.8417508439584211
0.858720539796232
0.8379798019775236
0.8304377131991916
0.861414144737552
0.8518518534573641
0.845656566547625
0.8478114490557198
0.8531986511114872
0.859393941633629
0.8556228978465302
0.8554882184423581
0.8447138046977496
0.8425589239958561
