2.8132696771862533
1.3992868101958074
1.3050981501136163
1.2804703477657202
1.2511018647087946
1.2232052099825157
1.2388775577448836
1.16107033960747
1.1924752129448786
1.1578700157126995
1.1152908531102268
1.1066468219564418
1.1021651848398073
1.0925702332246183
1.083048908999472
1.0623844735550159
1.073544899020532
1.023145156677323
0.9772794168404858
1.0337202094420037
0.9947401541050034
0.9879440304004785
1.0397909039800817
0.9728960388838642
0.9872698232983098
0.9851078619860639
0.9559648368093703
0.9371254155130098
0.911094990643588
0.9342902143194218
0.9307763690900321
0.924313510909225
0.9025627582362203
0.9097812290143485
0.8851646576264892
0.897727081269929
0.8611404365963407
0.9096644809751799
0.8777475402210698
0.9071006479889455
0.8631615999973181
0.8651942845546838
0.8672977180191965
0.8655157281894876
0.8399537356212886
0.8518919725008686
0.8332812542265112
0.8092343087750252
0.8462596607930732
0.8611443066837812
0.7994391683376196
0.8105100032055017
0.783456339077516
0.8831886435397948
0.8545403137351527
0.8246207764052381
0.8138612945272465
0.7487084395957716
0.7678845402869311
0.8396980620995916
0.7982399993472629
0.8135875239215716
0.8070194393095343
0.7634511835346318
0.8042743416747662
0.782402409447564
0.7427727486750092
0.7669519240205939
0.7872117429670661
0.7850523852940762
0.7447942117548952
0.7552935809198053
0.732431540284494
0.7362765651760679
0.7183855440881517
0.7599012803549718
0.760909092847747
0.7730028740685395
0.7461768479058237
0.721774894781787
0.7289936801399848
0.7371121970089999
0.6983906482205247
0.6859524922840523
0.7057097683651279
0.700007165321196
0.6869962862645737
0.6971004060422531
0.6552864952821924
0.6325783865018324
0.6737848134955975
0.6674033615625266
0.6817958339898273
0.6871007387385224
0.6607400290291718
0.6734895054439102
0.6858932475248972
0.6378012276960142
0.6449015607135464
0.64137486496357
0.6936660499283762
0.6708534007722681
0.641522916127937
0.6519032424748546
0.6366273342358946
0.6515444365113673
0.6285630049127521
0.6367966170714359
0.63894036321929
0.6172004420347889
0.633578795375246
0.6030336955581048
0.604468450100735
0.5961977932790313
0.6554832684271263
0.628839884743546
0.6357003935057708
0.6525497329656524
0.5981596988258939
0.6070156067308753
0.6140767152261253
0.6128480700832425
0.5810456128433498
0.7156931247675058
1.0638582613131013
0.8942266723724327
0.7816606994831201
0.7127455072571532
0.6803914377785693
0.6799942306195846
0.5868349779735912
0.6421764219048047
0.6199447931063296
0.6023445264859633
0.5979335715975425
0.6032093210954859
0.6080110328968125
0.5971153152711464
0.5869861606395606
0.6068610904192684
0.623896368525245
0.6359215429936996
0.5448229276772701
0.5615862918020499
0.6063531373787407
0.5995442891361737
0.569713526151397
0.5567442737143449
0.604772367110156
0.5510912478873224
0.5916599745702262
0.5583242245695808
0.5588503476947245
0.5424828950804893
0.5392991500069396
0.5507510175006558
0.5659217652347353
0.5904078692799867
0.5601072299360025
0.5651838120185968
0.5204652284431939
0.5538424274536095
0.5248901354845124
0.5560724854168265
0.5141888042592039
0.5410961263408565
0.5254351331128014
0.5366898674254466
0.5320113799487701
0.5179045810693442
0.5124126212163405
0.5132776050254552
0.5231954476448021
0.5005835996131704
0.5088656010350796
0.5387697645811119
0.5160981656023951
0.534881894486119
0.545080310317001
0.5235220031304793
0.502650968805708
0.4961598495943378
0.5301243634235979
0.5081060050111829
0.537237723216866
0.49199087857598006
0.546908943189515
0.515607873297701
0.5199310502620659
0.522382524880496
0.5229111314572469
0.4836234984674839
0.48725770888003433
0.48111459221502745
0.5012703211319567
0.5169960331134121
0.4850274119714294
0.49806727574329185
0.520136537274929
0.4716395380521061
0.5274269689213146
0.528425995448623
0.507882869002795
0.5235298152523812
0.4870063981624565
0.5254997755541946
0.5102456527376416
0.47176760164174164
0.45430338013954835
0.4597446874837683
0.4897506321319426
0.4483786168122532
0.47178379401113046
0.4608675627545877
0.4956419370090119
0.4691634846456123
0.45693635376113834
0.43957976319573144
0.46251238747076556
0.4491782958308856
0.4523185140857793
0.4719438853890005
0.4368872275256147
0.4694195544779903
0.42802580167548826
0.45955074578523636
0.4406349720677944
0.5050008926126692
0.4346277563258855
0.45961966267739884
0.501895995152117
0.46417777375741437
0.4415516124831306
0.4832165627316995
0.4451190659193077
0.4523002418378989
0.44646660441702063
0.4249042186773185
0.46904881960815853
0.46638790104124284
0.4214567653458528
0.4318444098186011
0.4459414624355056
0.4351709625034621
0.42768139113681486
0.41266556543232213
0.41963658113070207
0.4206677428399674
0.4413751339671588
0.4390309789415562
