0.4332659941430044
0.475555556591111
0.5006060615332439
0.5054545471764574
0.5014141442799809
0.5434343459630253
0.5517845114674231
0.5447811445202491
0.5589225605280712
0.5734680129422082
0.5723905743974628
0.5775084188490203
0.6044444453836691
0.5960942738586001
0.6153535328128121
0.6012121216215268
0.6091582483113415
0.6343434338617806
0.6171043807207935
0.6335353553295135
0.6530639709848346
0.6416161647348693
0.6556228980271503
0.6585858614757808
0.6705723919651725
0.675420875501151
0.6700336710371152
0.6840404043293963
0.68390572372109
0.6797306408183743
0.6758249182291706
0.6929292913639185
0.7068013464561617
0.6775757565040781
0.6637037077335396
0.6941414144304063
0.6995286188944422
0.6870033662728589
0.6993939406944044
0.7107070705505333
0.7015488229014657
0.7094949541067836
0.7217508434045194
0.7229629661699738
0.7287542091475593
0.7173063995862248
0.7148821555604838
0.7096296350161234
0.7377777767903877
0.7190572396673337
0.7212121194661266
0.7333333311658917
0.7232323273865864
0.7451851861645477
0.7209427612598496
0.7505723912306507
0.752727274039779
0.7327946135492036
0.7442424264219072
0.7372390618830016
0.746531990441409
0.7396632977808365
0.7566329996393184
0.7532659925595678
0.7418181817940991
0.736835018552915
0.7548821562468403
0.7579797994006764
0.7341414169229642
0.7536700337824195
0.7660606069998308
0.7438383870052568
0.7540740768114725
0.7597306388797183
0.7660606063977636
0.7632323262667415
0.7528619543470517
0.7579798009058442
0.7709090920409771
0.7687542077266809
0.7640404032938408
0.7651178457520225
0.7595959564652106
0.7734680133636551
0.7715824932763071
0.764579126329133
0.7730639733449377
0.7826262652271926
0.7855892283747895
0.7837037076853742
0.7536700343844867
0.782222224606408
0.7761616125853374
0.7904377098035331
0.7966329973153393
0.7795286184609539
0.794343437811341
0.7733333345615503
0.7979797973777308
0.7789898984359972
0.7966329967132723
0.7820875418908668
0.7857239065748273
0.7942087556978669
0.7881481490954004
0.7897643097723374
0.8099663275660891
0.7970370409464596
0.7987878816296355
0.7912457934533706
0.7960942809027854
0.8137373773738591
0.8070033680308949
0.8070033698370962
0.7991919180359504
0.8013468023502466
0.8057912455664741
0.8005387211086774
0.8064646486080054
0.8103703717992763
0.7998653204754146
0.8207407425148319
0.8016161620616913
0.8204713819002865
0.8012121250533094
0.8141414149843081
0.8148148174237724
0.8161616144758282
0.8004040435107067
0.8105050506013812
0.8171043775298379
0.8285521882953066
0.8284175094932017
0.8293602707410099
0.8197979818690907
0.8096969705639463
0.8130639731281936
0.8448484871122572
0.8273400706474228
0.8255892287601124
0.8273400658308857
0.8187205418191775
0.8245117863019308
0.8195286212545453
0.8259932705850312
0.8214141413418934
0.8292255907347708
0.8364983201026917
0.8263973063892789
0.8358249188673617
0.8472727284286962
0.8402693626856563
0.8325925920948838
0.8402693608794549
0.8413468039397037
0.8324579126907118
0.8347474779143478
0.8406734021023067
0.8386531989983838
0.8393265996316467
0.8436363646478364
0.8328619539135634
0.8370370371173127
0.8483501696827436
0.8369023589172748
0.8459259265601032
0.842693608216565
0.8496969733575378
0.8484848484848485
0.8589899016149116
0.8412121203210619
0.8562962996839273
0.8480808120785337
0.8475420902473758
0.8369023571110735
0.8455218877455201
0.865050505508076
0.8453872065351467
0.8546801353945876
0.8461952871746488
0.8506397297888091
0.8568350166985483
0.8518518564676998
0.8460606065663424
0.8576430967359832
0.8576430961339161
0.858855219200404
0.8501010127741881
0.8614141417272163
0.8517171752573264
0.8491582515263798
0.8487542127117966
0.8476767714577492
0.8592592598211886
0.8610101059229687
0.8542760959779373
0.8561616166673526
0.8634343436270049
0.8491582509243127
0.8653198661226215
0.8522558946802159
0.8690909099097204
0.8704377123803804
0.8665319843725725
0.8727272760988486
0.8746127985944652
0.8548148172070281
0.8686868729013385
0.8627609423916749
0.8628956281175517
0.8585858591879257
0.852390574686455
0.8565656560840029
0.8670707086119989
0.8742087591778148
0.8626262665999056
0.8743434397861211
0.8607407453084233
0.877979799352511
0.8634343454332063
0.8684175086743904
0.855622897244463
0.8665319879849752
0.8778451163359363
0.8630303072206902
0.8867340099931967
0.8810774413022128
0.8698989929574908
0.8766329974839182
0.8696296317408784
0.8755555574340049
0.8694949499284378
0.8715151518282264
0.8668013492015877
0.8845791250768335
0.8708417523990978
0.869494951132572
0.8659932679600186
0.8782491587629222
0.8907744119865726
0.879730640035687
0.8804040436792855
0.878787879389946
0.8777104351255629
0.8715151530323606
0.8571043773130937
0.8785185193774676
0.864781146699732
0.896026935240235
0.8744781173840918
