2.6557900544368858
1.4127304409489487
1.342794697694104
1.3004695086768179
1.3382416975618614
1.2389142820329377
1.2171754499878547
1.224094484189544
1.2018565595752062
1.1618879660211427
1.1417413058907095
1.1435400072974389
1.0950313415190187
1.0896853371099993
1.0768203452380016
1.0827190605076877
1.0795486166019632
1.0278349356217817
1.034472396277418
1.0091850649226795
0.9581321628406795
0.9965752185595156
0.9662030923246133
0.966824018895024
0.9212146365281307
0.9198565320535139
0.9194913900861836
0.8716802229784956
0.8893545983415662
0.9128124193109647
0.9027120296401207
0.8617006874445713
0.8487502505080868
0.9049734855541075
0.9158078648827293
0.8618837122363273
0.8640215363767412
0.88732733991411
0.8570812157910279
0.8126053816140301
0.8457607301798734
0.8186965416176151
0.80375580745514
0.8036719960997804
0.791060338417689
0.8070721779808854
0.7974570529027418
0.8385403806513007
0.7654345995850034
0.8073315873290553
0.7994501319798556
0.7708759699204956
0.7942153257553024
0.7373563180668186
0.7956511113378737
0.7276704884839781
0.7219597474493161
0.7551446397497197
0.7407061656316122
0.7489998611536893
0.7550475130779575
0.7564481478748899
0.7115059961574246
0.7219772636890411
0.7504417375482694
0.7533967371540841
0.7127134110590424
0.7112369124937539
0.762523329920239
0.7176669839054647
0.6985258607551305
0.744278138936168
0.7151573928016605
0.7064253245339249
0.6836859321955479
0.6986783616470568
0.7189907946369865
0.703156530255019
0.6849773691760169
0.6764329662828734
0.6861855496059764
0.6850353160289803
0.6957706401143411
0.6586235081306612
0.6704619584059475
0.6865701190751008
0.6659451831470836
0.6426741587694245
0.6549520877876667
0.6514606235003231
0.7156820863184302
0.6478305151968291
0.6681488059987926
0.6242461297849212
0.6166309849782423
0.6455307605892721
0.6167410521796255
0.6604042790754877
0.6125927562966491
0.6610437044591615
0.6210209524089639
0.6432080879957989
0.6287827028168572
0.6125044660134749
0.6226806527737415
0.6319614865563132
0.5754485148372073
0.6098351460514646
0.6029872706141135
0.6259322518652136
0.6129627622137166
0.5665250333270642
0.5958146513110459
0.5836977913524165
0.6059112332083962
0.607223158532923
0.5852913416997351
0.5936082693362477
0.5888965161460818
0.5858452401377938
0.6013002314350822
0.5557054662042193
0.5924423884863805
0.5664593456971525
0.5923686403818805
0.5731672759007926
0.563583215830302
0.5635583031960208
0.6032766993298675
0.5765724031612126
0.5541112492180834
0.548080027856008
0.5425105976937997
0.5377500663803081
0.5615829005084857
0.5895468737139846
0.5673178578868057
0.500369460293741
0.5357758759549169
0.5308391061997173
0.5392630258292863
0.5505788670946853
0.5352395997203961
0.5526012721085789
0.5330049696594777
0.552672327166856
0.5229824007761599
0.5092896814599182
0.5360069417893284
0.5233319210584717
0.49170134796036613
0.5039218977244213
0.526944256039581
0.5050351652834151
0.503489105087338
0.5241781858482746
0.5217766520952938
0.5126443681391802
0.5171472058452741
0.5206914310804521
0.4993978871239556
0.5230745646086606
0.5221184425883822
0.4819316422999507
0.5175819010144532
0.4900537936976462
0.5062494380305512
0.47378998754000423
0.49553964806325507
0.46026501962632843
0.5046179491763163
0.4755798873275217
0.48914393406323714
0.4796973420212967
0.522315370314049
0.5035401334365209
0.455502135434536
0.48679006370631134
0.4696242568468807
0.5004134780228741
0.48507668710116186
0.459893931945165
0.4888399171106743
0.48783928946112143
0.4595196584258417
0.4654412713616785
0.4605529461846207
0.47641350313870595
0.4487967039599563
0.48826772079925346
0.48657096485898954
0.4825713908431506
0.47909079747970656
0.46717525130570536
0.45825385836639787
0.45710062167861243
0.4629529452685154
0.4569744019195287
0.4906695528764917
0.450611503437312
0.4720669075696155
0.4305732694238123
0.42882710318974776
0.45397918016621563
0.4364243626895577
0.4435395503585989
0.4613835465426397
0.44563505776000745
0.4370469085194848
0.4441156167574603
0.45927305188443923
0.47982707213271747
0.4739197510661501
0.440808277238499
0.4203967566442008
0.45060468848907587
0.43886730917776473
0.46088640135948106
0.41963457353789396
0.44544719648782655
0.44036364329583716
0.46231536612366186
0.4365331291249304
0.41348732721925985
0.44026446011331344
0.39724474919564795
0.41361111492821667
0.42842518560814136
0.4212941497263282
0.42247701880305705
0.42544417181099303
0.43420344305158864
0.4349008604432597
0.44558903830822066
0.39810265405009493
0.41677738274588727
0.43731478293134707
0.43532928734114673
0.4154696749015288
0.39533681219274347
0.4058666339125296
0.41071560527339124
0.4213039275973734
0.41577228512426817
0.42738109736731555
0.4617099423300136
0.4134136745423982
0.4580290297968219
0.37880097404874935
0.43491444142177854
