3.901748948627048
1.6031215022308658
1.5577478902508515
1.5345148919808744
1.5149924442021534
1.4567753425752274
1.4318480202645967
1.441368048841303
1.3922284167222303
1.3796350263585948
1.3623528721356633
1.3428529254113786
1.3035145209293173
1.3138041249429337
1.314532352216316
1.286960249597376
1.2612994638356296
1.2431333703224106
1.255666642478018
1.2510519190268083
1.2350146415257695
1.2110081110337767
1.1995510585380322
1.2063581233072762
1.2103730066858156
1.1725033298887388
1.1628626151518389
1.2072280494853704
1.1644224313774494
1.1524700799373666
1.1563613830190715
1.1409706587743278
1.1517349957215666
1.130838454371751
1.1560959099519132
1.1307419779324772
1.0970614913738135
1.1092025198117652
1.1465232655255482
1.1072436366418394
1.1196443944266348
1.1203990090977063
1.1028367238815384
1.0974122147367458
1.107878854178419
1.0668108655948831
1.0673209886358241
1.0848775608371002
1.071087689712794
1.0670132173432245
1.0406100358625856
1.0253976017537743
1.0739380590843433
1.062624008366556
1.05384987833524
1.062284569547634
1.0311615039603879
1.0242019452229896
1.0110093300992793
1.0527403306479406
1.0338708954026001
1.0133038229412503
1.022617478563328
1.0331500238842435
1.0417150463720766
0.9994517143326577
1.0094842874642573
1.0123470527957183
1.015428516599867
1.0026637466266901
1.0026463968585235
0.9582257915024806
0.9976737908642701
0.9862904843657908
0.9809970590803359
0.9557965229255985
0.9532091184095903
0.9593891128145083
0.9789933989746402
0.9832909474469195
0.9583858751287364
0.9818608237035347
0.9663497432313785
0.9613360780658144
0.9717680661365239
0.9646891692672113
0.9743032431361651
1.059969030245386
1.0276933402726145
1.002651162821837
0.9911076384361344
0.9589791008920381
0.9671476724171879
0.9635093422851178
0.9588676588703887
0.9486266940531104
0.9515018782230339
0.9146214368367436
0.9213200404186441
0.9525019141158673
0.9397857261426521
0.9306799986145713
0.9089974851319285
0.9257478214273549
0.9444174622044419
0.9317625068654918
0.9283145774494518
0.9425191355474067
0.9300094571980563
0.8979156510998504
0.9385073034450261
1.056713884527033
1.0669244569961471
0.9593526793248726
0.9596683226450525
0.9324580178116307
0.9145697788758711
0.9215678783378216
0.9384573956932685
0.9198052552011278
0.9395266265580149
0.9023115737269624
0.8912439611223009
0.9003328939880988
0.8940596144006709
0.8806430679379087
0.8846563064690792
0.9059054044762043
0.9029878823444096
0.880379379397691
0.8953662719389405
0.9142999299848923
0.879049939338607
1.192408962081177
1.1410228170529761
1.0362460089452339
0.9857809110121294
0.979487925466865
0.9518020959815594
0.9447082642352942
0.9359683322184014
0.9156400404795252
0.9461428920427958
0.8674227228068342
0.9170959718299635
0.9108542589226154
0.8825006370592599
0.9007647290374293
0.9237164716527919
0.8786031284717598
0.8621602901304611
0.8892914508328293
0.8814771109157138
0.8648585291823956
0.8719854914780819
0.8718465331828955
0.8608235740902448
0.8608062953659983
0.8496213573398013
0.8589472511802057
0.8527822030915154
0.864734183658253
0.8408486969543226
0.8867402480106161
0.8689342869652642
0.8498531856922188
0.8476546882378935
0.864801763886153
0.8717388582952095
0.8342379530270895
0.8605825353150416
0.813486306354253
0.8526798540895636
0.8624612008682405
0.847932649381233
0.8397608248874394
0.8715668441069246
0.8394961495592137
0.8286966193806041
0.8360641448184697
0.818645346646357
0.85204646382669
0.8204064188581525
0.821274600847803
0.8218964157682477
0.8395082113718746
0.810054195047629
0.8345106295262924
0.8189658919970194
0.8119059668646919
0.8436950282617048
0.8420319569231284
0.8128699582032483
0.8457783412451696
0.8060765754092823
0.8297160740452584
0.8067789511247114
0.8228250151932842
0.8306748800807529
0.8109759971348927
0.8191239400343462
0.8095745733290007
0.7875407154511924
0.8214439424601468
0.8200420219488819
0.8071553725184817
0.7956358302723278
0.7930256417303374
0.8301690022150675
0.8023056592604126
0.8095954277298667
0.8071856360242824
0.7803667118453016
0.7934388319651285
0.8130685042853307
0.7866282420929032
0.7990901265481506
0.7965082995819323
0.793546179930369
0.7887287639608287
0.7737272165038369
0.7933285296565354
0.81321497878643
0.8063542436469685
0.7932666865262118
0.7874234168216435
0.7973854180538293
0.7871736137553899
0.7562326812984967
0.7881217177468117
0.7839415892206058
0.7776593538847837
0.8016058838728702
0.7845109273688962
0.7923804997193693
0.7716666640657367
0.7928659235588228
0.7997015106557596
0.7818825588081822
0.7586161590585805
0.7701564262611698
0.7568264561470108
0.7744716761088131
0.7748102509614193
0.7720550750241135
0.7846294400667904
0.7791922291119894
0.7873598246863394
0.7641013565689626
0.7750765898010947
