0.3657912459939417
0.3987878803351913
0.4305723937171878
0.44565656615628135
0.45872054166264004
0.4647811461578716
0.4958922580035046
0.4960269362035424
0.5236363651776554
0.5201346801989006
0.5311784521497861
0.5371043804016981
0.5624242446037254
0.5538047157754802
0.5504377111039981
0.5585185184021189
0.5678114487667276
0.589898989658163
0.5960942762668686
0.5795286189426075
0.5967676772011651
0.6053872030190747
0.6210101030089639
0.6123905714714166
0.6114478141370446
0.6284175096738218
0.6385185194737983
0.6094276092269204
0.6347474756866994
0.6460606070479962
0.6465993270729528
0.6548148128721449
0.6529292963971995
0.6631649816879118
0.6455218879261402
0.6575084151041628
0.6787878825809016
0.6728619535764059
0.6514478112109984
0.6716498329181864
0.6576430987228047
0.6607407433818085
0.672188552943143
0.6789225586737045
0.6676094267103407
0.6976430963988256
0.6852525295031191
0.6812121187797701
0.6933333310816023
0.6891582523933565
0.7007407437671315
0.7169023583633731
0.6789225613830066
0.6907744130702934
0.696700336054118
0.693872051708626
0.7128619533596616
0.7191919196735729
0.7221548855304718
0.7024915829451397
0.7066666649447547
0.7125925903368477
0.7156902371030865
0.7074747455842567
0.6992592597850645
0.7265993311549678
0.7144781155417664
0.7191919175663379
0.7146127964511062
0.7259259260062015
0.7275420875862392
0.7470707056498287
0.733063976270984
0.7399326611046839
0.7341414172239978
0.7498989884901528
0.7469360283528915
0.7381818165080716
0.7416835020888936
0.7346801363458537
0.7395286192797651
0.7315824946971855
0.7411447796556685
0.7485521881267277
0.7422222221138501
0.7419528624024054
0.7315824886765143
0.7175757556852668
0.7189225569517925
0.7329292941575098
0.7356228990988298
0.7496296278756074
0.7454545467790931
0.7447811485540987
0.7457239067915714
0.7500336727108619
0.750572390929617
0.7722558927054357
0.7691582525619353
0.7527272767490811
0.7554208768738641
0.7630976444543011
0.7725252527179141
0.7683501713203661
0.7544781135188209
0.7579797960893072
0.7610774413503781
0.7501683500077989
0.7586531994318721
0.7768350159279024
0.7597306436962552
0.726060607818642
0.6903703721484753
0.7457239064905379
0.7461279468102888
0.7560942729916236
0.7641750851062813
0.7672727285611509
0.7571717199653086
0.7653872051624336
0.7563636396268402
0.7699663338035044
0.7823569031074794
0.7777777819922476
0.7750841797602297
0.787340066649697
0.7818181827814892
0.779393939658849
0.7744107758155977
0.7861279459914776
0.7808754188243789
0.7764309756081513
0.7862626290080523
0.680404041602154
0.6484848504716699
0.7059932682249281
0.7356228945833264
0.7376430976872492
0.7517845109857694
0.751380473676354
0.756094277507127
0.77090909143891
0.752188554315856
0.7907070716222128
0.7659259263915245
0.7737373724730328
0.787340066649697
0.7776430989756729
0.7620202025981865
0.7873400618331601
0.7939393938791872
0.7830303034397087
0.7826262628189241
0.7911111116409302
0.788282826091304
0.7913804728575428
0.8030976430334226
0.7964983142987646
0.8049831673352406
0.8028282848271456
0.8018855247834716
0.7970370349257884
0.8074074098558137
0.7806060639294711
0.7897643115785387
0.7987878816296355
0.8025589236105332
0.7932659953531592
0.7956902390778667
0.8137373773738591
0.7952861972529479
0.8263973100016816
0.8025589242126002
0.7962289575976554
0.8043097654978434
0.8074074071465116
0.7904377085993989
0.8067340116308193
0.8129292949281558
0.8110437676160023
0.825185188741395
0.8036363648645806
0.8157575774674464
0.8204713806961522
0.8200673412795019
0.8048484843186657
0.824511787506065
0.8114478118491896
0.8215488225522668
0.823973065674907
0.8111784530408455
0.8059259273789146
0.8243771068977587
0.8079461316869716
0.8265319882017194
0.8133333349468732
0.8280134694744842
0.8216835007523046
0.8192592624462012
0.8196633012607845
0.8249158263206482
0.827609430659901
0.8317845156698516
0.8202020218878081
0.8222222243896639
0.8259932717891655
0.83542087764451
0.8324579157010473
0.8149494938176087
0.8296296331617568
0.8228956256249939
0.8311111138324545
0.833265994534348
0.8309764314179469
0.823299664439577
0.8378451225733516
0.8272053885339486
0.83205387146786
0.8313804726407985
0.8351515164278974
0.8432323222208504
0.8313804726407985
0.8195286188462768
0.8235690238499882
0.8331313133239746
0.8338047133551704
0.8367676789110358
0.837171713511149
0.8536026965488087
0.8269360306287052
0.8366329983027294
0.8418855227605261
0.8265319869975851
0.8429629682290434
0.8292255937451064
0.8445791289059803
0.8327272733052572
0.8307070726096027
0.848484851495184
0.8525252558968284
0.8507744103971154
0.8522558922719474
0.8441750828665916
0.839191922033676
0.8441750888872628
0.8356902346466527
0.8439057264665161
0.835286193423801
0.8457912483600655
0.8451178459206012
