0.4577777683734894
0.5333333611488342
0.6577777862548828
0.644444465637207
0.7022222280502319
0.653333306312561
0.6888889074325562
0.6311110854148865
0.6844444274902344
0.7377777695655823
0.6399999856948853
0.7111111283302307
0.648888885974884
0.7955555319786072
0.8311111330986023
0.800000011920929
0.804444432258606
0.804444432258606
0.7111111283302307
0.8488888740539551
0.8355555534362793
0.7555555701255798
0.8444444537162781
0.9111111164093018
0.8666666746139526
0.9200000166893005
0.9066666960716248
0.8355555534362793
0.897777795791626
0.8933333158493042
0.8711110949516296
0.897777795791626
0.8888888955116272
0.8844444155693054
0.9377777576446533
0.9688888788223267
0.9422222375869751
0.9644444584846497
0.9377777576446533
0.9200000166893005
0.9733333587646484
0.9333333373069763
0.9111111164093018
0.9333333373069763
0.9644444584846497
0.9599999785423279
0.9599999785423279
0.9688888788223267
0.9599999785423279
0.995555579662323
0.9733333587646484
0.9599999785423279
0.9644444584846497
0.9822221994400024
0.9777777791023254
0.9733333587646484
0.9688888788223267
0.9644444584846497
0.9644444584846497
0.9911110997200012
1.0
0.9466666579246521
0.9555555582046509
0.9866666793823242
0.9733333587646484
0.9511111378669739
0.995555579662323
0.9644444584846497
0.9333333373069763
0.9733333587646484
0.9599999785423279
0.9111111164093018
0.9777777791023254
0.9822221994400024
0.9866666793823242
0.9511111378669739
0.9555555582046509
0.9688888788223267
0.9911110997200012
1.0
0.9911110997200012
0.9555555582046509
0.9911110997200012
0.9688888788223267
0.9911110997200012
1.0
0.9777777791023254
0.9911110997200012
0.995555579662323
0.9511111378669739
1.0
0.9911110997200012
0.995555579662323
0.9866666793823242
0.9911110997200012
0.995555579662323
0.995555579662323
0.9866666793823242
0.9777777791023254
1.0
0.995555579662323
0.995555579662323
1.0
0.9911110997200012
1.0
1.0
0.995555579662323
0.995555579662323
0.9911110997200012
0.9911110997200012
1.0
0.9911110997200012
0.9822221994400024
1.0
0.9777777791023254
1.0
1.0
0.9911110997200012
1.0
1.0
0.995555579662323
0.9911110997200012
0.9911110997200012
0.9866666793823242
0.9777777791023254
1.0
0.995555579662323
1.0
0.995555579662323
0.995555579662323
1.0
0.9822221994400024
1.0
0.9866666793823242
1.0
0.9911110997200012
1.0
1.0
0.9911110997200012
0.995555579662323
0.9911110997200012
0.9911110997200012
0.995555579662323
0.9866666793823242
0.995555579662323
0.9911110997200012
1.0
1.0
0.9911110997200012
1.0
0.9733333587646484
0.995555579662323
1.0
0.9866666793823242
0.9911110997200012
1.0
0.9911110997200012
0.995555579662323
0.9866666793823242
0.995555579662323
0.995555579662323
0.9911110997200012
1.0
0.995555579662323
1.0
0.995555579662323
1.0
0.995555579662323
0.995555579662323
0.9911110997200012
0.995555579662323
1.0
0.995555579662323
0.995555579662323
1.0
1.0
0.9911110997200012
1.0
0.995555579662323
0.9822221994400024
0.995555579662323
1.0
1.0
1.0
0.995555579662323
1.0
1.0
1.0
1.0
0.9911110997200012
0.995555579662323
0.9911110997200012
0.995555579662323
1.0
0.995555579662323
0.995555579662323
0.995555579662323
1.0
1.0
0.9911110997200012
0.995555579662323
0.995555579662323
0.995555579662323
0.9911110997200012
1.0
0.995555579662323
0.995555579662323
0.995555579662323
1.0
1.0
0.995555579662323
1.0
1.0
1.0
0.995555579662323
1.0
0.9822221994400024
1.0
1.0
1.0
1.0
1.0
1.0
0.995555579662323
1.0
1.0
1.0
0.995555579662323
0.9911110997200012
1.0
0.995555579662323
0.995555579662323
0.995555579662323
1.0
1.0
0.995555579662323
1.0
1.0
1.0
1.0
0.995555579662323
1.0
0.995555579662323
1.0
0.995555579662323
1.0
1.0
0.9866666793823242
1.0
1.0
0.9911110997200012
1.0
1.0
1.0
1.0
1.0
1.0
0.995555579662323
0.995555579662323
1.0
1.0
1.0
0.995555579662323
0.9911110997200012
1.0
1.0
0.9911110997200012
1.0
0.995555579662323
1.0
1.0
0.995555579662323
0.995555579662323
1.0
1.0
1.0
0.995555579662323
1.0
1.0
1.0
1.0
1.0
1.0
1.0
0.995555579662323
0.995555579662323
1.0
1.0
0.995555579662323
1.0
1.0
1.0
1.0
0.995555579662323
1.0
1.0
1.0
0.995555579662323
1.0
1.0
1.0
1.0
1.0
0.995555579662323
0.995555579662323
1.0
1.0
1.0
1.0
1.0
0.995555579662323
1.0
1.0
1.0
0.995555579662323
1.0
1.0
1.0
1.0
1.0
1.0
1.0
1.0
0.995555579662323
0.995555579662323
1.0
0.995555579662323
0.9911110997200012
1.0
0.995555579662323
1.0
1.0
1.0
1.0
0.995555579662323
0.995555579662323
1.0
1.0
1.0
1.0
1.0
1.0
1.0
1.0
1.0
0.9911110997200012
1.0
1.0
0.995555579662323
1.0
1.0
1.0
1.0
1.0
0.995555579662323
1.0
1.0
1.0
0.995555579662323
1.0
1.0
1.0
1.0
1.0
0.995555579662323
1.0
1.0
1.0
1.0
1.0
1.0
1.0
1.0
1.0
1.0
1.0
1.0
1.0
1.0
0.995555579662323
1.0
0.995555579662323
1.0
0.9911110997200012
1.0
1.0
1.0
1.0
1.0
1.0
1.0
0.9911110997200012
0.995555579662323
1.0
0.995555579662323
1.0
1.0
1.0
1.0
1.0
1.0
1.0
1.0
1.0
1.0
1.0
1.0
1.0
1.0
1.0
1.0
1.0
1.0
1.0
1.0
1.0
1.0
1.0
1.0
1.0
1.0
1.0
1.0
1.0
0.995555579662323
1.0
1.0
0.995555579662323
1.0
1.0
1.0
0.995555579662323
1.0
1.0
1.0
1.0
0.995555579662323
1.0
1.0
0.995555579662323
1.0
0.995555579662323
0.995555579662323
1.0
1.0
1.0
0.995555579662323
1.0
1.0
1.0
1.0
1.0
0.995555579662323
0.995555579662323
0.995555579662323
1.0
1.0
1.0
1.0
1.0
1.0
1.0
1.0
1.0
1.0
0.995555579662323
1.0
1.0
1.0
1.0
1.0
1.0
1.0
1.0
1.0
1.0
1.0
1.0
0.9911110997200012
1.0
1.0
1.0
1.0
1.0
0.995555579662323
1.0
1.0
1.0
0.995555579662323
1.0
1.0
1.0
1.0
1.0
1.0
1.0
0.9911110997200012
1.0
1.0
1.0
1.0
1.0
1.0
1.0
1.0
1.0
1.0
1.0
1.0
0.995555579662323
0.995555579662323
1.0
1.0
1.0
0.995555579662323
1.0
1.0
0.995555579662323
1.0
1.0
1.0
1.0
1.0
1.0
1.0
1.0
1.0
1.0
1.0
1.0
1.0
1.0
1.0
1.0
1.0
1.0
1.0
1.0
0.995555579662323
1.0
1.0
1.0
1.0
1.0
1.0
1.0
1.0
1.0
1.0
1.0
0.995555579662323
1.0
1.0
1.0
1.0
1.0
1.0
1.0
1.0
1.0
1.0
1.0
1.0
1.0
1.0
1.0
1.0
1.0
1.0
1.0
1.0
1.0
1.0
1.0
1.0
1.0
1.0
1.0
1.0
1.0
1.0
1.0
1.0
1.0
1.0
1.0
1.0
1.0
1.0
1.0
1.0
1.0
1.0
1.0
1.0
1.0
1.0
0.9911110997200012
1.0
1.0
1.0
1.0
1.0
1.0
1.0
1.0
1.0
1.0
1.0
1.0
1.0
1.0
1.0
1.0
1.0
1.0
1.0
1.0
1.0
1.0
1.0
1.0
1.0
1.0
0.995555579662323
1.0
1.0
1.0
1.0
1.0
1.0
1.0
1.0
1.0
1.0
0.995555579662323
1.0
0.995555579662323
1.0
1.0
0.995555579662323
1.0
1.0
1.0
1.0
1.0
1.0
1.0
1.0
1.0
1.0
1.0
1.0
1.0
1.0
1.0
1.0
1.0
1.0
1.0
1.0
1.0
1.0
1.0
1.0
1.0
1.0
1.0
1.0
1.0
1.0
0.995555579662323
1.0
1.0
1.0
1.0
1.0
1.0
1.0
1.0
1.0
1.0
1.0
0.995555579662323
1.0
1.0
1.0
1.0
1.0
1.0
1.0
1.0
1.0
1.0
1.0
1.0
1.0
1.0
1.0
1.0
1.0
1.0
1.0
1.0
1.0
0.995555579662323
1.0
1.0
1.0
1.0
1.0
1.0
1.0
1.0
0.995555579662323
0.995555579662323
1.0
1.0
1.0
1.0
1.0
1.0
1.0
1.0
1.0
1.0
1.0
1.0
1.0
1.0
1.0
1.0
1.0
1.0
1.0
1.0
1.0
1.0
1.0
1.0
1.0
1.0
1.0
1.0
1.0
1.0
1.0
1.0
1.0
1.0
0.995555579662323
1.0
1.0
1.0
1.0
1.0
1.0
1.0
1.0
1.0
1.0
1.0
1.0
1.0
1.0
1.0
1.0
0.995555579662323
1.0
1.0
1.0
1.0
1.0
1.0
1.0
1.0
1.0
0.995555579662323
1.0
1.0
1.0
1.0
1.0
1.0
1.0
1.0
1.0
1.0
1.0
1.0
1.0
1.0
1.0
1.0
1.0
1.0
1.0
1.0
1.0
1.0
1.0
1.0
1.0
1.0
1.0
1.0
1.0
1.0
1.0
1.0
1.0
1.0
1.0
1.0
1.0
1.0
1.0
1.0
0.995555579662323
1.0
1.0
0.995555579662323
1.0
1.0
1.0
1.0
1.0
1.0
1.0
1.0
1.0
0.995555579662323
1.0
0.995555579662323
1.0
1.0
1.0
1.0
1.0
1.0
1.0
1.0
1.0
1.0
0.995555579662323
1.0
1.0
1.0
1.0
1.0
1.0
1.0
1.0
1.0
1.0
1.0
1.0
1.0
1.0
1.0
1.0
1.0
1.0
1.0
1.0
1.0
1.0
1.0
1.0
1.0
1.0
1.0
1.0
1.0
1.0
1.0
1.0
1.0
1.0
1.0
1.0
1.0
1.0
1.0
1.0
1.0
0.995555579662323
1.0
1.0
1.0
1.0
1.0
1.0
1.0
1.0
1.0
1.0
1.0
1.0
1.0
1.0
1.0
1.0
1.0
0.995555579662323
1.0
1.0
1.0
1.0
1.0
1.0
1.0
1.0
1.0
1.0
1.0
1.0
1.0
1.0
1.0
1.0
1.0
1.0
0.995555579662323
1.0
1.0
1.0
1.0
1.0
1.0
1.0
1.0
1.0
1.0
1.0
1.0
1.0
1.0
1.0
1.0
1.0
1.0
1.0
1.0
0.995555579662323
1.0
1.0
1.0
0.995555579662323
1.0
1.0
1.0
1.0
1.0
1.0
1.0
1.0
1.0
1.0
1.0
1.0
1.0
1.0
1.0
1.0
1.0
1.0
1.0
1.0
1.0
1.0
1.0
1.0
1.0
1.0
1.0
1.0
1.0
1.0
1.0
1.0
1.0
1.0
1.0
1.0
1.0
1.0
1.0
1.0
1.0
1.0
1.0
1.0
1.0
1.0
1.0
1.0
1.0
1.0
1.0
