8.301370620727539
7.525092124938965
4.969099998474121
3.5937581062316895
3.2155117988586426
3.2949461936950684
2.6962037086486816
2.4182095527648926
2.142453193664551
1.975648045539856
1.9208351373672485
1.897486686706543
1.8176004886627197
1.557436466217041
1.43986177444458
1.4092202186584473
1.4943852424621582
1.3910212516784668
1.4524158239364624
1.2936413288116455
1.238279104232788
1.3396602869033813
1.2367439270019531
1.0095229148864746
1.1242436170578003
1.022512674331665
1.1195369958877563
1.2173285484313965
0.9909620881080627
0.9513061046600342
1.0827058553695679
0.9592353701591492
0.9579335451126099
1.059962272644043
0.9072576761245728
0.7531517744064331
0.8060312867164612
0.7178072929382324
0.82957524061203
0.7888176441192627
0.716167151927948
0.7870949506759644
0.7897210717201233
0.7756971120834351
0.7348741292953491
0.8248465061187744
0.7936481237411499
0.731221079826355
0.7459284663200378
0.6446656584739685
0.6779917478561401
0.739465594291687
0.7190823554992676
0.6095167398452759
0.6100125908851624
0.6348808407783508
0.6977400183677673
0.6852361559867859
0.6708593368530273
0.5829703211784363
0.6255419254302979
0.7460464239120483
0.7481963038444519
0.5930157899856567
0.6820528507232666
0.7354656457901001
0.5799881815910339
0.7831969857215881
0.6782107353210449
0.7324267625808716
0.660361647605896
0.7700550556182861
0.6790992021560669
0.6351709961891174
0.5883501768112183
0.696272611618042
0.6819130778312683
0.629054069519043
0.6044560670852661
0.5448334813117981
0.5599866509437561
0.6260387301445007
0.5673034191131592
0.598542332649231
0.5784261226654053
0.6143104434013367
0.5861154794692993
0.5913645029067993
0.5230076909065247
0.6365267634391785
0.5279756188392639
0.549764096736908
0.5380844473838806
0.5607210397720337
0.5349483489990234
0.5655742287635803
0.5433319807052612
0.5439419150352478
0.607495129108429
0.5015770196914673
0.5115804672241211
0.5389825105667114
0.5254341959953308
0.5523620247840881
0.523808479309082
0.5306091904640198
0.5073737502098083
0.5901458263397217
0.6193722486495972
0.6074126958847046
0.5298682451248169
0.521643877029419
0.5667279958724976
0.516255795955658
0.5773327946662903
0.47617384791374207
0.4865470230579376
0.5088379979133606
0.4964817464351654
0.49519431591033936
0.5202859044075012
0.5640800595283508
0.5540784597396851
0.5671786069869995
0.5537103414535522
0.5364254713058472
0.5804623961448669
0.490743488073349
0.6007601618766785
0.4996127784252167
0.4901619851589203
0.5566625595092773
0.5191595554351807
0.5928046703338623
0.5152301788330078
0.502942681312561
0.482499897480011
0.5093797445297241
0.5308272242546082
0.5075513124465942
0.5434126257896423
0.5373788475990295
0.512196958065033
0.6252055764198303
0.4946974217891693
0.5899515748023987
0.504062831401825
0.5360061526298523
0.5087841153144836
0.4932405948638916
0.5978479385375977
0.5399922132492065
0.5341829657554626
0.5821592211723328
0.5463609099388123
0.5115764141082764
0.5525826811790466
0.5336546301841736
0.5082874298095703
0.5034555196762085
0.5861817002296448
0.539710521697998
0.4976268410682678
0.5098026990890503
0.5153636932373047
0.48912692070007324
0.5135968923568726
0.4863162040710449
0.5446001887321472
0.5605788230895996
0.4899466633796692
0.46830451488494873
0.5173733830451965
0.4791274070739746
0.47847074270248413
0.4906877875328064
0.5253850817680359
0.4839213490486145
0.49708813428878784
0.5476298332214355
0.4984457492828369
0.45547401905059814
0.5146045684814453
0.486674427986145
0.48461058735847473
0.4588579833507538
0.4820966124534607
0.46075916290283203
0.46122050285339355
0.49490782618522644
0.4865230619907379
0.5196698904037476
0.5013092160224915
0.5108094811439514
0.513731837272644
0.50191330909729
0.4643794894218445
0.48336541652679443
0.4696749448776245
0.4938509464263916
0.4545171856880188
0.5074995756149292
0.4826263189315796
0.518189549446106
0.4759035110473633
0.4659031629562378
0.4516877233982086
0.5050603747367859
0.4971373677253723
0.4848916530609131
0.49600040912628174
0.4794691801071167
0.4795917272567749
0.454965740442276
0.4772370457649231
0.46910202503204346
0.48628202080726624
0.4630630910396576
0.45919057726860046
0.47272640466690063
0.47380828857421875
0.46959438920021057
0.47551286220550537
0.49426040053367615
0.4357490539550781
0.44594866037368774
0.4570857882499695
0.48130685091018677
0.45257389545440674
0.47264808416366577
0.4789402484893799
0.4719476103782654
0.4635378122329712
0.46404704451560974
0.44629770517349243
0.512877881526947
0.4700334966182709
0.48644185066223145
0.5071632266044617
0.45907145738601685
0.47623419761657715
0.45813387632369995
0.4650631546974182
0.47856593132019043
0.5013827085494995
0.46362483501434326
0.4864383041858673
0.4866258502006531
0.4488040506839752
0.4325629472732544
0.48280197381973267
0.4492613971233368
0.4318290054798126
0.4731513559818268
0.4773383140563965
0.4490794539451599
0.45346060395240784
0.47541704773902893
0.48367631435394287
0.4430963397026062
0.4532187283039093
0.43453994393348694
0.4726576805114746
0.5131077766418457
0.44775283336639404
0.46063196659088135
0.4827674329280853
0.5096428394317627
0.47038984298706055
0.482811838388443
0.4605964124202728
0.4822355806827545
0.5200824737548828
0.4718210697174072
0.4595894515514374
0.46806955337524414
0.4703477621078491
0.4437723755836487
0.4471837282180786
0.4949570298194885
0.4705684781074524
0.45385751128196716
0.46552449464797974
0.46009576320648193
0.48989930748939514
0.44118714332580566
0.46071872115135193
0.4586482048034668
0.48227813839912415
0.4519041180610657
0.45882076025009155
0.4514751136302948
0.43479445576667786
0.4495716691017151
0.4564744234085083
0.44102415442466736
0.4558582007884979
0.452193021774292
0.45902758836746216
0.42928585410118103
0.41856592893600464
0.44994717836380005
0.4226212203502655
0.46475911140441895
0.4306012988090515
0.4489525258541107
0.44364410638809204
0.4503915309906006
0.43225085735321045
0.47416916489601135
0.4360428750514984
0.4414612352848053
0.438642293214798
0.4503609538078308
0.4470141530036926
0.4549444913864136
0.4384390115737915
0.44961977005004883
0.44087597727775574
0.46266818046569824
0.4249133765697479
0.46886321902275085
0.44601476192474365
0.44835013151168823
0.48297539353370667
0.4562593698501587
0.46520301699638367
0.4521225690841675
0.4578109085559845
0.4559233784675598
0.44945985078811646
0.44595974683761597
0.43987247347831726
0.44485199451446533
0.45527487993240356
0.444273978471756
0.4920285642147064
0.44888564944267273
0.45576462149620056
0.4343637526035309
0.4569985866546631
0.4195103645324707
0.4226590692996979
0.440448522567749
0.42748314142227173
0.4590877294540405
0.42741402983665466
0.432681143283844
0.4532356262207031
0.436032772064209
0.4597700834274292
0.4414575695991516
0.4220123291015625
0.43012064695358276
0.43017885088920593
0.40612247586250305
0.43365785479545593
0.4241647720336914
0.4397939443588257
0.4465031325817108
0.4433974027633667
0.4185952842235565
0.41788169741630554
0.43162035942077637
0.46303611993789673
0.40572839975357056
0.42156022787094116
0.40787097811698914
0.44277575612068176
0.40111374855041504
0.4293827414512634
0.4459837079048157
0.430696576833725
0.4149717092514038
0.44905832409858704
0.44378408789634705
0.427226722240448
0.42322707176208496
0.4297029376029968
0.47449904680252075
0.4254263937473297
0.43819281458854675
0.4263787865638733
0.4326424300670624
0.4390445649623871
0.4222065806388855
0.41296377778053284
0.4271267354488373
0.43999260663986206
0.41851112246513367
0.4044751226902008
0.4615094065666199
0.4535677433013916
0.4175225496292114
0.41949594020843506
0.4436408281326294
0.44186097383499146
0.43499302864074707
0.4409871995449066
0.4465681314468384
0.44269075989723206
0.42696911096572876
0.4235381782054901
0.46388280391693115
0.4332413673400879
0.4315088987350464
0.4546813368797302
0.42585596442222595
0.4214162230491638
0.4201636016368866
0.4770479202270508
0.45051300525665283
0.42345958948135376
0.4181901216506958
0.41907763481140137
0.4249006509780884
0.4194892346858978
0.3949214518070221
0.4142224192619324
0.4190088212490082
0.4210173189640045
0.41260960698127747
0.4212792217731476
0.41561245918273926
0.457105427980423
0.4172835052013397
0.426719069480896
0.4437762498855591
0.4204224944114685
0.4337817132472992
0.4161565601825714
0.4854907691478729
0.4157021641731262
0.40935131907463074
0.4189475178718567
0.43270865082740784
0.4320622682571411
0.41582006216049194
0.4247073233127594
0.42800143361091614
0.4545475244522095
0.41941431164741516
0.4288119971752167
0.4315613806247711
0.4212036430835724
0.41113537549972534
0.4289560317993164
0.47591641545295715
0.42625558376312256
0.44435375928878784
0.4108419716358185
0.436001718044281
0.45953261852264404
0.42200517654418945
0.44593682885169983
0.43547752499580383
0.4374513626098633
0.41194668412208557
0.42170214653015137
0.4301219880580902
0.4365893304347992
0.39296799898147583
0.4249613285064697
0.4235822856426239
0.45147114992141724
0.4459207355976105
0.4029158353805542
0.44645723700523376
0.42564237117767334
0.41655418276786804
0.41500169038772583
0.4391631782054901
0.4428546726703644
0.45492202043533325
0.4312739372253418
0.46607959270477295
0.45059847831726074
0.43509891629219055
0.4632173776626587
0.45734691619873047
0.4574533700942993
0.43082043528556824
0.45393121242523193
0.438860148191452
0.4903373718261719
0.4205012917518616
0.4345417618751526
0.43946129083633423
0.46674078702926636
0.4070798456668854
0.44633111357688904
0.4427388906478882
0.4270845949649811
0.4225599765777588
0.4228338897228241
0.4310406446456909
0.41606560349464417
0.4270165264606476
0.43689996004104614
0.43179887533187866
0.4256282448768616
0.41905367374420166
0.4081544280052185
0.43478846549987793
0.4040958881378174
0.4279239773750305
0.4113728404045105
0.4153531789779663
0.4322652220726013
0.4554954469203949
0.4359464645385742
0.41790372133255005
0.4069135785102844
0.4046618342399597
0.4112151563167572
0.41245973110198975
0.4296605587005615
0.4202585220336914
0.41938841342926025
0.42223748564720154
0.4215567409992218
0.41691160202026367
0.4240626096725464
0.4222199618816376
0.44431382417678833
0.41287633776664734
0.42356348037719727
0.4172743260860443
0.4275432825088501
0.43394798040390015
0.41772183775901794
0.42142975330352783
0.42341867089271545
0.41107118129730225
0.3983926475048065
0.4052547216415405
0.4043835401535034
0.4105410873889923
0.43210679292678833
0.4113911986351013
0.3998704254627228
0.40326133370399475
0.4247612953186035
0.4058108329772949
0.429537296295166
0.4175266623497009
0.4177873432636261
0.4021799564361572
0.41014882922172546
0.40887516736984253
0.42300480604171753
0.39384013414382935
0.41563329100608826
0.42106589674949646
0.4074990153312683
0.39474600553512573
0.40576761960983276
0.4087831377983093
0.40580645203590393
0.4124166965484619
0.40606123208999634
0.3905770182609558
0.4328102171421051
0.4397016763687134
0.41027823090553284
0.4141523241996765
0.4028673768043518
0.4347756505012512
0.4038170278072357
0.40503305196762085
0.4123830199241638
0.43419352173805237
0.40659430623054504
0.39334315061569214
0.4025770425796509
0.4019582271575928
0.40643131732940674
0.3993304371833801
0.4048483669757843
0.4047622084617615
0.38331547379493713
0.40543729066848755
0.3868686854839325
0.40184837579727173
0.40230247378349304
0.40685373544692993
0.3911505937576294
0.3996674120426178
0.39226651191711426
0.40101978182792664
0.4140649437904358
0.40868374705314636
0.4132067561149597
0.4080948829650879
0.40883538126945496
0.40020665526390076
0.391055166721344
0.41018882393836975
0.43365156650543213
0.38383206725120544
0.40183594822883606
0.3999457061290741
0.3892621099948883
0.4222099184989929
0.39895978569984436
0.4057735800743103
0.4144986569881439
0.40943580865859985
0.40529492497444153
0.4187122583389282
0.4185180068016052
0.4172833561897278
0.404191792011261
0.39691632986068726
0.4040531516075134
0.4116427004337311
0.4045623540878296
0.38566839694976807
0.41414204239845276
0.391994833946228
0.39955398440361023
0.3955375552177429
0.3890136480331421
0.398121178150177
0.4051092565059662
0.40745043754577637
0.39907294511795044
0.40069514513015747
0.41423138976097107
0.4018765687942505
0.40874943137168884
0.3973742127418518
0.4101009964942932
0.40558576583862305
0.3981636166572571
0.4108518660068512
0.4008181393146515
0.3999544680118561
0.4034212827682495
0.41779452562332153
0.41090476512908936
0.4022741913795471
0.4186876714229584
0.4049593210220337
0.371867835521698
0.39038097858428955
0.39971375465393066
0.4092816114425659
0.3886295557022095
0.39876943826675415
0.3884699046611786
0.39326685667037964
0.4042174518108368
0.3843003213405609
0.4076455235481262
0.3956342935562134
0.3935645818710327
0.41352033615112305
0.3969343900680542
0.3942875862121582
0.39748984575271606
0.4004685580730438
0.4192003011703491
0.39257949590682983
0.38803625106811523
0.410473108291626
0.385261595249176
0.4060673713684082
0.41361507773399353
0.40150922536849976
0.3941905200481415
0.4113122522830963
0.3977942168712616
0.39673271775245667
0.39424699544906616
0.39123791456222534
0.4071842432022095
0.38559865951538086
0.4038558602333069
0.4060255289077759
0.4094421863555908
0.39753448963165283
0.39714810252189636
0.39593952894210815
0.4175775945186615
0.39346277713775635
0.3855442404747009
0.40805304050445557
0.40232932567596436
0.3909457325935364
0.38090866804122925
0.39194560050964355
0.41043105721473694
0.39387035369873047
0.3902398943901062
0.40177810192108154
0.4028923511505127
0.38239842653274536
0.3772485554218292
0.3913523256778717
0.3928905725479126
0.38129037618637085
0.38422879576683044
0.40499719977378845
0.39997363090515137
0.40583091974258423
0.4009425938129425
0.40070444345474243
0.38981127738952637
0.3857210576534271
0.39532771706581116
0.39305219054222107
0.3925155997276306
0.39197173714637756
0.39495426416397095
0.41583365201950073
0.4191741347312927
0.39791691303253174
0.3762795627117157
0.3981090784072876
0.40713822841644287
0.38711246848106384
0.37133222818374634
0.4082874059677124
0.39939969778060913
0.39268043637275696
0.3872206211090088
0.39254435896873474
0.3897706866264343
0.40172985196113586
0.3817593455314636
0.39880579710006714
0.40718597173690796
0.39554324746131897
0.4234156012535095
0.3959015905857086
0.3776162266731262
0.3920672833919525
0.39862093329429626
0.4024484157562256
0.38642820715904236
0.40326619148254395
0.3816503882408142
0.40050119161605835
0.3961730897426605
0.40028879046440125
0.37950339913368225
0.39998334646224976
0.3860885798931122
0.3698153793811798
0.3938252329826355
0.38165390491485596
0.39514875411987305
0.3826696276664734
0.3770030438899994
0.40990185737609863
0.3862316608428955
0.37043553590774536
0.38401317596435547
0.3863665461540222
0.376054584980011
0.4047715961933136
0.40709832310676575
0.39763695001602173
0.3833409547805786
0.40463948249816895
0.40104347467422485
0.40930068492889404
0.4033793807029724
0.37956535816192627
0.38705483078956604
0.39213016629219055
0.3894590139389038
0.38161343336105347
0.3947044909000397
0.40134328603744507
0.3955666720867157
0.4128894805908203
0.3919108808040619
0.39669370651245117
0.3845330774784088
0.39706647396087646
0.395943284034729
0.38866665959358215
0.3913208246231079
0.39592036604881287
0.401616632938385
0.3922886550426483
0.38240131735801697
0.39877909421920776
0.38971471786499023
0.3828940689563751
0.3920782208442688
0.38877230882644653
0.3748842179775238
0.4058492183685303
0.3870883584022522
0.403604656457901
0.39391666650772095
0.3905820846557617
0.3942895233631134
0.4023788571357727
0.3957374393939972
0.384231299161911
0.38097602128982544
0.41725602746009827
0.3818633258342743
0.40130388736724854
0.40480953454971313
0.399604469537735
0.4011450409889221
0.39402124285697937
0.3847804665565491
0.3875117003917694
0.39011648297309875
0.39217278361320496
0.41162770986557007
0.3775392472743988
0.3751133680343628
0.3929319977760315
0.38726502656936646
0.40015000104904175
0.3880608379840851
0.3841538727283478
0.4055144488811493
0.4091563820838928
0.37392953038215637
0.3677224814891815
0.3875809609889984
0.4173656702041626
0.3992583155632019
0.40424734354019165
0.38990113139152527
0.3913145065307617
0.3970980644226074
0.38976871967315674
0.39115867018699646
0.3997816741466522
0.37766557931900024
0.38871297240257263
0.38946157693862915
0.3907123804092407
0.40438538789749146
0.38637256622314453
0.3949331045150757
0.39916181564331055
0.3956397473812103
0.40444764494895935
0.385735422372818
0.39953699707984924
0.39758190512657166
0.3966941237449646
0.3828163146972656
0.3889622986316681
0.38898617029190063
0.3949096202850342
0.38386327028274536
0.3853320777416229
0.3914321959018707
0.39346709847450256
0.3743767738342285
0.37648412585258484
0.3923100531101227
0.3925289213657379
0.37608158588409424
0.3696978688240051
0.37510228157043457
0.3866461515426636
0.3776428997516632
0.3718312382698059
0.366860955953598
0.38631078600883484
0.3917592763900757
0.3957827389240265
0.38046568632125854
0.39456215500831604
0.38422754406929016
0.3922463357448578
0.38450244069099426
0.3883092999458313
0.3772864043712616
0.3889785706996918
0.3905579447746277
0.37706857919692993
0.38267573714256287
0.38122230768203735
0.3902934193611145
0.3714418113231659
0.3762071132659912
0.3751661777496338
0.3985802233219147
0.3798813223838806
0.39513537287712097
0.38414546847343445
0.39714178442955017
0.38845542073249817
0.37260663509368896
0.3720179796218872
0.3868950605392456
0.396921306848526
0.39214226603507996
0.38560688495635986
0.38069722056388855
0.369780033826828
0.37620270252227783
0.3739088475704193
0.3743864595890045
0.374273419380188
0.3739052414894104
0.37439537048339844
0.38739949464797974
0.3739974796772003
0.3753948509693146
0.42019957304000854
0.3825846314430237
0.3861168622970581
0.39361393451690674
0.39338892698287964
0.3745492696762085
0.42318934202194214
0.38594236969947815
0.37886208295822144
0.3906399607658386
0.41464072465896606
0.39755263924598694
0.39927181601524353
0.3864977955818176
0.38251712918281555
0.3873039186000824
0.37386801838874817
0.38032713532447815
0.38926371932029724
0.3855188488960266
0.390278697013855
0.38487616181373596
0.3931800425052643
0.38078486919403076
0.39721643924713135
0.3802875876426697
0.3850898742675781
0.3784843683242798
0.3753601610660553
0.3785092234611511
0.3827323615550995
0.3889482915401459
0.3775833547115326
0.3716314136981964
0.387307733297348
0.3822712302207947
0.3920022249221802
0.3735119104385376
0.3884367048740387
0.3802603781223297
0.3885965347290039
0.37662020325660706
0.376015305519104
0.3931984603404999
0.39533355832099915
0.38583993911743164
0.3752765357494354
0.37108081579208374
0.3769769072532654
0.37816378474235535
0.41997066140174866
0.3842875063419342
0.3800594210624695
0.3859543204307556
0.3817718029022217
0.39541882276535034
0.4069715142250061
0.3676549792289734
0.38471487164497375
0.3903595805168152
0.3980197310447693
0.38323816657066345
0.3972400426864624
0.39423486590385437
0.37458866834640503
0.40556368231773376
0.38763806223869324
0.3929038941860199
0.3882756531238556
0.39808225631713867
0.38614416122436523
0.3860136568546295
0.3906552791595459
0.37308576703071594
0.3776647746562958
0.3850502073764801
0.3828646242618561
0.37360692024230957
0.38986441493034363
0.37366074323654175
0.36768513917922974
0.38958123326301575
0.390167772769928
0.3711082935333252
0.38752496242523193
0.36324551701545715
0.36509281396865845
