16.92291831970215
9.465459823608398
6.040687084197998
5.2141900062561035
4.924156665802002
4.432784080505371
4.143723011016846
3.074367046356201
2.931580066680908
3.1163320541381836
2.884915351867676
2.396721839904785
2.4402246475219727
2.1685290336608887
2.218926429748535
2.3547821044921875
2.1304380893707275
1.894005537033081
1.791820764541626
1.5541718006134033
1.5779786109924316
1.68654465675354
1.817589282989502
1.640852689743042
1.7789406776428223
1.6177997589111328
1.7561798095703125
1.539048433303833
1.4052274227142334
1.2591689825057983
1.2217233180999756
1.4439427852630615
1.3791141510009766
1.606011152267456
1.2455476522445679
1.2233695983886719
1.1326043605804443
1.3500380516052246
1.170297384262085
1.2710206508636475
1.082442045211792
1.4130046367645264
1.1224604845046997
1.2581074237823486
1.139099359512329
1.8119127750396729
1.0493130683898926
1.2555007934570312
1.2233375310897827
0.9660286903381348
1.2687022686004639
1.2399097681045532
1.4794015884399414
0.9715452790260315
1.2762181758880615
0.891176700592041
0.9800519943237305
1.030741810798645
1.2318025827407837
1.3296327590942383
1.0295279026031494
0.9732787609100342
1.1445304155349731
0.9825206398963928
1.1186474561691284
0.8874770402908325
0.9113080501556396
1.201936960220337
1.1016920804977417
0.9582337141036987
0.9786453247070312
0.9072349071502686
0.9892101287841797
0.9386347532272339
1.3518478870391846
0.9875210523605347
1.101763129234314
1.035346269607544
0.9468397498130798
0.9542979001998901
0.9475287199020386
0.804928183555603
0.8470455408096313
0.8680382370948792
0.7710140943527222
0.900338888168335
0.8923667073249817
0.812227725982666
0.8956235647201538
0.8229702711105347
0.7919788360595703
0.7809674739837646
0.7111208438873291
0.9914097785949707
0.8459631204605103
0.8445835113525391
0.6956546306610107
0.8623995780944824
0.7944624423980713
0.7919449806213379
0.7402091026306152
0.784196138381958
0.7505887150764465
0.7631849050521851
0.9319411516189575
0.7295666933059692
0.7428629994392395
0.67597496509552
0.7545907497406006
0.772407591342926
0.7591849565505981
0.771039605140686
0.802448570728302
0.6496900916099548
0.678955078125
0.695760190486908
0.6959341764450073
0.7260580062866211
0.6444273591041565
0.6838091611862183
0.6996244192123413
0.719703197479248
0.8601332902908325
0.6861062049865723
0.7066826820373535
0.7033626437187195
0.8144695162773132
0.6649717092514038
0.6722476482391357
0.661389172077179
0.6305018067359924
0.6436218619346619
0.6166917681694031
0.6751561164855957
0.6817754507064819
0.6638974547386169
0.7665848731994629
0.6822418570518494
0.678975522518158
0.611783504486084
0.6743449568748474
0.6788548827171326
0.6748862266540527
0.6130263805389404
0.6451795697212219
0.6190435290336609
0.6106154322624207
0.6425384283065796
0.6485556364059448
0.5883981585502625
0.6335198879241943
0.5646030306816101
0.6465114951133728
0.5925130844116211
0.6915833950042725
0.6445856094360352
0.6853989362716675
0.6041198372840881
0.567406177520752
0.649582028388977
0.6032548546791077
0.75058913230896
0.6575213074684143
0.5622766017913818
0.6107731461524963
0.6170715093612671
0.6033117771148682
0.5677565336227417
0.647722065448761
0.6236542463302612
0.68265700340271
0.6411757469177246
0.573483407497406
0.6299040913581848
0.626901388168335
0.5870211720466614
0.5680184960365295
0.626869797706604
0.5858665704727173
0.6538019180297852
0.6301707029342651
0.5613555312156677
0.5902591943740845
0.5798410177230835
0.6049471497535706
0.607332706451416
0.5532352924346924
0.6763615608215332
0.6234784722328186
0.6653878688812256
0.6777276396751404
0.5474823117256165
0.6381683945655823
0.5950714349746704
0.6068582534790039
0.5736813545227051
0.5345978140830994
0.5461292266845703
0.6403456926345825
0.5365839600563049
0.5644622445106506
0.5743160247802734
0.5650356411933899
0.5666291117668152
0.6246371269226074
0.6056049466133118
0.528182864189148
0.6102612614631653
0.5632741451263428
0.5310327410697937
0.5416913628578186
0.5315319299697876
0.5679313540458679
0.6079579591751099
0.6126865148544312
0.5278063416481018
0.5445592403411865
0.5405638217926025
0.5570284724235535
0.5158504843711853
0.5377670526504517
0.5486984252929688
0.5322976112365723
0.5619107484817505
0.6106226444244385
0.57491135597229
0.5425096750259399
0.5207129120826721
0.5274178981781006
0.5743635892868042
0.553389310836792
0.5417238473892212
0.5794158577919006
0.600949227809906
0.5079085826873779
0.5503371953964233
0.560157299041748
0.5441692471504211
0.5131644010543823
0.5532140731811523
0.5369195342063904
0.5233480334281921
0.5527811050415039
0.5458903312683105
0.5875413417816162
0.5217528939247131
0.5234013795852661
0.5811511278152466
0.5114405751228333
0.5438368916511536
0.518888533115387
0.5330327153205872
0.5151875615119934
0.5090318322181702
0.5075821280479431
0.5367444157600403
0.52448970079422
0.5387737154960632
0.5294203758239746
0.5231833457946777
0.5443652868270874
0.5522619485855103
0.5416470766067505
0.5002480745315552
0.5010449290275574
0.5090827941894531
0.4785812497138977
0.5361430644989014
0.5161429047584534
0.5337789058685303
0.5762354731559753
0.5277541875839233
0.524402379989624
0.4958604872226715
0.5346361994743347
0.5006760358810425
0.524878978729248
0.5557651519775391
0.5338062644004822
0.5211207270622253
0.520359456539154
0.523844301700592
0.5011348724365234
0.4776608645915985
0.5366635322570801
0.52607661485672
0.5250089764595032
0.5008010864257812
0.4918433427810669
0.533928394317627
0.5270601511001587
0.5227659940719604
0.47426146268844604
0.5002558827400208
0.5312316417694092
0.5039846897125244
0.5321506261825562
0.5295397043228149
0.5255210995674133
0.5036500692367554
0.4689171016216278
0.48562172055244446
0.4915395677089691
0.4935169219970703
0.4918583631515503
0.6198564767837524
0.47807982563972473
0.5353359580039978
0.5045544505119324
0.4997553527355194
0.5470032691955566
0.5267152786254883
0.5322508811950684
0.5022457242012024
0.5190519094467163
0.5369797348976135
0.5116849541664124
0.506984293460846
0.4957515001296997
0.6029515266418457
0.5354806184768677
0.5210201144218445
0.5458877086639404
0.5193285942077637
0.48322129249572754
0.48336347937583923
0.49167710542678833
0.5096597075462341
0.514687716960907
0.4774317443370819
0.500950813293457
0.5165032744407654
0.5268073678016663
0.47617629170417786
0.48461559414863586
0.5059635639190674
0.5098217725753784
0.5161776542663574
0.5098004937171936
0.4858107566833496
0.4911039471626282
0.5815180540084839
0.5049754977226257
0.5109794735908508
0.4891011118888855
0.601660966873169
0.4877621829509735
0.48976370692253113
0.5077912211418152
0.5462890863418579
0.5320678949356079
0.528590202331543
0.5257861614227295
0.5075759887695312
0.5043630003929138
0.488015741109848
0.5112658739089966
0.4714936912059784
0.49850887060165405
0.5111136436462402
0.5011900663375854
0.4600399136543274
0.4804694652557373
0.48163890838623047
0.4745137095451355
0.46420353651046753
0.49900174140930176
0.46114295721054077
0.48934057354927063
0.519146740436554
0.4763832092285156
0.49927374720573425
0.48692190647125244
0.47907066345214844
0.506351113319397
0.4656713604927063
0.4933246970176697
0.4724254608154297
0.4824935495853424
0.4693562984466553
0.4873350262641907
0.5072723627090454
0.4692821502685547
0.4595695734024048
0.4730052053928375
0.537178635597229
0.5106875896453857
0.4767897427082062
0.5117734670639038
0.47669386863708496
0.4624578356742859
0.5250766277313232
0.5127328634262085
0.46520382165908813
0.515281617641449
0.47600939869880676
0.46763506531715393
0.4722684323787689
0.4634522795677185
0.5174484252929688
0.47816002368927
0.4591151475906372
0.45701703429222107
0.4836372435092926
0.4980580508708954
0.45814502239227295
0.47093474864959717
0.4896961450576782
0.45939886569976807
0.4754405617713928
0.49338629841804504
0.4700908660888672
0.5123549103736877
0.5070139169692993
0.49733248353004456
0.4591086506843567
0.5306028127670288
0.4928355813026428
0.45631274580955505
0.5319644212722778
0.4564465284347534
0.4805622696876526
0.5017846822738647
0.48370856046676636
0.49782073497772217
0.4763202369213104
0.45300033688545227
0.4943501651287079
0.45967891812324524
0.47400879859924316
0.5123155117034912
0.46404147148132324
0.47949275374412537
0.5001732110977173
0.4764329493045807
0.4543304443359375
0.46466365456581116
0.47094976902008057
0.4665573239326477
0.49136045575141907
0.45767906308174133
0.4620957374572754
0.4556913673877716
0.4515151381492615
0.4653729796409607
0.4522864818572998
0.45233070850372314
0.4810972511768341
0.451044499874115
0.4615475535392761
0.4771542251110077
0.4593729078769684
0.4462206959724426
0.44604772329330444
0.4463995397090912
0.46111559867858887
0.47190797328948975
0.4898500442504883
0.48463529348373413
0.4775482714176178
0.4475579261779785
0.4852668046951294
0.46033406257629395
0.4929720163345337
0.4609624743461609
0.44467025995254517
0.47482314705848694
0.4559597969055176
0.4680854082107544
0.4594917297363281
0.4505235552787781
0.4417475759983063
0.4582982659339905
0.46278080344200134
0.4444214999675751
0.4534485638141632
0.44884198904037476
0.45412611961364746
0.46986156702041626
0.45093271136283875
0.4510800242424011
0.44147270917892456
0.44089972972869873
0.46164244413375854
0.44223472476005554
0.45508021116256714
0.4665760397911072
0.45469093322753906
0.44305360317230225
0.4925050437450409
0.4795689880847931
0.4480435252189636
0.46375349164009094
0.46732860803604126
0.44756293296813965
0.4596269726753235
0.44084876775741577
0.4850081205368042
0.45876243710517883
0.4643460214138031
0.4464183449745178
0.44183626770973206
0.43973907828330994
0.4718136787414551
0.4544777274131775
0.4287009537220001
0.456998348236084
0.45564067363739014
0.44206130504608154
0.48655909299850464
0.4814787805080414
0.46998611092567444
0.4741571843624115
0.4618418216705322
0.4808221459388733
0.4692305326461792
0.4483005106449127
0.46999499201774597
0.4691208600997925
0.4550473093986511
0.45806530117988586
0.4594067335128784
0.4540298283100128
0.47362980246543884
0.44723355770111084
0.42330095171928406
0.4507758319377899
0.4495411813259125
0.46916186809539795
0.46264931559562683
0.45671746134757996
0.45560625195503235
0.4471941590309143
0.45438292622566223
0.4482191801071167
0.4317283630371094
0.4501879811286926
0.44491440057754517
0.4631945490837097
0.4399046301841736
0.47074684500694275
0.45496755838394165
0.43685975670814514
0.44243642687797546
0.4328795075416565
0.4295085668563843
0.4464729428291321
0.4372062087059021
0.4342944920063019
0.44895169138908386
0.4625755548477173
0.46091046929359436
0.45378199219703674
0.43866631388664246
0.4511452913284302
0.43621981143951416
0.445095419883728
0.4501073360443115
0.4474382996559143
0.43934598565101624
0.4429023861885071
0.4395858943462372
0.44405436515808105
0.4424179494380951
0.4338667690753937
0.4637260437011719
0.440055787563324
0.44923537969589233
0.42988675832748413
0.4537844657897949
0.45088472962379456
0.4638824164867401
0.4338033199310303
0.44599106907844543
0.43792465329170227
0.44165509939193726
0.4387929439544678
0.4308851659297943
0.4427773654460907
0.43025821447372437
0.4343923330307007
0.4596978425979614
0.4424293041229248
0.42753276228904724
0.4450574517250061
0.44097790122032166
0.4179888665676117
0.4353030323982239
0.43272945284843445
0.4744040071964264
0.421866238117218
0.44055652618408203
0.46187594532966614
0.4328370690345764
0.43701791763305664
0.43813443183898926
0.44296741485595703
0.4479297399520874
0.44665950536727905
0.4353345036506653
0.42735207080841064
0.4927079677581787
0.5201418995857239
0.44083938002586365
0.4588974714279175
0.4571698009967804
0.43057966232299805
0.42664825916290283
0.45436301827430725
0.43812012672424316
0.4648025929927826
0.45589953660964966
0.46711966395378113
0.45813387632369995
0.44011420011520386
0.43655747175216675
0.45328712463378906
0.46077004075050354
0.42763853073120117
0.44194021821022034
0.4489386975765228
0.4398534595966339
0.4356415867805481
0.44316521286964417
0.44772908091545105
0.43578195571899414
0.4569210410118103
0.43356600403785706
0.435431569814682
0.44451242685317993
0.45615217089653015
0.46986624598503113
0.4439484477043152
0.48947662115097046
0.45189332962036133
0.43042808771133423
0.45249536633491516
0.45056653022766113
0.4258022606372833
0.4494571089744568
0.43464115262031555
0.45890307426452637
0.4519944489002228
0.4342906177043915
0.4525604248046875
0.4449368119239807
0.4498012363910675
0.4299774169921875
0.43410539627075195
0.46161022782325745
0.446926474571228
0.43721920251846313
0.4446897804737091
0.44349002838134766
0.45347070693969727
0.42728424072265625
0.4341994822025299
0.4487689733505249
0.4518651068210602
0.44420042634010315
0.4423905611038208
0.4292275309562683
0.47337260842323303
0.44714418053627014
0.44245266914367676
0.47970643639564514
0.44242891669273376
0.45640742778778076
0.44096091389656067
0.4332963824272156
0.440481960773468
0.4419479966163635
0.448701947927475
0.46291255950927734
0.44308337569236755
0.4487212300300598
0.45065930485725403
0.43401631712913513
0.4227427542209625
0.42125076055526733
0.43858814239501953
0.44414451718330383
0.43227213621139526
0.4274022579193115
0.4286048114299774
0.43698954582214355
0.4391697347164154
0.42834901809692383
0.449082612991333
0.4378082752227783
0.4242224097251892
0.4713878631591797
0.4222521483898163
0.45569729804992676
0.4467019736766815
0.42609843611717224
0.43491530418395996
0.4418202042579651
0.4401818513870239
0.419048011302948
0.4679604172706604
0.42564505338668823
0.435111403465271
0.42130041122436523
0.4204598367214203
0.43599733710289
0.44578731060028076
0.43961289525032043
0.4231863021850586
0.44165346026420593
0.4474008083343506
0.4205617606639862
0.42754825949668884
0.4504798650741577
0.41810983419418335
0.4166988134384155
0.43015772104263306
0.43504515290260315
0.42226114869117737
0.42824655771255493
0.4307089149951935
0.41865816712379456
0.4275042712688446
0.43528780341148376
0.4127187728881836
0.4149059057235718
0.4090370535850525
0.43942224979400635
0.4173761010169983
0.4211437404155731
0.41746819019317627
0.425712525844574
0.4357789158821106
0.4127088785171509
0.4209001064300537
0.4416116774082184
0.43000391125679016
0.4460213780403137
0.4424949586391449
0.43641889095306396
0.42317482829093933
0.4254501461982727
0.4248844385147095
0.41457241773605347
0.4324992001056671
0.44232177734375
0.41683337092399597
0.4106062054634094
0.42279770970344543
0.4236636161804199
0.42504996061325073
0.42365705966949463
0.428926944732666
0.4215550720691681
0.43267127871513367
0.4119914770126343
0.43165236711502075
0.41393086314201355
0.43054747581481934
0.4180642068386078
0.4127732515335083
0.4370878040790558
0.4271479845046997
0.4211878180503845
0.41803616285324097
0.42473161220550537
0.4193999767303467
0.421408474445343
0.41554805636405945
0.4191269278526306
0.426254004240036
0.41347694396972656
0.4442257285118103
0.42973360419273376
0.4285323917865753
0.447635680437088
0.43482506275177
0.4677845239639282
0.42378488183021545
0.48512908816337585
0.4187072515487671
0.4302470088005066
0.425788938999176
0.4526312053203583
0.45037102699279785
0.4151310622692108
0.42198318243026733
0.4118465185165405
0.42418211698532104
0.42158272862434387
0.4016508460044861
0.4232743978500366
0.44177597761154175
0.4166310727596283
0.417523592710495
0.43581071496009827
0.42329463362693787
0.43266281485557556
0.40586578845977783
0.4277123212814331
0.4172145426273346
0.42292794585227966
0.4048657715320587
0.4171270430088043
0.4177067279815674
0.42264190316200256
0.4279369115829468
0.41920047998428345
0.41092294454574585
0.4288853704929352
0.4094407856464386
0.40734967589378357
0.4178892970085144
0.42895641922950745
0.41484928131103516
0.4189137816429138
0.4368107318878174
0.4203225076198578
0.43328022956848145
0.4243648648262024
0.4196658730506897
0.4053077697753906
0.4114840626716614
0.4266774654388428
0.41377395391464233
0.4115980267524719
0.43149709701538086
0.42214614152908325
0.43721282482147217
0.4169904589653015
0.4526689648628235
0.42952799797058105
0.4293994903564453
0.44037213921546936
0.4232567250728607
0.44843530654907227
0.4341549873352051
0.44378358125686646
0.4157998859882355
0.42781370878219604
0.4602676033973694
0.41424795985221863
0.4160267412662506
0.43379661440849304
0.4371662437915802
0.4300122559070587
0.40731075406074524
0.40576544404029846
0.43085813522338867
0.4169965386390686
0.41341280937194824
0.42092373967170715
0.4135224521160126
0.42124584317207336
0.4138060212135315
0.44420719146728516
0.44262582063674927
0.4228469133377075
0.42307597398757935
0.42713668942451477
0.4255254864692688
0.42740243673324585
0.41128009557724
0.41856932640075684
0.4150736331939697
0.4211849272251129
0.41772031784057617
0.4116261303424835
0.4148426949977875
0.4248308539390564
0.4376179277896881
0.41811877489089966
0.4233880043029785
0.4244089722633362
0.42401498556137085
0.41072070598602295
0.432132363319397
0.42836442589759827
0.4109593629837036
0.41771194338798523
0.43337738513946533
0.4294292628765106
0.4204863905906677
0.41016650199890137
0.42004427313804626
0.4080806076526642
0.4182661771774292
0.41948097944259644
0.40998756885528564
0.40571722388267517
0.40470969676971436
0.4066566526889801
0.4118005037307739
0.40512487292289734
0.4112623333930969
0.4225728511810303
0.42555612325668335
0.4168122410774231
0.4102684259414673
0.41618627309799194
0.44025033712387085
0.4067522883415222
0.40286126732826233
0.4115981161594391
0.4084468185901642
0.4134288728237152
0.434343546628952
0.412032812833786
0.41573554277420044
0.41104719042778015
0.41148388385772705
0.4246528446674347
0.4213787615299225
0.40994009375572205
0.41513684391975403
0.43762776255607605
0.42092716693878174
0.43501725792884827
0.40751102566719055
0.4275018274784088
0.41421812772750854
0.4089389145374298
0.41348084807395935
0.4104050397872925
0.44219663739204407
0.4254606366157532
0.41791653633117676
0.40993645787239075
0.41583964228630066
0.42027002573013306
0.4069535434246063
0.40223583579063416
0.4177952706813812
0.42221564054489136
0.413744181394577
0.4186355471611023
0.402723491191864
0.46990153193473816
0.4115830659866333
0.4029850661754608
0.4101831316947937
0.44133180379867554
0.40905243158340454
0.43353718519210815
0.4238330125808716
0.42318156361579895
0.41758665442466736
0.42433062195777893
0.4351772964000702
0.42050883173942566
0.4082612693309784
0.4322313070297241
0.42020344734191895
0.40417933464050293
0.41997280716896057
0.40990129113197327
0.43797335028648376
0.4322575628757477
0.4133729636669159
0.42735010385513306
0.41101837158203125
0.4155735373497009
0.4150313138961792
0.4000449776649475
0.4028925597667694
0.4196721315383911
0.40394240617752075
0.42051732540130615
0.4022753834724426
0.4243931174278259
0.40523526072502136
0.40926358103752136
0.40677306056022644
0.4125378727912903
0.4178568124771118
0.40080222487449646
0.3973422050476074
0.4038546681404114
0.41151192784309387
0.4180458188056946
0.40881508588790894
0.3958287537097931
0.43322035670280457
0.42009758949279785
0.41576236486434937
0.41116803884506226
0.4102049469947815
0.40923991799354553
0.4187822937965393
0.3999149799346924
0.4135369062423706
0.4164758324623108
0.4149814546108246
0.40649187564849854
0.4072970449924469
0.4047739803791046
0.40811192989349365
0.40594151616096497
0.4225933253765106
0.40815097093582153
