2.3122063670495545
2.0391234460503163
1.9594266221980856
1.8347627634953971
1.775105439051233
1.659547543284869
1.621608934017143
1.573013298439257
1.5269262814762616
1.474975494423298
1.4808580176998871
1.4221906854648783
1.3823497590392526
1.3470270772172948
1.334237226934144
1.2892783278166646
1.219295672093979
1.2310280968444516
1.2086786543480073
1.2218755327089867
1.1560803910698554
1.1473909520139598
1.1409148116304417
1.0891473907412905
1.0930357370713744
1.0804941931156198
1.0082931946022342
1.0590853462315568
1.0052218244533346
0.9993020717543785
0.9843603505028619
0.985128114319811
0.9666577956893228
0.955079618126455
0.9166797435644901
0.9066766169336107
0.910089247154467
0.8975360884208872
0.8585946298006809
0.8264195455445184
0.8681354029010041
0.8594306532782737
0.8433531679288305
0.84541841408219
0.8009267840722595
0.794409740151781
0.7695890758374725
0.787767124898506
0.7555047914837346
0.7410945392618276
0.7385322770687065
0.727500549771569
0.7227609178634605
0.6990832349266669
0.7029509514269202
0.7174341603360995
0.6934145210367261
0.6804242781316391
0.6583017303486063
0.6555585954526458
0.6527049770258894
0.6585501938155203
0.6379019572879329
0.6385216333649375
0.6103428123575269
0.6189422709773286
0.6396574185352133
0.6032464925688926
0.5912534745052608
0.5971581842562165
0.5887326110493053
0.58873240423925
0.5959915491667661
0.5748873503521236
0.5349392987260915
0.5422184759318226
0.5485086552422456
0.5327345337530579
0.557789910923351
0.5341588541714832
0.5291364731812718
0.5228422964462126
0.5295005127637074
0.5422089199225107
0.5070398082636823
0.5158269664253852
0.5084682648832147
0.5077697694903672
0.49448353413379553
0.4855599370267656
0.5004702038837202
0.48910222571305556
0.4743548445027284
0.45174670625816693
0.47671376996570164
0.46809382270080874
0.47115268189497667
0.45947412860513936
0.4491815783760764
0.4585788644323445
0.4502135163003748
0.4412491405853117
0.4467164220834019
0.44843775937051483
0.44757544738475724
0.44691481057441595
0.43582355825587954
0.424235077066855
0.4167177696721722
0.43730232691524007
0.431253744195206
0.41883218634610225
0.39848119110772107
0.4092703497771061
0.4185052809089121
0.417915460587752
0.4085487762484888
0.3798073349577008
0.39123355379008284
0.39731249845389166
0.3851960563298428
0.4002299575191556
0.39419345828619873
0.39304463911538173
0.3948298046986262
0.3820383350054423
0.384479036234846
0.3786976134235209
0.37784304101057725
0.37560059927930733
0.36392438261195864
0.36443113814098665
0.3569161055063961
0.3607883608401424
0.3636241394160974
0.3704704645306173
0.35947546317721857
0.370277763015092
0.34818284379111397
0.36246678112733244
0.3567223429980904
0.3420122277857077
0.3442188575111254
0.34479546546936035
0.3438710207589949
0.3445189962483416
0.33800395841550346
0.35290836143975307
0.33215297397338983
0.3517344207173646
0.333436035748684
0.34520436582541225
0.3434242959877457
0.33034716832517375
0.3255395467835243
0.33538411933966356
0.3213095222458695
0.3357122471236219
0.31449485728234955
0.32654345065656337
0.3029178772309814
0.3310169044769172
0.3354412159233382
0.3320719994077779
0.3210853351788087
0.32221410009596085
0.31828629383535095
0.31230275724271334
0.2973066783613629
0.2973830618641593
0.3056065576395603
0.30668331471958543
0.303828475150195
0.3031908242088376
0.31242282387584147
0.2941029670864645
0.2989102221197552
0.2985269127771108
0.2867560925507786
0.28957938666295524
0.29225303353083254
0.29021926434955214
0.2862417692638407
0.2985061173788225
0.28951983093613326
0.2892969045223612
0.28307775490813786
0.29068752927611574
0.2969088802735011
0.28928119154891585
0.26780597331246947
0.2782359450603976
0.27919203660102804
0.2837328505937499
0.27602115183165576
0.2875960981002962
0.2903591570529071
0.2821080714765221
0.2771948470611765
0.26991962716735973
0.26695493706549056
0.27190273939961135
0.272011227077908
0.275581709212727
0.27471942266430516
0.2748912946142332
0.2615634782446755
0.2600384226652107
0.25933020539356
0.2708468157233614
0.2663198522094524
0.25563307527941886
0.26135002791580525
0.2666430604277235
0.2562144950333268
0.2590749261505676
0.26543828431102967
0.25831153710382154
0.24744245560482295
0.2496283840049397
0.25373984888346507
0.2466794898865199
0.2656513306528631
0.2468431137426935
0.2336656272110313
0.24955025706628356
0.25187739895449746
0.2559461257975511
0.25090472008844816
0.24904606498853124
0.24273278948032495
0.24873469017370783
0.232681618495421
0.22862389435370764
0.2514760099125631
0.24844487974740037
0.24123575974895498
0.24509103122082623
0.240553503009406
0.23626581812747802
0.2221716254046469
0.24059420598275733
0.243250414277568
0.22717915445265144
0.2430383377906048
0.2283968086345027
0.23257526612342005
0.2432898272468586
0.22577605878162865
0.2293485090738595
