0.30177328908684276
0.37198653094696277
0.4059708196707446
0.4448035940377399
0.45890011570670386
0.4910886657960487
0.4985409692080334
0.511021327791792
0.5311784545580546
0.55775533420871
0.5490011256752592
0.5724354657259855
0.5762962984918344
0.5896296305487855
0.5998204275213107
0.6006734006934695
0.6110886654468498
0.612794610888067
0.6193041503429413
0.6250056094593472
0.6414814823203616
0.6504152624896078
0.6411672258617902
0.6560269353365658
0.6630302998754714
0.6608754203777121
0.6705723904600047
0.6673849598325864
0.6817059474762039
0.6868237877132917
0.6904152643800986
0.6936475827236368
0.7028956214586893
0.7160044896482217
0.713894500876918
0.7145678991019123
0.7204040409338595
0.72435466027019
0.7230527467197843
0.7341863091545876
0.7453198643645855
0.7362514059953015
0.7532659961719705
0.7451851849604134
0.7435241305466854
0.7573512925042046
0.7621997751370825
0.7596408526102701
0.7664646494268167
0.7643995543923041
0.7705948364855063
0.7742760909928216
0.7733782276962743
0.783479235991083
0.7776879915083298
0.7856790188587073
0.7833445565869109
0.7821773296654827
0.798653199215128
0.7938496067066385
0.7949719422995442
0.8008529784703495
0.8030976412272213
0.8007182948517076
0.8061503924504675
0.8123007844192813
0.8119416423518249
0.8192592594358656
0.8144556693356446
0.8100112261194171
0.8144107762009206
0.8125252518991027
0.8212794589273857
0.8170145894541885
0.8281481488786563
0.8306172803194836
0.8282379345460371
0.8331313139260418
0.8372166084520745
0.8399551071301855
0.8380246890915765
0.8387878771984216
0.8412121191169276
0.8366329964965281
0.8481705935314449
0.8439955079194271
0.8514927047671694
0.8470931534815316
0.8513131280138035
0.8490235642953352
0.8528843991684191
0.842244666634184
0.8590796830678227
0.8620875417584121
0.8536475824587273
0.8565656542778015
0.8610101005043647
0.8608754198960583
0.867384961157134
0.858945005469852
0.8611447799085367
0.8717845088303692
0.8704826019027017
0.8683277212008081
0.8738496062731502
0.8656341162594882
0.8749270475271976
0.8734455644482314
0.8754208726112289
0.8841750820477804
0.8734455674585669
0.8725925930822739
0.8739842826669867
0.876094275050693
0.8750168337966456
0.8739393925425982
0.876049381313902
0.8825140252257838
0.8803142519912335
0.8798653152253892
0.8897418602548465
0.8860606081557997
0.8852974170386189
0.8866442189072118
0.8870931532647874
0.8843097638602209
0.8947250265063662
0.8886195294784777
0.8958922552339958
0.8921661075919566
0.897059486369894
0.8967003370776321
0.8934680139175569
0.9006509546077612
0.8994837258801316
0.8942311990140664
0.8903254758227955
0.9030751953221331
0.9043322133295464
0.9005611653279777
0.8982716052219121
0.898945005855175
0.8981818177483298
0.9013243558430912
0.9021324322681235
0.902671157109617
0.8994837228697959
0.9009652077549636
0.9056790182084749
0.9065768821070893
0.9080134696430631
0.9110213253233168
0.9099438840692694
0.90850729352296
0.9068911352542915
0.9164085327976882
0.9121436609162225
0.9110662190601079
0.9132659953049939
0.9032098771345736
0.9126823773287763
0.9142536478813248
0.9165881047345171
0.916184066522001
0.913984290277115
0.921077447708207
0.9161840635116654
0.9131313134925534
0.9182042660135211
0.9130864215619636
0.9168125710102043
0.9204938303340565
0.9202693610480337
0.9221997790866427
0.9247138054683955
0.9231874334691751
0.9176206522517734
0.9193714935370166
0.9232323266038991
0.925970819261339
0.922693608987211
0.9139842896750479
0.9231425391303169
0.9199102153681745
0.9292929335073992
0.9170819310226825
0.9206285085340943
0.9224691378949869
0.9227385015198679
0.9258810354001594
0.9214814823083203
0.929966334140662
0.9271829435319612
0.929427612309504
0.9287991054130323
0.9207631903465348
0.9339618448055151
0.9295173979768849
0.932031426164839
0.9327946130675498
0.9294725036380267
0.9302356929490061
0.934320988679173
0.9340516328811646
0.9285746361270095
0.9338271654013431
0.9330639778965651
0.9311335604600232
0.9343658830180313
0.9343209904853744
0.9373288491759637
0.9305948398329995
0.9310437747926423
0.9345903553143896
0.9340516286666947
0.9316722810870469
0.9368350186733284
0.9316722810870469
0.934096523005553
0.9407407442728678
0.9392592605918345
0.9381818199398542
0.941907975408766
0.9438383874267039
0.9347250329123603
0.9372390617023815
0.9358922574255202
0.9397530910944698
0.9382267106663097
0.9363860843157528
0.9399775537577543
0.9439730650246746
0.9394837310819915
0.9426262619519474
0.9388103280404602
0.9418181867310496
0.9455892299160813
0.9450505104931918
0.9463075242861353
0.9463973093514491
0.9490011262171196
0.9422222249435656
0.9437485987489874
0.9466666717721959
0.9470707117909133
0.944287318773944
0.9489562324803285
0.9425813724296261
0.9448260418092361
0.9397530904924026
