2.665630405599421
2.3856776868454133
2.249275060615154
2.1555647368382926
2.0757783314194342
2.0271935390703604
1.9825174459303267
1.9240997596220537
1.8932802893898704
1.8687274925636523
1.8240406874454382
1.7982071818727436
1.802680410519995
1.7654588535578564
1.746545337667369
1.7136701080534193
1.7061187281753079
1.6708781008768563
1.6680679983562894
1.6213167315781718
1.6165672516581988
1.6250938791217227
1.5849392992077451
1.572285355943622
1.5578275015859893
1.5454991827107438
1.5062000016973476
1.4808353510769932
1.5036029032986573
1.4823697215378886
1.4582899002113727
1.4325606762760816
1.4324977638745549
1.42391157270682
1.4004414262193623
1.4034728401839132
1.3928992387020227
1.3698949681388006
1.364890775295219
1.3693605336275967
1.3510135713249747
1.3421951411950468
1.3183423834617691
1.3156587933049058
1.295748805758929
1.3099963568677806
1.2852624805286677
1.2796862510719684
1.2935748822761304
1.2593603567643599
1.2670648856596514
1.2430047639692672
1.2240524942224675
1.2340428672655663
1.232273103010775
1.2097357957050054
1.1911069540062336
1.2098137922961303
1.1789624823464289
1.180754217836592
1.1601085169146759
1.1753778030173947
1.164841348474676
1.152313384142789
1.1479327118758
1.145475978803153
1.1488547066245416
1.1292435243876293
1.130046419423036
1.1126580882554102
1.1324750570335773
1.1106401928747542
1.1200705369313557
1.1152440285441851
1.1193077329433325
1.0738388811699067
1.095605822524639
1.079008992874261
1.0941883674775712
1.0752593074182066
1.0896516833642516
1.0741440208271296
1.0538411429434111
1.061900516351064
1.0746360198415892
1.0438111015040465
1.0508909761303602
1.0320616081507519
1.0478580082305755
1.0308316181404422
1.0214551855819394
1.0255218503451107
1.0131387680467934
1.012843991770889
1.0022891446797535
1.028715279367235
1.0122211617652817
1.005107166189136
1.0045837693744235
1.00187676783764
0.9961646217288394
0.9950571210697444
0.9946971613951404
1.0108646142362343
0.998886211953982
0.9874318633416687
0.9866702255576548
0.9851171663313201
0.9695855818613611
0.9710670643382602
0.9763386147190826
0.9661291000818966
0.9713231879051285
0.9600965555268105
0.9686017951580009
0.9613048482422877
0.9458136666904796
0.9550967860703516
0.9587508223273538
0.9322498964540886
0.9426042184685216
0.9321850285385594
0.9454553470467076
0.9177205622798265
0.9364347891374067
0.9309785817608689
0.9414973824915259
0.9378285221379212
0.9241373129565307
0.9226887924502595
0.9099941518571641
0.9108860209734753
0.9173010738209041
0.8984999265333619
0.9207926464803291
0.9123253756099277
0.9025062105872415
0.9026120443536778
0.9074988630082872
0.8953006905738754
0.8887951331909256
0.8890925453166769
0.8992215906730806
0.8987733673567724
0.8930241405361831
0.8850848144955106
0.884881176129736
0.8960045955397866
0.8893147044711642
0.8874623685172109
0.8944440851307879
0.8869266756857285
0.8751753917848221
0.8951039765820359
0.8783258717469494
0.8844464710264495
0.8740666875935564
0.8890446502752979
0.8816160288724032
0.8772020454358573
0.8625059145869631
0.8650834795200464
0.8643773204148418
0.8632948976574522
0.854731291231483
0.8673896241669703
0.8614947862095303
0.8569474443040713
0.8594444773413918
0.8523806086694351
0.8419655368785666
0.8581768244203895
0.8522324230935838
0.8508318361609873
0.8454515687142959
0.8562639849354522
0.8303282525804307
0.8463314819817591
0.8455754223496023
0.8428959852517254
0.8457582159475847
0.845985041724311
0.8476830347619876
0.8562316226236748
0.8350168731477525
0.8434495155257408
0.8328596847225921
0.8367929681382998
0.8378717784929757
0.8297167588966061
0.8418347022750161
0.832980215549469
0.8353594589715052
0.8162112765842013
0.8297772407531738
0.8281356487611328
0.8296694924132992
0.8273449774944421
0.8191449118383003
0.8175750338669979
0.8153989772603969
0.8184191187222799
0.8123583793640137
0.8203243288126859
0.8356090188026428
0.824157168166806
0.8187747453198289
0.8056228817111314
0.814610466210529
0.8005905608938197
0.8065755481671806
0.8185704687629083
0.8061018712592848
0.8153646473932747
0.7988731788866448
0.8038286030894578
0.7995668920603666
0.8105240861574808
0.7993640815368807
0.7978300512439073
0.8094956543710496
0.8033981822957896
0.8010327412624552
0.797424053302919
0.7888409067886044
0.7990093255283857
0.7844014191868329
0.7992579118169919
0.7911067797680094
0.7938389934674658
0.7910124472897462
0.7854292892446422
0.7778876231174277
0.7837268914839234
0.7970280870042666
0.7798550044647371
0.7753993182471304
0.7909039391411675
0.7809187390587546
0.7810531505430588
0.7829533863549281
0.785253167754472
0.7927486348633814
0.7945819394757049
0.7875689334339566
0.7885931049934541
0.7810756913339248
0.7836381534133294
0.7772896139308659
0.793719819699875
