0.07333333045244217
0.12999999523162842
0.1316666603088379
0.1133333370089531
0.08500000089406967
0.1733333319425583
0.16500000655651093
0.20999999344348907
0.21166667342185974
0.18833333253860474
0.1850000023841858
0.19166666269302368
0.26499998569488525
0.21166667342185974
0.24833333492279053
0.31166666746139526
0.2616666555404663
0.2316666692495346
0.35499998927116394
0.2783333361148834
0.3033333420753479
0.31333333253860474
0.3400000035762787
0.33500000834465027
0.3199999928474426
0.3933333456516266
0.3700000047683716
0.3683333396911621
0.38499999046325684
0.3449999988079071
0.49000000953674316
0.44333332777023315
0.3866666555404663
0.39666667580604553
0.3683333396911621
0.40666666626930237
0.43166667222976685
0.4033333361148834
0.398333340883255
0.46000000834465027
0.4233333468437195
0.42500001192092896
0.4950000047683716
0.43833333253860474
0.5
0.47333332896232605
0.5416666865348816
0.4566666781902313
0.4333333373069763
0.528333306312561
0.47999998927116394
0.4833333194255829
0.4716666638851166
0.5233333110809326
0.49666666984558105
0.5249999761581421
0.5249999761581421
0.5016666650772095
0.5566666722297668
0.5249999761581421
0.4816666543483734
0.550000011920929
0.5133333206176758
0.5183333158493042
0.5216666460037231
0.5816666483879089
0.4566666781902313
0.5666666626930237
0.5550000071525574
0.5066666603088379
0.5316666960716248
0.5649999976158142
0.5566666722297668
0.6116666793823242
0.5450000166893005
0.6116666793823242
0.6016666889190674
0.6050000190734863
0.6150000095367432
0.6050000190734863
0.54666668176651
0.6499999761581421
0.6150000095367432
0.5983333587646484
0.5766666531562805
0.5649999976158142
0.6333333253860474
0.574999988079071
0.6233333349227905
0.6666666865348816
0.6516666412353516
0.5983333587646484
0.5533333420753479
0.5816666483879089
0.6349999904632568
0.6033333539962769
0.6349999904632568
0.6166666746139526
0.6616666913032532
0.7099999785423279
0.6566666960716248
0.5733333230018616
0.5950000286102295
0.6383333206176758
0.675000011920929
0.6733333468437195
0.6133333444595337
0.6883333325386047
0.6966666579246521
0.6433333158493042
0.596666693687439
0.6933333277702332
0.6583333611488342
0.625
0.675000011920929
0.6566666960716248
0.6966666579246521
0.6850000023841858
0.5733333230018616
0.721666693687439
0.7083333134651184
0.6233333349227905
0.6116666793823242
0.6583333611488342
0.6466666460037231
0.6866666674613953
0.6583333611488342
0.5899999737739563
0.6866666674613953
0.6166666746139526
0.6266666650772095
0.6150000095367432
0.6783333420753479
0.7149999737739563
0.7350000143051147
0.6783333420753479
0.621666669845581
0.6983333230018616
0.70333331823349
0.6783333420753479
0.6583333611488342
0.6666666865348816
0.7416666746139526
0.7316666841506958
0.6349999904632568
0.7049999833106995
0.6483333110809326
0.6766666769981384
0.675000011920929
0.6916666626930237
0.7883333563804626
0.6499999761581421
0.6966666579246521
0.699999988079071
0.7483333349227905
0.6733333468437195
0.7250000238418579
0.75
0.6916666626930237
0.6783333420753479
0.7266666889190674
0.7616666555404663
0.6816666722297668
0.7233333587646484
0.7049999833106995
0.7549999952316284
0.8316666483879089
0.7166666388511658
0.8033333420753479
0.6833333373069763
0.7716666460037231
0.7283333539962769
0.6616666913032532
0.7400000095367432
0.6983333230018616
0.7616666555404663
0.6700000166893005
0.8016666769981384
0.6949999928474426
0.6850000023841858
0.7733333110809326
0.7683333158493042
0.7066666483879089
0.7383333444595337
0.7416666746139526
0.7166666388511658
0.79666668176651
0.721666693687439
0.67166668176651
0.7400000095367432
0.7433333396911621
0.7599999904632568
0.7549999952316284
0.7350000143051147
0.7049999833106995
0.7333333492279053
0.7566666603088379
0.7316666841506958
0.7333333492279053
0.7866666913032532
0.7066666483879089
0.7083333134651184
0.7083333134651184
0.746666669845581
0.7566666603088379
0.800000011920929
0.6616666913032532
0.7099999785423279
0.7350000143051147
0.721666693687439
0.7166666388511658
0.7649999856948853
0.7883333563804626
0.746666669845581
0.7283333539962769
0.746666669845581
0.7400000095367432
0.7766666412353516
0.7066666483879089
0.7350000143051147
0.7633333206176758
0.7433333396911621
0.7766666412353516
0.778333306312561
0.7549999952316284
0.7283333539962769
0.7916666865348816
0.7549999952316284
0.7483333349227905
0.7666666507720947
0.7633333206176758
0.70333331823349
0.7699999809265137
0.8016666769981384
0.7716666460037231
0.7083333134651184
0.7900000214576721
0.7733333110809326
0.778333306312561
0.7383333444595337
0.746666669845581
0.7850000262260437
0.7166666388511658
0.7733333110809326
0.7599999904632568
0.7950000166893005
0.7566666603088379
0.7799999713897705
0.7633333206176758
0.8016666769981384
0.7599999904632568
0.7633333206176758
0.8016666769981384
0.7283333539962769
0.8516666889190674
0.8166666626930237
0.7116666436195374
0.7583333253860474
0.7400000095367432
0.7833333611488342
0.7900000214576721
0.7599999904632568
0.8583333492279053
0.7450000047683716
0.753333330154419
0.7616666555404663
0.8100000023841858
0.7200000286102295
0.7866666913032532
0.7350000143051147
0.7850000262260437
0.7983333468437195
0.7699999809265137
0.7350000143051147
0.8349999785423279
0.8016666769981384
0.7833333611488342
0.8366666436195374
0.7483333349227905
0.7450000047683716
0.753333330154419
0.7916666865348816
0.7883333563804626
0.82833331823349
0.8083333373069763
0.8016666769981384
0.7866666913032532
0.8199999928474426
0.82833331823349
0.7516666650772095
0.778333306312561
0.7766666412353516
0.7766666412353516
0.7683333158493042
0.7799999713897705
0.7766666412353516
0.7699999809265137
0.7616666555404663
0.79666668176651
0.8183333277702332
0.8233333230018616
0.721666693687439
0.7850000262260437
0.8066666722297668
0.7816666960716248
0.7549999952316284
0.8416666388511658
0.8083333373069763
0.7766666412353516
0.8399999737739563
0.7799999713897705
0.8349999785423279
0.7850000262260437
0.824999988079071
0.7749999761581421
0.7799999713897705
0.8216666579246521
0.7666666507720947
0.7850000262260437
0.8266666531562805
0.8333333134651184
0.8633333444595337
0.7916666865348816
0.8199999928474426
0.7566666603088379
0.7383333444595337
0.7699999809265137
0.8116666674613953
0.8333333134651184
0.82833331823349
0.7799999713897705
0.7983333468437195
0.8266666531562805
0.8083333373069763
0.8149999976158142
0.8616666793823242
0.8166666626930237
0.8016666769981384
0.8116666674613953
0.846666693687439
0.8700000047683716
0.82833331823349
0.8216666579246521
0.7900000214576721
0.7799999713897705
0.7616666555404663
0.8416666388511658
0.8083333373069763
0.8050000071525574
0.7633333206176758
0.8116666674613953
0.8333333134651184
0.8566666841506958
0.8050000071525574
0.7933333516120911
0.8216666579246521
0.7633333206176758
0.8033333420753479
0.8399999737739563
0.8583333492279053
0.8383333086967468
0.8266666531562805
0.8333333134651184
0.8683333396911621
0.7983333468437195
0.8299999833106995
0.800000011920929
0.8500000238418579
0.8166666626930237
0.7933333516120911
0.8550000190734863
0.7933333516120911
0.8199999928474426
0.800000011920929
0.8566666841506958
0.824999988079071
0.8199999928474426
0.7883333563804626
0.8316666483879089
0.8133333325386047
0.7649999856948853
0.8016666769981384
0.8833333253860474
0.8566666841506958
0.8633333444595337
0.7633333206176758
0.7850000262260437
0.8450000286102295
0.7400000095367432
0.8333333134651184
0.7900000214576721
0.7833333611488342
0.8483333587646484
0.7983333468437195
0.8166666626930237
0.7200000286102295
0.8133333325386047
0.800000011920929
0.8033333420753479
0.7200000286102295
0.8166666626930237
0.8033333420753479
0.8349999785423279
0.8550000190734863
0.8233333230018616
0.778333306312561
0.8016666769981384
0.8349999785423279
0.8133333325386047
0.7900000214576721
0.7900000214576721
0.8450000286102295
0.8316666483879089
0.8399999737739563
0.7850000262260437
0.8566666841506958
0.8199999928474426
0.8149999976158142
0.8066666722297668
0.7950000166893005
0.8433333039283752
0.8316666483879089
0.8600000143051147
0.7983333468437195
0.8216666579246521
0.8483333587646484
0.8216666579246521
0.8266666531562805
0.8199999928474426
0.8683333396911621
0.8883333206176758
0.8616666793823242
0.8383333086967468
0.7900000214576721
0.8133333325386047
0.8199999928474426
0.8233333230018616
0.8583333492279053
0.8650000095367432
0.8116666674613953
0.7483333349227905
0.8450000286102295
0.7933333516120911
0.8033333420753479
0.8216666579246521
0.8050000071525574
0.8883333206176758
0.8083333373069763
0.8149999976158142
0.7549999952316284
0.8683333396911621
0.8199999928474426
0.8650000095367432
0.8166666626930237
0.8450000286102295
0.8166666626930237
0.8016666769981384
0.8216666579246521
0.7983333468437195
0.8600000143051147
0.8983333110809326
0.82833331823349
0.8483333587646484
0.7833333611488342
0.8616666793823242
0.846666693687439
0.8366666436195374
0.8833333253860474
0.8933333158493042
0.8600000143051147
0.8349999785423279
0.7666666507720947
0.82833331823349
0.8366666436195374
0.8133333325386047
0.8199999928474426
0.8516666889190674
0.8266666531562805
0.8483333587646484
0.8116666674613953
0.8700000047683716
0.8016666769981384
0.8700000047683716
0.8233333230018616
0.878333330154419
0.8349999785423279
0.8533333539962769
0.8149999976158142
0.8533333539962769
0.8033333420753479
0.8516666889190674
0.9116666913032532
0.8433333039283752
0.82833331823349
0.8383333086967468
0.7983333468437195
0.7866666913032532
0.7983333468437195
0.8183333277702332
0.8616666793823242
0.8266666531562805
0.7616666555404663
0.7833333611488342
0.8266666531562805
0.824999988079071
0.8299999833106995
0.8083333373069763
0.8033333420753479
0.8683333396911621
0.8816666603088379
0.846666693687439
0.7916666865348816
0.7549999952316284
0.8183333277702332
0.8450000286102295
0.82833331823349
0.8583333492279053
0.8949999809265137
0.8416666388511658
0.8366666436195374
0.8849999904632568
0.8399999737739563
0.8349999785423279
0.8933333158493042
0.8450000286102295
0.8149999976158142
0.7916666865348816
0.8633333444595337
0.8333333134651184
0.8383333086967468
0.7833333611488342
0.8683333396911621
0.8066666722297668
0.8333333134651184
0.846666693687439
0.8533333539962769
0.8583333492279053
0.871666669845581
0.8516666889190674
0.8516666889190674
0.8516666889190674
0.8216666579246521
0.846666693687439
0.8299999833106995
0.8216666579246521
0.8733333349227905
0.8233333230018616
0.7850000262260437
0.8700000047683716
0.8316666483879089
0.8066666722297668
0.8450000286102295
0.8233333230018616
0.8883333206176758
0.8700000047683716
0.8650000095367432
0.9016666412353516
0.8666666746139526
0.8483333587646484
0.82833331823349
0.9316666722297668
0.8366666436195374
0.7850000262260437
0.8650000095367432
0.8266666531562805
0.8349999785423279
0.8299999833106995
0.8766666650772095
0.8450000286102295
0.8816666603088379
0.8433333039283752
0.8566666841506958
0.871666669845581
0.8600000143051147
0.8766666650772095
0.8083333373069763
0.871666669845581
0.8216666579246521
0.8916666507720947
0.8450000286102295
0.8650000095367432
0.7933333516120911
0.8416666388511658
0.8883333206176758
0.8216666579246521
0.8566666841506958
0.8733333349227905
0.8366666436195374
0.7950000166893005
0.8033333420753479
0.878333330154419
0.8166666626930237
0.8533333539962769
0.82833331823349
0.7983333468437195
0.8899999856948853
0.8199999928474426
0.8233333230018616
0.8583333492279053
0.8999999761581421
0.8333333134651184
0.8166666626930237
0.8833333253860474
0.8183333277702332
0.878333330154419
0.8700000047683716
0.8799999952316284
0.7983333468437195
0.8316666483879089
0.8533333539962769
0.871666669845581
0.8533333539962769
0.8550000190734863
0.8483333587646484
0.7900000214576721
0.7683333158493042
0.8366666436195374
0.846666693687439
0.8816666603088379
0.8600000143051147
0.8633333444595337
0.8833333253860474
0.8133333325386047
0.8233333230018616
0.8566666841506958
0.8650000095367432
0.8149999976158142
0.7933333516120911
0.8849999904632568
0.8949999809265137
0.8500000238418579
0.824999988079071
0.8500000238418579
0.903333306312561
0.8666666746139526
0.82833331823349
0.846666693687439
0.875
0.8383333086967468
0.8733333349227905
0.875
0.8849999904632568
0.8566666841506958
0.8883333206176758
0.8833333253860474
0.9049999713897705
0.8916666507720947
0.878333330154419
0.8566666841506958
0.8550000190734863
0.8566666841506958
0.8533333539962769
0.79666668176651
0.8116666674613953
0.8133333325386047
0.8116666674613953
0.8166666626930237
0.875
0.871666669845581
0.82833331823349
0.9133333563804626
0.9016666412353516
0.8216666579246521
0.8666666746139526
0.8550000190734863
0.8566666841506958
0.8583333492279053
0.8650000095367432
0.824999988079071
0.8533333539962769
0.8583333492279053
0.8700000047683716
0.846666693687439
0.8966666460037231
0.8050000071525574
0.82833331823349
0.9083333611488342
0.871666669845581
0.8933333158493042
0.8516666889190674
0.8333333134651184
0.9083333611488342
0.8866666555404663
0.8816666603088379
0.8883333206176758
0.878333330154419
0.8700000047683716
0.8416666388511658
0.8799999952316284
0.8500000238418579
0.8583333492279053
0.8916666507720947
0.8983333110809326
0.9100000262260437
0.8533333539962769
0.8899999856948853
0.8666666746139526
0.8866666555404663
0.8433333039283752
0.8266666531562805
0.8183333277702332
0.8316666483879089
0.8083333373069763
0.871666669845581
0.8600000143051147
0.8583333492279053
0.9316666722297668
0.871666669845581
0.8483333587646484
0.8450000286102295
0.82833331823349
0.8733333349227905
0.8766666650772095
0.8383333086967468
0.8533333539962769
0.878333330154419
0.8333333134651184
0.8916666507720947
0.8849999904632568
0.8149999976158142
0.8966666460037231
0.8949999809265137
0.9150000214576721
0.7983333468437195
0.8533333539962769
0.8983333110809326
0.7766666412353516
0.8849999904632568
0.8700000047683716
0.8500000238418579
0.8933333158493042
0.8600000143051147
0.8899999856948853
0.8483333587646484
0.8683333396911621
0.8799999952316284
0.9016666412353516
0.8349999785423279
0.8450000286102295
0.8316666483879089
0.8683333396911621
0.8733333349227905
0.8500000238418579
0.8849999904632568
0.8949999809265137
0.8433333039283752
0.8816666603088379
0.8399999737739563
0.8650000095367432
0.8349999785423279
0.8233333230018616
0.8433333039283752
0.8399999737739563
0.8933333158493042
0.8416666388511658
0.878333330154419
0.8566666841506958
0.846666693687439
0.8983333110809326
0.8266666531562805
0.8700000047683716
0.875
0.8383333086967468
0.8666666746139526
0.8500000238418579
0.8883333206176758
0.8683333396911621
0.8766666650772095
0.8983333110809326
0.8433333039283752
0.8916666507720947
0.878333330154419
0.8966666460037231
0.8916666507720947
0.8299999833106995
0.9066666960716248
0.925000011920929
0.8766666650772095
0.8899999856948853
0.8883333206176758
0.8866666555404663
0.8550000190734863
0.8933333158493042
0.8866666555404663
0.8866666555404663
0.8816666603088379
0.800000011920929
0.875
0.8833333253860474
0.8583333492279053
0.8966666460037231
0.871666669845581
0.8500000238418579
0.8933333158493042
0.878333330154419
0.8883333206176758
0.878333330154419
0.92166668176651
0.9200000166893005
0.8849999904632568
0.8450000286102295
0.8666666746139526
0.8550000190734863
0.8683333396911621
0.8600000143051147
0.8999999761581421
0.8483333587646484
0.8633333444595337
0.9399999976158142
0.8583333492279053
0.8966666460037231
0.903333306312561
0.8949999809265137
0.9233333468437195
0.8666666746139526
0.871666669845581
0.9166666865348816
0.9283333420753479
0.8733333349227905
0.8149999976158142
0.8700000047683716
0.8133333325386047
0.8633333444595337
0.8883333206176758
0.8833333253860474
0.875
0.9049999713897705
0.8899999856948853
0.878333330154419
0.8516666889190674
0.8650000095367432
0.8500000238418579
0.9166666865348816
0.9049999713897705
0.8233333230018616
0.8849999904632568
0.878333330154419
0.8866666555404663
0.8933333158493042
0.9100000262260437
0.875
0.8799999952316284
0.8766666650772095
0.8833333253860474
0.8433333039283752
0.8883333206176758
0.9166666865348816
0.8583333492279053
0.8149999976158142
0.8500000238418579
0.8883333206176758
0.8533333539962769
0.8550000190734863
0.8650000095367432
0.8883333206176758
0.871666669845581
0.8983333110809326
0.871666669845581
0.8050000071525574
0.8683333396911621
0.8866666555404663
0.8666666746139526
0.8616666793823242
0.8866666555404663
0.8899999856948853
0.925000011920929
0.8566666841506958
0.8849999904632568
0.8766666650772095
0.878333330154419
0.8883333206176758
0.9133333563804626
0.8949999809265137
0.8650000095367432
0.8833333253860474
0.8566666841506958
0.903333306312561
0.8866666555404663
0.9166666865348816
0.9016666412353516
0.9083333611488342
0.8700000047683716
0.8866666555404663
0.9083333611488342
0.8833333253860474
0.9049999713897705
0.878333330154419
0.9083333611488342
0.8650000095367432
0.8983333110809326
0.8666666746139526
0.8949999809265137
0.8999999761581421
0.8616666793823242
0.92166668176651
0.903333306312561
0.8766666650772095
0.8983333110809326
0.8949999809265137
0.8700000047683716
0.8816666603088379
0.8450000286102295
0.8533333539962769
0.925000011920929
0.8500000238418579
0.9083333611488342
0.8633333444595337
0.8949999809265137
0.8666666746139526
0.8666666746139526
0.9183333516120911
0.8966666460037231
0.8516666889190674
0.8650000095367432
0.878333330154419
0.8816666603088379
0.8899999856948853
0.8700000047683716
0.846666693687439
0.875
0.9133333563804626
0.9166666865348816
0.8766666650772095
0.8450000286102295
0.9133333563804626
0.8550000190734863
0.8766666650772095
0.9049999713897705
0.9016666412353516
0.8683333396911621
0.8650000095367432
0.8650000095367432
0.8866666555404663
0.9049999713897705
0.8666666746139526
0.875
0.8849999904632568
0.8883333206176758
0.8833333253860474
0.9049999713897705
0.8949999809265137
0.9116666913032532
0.8816666603088379
0.9083333611488342
0.8666666746139526
0.8866666555404663
0.8883333206176758
0.875
0.8666666746139526
0.8366666436195374
0.8816666603088379
0.8949999809265137
0.8833333253860474
0.8849999904632568
0.871666669845581
0.8766666650772095
0.8616666793823242
0.8650000095367432
0.8833333253860474
0.9016666412353516
0.9083333611488342
0.9049999713897705
0.903333306312561
0.8683333396911621
0.82833331823349
0.871666669845581
0.8933333158493042
0.8816666603088379
0.878333330154419
0.8733333349227905
0.8883333206176758
0.925000011920929
0.9200000166893005
0.8533333539962769
0.875
0.8999999761581421
0.8583333492279053
0.8600000143051147
0.8616666793823242
0.92166668176651
0.8799999952316284
0.8600000143051147
0.8916666507720947
0.8983333110809326
0.8766666650772095
0.8883333206176758
0.9166666865348816
0.9066666960716248
0.8683333396911621
0.8600000143051147
0.9283333420753479
0.9133333563804626
0.9133333563804626
0.8933333158493042
0.9150000214576721
0.9100000262260437
0.8983333110809326
0.8833333253860474
0.8566666841506958
0.8816666603088379
0.8916666507720947
0.9066666960716248
0.8949999809265137
0.8866666555404663
0.8866666555404663
0.878333330154419
0.8683333396911621
0.9083333611488342
0.92166668176651
0.925000011920929
0.8683333396911621
0.8766666650772095
0.8916666507720947
0.9150000214576721
0.8949999809265137
0.9066666960716248
0.903333306312561
0.8700000047683716
0.8833333253860474
0.9116666913032532
0.8733333349227905
0.8833333253860474
0.8899999856948853
0.903333306312561
0.875
0.8899999856948853
0.8916666507720947
0.9116666913032532
0.8483333587646484
0.8666666746139526
0.9083333611488342
0.8849999904632568
0.9066666960716248
0.9350000023841858
0.9350000023841858
0.8933333158493042
0.8833333253860474
0.8233333230018616
0.8433333039283752
0.8399999737739563
0.92166668176651
0.925000011920929
0.8666666746139526
0.9416666626930237
0.8849999904632568
0.8683333396911621
0.9283333420753479
0.9233333468437195
0.8766666650772095
0.9116666913032532
0.8533333539962769
0.8033333420753479
0.9166666865348816
0.8516666889190674
0.8883333206176758
0.8966666460037231
0.8683333396911621
0.8733333349227905
0.9200000166893005
0.8899999856948853
0.9133333563804626
0.8600000143051147
0.9266666769981384
0.9133333563804626
0.9083333611488342
0.8766666650772095
0.8700000047683716
0.9066666960716248
0.8766666650772095
0.875
0.8899999856948853
0.9200000166893005
0.878333330154419
0.9150000214576721
0.8916666507720947
0.8566666841506958
0.8550000190734863
0.8799999952316284
0.903333306312561
0.8899999856948853
0.8866666555404663
0.8899999856948853
0.9266666769981384
0.903333306312561
0.8516666889190674
0.8866666555404663
0.9283333420753479
0.8666666746139526
0.903333306312561
0.8633333444595337
0.9016666412353516
0.9200000166893005
0.949999988079071
0.8966666460037231
0.8616666793823242
0.8916666507720947
0.8799999952316284
0.8733333349227905
0.8833333253860474
0.9183333516120911
0.92166668176651
0.92166668176651
0.9166666865348816
0.9233333468437195
0.9066666960716248
0.8916666507720947
0.9166666865348816
0.8816666603088379
0.9150000214576721
0.9100000262260437
0.846666693687439
0.8733333349227905
0.92166668176651
0.8583333492279053
0.8799999952316284
0.8550000190734863
0.8983333110809326
0.9333333373069763
0.9200000166893005
0.8999999761581421
0.9333333373069763
0.8966666460037231
0.8816666603088379
0.878333330154419
0.9316666722297668
0.8633333444595337
0.8933333158493042
0.8733333349227905
0.9049999713897705
0.9183333516120911
0.8683333396911621
0.878333330154419
0.9100000262260437
0.9433333277702332
0.8566666841506958
0.8866666555404663
0.8833333253860474
0.9166666865348816
0.8866666555404663
0.8883333206176758
0.8966666460037231
0.9166666865348816
0.925000011920929
0.8616666793823242
0.8733333349227905
0.9133333563804626
0.8683333396911621
0.9200000166893005
0.8999999761581421
0.8999999761581421
0.8899999856948853
0.9300000071525574
0.8650000095367432
0.8899999856948853
0.8483333587646484
0.8916666507720947
0.9433333277702332
0.8866666555404663
0.8766666650772095
0.8849999904632568
0.8849999904632568
0.8733333349227905
0.871666669845581
0.903333306312561
0.9150000214576721
0.8999999761581421
0.9666666388511658
0.8916666507720947
0.9016666412353516
0.8500000238418579
0.9300000071525574
0.9116666913032532
0.8700000047683716
0.9183333516120911
0.8683333396911621
0.8883333206176758
0.9133333563804626
0.8816666603088379
0.8983333110809326
0.9166666865348816
0.9233333468437195
0.8833333253860474
0.9116666913032532
0.9066666960716248
0.9100000262260437
0.8933333158493042
0.8533333539962769
0.9133333563804626
0.9333333373069763
0.8650000095367432
0.9016666412353516
0.8899999856948853
0.9183333516120911
0.9166666865348816
0.9283333420753479
0.9266666769981384
0.8416666388511658
0.8833333253860474
0.9066666960716248
0.9166666865348816
0.8600000143051147
0.8983333110809326
0.9316666722297668
0.8883333206176758
0.8999999761581421
0.8366666436195374
0.8966666460037231
0.9266666769981384
0.9116666913032532
0.9100000262260437
0.9150000214576721
0.9266666769981384
0.8833333253860474
0.8899999856948853
0.8766666650772095
0.9066666960716248
0.8866666555404663
0.8983333110809326
0.8916666507720947
0.9200000166893005
0.9083333611488342
0.9100000262260437
0.9466666579246521
0.925000011920929
0.9333333373069763
0.9100000262260437
0.8833333253860474
0.9449999928474426
0.8933333158493042
0.8999999761581421
0.9150000214576721
0.9049999713897705
0.8816666603088379
0.8700000047683716
0.9016666412353516
0.9166666865348816
0.8866666555404663
0.9233333468437195
0.9183333516120911
0.9016666412353516
0.8983333110809326
0.875
0.8550000190734863
0.9116666913032532
0.9283333420753479
0.9283333420753479
0.8650000095367432
0.9066666960716248
0.8299999833106995
0.8566666841506958
0.9316666722297668
0.8799999952316284
0.8999999761581421
0.9350000023841858
0.9233333468437195
0.8983333110809326
0.9233333468437195
0.8899999856948853
0.8933333158493042
0.903333306312561
0.9183333516120911
0.925000011920929
0.8899999856948853
0.8916666507720947
0.9116666913032532
0.9183333516120911
0.8883333206176758
0.8949999809265137
0.8916666507720947
0.8683333396911621
0.9116666913032532
0.9433333277702332
0.8999999761581421
0.9383333325386047
0.9150000214576721
0.8916666507720947
0.9449999928474426
0.9133333563804626
0.9049999713897705
0.8983333110809326
0.8933333158493042
0.9066666960716248
0.9166666865348816
0.9083333611488342
0.8983333110809326
0.903333306312561
0.9133333563804626
0.8949999809265137
0.8866666555404663
0.9100000262260437
0.8916666507720947
0.8833333253860474
0.8899999856948853
0.9049999713897705
0.925000011920929
0.9049999713897705
0.8816666603088379
0.8700000047683716
0.8849999904632568
0.8866666555404663
0.9183333516120911
0.9366666674613953
0.9116666913032532
0.8650000095367432
0.9449999928474426
0.9066666960716248
0.8399999737739563
0.8933333158493042
0.9399999976158142
0.9016666412353516
0.8983333110809326
0.8566666841506958
0.9166666865348816
0.8866666555404663
0.9049999713897705
0.8516666889190674
0.9083333611488342
0.9200000166893005
0.9100000262260437
0.8816666603088379
0.9599999785423279
0.9100000262260437
0.8983333110809326
0.8583333492279053
0.875
0.949999988079071
0.8999999761581421
0.903333306312561
0.9366666674613953
0.9266666769981384
0.8966666460037231
0.9166666865348816
0.8949999809265137
0.92166668176651
0.92166668176651
0.9166666865348816
0.9200000166893005
0.8616666793823242
0.8966666460037231
0.8700000047683716
0.925000011920929
0.9183333516120911
0.9116666913032532
0.8966666460037231
0.8683333396911621
0.9133333563804626
0.903333306312561
0.8983333110809326
0.8933333158493042
0.9049999713897705
0.8883333206176758
0.8683333396911621
0.9133333563804626
0.8983333110809326
0.8983333110809326
0.9183333516120911
0.8999999761581421
0.9383333325386047
0.9150000214576721
0.903333306312561
0.8933333158493042
0.8616666793823242
0.8966666460037231
0.8983333110809326
0.8766666650772095
0.8566666841506958
0.925000011920929
0.9300000071525574
0.875
0.9066666960716248
0.9433333277702332
0.8866666555404663
0.8766666650772095
0.9266666769981384
0.9049999713897705
0.9066666960716248
0.9016666412353516
0.9350000023841858
0.8516666889190674
0.9150000214576721
0.9116666913032532
0.9316666722297668
0.903333306312561
0.9333333373069763
0.9083333611488342
0.8600000143051147
0.9316666722297668
0.875
0.9200000166893005
0.9016666412353516
0.8766666650772095
0.8983333110809326
0.8916666507720947
0.92166668176651
0.9083333611488342
0.9466666579246521
0.9133333563804626
0.9133333563804626
0.9116666913032532
0.9399999976158142
0.8866666555404663
0.9083333611488342
0.9283333420753479
0.8999999761581421
0.9333333373069763
0.8933333158493042
0.8983333110809326
0.8999999761581421
0.9183333516120911
0.8983333110809326
0.9466666579246521
0.8899999856948853
0.8883333206176758
0.9083333611488342
0.903333306312561
0.92166668176651
0.9416666626930237
0.9100000262260437
0.878333330154419
0.9200000166893005
0.8983333110809326
0.9083333611488342
0.8666666746139526
0.8833333253860474
0.8583333492279053
0.9166666865348816
0.8849999904632568
0.9183333516120911
0.9316666722297668
0.9016666412353516
0.8799999952316284
0.9150000214576721
0.8899999856948853
0.8766666650772095
0.9016666412353516
0.8399999737739563
0.9083333611488342
0.9016666412353516
0.92166668176651
0.8899999856948853
0.925000011920929
0.9049999713897705
0.8916666507720947
0.8666666746139526
0.9116666913032532
0.8799999952316284
0.8366666436195374
0.9066666960716248
0.9066666960716248
0.9416666626930237
0.8966666460037231
0.949999988079071
0.9233333468437195
0.8600000143051147
0.8899999856948853
0.925000011920929
0.92166668176651
0.9316666722297668
0.8766666650772095
0.9433333277702332
0.9116666913032532
0.9150000214576721
0.9066666960716248
0.8816666603088379
0.9166666865348816
0.871666669845581
0.903333306312561
0.9166666865348816
0.8983333110809326
0.9150000214576721
0.8849999904632568
0.9166666865348816
0.8433333039283752
0.8616666793823242
0.8833333253860474
0.8733333349227905
0.8883333206176758
0.903333306312561
0.9016666412353516
0.8583333492279053
0.9116666913032532
0.875
0.8933333158493042
0.9100000262260437
0.9166666865348816
0.925000011920929
0.9300000071525574
0.8866666555404663
0.8766666650772095
0.92166668176651
0.8916666507720947
0.903333306312561
0.8883333206176758
0.9233333468437195
0.92166668176651
0.8683333396911621
0.92166668176651
0.8983333110809326
0.9133333563804626
0.9449999928474426
0.9266666769981384
0.8816666603088379
0.9100000262260437
0.9100000262260437
0.9383333325386047
0.9016666412353516
0.9083333611488342
0.9116666913032532
0.8816666603088379
0.925000011920929
0.9200000166893005
0.8733333349227905
0.8999999761581421
0.9016666412353516
0.95333331823349
0.949999988079071
0.9116666913032532
0.8916666507720947
0.9100000262260437
0.8583333492279053
0.9399999976158142
0.9166666865348816
0.9150000214576721
0.8766666650772095
0.903333306312561
0.8666666746139526
0.9066666960716248
0.8566666841506958
0.9083333611488342
0.9100000262260437
0.9150000214576721
0.8500000238418579
0.9200000166893005
0.9116666913032532
0.9049999713897705
0.8866666555404663
0.9049999713897705
0.9416666626930237
0.9233333468437195
0.8666666746139526
0.9116666913032532
0.9116666913032532
0.9333333373069763
0.925000011920929
0.8949999809265137
0.9433333277702332
0.9183333516120911
0.9350000023841858
0.9483333230018616
0.9166666865348816
0.9133333563804626
0.8849999904632568
0.9316666722297668
0.9350000023841858
0.9599999785423279
0.9133333563804626
0.8833333253860474
0.9350000023841858
0.95333331823349
0.9316666722297668
0.9100000262260437
0.8999999761581421
0.9300000071525574
0.9566666483879089
0.903333306312561
0.9300000071525574
0.925000011920929
0.9116666913032532
0.9233333468437195
0.9316666722297668
0.9183333516120911
0.9266666769981384
0.9300000071525574
0.9416666626930237
0.8616666793823242
0.9133333563804626
0.8949999809265137
0.9166666865348816
0.9066666960716248
0.8966666460037231
0.9166666865348816
0.9366666674613953
0.9383333325386047
0.9283333420753479
0.92166668176651
0.9233333468437195
0.8966666460037231
0.8983333110809326
0.9200000166893005
0.9100000262260437
0.9449999928474426
0.9133333563804626
0.8999999761581421
0.8883333206176758
0.8883333206176758
0.9183333516120911
0.8849999904632568
0.9049999713897705
0.9516666531562805
0.9383333325386047
0.949999988079071
0.9016666412353516
0.8966666460037231
0.9166666865348816
0.9183333516120911
0.903333306312561
0.9100000262260437
0.9483333230018616
0.9133333563804626
0.9016666412353516
0.9266666769981384
0.9233333468437195
0.9166666865348816
0.8899999856948853
0.9049999713897705
0.9200000166893005
0.9116666913032532
0.871666669845581
0.875
0.9266666769981384
0.9083333611488342
0.9350000023841858
0.9083333611488342
0.9466666579246521
0.875
0.8949999809265137
0.9083333611488342
0.92166668176651
0.8866666555404663
0.9066666960716248
0.9150000214576721
0.9150000214576721
0.8916666507720947
0.9150000214576721
0.8933333158493042
0.8766666650772095
0.9150000214576721
0.9416666626930237
0.8650000095367432
0.8550000190734863
0.9183333516120911
0.9383333325386047
0.925000011920929
0.925000011920929
0.9166666865348816
0.903333306312561
0.9166666865348816
0.9016666412353516
0.8866666555404663
0.9266666769981384
0.8766666650772095
0.9116666913032532
0.9166666865348816
0.8816666603088379
0.8833333253860474
0.8983333110809326
0.8766666650772095
0.9083333611488342
0.8666666746139526
0.9150000214576721
0.8533333539962769
0.9350000023841858
0.8816666603088379
0.8666666746139526
0.8483333587646484
0.8633333444595337
0.9366666674613953
0.9433333277702332
0.925000011920929
0.9633333086967468
0.9066666960716248
0.8949999809265137
0.9266666769981384
0.9150000214576721
0.9166666865348816
0.871666669845581
0.8983333110809326
0.92166668176651
0.8899999856948853
0.9566666483879089
0.9116666913032532
0.9333333373069763
0.8983333110809326
0.9133333563804626
0.8916666507720947
0.9416666626930237
0.9283333420753479
0.9466666579246521
0.9049999713897705
0.9233333468437195
0.925000011920929
0.8600000143051147
0.9083333611488342
0.8966666460037231
0.9449999928474426
0.9416666626930237
0.9366666674613953
0.8916666507720947
0.9066666960716248
0.925000011920929
0.9283333420753479
0.9283333420753479
0.8899999856948853
0.8633333444595337
0.9283333420753479
0.8983333110809326
0.9233333468437195
0.9016666412353516
0.9350000023841858
0.9316666722297668
0.9200000166893005
0.8816666603088379
0.9100000262260437
0.8916666507720947
0.903333306312561
0.8733333349227905
0.9350000023841858
0.9433333277702332
0.9066666960716248
0.9183333516120911
0.8933333158493042
0.9166666865348816
0.9083333611488342
0.8866666555404663
0.9599999785423279
0.9100000262260437
0.8949999809265137
0.9049999713897705
0.9316666722297668
0.8583333492279053
0.8866666555404663
0.8833333253860474
0.9183333516120911
0.9116666913032532
0.9483333230018616
0.9399999976158142
0.9150000214576721
0.9100000262260437
0.9116666913032532
0.9166666865348816
0.92166668176651
0.9116666913032532
0.8816666603088379
0.9350000023841858
0.9166666865348816
0.9416666626930237
0.9150000214576721
0.9449999928474426
0.8666666746139526
0.8833333253860474
0.8933333158493042
0.9366666674613953
0.8799999952316284
0.9049999713897705
0.8816666603088379
0.9200000166893005
0.9016666412353516
0.9416666626930237
0.8533333539962769
0.9283333420753479
0.8683333396911621
0.9316666722297668
0.8949999809265137
0.9566666483879089
0.8966666460037231
0.9266666769981384
0.9233333468437195
0.8766666650772095
0.9316666722297668
0.9466666579246521
0.9366666674613953
0.9083333611488342
0.8849999904632568
0.925000011920929
0.9416666626930237
0.9233333468437195
0.9083333611488342
0.9483333230018616
0.9283333420753479
0.9133333563804626
0.9133333563804626
0.9183333516120911
0.9049999713897705
0.9150000214576721
0.8999999761581421
0.9549999833106995
0.8949999809265137
0.8666666746139526
0.92166668176651
0.9016666412353516
0.8899999856948853
0.9350000023841858
0.9166666865348816
0.8983333110809326
0.925000011920929
0.8766666650772095
0.9449999928474426
0.92166668176651
0.9399999976158142
0.8516666889190674
0.8849999904632568
0.925000011920929
0.9633333086967468
0.9083333611488342
0.9200000166893005
0.9283333420753479
0.8916666507720947
0.9266666769981384
0.8983333110809326
0.9233333468437195
0.875
0.9116666913032532
0.9116666913032532
0.9416666626930237
0.9433333277702332
0.9350000023841858
0.9266666769981384
0.9333333373069763
0.95333331823349
0.9066666960716248
0.8833333253860474
0.8966666460037231
0.9300000071525574
0.9433333277702332
0.9049999713897705
0.9316666722297668
0.9166666865348816
0.903333306312561
0.9066666960716248
0.95333331823349
0.949999988079071
0.9266666769981384
0.9233333468437195
0.8949999809265137
0.9416666626930237
0.9300000071525574
0.9416666626930237
0.9333333373069763
0.9416666626930237
0.9166666865348816
0.9016666412353516
0.9200000166893005
0.95333331823349
0.8450000286102295
0.8999999761581421
0.8433333039283752
0.8883333206176758
0.9350000023841858
0.9183333516120911
0.9416666626930237
0.8333333134651184
0.9183333516120911
0.9233333468437195
0.8983333110809326
0.878333330154419
0.9416666626930237
0.949999988079071
0.8916666507720947
0.9116666913032532
0.8983333110809326
0.9366666674613953
0.9416666626930237
0.9133333563804626
0.9233333468437195
0.8916666507720947
0.8450000286102295
0.9616666436195374
0.9416666626930237
0.9316666722297668
0.8550000190734863
0.903333306312561
0.82833331823349
0.9399999976158142
0.8700000047683716
0.925000011920929
0.9333333373069763
0.9333333373069763
0.8483333587646484
0.871666669845581
0.8883333206176758
0.9366666674613953
0.9283333420753479
0.9016666412353516
0.9316666722297668
0.8799999952316284
0.8799999952316284
0.9449999928474426
0.9166666865348816
0.9016666412353516
0.9183333516120911
0.9616666436195374
0.9016666412353516
0.8999999761581421
0.925000011920929
0.9200000166893005
0.9066666960716248
0.9049999713897705
0.9366666674613953
0.8816666603088379
0.92166668176651
0.9016666412353516
0.9133333563804626
0.92166668176651
0.92166668176651
0.9549999833106995
0.9466666579246521
0.9316666722297668
0.8849999904632568
0.9416666626930237
0.9383333325386047
0.9233333468437195
0.9083333611488342
0.9300000071525574
0.9300000071525574
0.95333331823349
0.9433333277702332
0.9150000214576721
0.9066666960716248
0.9049999713897705
0.9150000214576721
0.9100000262260437
0.9333333373069763
0.8999999761581421
0.9316666722297668
0.92166668176651
0.8899999856948853
0.9399999976158142
0.9066666960716248
0.9433333277702332
0.9416666626930237
0.9549999833106995
0.9383333325386047
0.9049999713897705
0.9449999928474426
0.9416666626930237
0.9399999976158142
0.9466666579246521
0.9283333420753479
0.8949999809265137
0.9049999713897705
0.8816666603088379
0.949999988079071
0.9183333516120911
0.9183333516120911
0.8949999809265137
0.9233333468437195
0.95333331823349
0.9300000071525574
0.9200000166893005
0.8933333158493042
0.9516666531562805
0.9166666865348816
0.8916666507720947
0.9083333611488342
0.9366666674613953
0.9233333468437195
0.9100000262260437
0.925000011920929
0.9416666626930237
0.9049999713897705
0.9133333563804626
0.9350000023841858
0.9233333468437195
0.9166666865348816
0.9016666412353516
0.9449999928474426
0.9350000023841858
0.8999999761581421
0.9066666960716248
0.878333330154419
0.9350000023841858
0.9383333325386047
0.9433333277702332
0.9466666579246521
0.8999999761581421
0.9183333516120911
0.8999999761581421
0.9300000071525574
0.8733333349227905
0.925000011920929
0.8616666793823242
0.9283333420753479
0.8833333253860474
0.92166668176651
0.8933333158493042
0.9449999928474426
0.9150000214576721
0.8916666507720947
0.9049999713897705
0.9049999713897705
0.9083333611488342
0.8833333253860474
0.9366666674613953
0.9233333468437195
0.9633333086967468
0.9083333611488342
0.9016666412353516
0.9233333468437195
0.95333331823349
0.9449999928474426
0.9350000023841858
0.8816666603088379
0.9150000214576721
0.9049999713897705
0.9083333611488342
0.9266666769981384
0.9116666913032532
0.9200000166893005
0.9266666769981384
0.9066666960716248
0.9266666769981384
0.92166668176651
0.9116666913032532
0.9583333134651184
0.9466666579246521
0.9233333468437195
0.9100000262260437
0.9433333277702332
0.9566666483879089
0.9333333373069763
0.9233333468437195
0.9116666913032532
0.9266666769981384
0.9083333611488342
0.949999988079071
0.92166668176651
0.9516666531562805
0.9599999785423279
0.9233333468437195
0.9133333563804626
0.9233333468437195
0.9366666674613953
0.9116666913032532
0.8949999809265137
0.9049999713897705
0.9549999833106995
0.8999999761581421
0.95333331823349
0.9416666626930237
0.871666669845581
0.9166666865348816
0.8700000047683716
0.8799999952316284
0.9549999833106995
0.9383333325386047
0.9383333325386047
0.9183333516120911
0.925000011920929
0.9233333468437195
0.9300000071525574
0.9633333086967468
0.9183333516120911
0.8999999761581421
0.9200000166893005
0.9049999713897705
0.9266666769981384
0.9316666722297668
0.9516666531562805
0.9449999928474426
0.8833333253860474
0.92166668176651
0.9300000071525574
0.925000011920929
0.9100000262260437
0.9049999713897705
0.8899999856948853
0.9200000166893005
0.9100000262260437
0.9166666865348816
0.8949999809265137
0.9266666769981384
0.9433333277702332
0.9266666769981384
0.8916666507720947
0.8999999761581421
0.925000011920929
0.9416666626930237
0.9150000214576721
0.925000011920929
0.9483333230018616
0.8799999952316284
0.8833333253860474
0.9100000262260437
0.9316666722297668
0.903333306312561
0.9266666769981384
0.9466666579246521
0.92166668176651
0.9483333230018616
0.9283333420753479
0.9416666626930237
0.9350000023841858
0.8666666746139526
0.8999999761581421
0.903333306312561
0.92166668176651
0.9366666674613953
0.9333333373069763
0.925000011920929
0.9183333516120911
0.9583333134651184
0.9183333516120911
0.9200000166893005
0.9116666913032532
0.8866666555404663
0.9283333420753479
0.9316666722297668
0.9516666531562805
0.8833333253860474
0.9433333277702332
0.9433333277702332
0.8650000095367432
0.8733333349227905
0.9416666626930237
0.9200000166893005
0.9283333420753479
0.8616666793823242
0.8600000143051147
0.9183333516120911
0.9399999976158142
0.9166666865348816
0.8849999904632568
0.9150000214576721
0.8899999856948853
0.9300000071525574
0.9066666960716248
0.8933333158493042
0.9366666674613953
0.9233333468437195
0.9283333420753479
0.9233333468437195
0.925000011920929
0.9266666769981384
0.9333333373069763
0.9166666865348816
0.9150000214576721
0.8983333110809326
0.8816666603088379
0.9483333230018616
0.8616666793823242
0.875
0.9466666579246521
0.9100000262260437
0.9333333373069763
0.9116666913032532
0.9133333563804626
0.925000011920929
0.8899999856948853
0.9433333277702332
0.9316666722297668
0.8500000238418579
0.9416666626930237
0.8949999809265137
0.9266666769981384
0.9233333468437195
0.9200000166893005
0.92166668176651
0.9350000023841858
0.9333333373069763
0.9083333611488342
0.9049999713897705
0.9166666865348816
0.9166666865348816
0.9516666531562805
0.949999988079071
0.9166666865348816
0.9466666579246521
0.949999988079071
0.9416666626930237
0.9599999785423279
0.9166666865348816
0.8933333158493042
0.9233333468437195
0.9433333277702332
0.9233333468437195
0.8866666555404663
0.9449999928474426
0.9316666722297668
0.8849999904632568
0.9383333325386047
0.9150000214576721
0.9333333373069763
0.9200000166893005
0.92166668176651
0.8833333253860474
0.903333306312561
0.9133333563804626
0.9066666960716248
0.9399999976158142
0.9416666626930237
0.9316666722297668
0.9016666412353516
0.9549999833106995
0.9350000023841858
0.95333331823349
0.9316666722297668
0.8983333110809326
0.9233333468437195
0.9300000071525574
0.9399999976158142
0.9316666722297668
0.9016666412353516
0.8916666507720947
0.9233333468437195
0.9049999713897705
0.9150000214576721
0.92166668176651
0.9066666960716248
0.9066666960716248
0.949999988079071
0.903333306312561
0.949999988079071
0.9599999785423279
0.9466666579246521
0.9166666865348816
0.9433333277702332
0.9266666769981384
0.9100000262260437
0.9583333134651184
0.9283333420753479
0.9350000023841858
0.9483333230018616
0.9399999976158142
0.9683333039283752
0.8966666460037231
0.925000011920929
0.9316666722297668
0.9183333516120911
0.8933333158493042
0.9066666960716248
0.9383333325386047
0.9066666960716248
0.903333306312561
0.9549999833106995
0.9350000023841858
0.9383333325386047
0.9066666960716248
0.9116666913032532
0.925000011920929
0.9066666960716248
0.9316666722297668
0.92166668176651
0.9183333516120911
0.8799999952316284
0.9516666531562805
0.8916666507720947
0.9333333373069763
0.925000011920929
0.9116666913032532
0.9383333325386047
0.949999988079071
0.9016666412353516
0.9549999833106995
0.903333306312561
0.9350000023841858
0.9416666626930237
0.9066666960716248
0.9049999713897705
0.8916666507720947
0.949999988079071
0.9333333373069763
0.9116666913032532
0.9150000214576721
0.9133333563804626
0.9183333516120911
0.9449999928474426
0.92166668176651
0.8866666555404663
0.9583333134651184
0.8700000047683716
0.9583333134651184
0.9183333516120911
0.9350000023841858
0.9016666412353516
0.9316666722297668
0.9383333325386047
0.9283333420753479
0.9333333373069763
0.9049999713897705
0.9166666865348816
0.9133333563804626
0.9200000166893005
0.949999988079071
0.9383333325386047
0.9383333325386047
0.9100000262260437
0.9166666865348816
0.8949999809265137
0.9449999928474426
0.8849999904632568
0.8916666507720947
0.9166666865348816
0.9266666769981384
0.9083333611488342
0.9166666865348816
0.9166666865348816
0.8766666650772095
0.9116666913032532
0.9433333277702332
0.9333333373069763
0.9166666865348816
0.9350000023841858
0.9466666579246521
0.92166668176651
0.9583333134651184
0.9300000071525574
0.9366666674613953
0.9350000023841858
0.9300000071525574
0.8883333206176758
0.9466666579246521
0.9300000071525574
0.9566666483879089
0.9733333587646484
0.8999999761581421
0.9283333420753479
0.9350000023841858
0.9333333373069763
0.8866666555404663
0.9566666483879089
0.9416666626930237
0.9116666913032532
0.8999999761581421
0.9333333373069763
0.9300000071525574
0.9066666960716248
0.949999988079071
0.8433333039283752
0.9449999928474426
0.9066666960716248
0.9633333086967468
0.9416666626930237
0.9233333468437195
0.9433333277702332
0.949999988079071
0.9300000071525574
0.9466666579246521
0.9466666579246521
0.9283333420753479
0.9133333563804626
0.9483333230018616
0.92166668176651
0.9300000071525574
0.8966666460037231
0.9566666483879089
0.9166666865348816
0.9333333373069763
0.9583333134651184
0.9233333468437195
0.9233333468437195
0.9566666483879089
0.9399999976158142
0.8933333158493042
0.9566666483879089
0.9549999833106995
0.9416666626930237
0.9599999785423279
0.9350000023841858
0.9383333325386047
0.903333306312561
0.9316666722297668
0.9183333516120911
0.9566666483879089
0.8816666603088379
0.9133333563804626
0.9016666412353516
0.9200000166893005
0.9366666674613953
0.9350000023841858
0.9300000071525574
0.9116666913032532
0.9766666889190674
0.9366666674613953
0.9133333563804626
0.8916666507720947
0.903333306312561
0.9049999713897705
0.9116666913032532
0.9449999928474426
0.9233333468437195
0.9066666960716248
0.9416666626930237
0.9366666674613953
0.9150000214576721
0.9333333373069763
0.9383333325386047
0.8966666460037231
0.9133333563804626
0.925000011920929
0.8916666507720947
0.9116666913032532
0.9483333230018616
0.9233333468437195
0.8983333110809326
0.925000011920929
0.925000011920929
0.9300000071525574
0.9350000023841858
0.9383333325386047
0.9016666412353516
0.9083333611488342
0.9316666722297668
0.9200000166893005
0.8799999952316284
0.9233333468437195
0.9066666960716248
0.9283333420753479
0.9449999928474426
0.9233333468437195
0.9383333325386047
0.92166668176651
0.9383333325386047
0.92166668176651
0.9466666579246521
0.9549999833106995
0.9266666769981384
0.8933333158493042
0.9366666674613953
0.9049999713897705
0.9283333420753479
0.9183333516120911
0.949999988079071
0.9300000071525574
0.9366666674613953
0.9133333563804626
0.9399999976158142
0.925000011920929
0.9333333373069763
0.9333333373069763
0.9083333611488342
0.9166666865348816
0.9049999713897705
0.9066666960716248
0.8816666603088379
0.8983333110809326
0.9133333563804626
0.9116666913032532
0.9366666674613953
0.8999999761581421
0.92166668176651
0.9083333611488342
0.9183333516120911
0.9433333277702332
0.9066666960716248
0.9333333373069763
0.9100000262260437
0.8999999761581421
0.9616666436195374
0.9399999976158142
0.9316666722297668
0.9049999713897705
0.9700000286102295
0.9750000238418579
0.9366666674613953
0.9016666412353516
0.9316666722297668
0.875
0.9466666579246521
0.9416666626930237
0.9300000071525574
0.9433333277702332
0.9300000071525574
0.8916666507720947
0.8949999809265137
0.9300000071525574
0.9150000214576721
0.9649999737739563
0.9066666960716248
0.9049999713897705
0.92166668176651
0.9466666579246521
0.9483333230018616
0.9449999928474426
0.9449999928474426
0.9566666483879089
0.9433333277702332
0.9483333230018616
0.9449999928474426
0.9233333468437195
0.9183333516120911
0.92166668176651
0.8733333349227905
0.9483333230018616
0.9466666579246521
0.9266666769981384
0.9416666626930237
0.9183333516120911
0.9350000023841858
0.9466666579246521
0.9233333468437195
0.903333306312561
0.9466666579246521
0.95333331823349
0.9333333373069763
0.95333331823349
0.9366666674613953
0.9433333277702332
0.9049999713897705
0.92166668176651
0.9266666769981384
0.878333330154419
0.9583333134651184
0.9116666913032532
0.9100000262260437
0.9449999928474426
0.9100000262260437
0.9100000262260437
0.949999988079071
0.9316666722297668
0.9150000214576721
0.9549999833106995
0.949999988079071
0.9183333516120911
0.9350000023841858
0.9183333516120911
0.9316666722297668
0.9116666913032532
0.9516666531562805
0.9383333325386047
0.9333333373069763
0.9816666841506958
0.9616666436195374
0.9383333325386047
0.9333333373069763
0.9366666674613953
0.9049999713897705
0.8916666507720947
0.9083333611488342
0.9449999928474426
0.9300000071525574
0.9449999928474426
0.9483333230018616
0.9599999785423279
0.9549999833106995
0.9183333516120911
0.9350000023841858
0.9016666412353516
0.8883333206176758
0.9183333516120911
0.9200000166893005
0.9483333230018616
0.9316666722297668
0.9266666769981384
0.9183333516120911
0.9300000071525574
0.95333331823349
0.9083333611488342
0.9150000214576721
0.9549999833106995
0.9233333468437195
0.92166668176651
0.8966666460037231
0.9599999785423279
0.9016666412353516
0.9333333373069763
0.9266666769981384
0.9100000262260437
0.9183333516120911
0.9416666626930237
0.9416666626930237
0.9483333230018616
0.9350000023841858
0.9150000214576721
0.9366666674613953
0.9133333563804626
0.9383333325386047
0.9300000071525574
0.8916666507720947
0.9200000166893005
0.8866666555404663
0.9416666626930237
0.875
0.9016666412353516
0.9350000023841858
0.9399999976158142
0.8849999904632568
0.9666666388511658
0.9383333325386047
0.9150000214576721
0.9483333230018616
0.9183333516120911
0.9066666960716248
0.9566666483879089
0.9416666626930237
0.9399999976158142
0.9366666674613953
0.9599999785423279
0.9466666579246521
0.9433333277702332
0.9383333325386047
0.9350000023841858
0.8933333158493042
0.9066666960716248
0.9433333277702332
0.925000011920929
0.9350000023841858
0.9183333516120911
0.9750000238418579
0.9316666722297668
0.9166666865348816
0.92166668176651
0.9449999928474426
0.9166666865348816
0.871666669845581
0.9399999976158142
0.9166666865348816
0.9366666674613953
0.8866666555404663
0.95333331823349
0.9116666913032532
0.9049999713897705
0.9200000166893005
0.9300000071525574
0.95333331823349
0.9200000166893005
0.9233333468437195
0.9283333420753479
0.9583333134651184
0.9133333563804626
0.9266666769981384
0.8833333253860474
0.949999988079071
0.9466666579246521
0.9300000071525574
0.9233333468437195
0.9516666531562805
0.9333333373069763
0.8600000143051147
0.9116666913032532
0.903333306312561
0.8983333110809326
0.9366666674613953
0.8916666507720947
0.9100000262260437
0.925000011920929
0.9683333039283752
0.8983333110809326
0.9316666722297668
0.9333333373069763
0.8683333396911621
0.9333333373069763
0.9283333420753479
0.9483333230018616
0.9300000071525574
0.8899999856948853
0.9399999976158142
0.9383333325386047
0.9283333420753479
0.9350000023841858
0.925000011920929
0.9333333373069763
0.9399999976158142
0.9150000214576721
0.9366666674613953
0.9633333086967468
0.9300000071525574
0.949999988079071
0.9166666865348816
0.9416666626930237
0.925000011920929
0.9200000166893005
0.949999988079071
0.9383333325386047
0.8616666793823242
0.9483333230018616
0.9150000214576721
0.8916666507720947
0.92166668176651
0.9733333587646484
0.9100000262260437
0.9383333325386047
0.9633333086967468
0.9466666579246521
0.9083333611488342
0.8983333110809326
0.9366666674613953
0.9366666674613953
0.9183333516120911
0.9233333468437195
0.9200000166893005
0.9366666674613953
0.9399999976158142
0.9666666388511658
0.9316666722297668
0.9283333420753479
0.9016666412353516
0.9549999833106995
0.9283333420753479
0.9116666913032532
0.9266666769981384
0.9466666579246521
0.9616666436195374
0.9350000023841858
0.9133333563804626
0.9166666865348816
0.949999988079071
0.9283333420753479
0.9433333277702332
0.925000011920929
0.8816666603088379
0.9049999713897705
0.9066666960716248
0.9083333611488342
0.9183333516120911
0.9633333086967468
0.9383333325386047
0.9183333516120911
0.9233333468437195
0.9150000214576721
0.9433333277702332
0.9333333373069763
0.9100000262260437
0.9383333325386047
0.949999988079071
0.9316666722297668
0.92166668176651
0.9200000166893005
0.9049999713897705
0.9316666722297668
0.9466666579246521
0.9383333325386047
0.9399999976158142
0.9300000071525574
0.9433333277702332
0.925000011920929
0.9433333277702332
0.8799999952316284
0.9549999833106995
0.9433333277702332
0.9583333134651184
0.925000011920929
0.9633333086967468
0.92166668176651
0.9150000214576721
0.9516666531562805
0.9333333373069763
0.9399999976158142
0.9350000023841858
0.9366666674613953
0.9433333277702332
0.8999999761581421
0.9416666626930237
0.9233333468437195
0.949999988079071
0.9449999928474426
0.92166668176651
0.9333333373069763
0.9516666531562805
0.9350000023841858
0.9399999976158142
0.949999988079071
0.9549999833106995
0.95333331823349
0.9366666674613953
0.9133333563804626
0.9633333086967468
0.9633333086967468
0.9466666579246521
0.9616666436195374
0.8983333110809326
0.9266666769981384
0.9483333230018616
0.9333333373069763
0.9283333420753479
0.8883333206176758
0.9399999976158142
0.9300000071525574
0.92166668176651
0.9283333420753479
0.9566666483879089
0.9350000023841858
0.9350000023841858
0.9316666722297668
0.9599999785423279
0.9316666722297668
0.9583333134651184
0.9433333277702332
0.9366666674613953
0.9416666626930237
0.9399999976158142
0.9399999976158142
0.9283333420753479
0.92166668176651
0.9066666960716248
0.9466666579246521
0.8883333206176758
0.8849999904632568
0.9433333277702332
0.9266666769981384
0.9350000023841858
0.925000011920929
0.9350000023841858
0.903333306312561
0.8916666507720947
0.9599999785423279
0.8933333158493042
0.9516666531562805
0.9466666579246521
0.9649999737739563
0.9333333373069763
0.9333333373069763
0.925000011920929
0.9383333325386047
0.925000011920929
0.9016666412353516
0.925000011920929
0.9316666722297668
0.9183333516120911
0.949999988079071
0.9483333230018616
0.9200000166893005
0.9383333325386047
0.9316666722297668
0.9516666531562805
0.9583333134651184
0.9300000071525574
0.9266666769981384
0.9649999737739563
0.9399999976158142
0.9549999833106995
0.9366666674613953
0.9366666674613953
0.9633333086967468
0.9616666436195374
0.95333331823349
0.95333331823349
0.9433333277702332
0.9383333325386047
0.9133333563804626
0.9366666674613953
0.925000011920929
0.9483333230018616
0.949999988079071
0.9566666483879089
0.9183333516120911
0.9083333611488342
0.9599999785423279
0.9449999928474426
0.949999988079071
0.9049999713897705
0.9049999713897705
0.9466666579246521
0.9316666722297668
0.9599999785423279
0.9366666674613953
0.9366666674613953
0.9599999785423279
0.971666693687439
0.9016666412353516
0.9266666769981384
0.9616666436195374
0.9049999713897705
0.9300000071525574
0.95333331823349
0.9066666960716248
0.9183333516120911
0.9433333277702332
0.9316666722297668
0.9300000071525574
0.9333333373069763
0.9166666865348816
0.9100000262260437
0.9633333086967468
0.9416666626930237
0.8933333158493042
0.9233333468437195
0.925000011920929
0.9466666579246521
0.9416666626930237
0.9266666769981384
0.9416666626930237
0.9599999785423279
0.8849999904632568
0.9350000023841858
0.92166668176651
0.9316666722297668
0.8966666460037231
0.9183333516120911
0.9300000071525574
0.8949999809265137
0.95333331823349
0.95333331823349
0.9633333086967468
0.9366666674613953
0.8933333158493042
0.9399999976158142
0.9616666436195374
0.949999988079071
0.9049999713897705
0.8916666507720947
0.9399999976158142
0.95333331823349
0.8949999809265137
0.9633333086967468
0.9416666626930237
0.9316666722297668
0.9266666769981384
0.9116666913032532
0.92166668176651
0.9649999737739563
0.8583333492279053
0.9049999713897705
0.9333333373069763
0.9350000023841858
0.8866666555404663
0.9649999737739563
0.9049999713897705
0.9316666722297668
0.9300000071525574
0.9133333563804626
0.8933333158493042
0.9416666626930237
0.9433333277702332
0.9333333373069763
0.9583333134651184
0.9566666483879089
0.9599999785423279
0.949999988079071
0.9549999833106995
0.9733333587646484
0.9266666769981384
0.9616666436195374
0.9599999785423279
0.8533333539962769
0.925000011920929
0.9683333039283752
0.9633333086967468
0.9166666865348816
0.95333331823349
0.9100000262260437
0.9116666913032532
0.9700000286102295
0.9333333373069763
0.9166666865348816
0.9583333134651184
0.8999999761581421
0.9083333611488342
0.9366666674613953
0.9350000023841858
0.9200000166893005
0.9433333277702332
0.9200000166893005
0.9383333325386047
0.9433333277702332
0.9466666579246521
0.9300000071525574
0.9183333516120911
0.9366666674613953
0.9666666388511658
0.92166668176651
0.9049999713897705
0.9549999833106995
0.9516666531562805
0.9466666579246521
0.9383333325386047
0.9616666436195374
0.9583333134651184
0.92166668176651
0.9583333134651184
0.9666666388511658
0.9366666674613953
0.9399999976158142
0.9066666960716248
0.9366666674613953
0.9666666388511658
0.9233333468437195
0.9266666769981384
0.9166666865348816
0.9300000071525574
0.9183333516120911
0.925000011920929
0.9083333611488342
0.95333331823349
0.9316666722297668
0.9183333516120911
0.9266666769981384
0.9133333563804626
0.925000011920929
0.9083333611488342
0.9683333039283752
0.9383333325386047
0.9183333516120911
0.9049999713897705
0.9100000262260437
0.9466666579246521
0.9166666865348816
0.9516666531562805
0.9283333420753479
0.9300000071525574
0.95333331823349
0.95333331823349
0.9449999928474426
0.8966666460037231
0.9616666436195374
0.92166668176651
0.9616666436195374
0.9800000190734863
0.9066666960716248
0.949999988079071
0.9733333587646484
0.9449999928474426
0.9333333373069763
0.9483333230018616
0.9549999833106995
0.9566666483879089
0.9649999737739563
0.903333306312561
0.95333331823349
0.9183333516120911
0.949999988079071
0.9233333468437195
0.8999999761581421
0.9766666889190674
0.9266666769981384
0.9516666531562805
0.9466666579246521
0.9233333468437195
0.9100000262260437
0.9233333468437195
0.949999988079071
0.9300000071525574
0.9350000023841858
0.9399999976158142
0.9066666960716248
0.9700000286102295
0.9300000071525574
0.9333333373069763
0.9100000262260437
0.9516666531562805
0.9399999976158142
0.9416666626930237
0.9333333373069763
0.9483333230018616
0.9100000262260437
0.9399999976158142
0.9300000071525574
0.9316666722297668
0.9483333230018616
0.9599999785423279
0.9300000071525574
0.9150000214576721
0.9466666579246521
0.95333331823349
0.9599999785423279
0.903333306312561
0.9399999976158142
0.9466666579246521
0.9449999928474426
0.9350000023841858
0.9316666722297668
0.95333331823349
0.9649999737739563
0.9399999976158142
0.9233333468437195
0.9700000286102295
0.9616666436195374
0.8733333349227905
0.9516666531562805
0.9433333277702332
0.8933333158493042
0.9266666769981384
0.9633333086967468
0.9633333086967468
0.9066666960716248
0.9266666769981384
0.949999988079071
0.92166668176651
0.9483333230018616
0.9366666674613953
0.9100000262260437
0.9466666579246521
0.8933333158493042
0.8933333158493042
0.9616666436195374
0.9416666626930237
0.9300000071525574
0.9399999976158142
0.9266666769981384
0.9616666436195374
0.9366666674613953
0.9666666388511658
0.9266666769981384
0.8999999761581421
0.925000011920929
0.9549999833106995
0.9200000166893005
0.95333331823349
0.9300000071525574
0.9200000166893005
0.9233333468437195
0.92166668176651
0.9266666769981384
0.9366666674613953
0.9350000023841858
0.8883333206176758
0.9449999928474426
0.9316666722297668
0.9383333325386047
0.9083333611488342
0.9116666913032532
0.9049999713897705
0.9399999976158142
0.9333333373069763
0.9100000262260437
0.8999999761581421
0.9049999713897705
0.9283333420753479
0.8666666746139526
0.9233333468437195
0.8949999809265137
0.9516666531562805
0.9350000023841858
0.9300000071525574
0.9166666865348816
0.9366666674613953
0.9433333277702332
0.9383333325386047
0.9733333587646484
0.9399999976158142
0.9516666531562805
0.9666666388511658
0.9300000071525574
0.9516666531562805
0.9483333230018616
0.9449999928474426
0.9366666674613953
0.9516666531562805
0.9516666531562805
0.9466666579246521
0.9516666531562805
0.9383333325386047
0.9383333325386047
0.9083333611488342
0.9300000071525574
0.9383333325386047
0.9449999928474426
0.9449999928474426
0.9183333516120911
0.9766666889190674
0.9633333086967468
0.949999988079071
0.9083333611488342
0.9616666436195374
0.9016666412353516
0.9333333373069763
0.9483333230018616
0.9483333230018616
0.9116666913032532
0.9549999833106995
0.9516666531562805
0.9449999928474426
0.9483333230018616
0.9350000023841858
0.9416666626930237
0.9433333277702332
0.9100000262260437
0.9100000262260437
0.8833333253860474
0.949999988079071
0.9366666674613953
0.9049999713897705
0.949999988079071
0.9566666483879089
0.9333333373069763
0.9399999976158142
0.9083333611488342
0.9399999976158142
0.8916666507720947
0.9599999785423279
0.9183333516120911
0.9116666913032532
0.9616666436195374
0.8816666603088379
0.9300000071525574
0.9649999737739563
0.9633333086967468
0.9549999833106995
0.9683333039283752
0.9100000262260437
0.925000011920929
0.8983333110809326
0.9416666626930237
0.9100000262260437
0.9183333516120911
0.9449999928474426
0.9683333039283752
0.9200000166893005
0.9366666674613953
0.9466666579246521
0.9433333277702332
0.9583333134651184
0.9449999928474426
0.9016666412353516
0.9449999928474426
0.9350000023841858
0.9233333468437195
0.9599999785423279
0.8949999809265137
0.92166668176651
0.9466666579246521
0.9566666483879089
0.9383333325386047
0.9116666913032532
0.9599999785423279
0.9100000262260437
0.9016666412353516
0.9300000071525574
0.9200000166893005
0.9599999785423279
0.8916666507720947
0.9100000262260437
0.9350000023841858
0.9516666531562805
0.9383333325386047
0.9666666388511658
0.9516666531562805
0.9466666579246521
0.9616666436195374
0.9350000023841858
0.95333331823349
0.9599999785423279
0.9283333420753479
0.9283333420753479
0.9266666769981384
0.9233333468437195
0.9549999833106995
0.9350000023841858
0.9233333468437195
0.9666666388511658
0.9316666722297668
0.9633333086967468
0.9200000166893005
0.9366666674613953
0.9399999976158142
0.9483333230018616
0.9399999976158142
0.9283333420753479
0.9583333134651184
0.9433333277702332
0.9599999785423279
0.9466666579246521
0.9516666531562805
0.9066666960716248
0.9316666722297668
0.903333306312561
0.9150000214576721
0.9350000023841858
0.9649999737739563
0.9183333516120911
0.9599999785423279
0.9516666531562805
0.9300000071525574
0.9333333373069763
0.9633333086967468
0.9366666674613953
0.9083333611488342
0.9233333468437195
0.9566666483879089
0.9599999785423279
0.9333333373069763
0.8849999904632568
0.9283333420753479
0.9616666436195374
0.9633333086967468
0.9750000238418579
0.95333331823349
0.9116666913032532
0.9666666388511658
0.9416666626930237
0.9016666412353516
0.9233333468437195
0.92166668176651
0.9616666436195374
0.925000011920929
0.9366666674613953
0.9266666769981384
0.9383333325386047
0.9266666769981384
0.925000011920929
0.9466666579246521
0.9066666960716248
0.9300000071525574
0.9466666579246521
0.95333331823349
0.8966666460037231
0.9483333230018616
0.9549999833106995
0.9283333420753479
0.9333333373069763
0.8949999809265137
0.9200000166893005
0.9583333134651184
0.9466666579246521
0.9700000286102295
0.9616666436195374
0.9549999833106995
0.95333331823349
0.9766666889190674
0.9466666579246521
0.9350000023841858
0.9399999976158142
0.9233333468437195
0.9616666436195374
0.9350000023841858
0.9416666626930237
0.9100000262260437
0.9700000286102295
0.9366666674613953
0.9516666531562805
0.9449999928474426
0.9683333039283752
0.949999988079071
0.9466666579246521
0.9350000023841858
0.9466666579246521
0.9683333039283752
0.9333333373069763
0.9399999976158142
0.925000011920929
0.9316666722297668
0.9633333086967468
0.8849999904632568
0.9566666483879089
0.9183333516120911
0.9416666626930237
0.9583333134651184
0.9666666388511658
0.9549999833106995
0.9350000023841858
0.9200000166893005
0.8766666650772095
0.92166668176651
0.9316666722297668
0.9333333373069763
0.9549999833106995
0.9300000071525574
0.949999988079071
0.9200000166893005
0.9433333277702332
0.9483333230018616
0.95333331823349
0.9233333468437195
0.9616666436195374
0.9383333325386047
0.9566666483879089
0.8833333253860474
0.8899999856948853
0.9599999785423279
0.9049999713897705
0.92166668176651
0.9266666769981384
0.949999988079071
0.9483333230018616
0.9583333134651184
0.949999988079071
0.9266666769981384
0.9583333134651184
0.9683333039283752
0.9300000071525574
0.8983333110809326
0.9333333373069763
0.9383333325386047
0.9166666865348816
0.9449999928474426
0.9100000262260437
0.9283333420753479
0.9449999928474426
0.9300000071525574
0.9049999713897705
0.9283333420753479
0.9583333134651184
0.9466666579246521
0.9316666722297668
0.9649999737739563
0.9366666674613953
0.9566666483879089
0.9366666674613953
0.9616666436195374
0.9316666722297668
0.9383333325386047
0.9383333325386047
0.9300000071525574
0.9616666436195374
0.9283333420753479
0.9133333563804626
0.9300000071525574
0.9466666579246521
0.9300000071525574
0.9316666722297668
0.9350000023841858
0.9399999976158142
0.9333333373069763
0.9683333039283752
0.9150000214576721
0.9416666626930237
0.9433333277702332
0.9083333611488342
0.95333331823349
0.9399999976158142
0.9433333277702332
0.9416666626930237
0.9350000023841858
0.9266666769981384
0.8999999761581421
0.9416666626930237
0.9616666436195374
0.9300000071525574
0.9700000286102295
0.9350000023841858
0.9649999737739563
0.9116666913032532
0.949999988079071
0.9666666388511658
0.9150000214576721
0.95333331823349
0.9399999976158142
0.9399999976158142
0.9549999833106995
0.9549999833106995
0.9116666913032532
0.9599999785423279
0.9666666388511658
0.9416666626930237
0.9083333611488342
0.9383333325386047
0.9666666388511658
0.9449999928474426
0.9350000023841858
0.9383333325386047
0.9133333563804626
0.9449999928474426
0.9633333086967468
0.9649999737739563
0.9350000023841858
0.9300000071525574
0.9350000023841858
0.9416666626930237
0.9433333277702332
0.9599999785423279
0.9683333039283752
0.9599999785423279
0.9366666674613953
0.9366666674613953
0.9383333325386047
0.9283333420753479
0.9516666531562805
0.9466666579246521
0.95333331823349
0.92166668176651
0.9383333325386047
0.9233333468437195
0.9433333277702332
0.9549999833106995
0.95333331823349
0.9399999976158142
0.9483333230018616
0.9633333086967468
0.9483333230018616
0.9816666841506958
0.9449999928474426
0.9333333373069763
0.903333306312561
0.9616666436195374
0.9616666436195374
0.9350000023841858
0.95333331823349
0.9283333420753479
0.9566666483879089
0.9516666531562805
0.9200000166893005
0.9266666769981384
0.9599999785423279
0.9483333230018616
0.9333333373069763
0.9150000214576721
0.9399999976158142
0.9666666388511658
0.9733333587646484
0.9649999737739563
0.9183333516120911
0.8949999809265137
0.9016666412353516
0.9433333277702332
0.9100000262260437
0.9516666531562805
0.9366666674613953
0.9133333563804626
0.95333331823349
0.9583333134651184
0.9300000071525574
0.9366666674613953
0.9200000166893005
0.9733333587646484
0.9183333516120911
0.9433333277702332
0.9666666388511658
0.949999988079071
0.9516666531562805
0.9333333373069763
0.9700000286102295
0.8949999809265137
0.9433333277702332
0.9483333230018616
0.9316666722297668
0.9566666483879089
0.9316666722297668
0.9733333587646484
0.949999988079071
0.9483333230018616
0.925000011920929
0.8933333158493042
0.971666693687439
0.9583333134651184
0.9183333516120911
0.9333333373069763
0.9433333277702332
0.9333333373069763
0.9316666722297668
0.9399999976158142
0.9449999928474426
0.9166666865348816
0.95333331823349
0.8866666555404663
0.9466666579246521
0.9333333373069763
0.9366666674613953
0.9583333134651184
0.9399999976158142
0.9316666722297668
0.9733333587646484
0.9283333420753479
0.9316666722297668
0.95333331823349
0.9566666483879089
0.9483333230018616
0.8866666555404663
0.949999988079071
0.9516666531562805
0.9433333277702332
0.9150000214576721
0.9183333516120911
0.9383333325386047
0.9516666531562805
0.9566666483879089
0.95333331823349
0.9283333420753479
0.9183333516120911
0.9549999833106995
0.9483333230018616
0.9583333134651184
0.9466666579246521
0.9433333277702332
0.9483333230018616
0.9700000286102295
0.9566666483879089
0.9766666889190674
0.9433333277702332
0.9433333277702332
0.9700000286102295
0.9266666769981384
0.9166666865348816
0.9416666626930237
0.9516666531562805
0.9516666531562805
0.9383333325386047
0.9399999976158142
0.9700000286102295
0.9766666889190674
0.925000011920929
0.9416666626930237
0.9449999928474426
0.9399999976158142
0.9466666579246521
0.9333333373069763
0.9399999976158142
0.9666666388511658
0.9666666388511658
0.9233333468437195
0.949999988079071
0.949999988079071
0.9350000023841858
0.9100000262260437
0.903333306312561
0.9399999976158142
0.9049999713897705
0.9549999833106995
0.9750000238418579
0.9316666722297668
0.9549999833106995
0.9583333134651184
0.9166666865348816
0.9133333563804626
0.9383333325386047
0.9366666674613953
0.925000011920929
0.9350000023841858
0.9700000286102295
0.9316666722297668
0.9100000262260437
0.9549999833106995
0.9100000262260437
0.9433333277702332
0.9583333134651184
0.9433333277702332
0.949999988079071
0.9083333611488342
0.8866666555404663
0.9583333134651184
0.9433333277702332
0.9200000166893005
0.9683333039283752
0.949999988079071
0.9350000023841858
0.949999988079071
0.9150000214576721
0.95333331823349
0.9350000023841858
0.9516666531562805
0.9399999976158142
0.9283333420753479
0.9016666412353516
0.971666693687439
0.9383333325386047
0.9583333134651184
0.9449999928474426
0.9700000286102295
0.9633333086967468
0.9700000286102295
0.9449999928474426
0.9649999737739563
0.9433333277702332
0.9366666674613953
0.9483333230018616
0.9516666531562805
0.9916666746139526
0.9599999785423279
0.9633333086967468
0.9366666674613953
0.9316666722297668
0.9483333230018616
0.9649999737739563
0.92166668176651
0.925000011920929
0.9549999833106995
0.9399999976158142
0.9583333134651184
0.9283333420753479
0.971666693687439
0.9366666674613953
0.9266666769981384
0.9549999833106995
0.9200000166893005
0.9583333134651184
0.949999988079071
0.9300000071525574
0.9133333563804626
0.9816666841506958
0.9183333516120911
0.9649999737739563
0.949999988079071
0.9066666960716248
0.9399999976158142
0.95333331823349
0.9566666483879089
0.9466666579246521
0.9200000166893005
0.9366666674613953
0.9466666579246521
0.9516666531562805
0.9466666579246521
0.9549999833106995
0.9433333277702332
0.9399999976158142
0.971666693687439
0.9516666531562805
0.9649999737739563
0.9633333086967468
0.9750000238418579
0.9649999737739563
0.9516666531562805
0.9316666722297668
0.9583333134651184
0.9233333468437195
0.9466666579246521
0.925000011920929
0.9633333086967468
0.9399999976158142
0.9416666626930237
0.9566666483879089
0.9433333277702332
0.9399999976158142
0.9599999785423279
0.9200000166893005
0.9633333086967468
0.8899999856948853
0.9116666913032532
0.9766666889190674
0.9733333587646484
0.9133333563804626
0.9383333325386047
0.9683333039283752
0.9616666436195374
0.95333331823349
0.9200000166893005
0.9616666436195374
0.9616666436195374
0.9666666388511658
0.9283333420753479
0.9583333134651184
0.9283333420753479
0.9683333039283752
0.9366666674613953
0.9466666579246521
0.9666666388511658
0.9683333039283752
0.9233333468437195
0.9466666579246521
0.9599999785423279
0.9233333468437195
0.925000011920929
0.9649999737739563
0.9549999833106995
0.9549999833106995
0.9466666579246521
0.9516666531562805
0.9133333563804626
0.9633333086967468
0.8883333206176758
0.9300000071525574
0.9200000166893005
0.9399999976158142
0.9300000071525574
0.971666693687439
0.9599999785423279
0.9633333086967468
0.9416666626930237
0.9483333230018616
0.8683333396911621
0.9183333516120911
0.9466666579246521
0.9416666626930237
0.95333331823349
0.9549999833106995
0.95333331823349
0.9233333468437195
0.9116666913032532
0.9366666674613953
0.971666693687439
0.95333331823349
0.9416666626930237
0.9683333039283752
0.9599999785423279
0.9316666722297668
0.9266666769981384
0.9150000214576721
0.9066666960716248
0.9733333587646484
0.92166668176651
0.9316666722297668
0.9150000214576721
0.9566666483879089
0.9233333468437195
0.9599999785423279
0.9300000071525574
0.9333333373069763
0.9633333086967468
0.9383333325386047
0.9416666626930237
0.9549999833106995
0.9333333373069763
0.9599999785423279
0.9399999976158142
0.9383333325386047
0.9750000238418579
0.9766666889190674
0.9333333373069763
0.9316666722297668
0.92166668176651
0.9666666388511658
0.9466666579246521
0.9483333230018616
0.9549999833106995
0.9383333325386047
0.9700000286102295
0.9383333325386047
0.9666666388511658
0.949999988079071
0.9483333230018616
0.9649999737739563
0.949999988079071
0.9633333086967468
0.9549999833106995
0.9300000071525574
0.9300000071525574
0.9449999928474426
0.9549999833106995
0.9383333325386047
0.9449999928474426
0.9466666579246521
0.9666666388511658
0.9300000071525574
0.9366666674613953
0.9200000166893005
0.9366666674613953
0.9466666579246521
0.9483333230018616
0.9700000286102295
0.949999988079071
0.9566666483879089
0.9200000166893005
0.9516666531562805
0.9733333587646484
0.9433333277702332
0.9266666769981384
0.9133333563804626
0.9183333516120911
0.9750000238418579
0.9333333373069763
0.9283333420753479
0.8883333206176758
0.925000011920929
0.9350000023841858
0.9333333373069763
0.9233333468437195
0.9266666769981384
0.9266666769981384
0.9333333373069763
0.9633333086967468
0.9649999737739563
0.9350000023841858
0.9549999833106995
0.9483333230018616
0.925000011920929
0.9516666531562805
0.9416666626930237
0.9183333516120911
0.9483333230018616
0.9333333373069763
0.9083333611488342
0.9466666579246521
0.9700000286102295
0.9583333134651184
0.9666666388511658
0.9383333325386047
0.9449999928474426
0.9649999737739563
0.9150000214576721
0.95333331823349
0.9649999737739563
0.9449999928474426
0.95333331823349
0.92166668176651
0.9350000023841858
0.9366666674613953
0.9350000023841858
0.9616666436195374
0.9399999976158142
0.9649999737739563
0.949999988079071
0.9683333039283752
0.9316666722297668
0.8933333158493042
0.9150000214576721
0.92166668176651
0.9449999928474426
0.9666666388511658
0.925000011920929
0.92166668176651
0.949999988079071
0.95333331823349
0.9683333039283752
0.9649999737739563
0.9516666531562805
0.9383333325386047
0.9750000238418579
0.9549999833106995
0.9333333373069763
0.9649999737739563
0.925000011920929
0.9266666769981384
0.9449999928474426
0.9233333468437195
0.9266666769981384
0.9066666960716248
0.9200000166893005
0.9783333539962769
0.949999988079071
0.9200000166893005
0.949999988079071
0.9416666626930237
0.9350000023841858
0.9333333373069763
0.9566666483879089
0.9466666579246521
0.9583333134651184
0.9283333420753479
0.9516666531562805
0.9416666626930237
0.9266666769981384
0.949999988079071
0.9733333587646484
0.9433333277702332
0.9683333039283752
0.9466666579246521
0.9316666722297668
0.9133333563804626
0.9333333373069763
0.9399999976158142
0.9666666388511658
0.8999999761581421
0.9433333277702332
0.9233333468437195
0.949999988079071
0.9399999976158142
0.9583333134651184
0.9516666531562805
0.9466666579246521
0.9449999928474426
0.9549999833106995
0.9399999976158142
0.9466666579246521
0.949999988079071
0.9649999737739563
0.9100000262260437
0.9683333039283752
0.9466666579246521
0.9133333563804626
0.9433333277702332
0.9300000071525574
0.9233333468437195
0.925000011920929
0.9466666579246521
0.9516666531562805
0.9700000286102295
0.9399999976158142
0.949999988079071
0.9416666626930237
0.9366666674613953
0.95333331823349
0.9516666531562805
0.971666693687439
0.9133333563804626
0.9300000071525574
0.9333333373069763
0.9449999928474426
0.9449999928474426
0.9366666674613953
0.9350000023841858
0.9516666531562805
0.9049999713897705
0.925000011920929
0.9433333277702332
0.9083333611488342
0.9549999833106995
0.9416666626930237
0.9516666531562805
0.925000011920929
0.9300000071525574
0.9616666436195374
0.9449999928474426
0.9316666722297668
0.9683333039283752
0.9466666579246521
0.9150000214576721
0.9599999785423279
0.9549999833106995
0.92166668176651
0.9133333563804626
0.9300000071525574
0.8799999952316284
0.9233333468437195
0.903333306312561
0.9566666483879089
0.9566666483879089
0.9100000262260437
0.9266666769981384
0.9616666436195374
0.9466666579246521
0.9233333468437195
0.9516666531562805
0.95333331823349
0.949999988079071
0.9549999833106995
0.92166668176651
0.9683333039283752
0.9549999833106995
0.9516666531562805
0.9483333230018616
0.9350000023841858
0.9599999785423279
0.9433333277702332
0.925000011920929
0.9416666626930237
0.9333333373069763
0.9783333539962769
0.9399999976158142
0.9549999833106995
0.9399999976158142
0.9733333587646484
0.9350000023841858
0.9300000071525574
0.9683333039283752
0.9566666483879089
0.9300000071525574
0.9433333277702332
0.971666693687439
0.9750000238418579
0.9516666531562805
0.9150000214576721
0.9466666579246521
0.9599999785423279
0.9549999833106995
0.9383333325386047
0.9333333373069763
0.9466666579246521
0.9516666531562805
0.9583333134651184
0.9649999737739563
0.9516666531562805
0.9200000166893005
0.9366666674613953
0.95333331823349
0.9350000023841858
0.9233333468437195
0.9666666388511658
0.9316666722297668
0.925000011920929
0.9316666722297668
0.9583333134651184
0.949999988079071
0.9683333039283752
0.9666666388511658
0.9183333516120911
0.95333331823349
0.9350000023841858
0.9383333325386047
0.949999988079071
0.9633333086967468
0.9516666531562805
0.971666693687439
0.9433333277702332
0.92166668176651
0.9733333587646484
0.9433333277702332
0.9350000023841858
0.9300000071525574
0.9150000214576721
0.9266666769981384
0.9783333539962769
0.9350000023841858
0.9399999976158142
0.9233333468437195
0.9366666674613953
0.9449999928474426
0.9166666865348816
0.9516666531562805
0.9399999976158142
0.9549999833106995
0.9666666388511658
0.9300000071525574
0.9583333134651184
0.9433333277702332
0.9383333325386047
0.9783333539962769
0.9549999833106995
0.9516666531562805
0.9433333277702332
0.9433333277702332
0.9333333373069763
0.9433333277702332
0.9616666436195374
0.9549999833106995
0.9383333325386047
0.9383333325386047
0.949999988079071
0.9399999976158142
0.971666693687439
0.9616666436195374
0.9383333325386047
0.92166668176651
0.9516666531562805
0.9466666579246521
0.9599999785423279
0.9366666674613953
0.9433333277702332
0.9316666722297668
0.9266666769981384
0.9449999928474426
0.9566666483879089
0.9416666626930237
0.9466666579246521
0.9016666412353516
0.9633333086967468
0.9416666626930237
0.9083333611488342
0.9700000286102295
0.9466666579246521
0.9616666436195374
0.9483333230018616
0.9150000214576721
0.9566666483879089
0.9283333420753479
0.9350000023841858
0.949999988079071
0.9316666722297668
0.9583333134651184
0.9466666579246521
0.9066666960716248
0.9583333134651184
0.9333333373069763
0.9316666722297668
0.9100000262260437
0.925000011920929
0.9833333492279053
0.9516666531562805
0.9083333611488342
0.949999988079071
0.9133333563804626
0.9483333230018616
0.9516666531562805
0.9016666412353516
0.9166666865348816
0.9333333373069763
0.9433333277702332
0.9350000023841858
0.9599999785423279
0.9183333516120911
0.95333331823349
0.9366666674613953
0.9649999737739563
0.9416666626930237
0.925000011920929
0.9416666626930237
0.9433333277702332
0.9449999928474426
0.9350000023841858
0.9700000286102295
0.9183333516120911
0.949999988079071
0.9366666674613953
0.9116666913032532
0.9166666865348816
0.9599999785423279
0.92166668176651
0.9399999976158142
0.949999988079071
0.9300000071525574
0.9449999928474426
0.9350000023841858
0.9366666674613953
0.9416666626930237
0.9366666674613953
0.9599999785423279
0.9649999737739563
0.9599999785423279
0.9700000286102295
0.9300000071525574
0.9633333086967468
0.9633333086967468
0.9183333516120911
0.9333333373069763
0.9649999737739563
0.9283333420753479
0.9633333086967468
0.9616666436195374
0.9599999785423279
0.9599999785423279
0.925000011920929
0.9666666388511658
0.9516666531562805
0.9233333468437195
0.925000011920929
0.9516666531562805
0.9316666722297668
0.925000011920929
0.971666693687439
0.949999988079071
0.9166666865348816
0.9316666722297668
0.949999988079071
0.949999988079071
0.9283333420753479
0.9666666388511658
0.9433333277702332
0.9183333516120911
0.9633333086967468
0.9466666579246521
0.95333331823349
0.9133333563804626
0.925000011920929
0.9399999976158142
0.9549999833106995
0.9666666388511658
0.9133333563804626
0.9383333325386047
0.9183333516120911
0.9700000286102295
0.9616666436195374
0.9383333325386047
0.9449999928474426
0.9483333230018616
0.9233333468437195
0.9683333039283752
0.9766666889190674
0.9166666865348816
0.9333333373069763
0.9599999785423279
0.9599999785423279
0.9383333325386047
0.9649999737739563
0.925000011920929
0.8966666460037231
0.8949999809265137
0.9399999976158142
0.9316666722297668
0.9433333277702332
0.9416666626930237
0.9333333373069763
0.971666693687439
0.9183333516120911
0.9516666531562805
0.9583333134651184
0.9116666913032532
0.9300000071525574
0.9150000214576721
0.9666666388511658
0.9750000238418579
0.9200000166893005
0.9416666626930237
0.9283333420753479
0.9466666579246521
0.9633333086967468
0.9616666436195374
0.9416666626930237
0.9333333373069763
0.9183333516120911
0.8883333206176758
0.9483333230018616
0.949999988079071
0.9683333039283752
0.9683333039283752
0.9333333373069763
0.9449999928474426
0.9266666769981384
0.9449999928474426
0.9483333230018616
0.9633333086967468
0.9483333230018616
0.9516666531562805
0.9583333134651184
0.9449999928474426
0.9483333230018616
0.9649999737739563
0.949999988079071
0.9599999785423279
0.9233333468437195
0.9300000071525574
0.9366666674613953
0.925000011920929
0.9333333373069763
0.949999988079071
0.9583333134651184
0.9516666531562805
0.9366666674613953
0.9300000071525574
0.9800000190734863
0.9416666626930237
0.8683333396911621
0.9700000286102295
0.9300000071525574
0.9283333420753479
0.9399999976158142
0.9266666769981384
0.971666693687439
0.95333331823349
0.949999988079071
0.9399999976158142
0.9133333563804626
0.9616666436195374
0.9383333325386047
0.9583333134651184
0.9283333420753479
0.9549999833106995
0.9233333468437195
0.9433333277702332
0.9100000262260437
0.9399999976158142
0.9633333086967468
0.9549999833106995
0.92166668176651
0.9433333277702332
0.925000011920929
0.9233333468437195
0.8899999856948853
0.9549999833106995
0.9599999785423279
0.9649999737739563
0.9466666579246521
0.9416666626930237
0.9549999833106995
0.9350000023841858
0.9599999785423279
0.9483333230018616
0.9666666388511658
0.9300000071525574
0.9549999833106995
0.9649999737739563
0.971666693687439
0.8949999809265137
0.9366666674613953
0.9116666913032532
0.95333331823349
0.92166668176651
0.92166668176651
0.9616666436195374
0.9516666531562805
0.9683333039283752
0.9516666531562805
0.9466666579246521
0.9316666722297668
0.9599999785423279
0.9300000071525574
0.9283333420753479
0.9300000071525574
0.9366666674613953
0.9549999833106995
0.971666693687439
0.9233333468437195
0.9599999785423279
0.9516666531562805
0.9433333277702332
0.9866666793823242
0.9383333325386047
0.9599999785423279
0.9183333516120911
0.9300000071525574
0.9300000071525574
0.9766666889190674
0.9283333420753479
0.949999988079071
0.9466666579246521
0.9150000214576721
0.9750000238418579
0.9599999785423279
0.9750000238418579
0.9200000166893005
0.9416666626930237
0.9283333420753479
0.9316666722297668
0.9100000262260437
0.9549999833106995
0.9549999833106995
0.9466666579246521
0.9466666579246521
0.971666693687439
0.9516666531562805
0.9700000286102295
0.9566666483879089
0.9183333516120911
0.9549999833106995
0.9366666674613953
0.9416666626930237
0.9283333420753479
0.9683333039283752
0.9383333325386047
0.9649999737739563
0.9449999928474426
0.9750000238418579
0.9316666722297668
0.9383333325386047
0.9366666674613953
0.9350000023841858
0.9549999833106995
0.9583333134651184
0.9316666722297668
0.9466666579246521
0.92166668176651
0.9383333325386047
0.9416666626930237
0.9333333373069763
0.9549999833106995
0.9283333420753479
0.9166666865348816
0.9599999785423279
0.9683333039283752
0.9416666626930237
0.9683333039283752
0.9700000286102295
0.9616666436195374
0.9399999976158142
0.9433333277702332
0.9616666436195374
0.9466666579246521
0.9366666674613953
0.9700000286102295
0.9383333325386047
0.9549999833106995
0.9316666722297668
0.9599999785423279
0.9416666626930237
0.9649999737739563
0.9200000166893005
0.9283333420753479
0.9649999737739563
0.9233333468437195
0.9399999976158142
0.9449999928474426
0.9200000166893005
0.9549999833106995
0.9449999928474426
0.9633333086967468
0.9416666626930237
0.9200000166893005
0.9599999785423279
0.9399999976158142
0.9566666483879089
0.9649999737739563
0.9383333325386047
0.9816666841506958
0.9633333086967468
0.9633333086967468
0.9333333373069763
0.9300000071525574
0.9366666674613953
0.9416666626930237
0.9166666865348816
0.9449999928474426
0.9733333587646484
0.9566666483879089
0.9583333134651184
0.9683333039283752
0.9200000166893005
0.9333333373069763
0.949999988079071
0.9666666388511658
0.8933333158493042
0.9466666579246521
0.9283333420753479
0.8766666650772095
0.9566666483879089
0.9633333086967468
0.9666666388511658
0.9616666436195374
0.9383333325386047
0.949999988079071
0.9566666483879089
0.9733333587646484
0.9316666722297668
0.9300000071525574
0.9100000262260437
0.9366666674613953
0.9383333325386047
0.9549999833106995
0.9416666626930237
0.9449999928474426
0.9733333587646484
0.9633333086967468
0.9516666531562805
0.92166668176651
0.9666666388511658
0.9333333373069763
0.9200000166893005
0.9599999785423279
0.9566666483879089
0.9333333373069763
0.9549999833106995
0.9750000238418579
0.95333331823349
0.9549999833106995
0.9766666889190674
0.9333333373069763
0.9466666579246521
0.9116666913032532
0.9300000071525574
0.9666666388511658
0.9200000166893005
0.9416666626930237
0.95333331823349
0.9483333230018616
0.9266666769981384
0.8866666555404663
0.9316666722297668
0.9683333039283752
0.9683333039283752
0.9666666388511658
0.9449999928474426
0.9183333516120911
0.9366666674613953
0.9483333230018616
0.971666693687439
0.9633333086967468
0.9483333230018616
0.9666666388511658
0.9800000190734863
0.9566666483879089
0.8983333110809326
0.949999988079071
0.9233333468437195
0.9200000166893005
0.9466666579246521
0.9700000286102295
0.9549999833106995
0.971666693687439
0.9083333611488342
0.9750000238418579
0.9649999737739563
0.9549999833106995
0.9566666483879089
0.9316666722297668
0.9649999737739563
0.9783333539962769
0.9416666626930237
0.9283333420753479
0.9466666579246521
0.9700000286102295
0.9383333325386047
0.9633333086967468
0.9733333587646484
0.9016666412353516
0.9783333539962769
0.9399999976158142
0.9283333420753479
0.9800000190734863
0.9700000286102295
0.9583333134651184
0.9366666674613953
0.9649999737739563
0.903333306312561
0.9649999737739563
0.9333333373069763
0.9566666483879089
0.9583333134651184
0.95333331823349
0.9449999928474426
0.9283333420753479
0.9333333373069763
0.9700000286102295
0.9233333468437195
0.9266666769981384
0.95333331823349
0.9583333134651184
0.9700000286102295
0.9416666626930237
0.9266666769981384
0.9583333134651184
0.9583333134651184
0.9449999928474426
0.9599999785423279
0.9683333039283752
0.9266666769981384
0.949999988079071
0.9649999737739563
0.9649999737739563
0.9649999737739563
0.9583333134651184
0.9700000286102295
0.9233333468437195
0.9366666674613953
0.971666693687439
0.9283333420753479
0.9316666722297668
0.9316666722297668
0.971666693687439
0.949999988079071
0.9549999833106995
0.971666693687439
0.9583333134651184
0.9616666436195374
0.9766666889190674
0.9383333325386047
0.9566666483879089
0.9416666626930237
0.9383333325386047
0.9683333039283752
0.9750000238418579
0.9150000214576721
0.9666666388511658
0.9300000071525574
0.9633333086967468
0.9516666531562805
0.9416666626930237
0.9266666769981384
0.9633333086967468
0.9133333563804626
0.949999988079071
0.9466666579246521
0.9150000214576721
0.9800000190734863
0.9350000023841858
0.9549999833106995
0.9599999785423279
0.9350000023841858
0.9449999928474426
0.9283333420753479
0.9383333325386047
0.9483333230018616
0.9800000190734863
0.9633333086967468
0.9466666579246521
0.9566666483879089
0.8999999761581421
0.9483333230018616
0.9416666626930237
0.9200000166893005
0.9366666674613953
0.8949999809265137
0.9333333373069763
0.9166666865348816
0.9516666531562805
0.9700000286102295
0.9616666436195374
0.9649999737739563
0.9333333373069763
0.971666693687439
0.9449999928474426
0.9516666531562805
0.925000011920929
0.9016666412353516
0.9666666388511658
0.9483333230018616
0.9816666841506958
0.9449999928474426
0.9583333134651184
0.9416666626930237
0.9466666579246521
0.949999988079071
0.9783333539962769
0.9399999976158142
0.9583333134651184
0.9566666483879089
0.949999988079071
0.9666666388511658
0.9783333539962769
0.949999988079071
0.9583333134651184
0.9733333587646484
0.9266666769981384
0.9566666483879089
0.9549999833106995
0.9483333230018616
0.9066666960716248
0.9449999928474426
0.9566666483879089
0.9416666626930237
0.9649999737739563
0.9566666483879089
0.9433333277702332
0.9150000214576721
0.9466666579246521
0.9466666579246521
0.9383333325386047
0.9683333039283752
0.949999988079071
0.9433333277702332
0.9066666960716248
0.9350000023841858
0.9633333086967468
0.949999988079071
0.9649999737739563
0.9300000071525574
0.9399999976158142
0.9649999737739563
0.92166668176651
0.9433333277702332
0.9516666531562805
0.9599999785423279
0.9633333086967468
0.9266666769981384
0.9166666865348816
0.949999988079071
0.9549999833106995
0.9549999833106995
0.9700000286102295
0.949999988079071
0.9166666865348816
0.9383333325386047
0.9150000214576721
0.9583333134651184
0.9483333230018616
0.9183333516120911
0.9350000023841858
0.9300000071525574
0.9449999928474426
0.9516666531562805
0.9399999976158142
0.9616666436195374
0.9616666436195374
0.9683333039283752
0.9616666436195374
0.95333331823349
0.9549999833106995
0.9466666579246521
0.9416666626930237
0.9516666531562805
0.9616666436195374
0.9266666769981384
0.9300000071525574
0.9383333325386047
0.9316666722297668
0.9483333230018616
0.9549999833106995
0.95333331823349
0.9616666436195374
0.9516666531562805
0.9816666841506958
0.9616666436195374
0.9666666388511658
0.9733333587646484
0.9700000286102295
0.9633333086967468
0.9366666674613953
0.949999988079071
0.9466666579246521
0.971666693687439
0.9566666483879089
0.9483333230018616
0.9700000286102295
0.9766666889190674
0.9633333086967468
0.9449999928474426
0.9483333230018616
0.9683333039283752
0.9883333444595337
0.9399999976158142
0.9516666531562805
0.9549999833106995
0.9666666388511658
0.9566666483879089
0.9466666579246521
0.9700000286102295
0.9100000262260437
0.9516666531562805
0.9399999976158142
0.9350000023841858
0.9666666388511658
0.971666693687439
0.9433333277702332
0.9416666626930237
0.9466666579246521
0.9449999928474426
0.9599999785423279
0.9333333373069763
0.9700000286102295
0.9416666626930237
0.9566666483879089
0.9366666674613953
0.9433333277702332
0.9683333039283752
0.9366666674613953
0.9633333086967468
0.9666666388511658
0.9483333230018616
0.9750000238418579
0.9483333230018616
0.9316666722297668
0.9549999833106995
0.9449999928474426
0.9399999976158142
0.9466666579246521
0.9350000023841858
0.971666693687439
0.9366666674613953
0.9083333611488342
0.9733333587646484
0.9516666531562805
0.9466666579246521
0.9733333587646484
0.9466666579246521
0.9066666960716248
0.9433333277702332
0.9383333325386047
0.9366666674613953
0.95333331823349
0.9483333230018616
0.971666693687439
0.9449999928474426
0.9399999976158142
0.9683333039283752
0.9683333039283752
0.9683333039283752
0.9399999976158142
0.9433333277702332
0.9783333539962769
0.9083333611488342
0.9583333134651184
0.949999988079071
0.9516666531562805
0.9883333444595337
0.9333333373069763
0.9433333277702332
0.9283333420753479
0.9449999928474426
0.9449999928474426
0.9633333086967468
0.9616666436195374
0.9516666531562805
0.9666666388511658
0.9416666626930237
0.9399999976158142
0.9383333325386047
0.9566666483879089
0.9666666388511658
0.9549999833106995
0.9683333039283752
0.9633333086967468
0.9466666579246521
0.9466666579246521
0.9666666388511658
0.9549999833106995
0.9300000071525574
0.9449999928474426
0.9383333325386047
0.9599999785423279
0.9449999928474426
0.9316666722297668
0.9816666841506958
0.9350000023841858
0.9333333373069763
0.949999988079071
0.9750000238418579
0.9266666769981384
0.9616666436195374
0.9516666531562805
0.9599999785423279
0.95333331823349
0.9549999833106995
0.9266666769981384
0.9200000166893005
0.9583333134651184
0.9283333420753479
0.9483333230018616
0.9583333134651184
0.9750000238418579
0.9850000143051147
0.9616666436195374
0.9133333563804626
0.9433333277702332
0.9366666674613953
0.925000011920929
0.9549999833106995
0.9666666388511658
0.95333331823349
0.9283333420753479
0.9300000071525574
0.9416666626930237
0.9583333134651184
0.9733333587646484
0.9616666436195374
0.9483333230018616
0.9466666579246521
0.9566666483879089
0.9399999976158142
0.971666693687439
0.9233333468437195
0.9566666483879089
0.9100000262260437
0.9666666388511658
0.9733333587646484
0.9633333086967468
0.9599999785423279
0.9750000238418579
0.9449999928474426
0.9300000071525574
0.9649999737739563
0.9133333563804626
0.9583333134651184
0.9366666674613953
0.9449999928474426
0.9549999833106995
0.9333333373069763
0.9616666436195374
0.903333306312561
0.9516666531562805
0.9633333086967468
0.95333331823349
0.9599999785423279
0.9333333373069763
0.9633333086967468
0.949999988079071
0.9433333277702332
0.9466666579246521
0.9350000023841858
0.9416666626930237
0.9683333039283752
0.9366666674613953
0.9449999928474426
0.9200000166893005
0.9633333086967468
0.9516666531562805
0.9599999785423279
0.9516666531562805
0.9633333086967468
0.9366666674613953
0.9633333086967468
0.9233333468437195
0.9083333611488342
0.9599999785423279
0.9649999737739563
0.9083333611488342
0.9666666388511658
0.9350000023841858
0.9649999737739563
0.9333333373069763
0.9383333325386047
0.9649999737739563
0.9616666436195374
0.9733333587646484
0.9049999713897705
0.9416666626930237
0.9049999713897705
0.9399999976158142
0.9666666388511658
0.9549999833106995
0.9366666674613953
0.9350000023841858
0.9583333134651184
0.9483333230018616
0.9449999928474426
0.9266666769981384
0.9366666674613953
0.9016666412353516
0.9633333086967468
0.9566666483879089
0.9616666436195374
0.9733333587646484
0.9449999928474426
0.9616666436195374
0.9200000166893005
0.9549999833106995
0.9549999833106995
0.9633333086967468
0.9300000071525574
0.9483333230018616
0.9483333230018616
0.9483333230018616
0.9616666436195374
0.9566666483879089
0.9616666436195374
0.9350000023841858
0.9616666436195374
0.8999999761581421
0.9433333277702332
0.9616666436195374
0.95333331823349
0.9399999976158142
0.9566666483879089
0.9183333516120911
0.925000011920929
0.9399999976158142
0.9433333277702332
0.9566666483879089
0.9633333086967468
0.9616666436195374
0.9383333325386047
0.95333331823349
0.9616666436195374
0.9733333587646484
0.9833333492279053
0.971666693687439
0.9233333468437195
0.9449999928474426
0.9666666388511658
0.9416666626930237
0.92166668176651
0.9583333134651184
0.9516666531562805
0.9133333563804626
0.9666666388511658
0.9399999976158142
0.9800000190734863
0.971666693687439
0.9449999928474426
0.95333331823349
0.9300000071525574
0.9466666579246521
0.9683333039283752
0.9416666626930237
0.9449999928474426
0.9449999928474426
0.9466666579246521
0.9683333039283752
0.9449999928474426
0.9166666865348816
0.971666693687439
0.9583333134651184
0.9733333587646484
0.9616666436195374
0.9566666483879089
0.9666666388511658
0.9700000286102295
0.9516666531562805
0.9483333230018616
0.9116666913032532
0.9516666531562805
0.9800000190734863
0.9566666483879089
0.8666666746139526
0.95333331823349
0.95333331823349
0.9750000238418579
