0.2513468015675593
0.313838383615619
0.35023568992060844
0.3735016810171532
0.4127609428733286
0.42515151488660563
0.45437710513972274
0.46929292877515155
0.47946127948134837
0.4904713781193049
0.5074410748602164
0.5190235680401928
0.5247474758311955
0.5356902344660326
0.5513131317466197
0.5557575740597465
0.5628282831172751
0.5820202005631996
0.5774074052319382
0.5844444448899742
0.6065319875876108
0.6023232301678321
0.6075084179338782
0.607744106439629
0.6319865325484613
0.632525253175485
0.6445117863741788
0.6313468022177918
0.6436700387434526
0.6540404046424712
0.6564646471630443
0.662424244061865
0.6748821572823958
0.6816498318103829
0.6722222211385014
0.6797306399152736
0.6968350157593236
0.7012794619858868
0.7003703701375711
0.7043771033335213
0.7074747470894245
0.717272729584665
0.7191245808745875
0.7187205372434674
0.7197643109042235
0.7257239041906415
0.7318855259153578
0.7430976448637067
0.7395286198818323
0.7364646479336903
0.7528619495305148
0.7517845124909373
0.7560269387081416
0.7568350175414422
0.7581818170017667
0.7702020202020202
0.7695286219770258
0.7733670063693114
0.7759595970914821
0.781784510371661
0.7767676759247828
0.7730639703346022
0.782794612826723
0.7903366979926524
0.7823232309986846
0.7972390561392813
0.795959594273808
0.7974747497626026
0.7975420861533193
0.8031313154432509
0.803872054273432
0.8051851849363307
0.8044781149035752
0.814006730161532
0.8170370387308525
0.8073400686485599
0.8148821520082878
0.8208080813138172
0.8301346795727508
0.8211784495247735
0.8295959571395257
0.8228282802032701
0.8266666633914216
0.8359259246575712
0.8338383839587973
0.8300673377634299
0.8362962940726617
0.8407070684914637
0.8385185171859433
0.8359595952611981
0.8424242421834156
0.8383501671781444
0.8450168341097205
0.839494951445647
0.8443771016718161
0.8524915792725303
0.8535690223327791
0.8498653179467327
0.8565656590943385
0.8545117829785203
0.85656565668607
0.8490572403175662
0.8554882136258212
0.8551515124060891
0.858484847377045
0.8580471355505664
0.858720540398299
0.8647811412811279
0.866531987382908
0.8599663274456756
0.8642424260727083
0.8637037048436175
0.868282827464017
0.8714478094168384
0.8685185186790697
0.8708080817954709
0.8745117831711817
0.8696296305367441
0.8670370374063049
0.8751178444033921
0.871245791213681
0.8759595974527224
0.8795286200263284
0.8805723924829503
0.8749158231898991
0.8813468019167582
0.88265993197759
0.880538720073122
0.8857239003133293
0.884478115072154
0.8808754212928541
0.8813468001105569
0.8901346783445339
0.8891582501055014
0.888215488255626
0.886969693983444
0.8909090901866104
0.8909764313938642
0.8914478078032985
0.8944781133622834
0.8880471376457599
0.8924915868826587
0.8900336677377875
0.8928282826837867
0.8910774401944093
0.8894949513252335
0.8921548832546581
0.9010774408928072
0.8996633008272961
0.8978451183347991
0.9024579145691611
0.8944444463710592
0.897979796534837
0.9004377102611041
0.898787877776406
0.9001683496465587
0.8984175089633826
0.9037373734242988
0.9017845103234956
0.9036700346253135
0.9036363646237537
0.9058249183375426
0.9051178458965186
0.9048821558856001
0.9027272733775052
0.901010103297956
0.9093602715116559
0.9050841728846232
0.9015488221187784
0.9106060639776364
0.9090909090909091
0.9090572348748794
0.9108754191735778
0.9129292922790604
0.9054208729002211
0.9101346809454639
0.9090572408955506
0.9168350196848012
0.9134006723008975
0.9153198696146108
0.911548826429579
0.9145791289782284
0.917811449730035
0.9174410815190788
0.9204377170765039
0.9102693645641057
0.9153535360037678
0.9218855229291049
0.9150168365902371
0.9164309778598824
0.9168350226951368
0.9176094297206763
0.9194612816126659
0.917946129134207
0.9170707102977869
0.9205050540692878
0.9222222259550383
0.9239393978407888
0.9236700354200421
0.9217508459332013
0.9187542103757762
0.9212794659113643
0.9198653228355177
0.9230639747898988
0.925387209111994
0.9244781148554099
0.9237037084319375
0.925622896714644
0.9250841760876203
0.9274410804112753
0.9232659978095932
0.9247811454715151
0.9258922585333237
0.9257239085255247
0.9255218879140988
0.9277441104253134
0.9267003427852284
0.9259596003426446
0.9296296329209299
0.9301010129427669
0.9210774440958043
0.9262963003582425
0.9279124604331123
0.9282154916512846
0.9303703717511109
0.9265656633810564
0.933703707324134
0.9324579136540191
0.9326936090835417
0.9277104410258207
0.9313131348051206
0.9373400692987923
0.9366329980619026
0.9325589248628328
0.9372053892925533
0.9306060641702979
0.9311784541968143
0.9300336729396473
0.9365656604670515
0.9346801343590322
0.9323232360560485
0.9327609460763256
0.9315824948175989
0.9353535398088321
0.9343097691584115
0.9365993292644771
0.9365993304686113
0.9374747487029644
0.9357575792254824
0.9396632994064177
