2.8970996129392375
2.359566754764981
2.228751288519965
2.1026230111266626
2.025258093169241
1.9334053571778114
1.878319081633982
1.7967693914066662
1.771650367312961
1.724917512951475
1.666495113661795
1.6407835194558809
1.5781823071566494
1.5502306403535786
1.4976687214591287
1.474958021231372
1.4470127965464736
1.405105107962483
1.3953212511659874
1.3390025309842042
1.3696771378468986
1.2624656503850764
1.2783004671636253
1.2770626243918832
1.2191063418532864
1.2174176314864495
1.1856605109542306
1.15129813401386
1.1346430074084888
1.0994202879944233
1.1174604964978767
1.0703261271871702
1.0615634376352483
1.0338296998630871
0.9946962420386497
1.0358059996306295
0.996941762741166
0.9730030900300152
0.9675346534661572
0.9352270328637325
0.9309922799919591
0.9303314035589044
0.8943237740584095
0.8848598069614835
0.8585033133776501
0.8590690186529448
0.8442204203268494
0.8340754376517402
0.8303197652402551
0.8435991406440735
0.8181236109348259
0.7712143822149797
0.775315685103638
0.7737282339972679
0.7617609832021925
0.7425700769279943
0.7281973717188595
0.7228707857806274
0.7223339785229076
0.7119542167644308
0.6848546976994987
0.6976299809687065
0.6860606408480442
0.6761776184794879
0.660450643963284
0.6630178403974784
0.6668781517732023
0.6527360596440055
0.646221685590166
0.6423129686201462
0.6279590485071895
0.6267647860628186
0.6257942725311626
0.6215466257899699
0.6182768660964388
0.608473764224486
0.6050874599904725
0.5887033003147202
0.591164529925645
0.5868457549750202
0.5840634492912677
0.5560430583327708
0.5680140518780911
0.5585307295274253
0.5706780212696152
0.5490138226687306
0.5609255634775066
0.5323706055530394
0.530050475790043
0.5364139001778881
0.5236800529740073
0.5398104675490447
0.5232282973299123
0.5287305501976398
0.5222892285597445
0.5269613479725038
0.5170927372845736
0.5072210027713968
0.5037290345538746
0.4921852419472704
0.49860415013149534
0.47426508231596515
0.4974724424607826
0.47915658204242434
0.4814426995287038
0.49972706912743925
0.4829105981672653
0.48431272398341785
0.4690905926805554
0.469008804571749
0.4778520136770576
0.45552570049208824
0.45004022181636155
0.45232689139818905
0.4687824198091873
0.4511673224694801
0.4504172148728611
0.4429413029039749
0.44156943397088483
0.440873247806472
0.4585288567374451
0.43432297971513534
0.4629672919258927
0.4475170780311931
0.4465082227581679
0.43870709159157495
0.4246586061487294
0.4403610708135547
0.4327997655579538
0.43375705287914085
0.4274265007539229
0.41899020984919383
0.41958305871847906
0.4180748188736463
0.41408743310456325
0.41078387276090755
0.41579670586971323
0.4105437554494299
0.4062757338538314
0.4164056862243498
0.40995045834117466
0.4096047149764167
0.400350763340189
0.39823246092507336
0.4040378753585045
0.3876405827926867
0.3875089197447806
0.40237371066604
0.39499684084545483
0.3907936417093181
0.3733764323923323
0.3720470377893159
0.3791512533871814
0.3840234469283711
0.3824177426521224
0.38123856846130255
0.3771060223531241
0.3831755886174212
0.38403568906013413
0.3659520239541025
0.3795632473146073
0.3628229896227519
0.36565964706618376
0.36192989740708864
0.37297839889622697
0.3508279425929291
0.35763707817202867
0.3562098526292377
0.36138392834350314
0.3520585193176462
0.3551531248923504
0.35614060061146513
0.35872323193935435
0.35819283805110236
0.348981924731322
0.3500984175638719
0.3564542414564075
0.3525474824086584
0.3519918927640626
0.3436132389487642
0.35005133802240546
0.35073869080856596
0.3521177859017343
0.34640427520780853
0.3441440592510532
0.3428605039312382
0.3415532830086621
0.33403873383396804
0.3438219732106334
0.3475528832035835
0.33982809128785374
0.3298978087576953
0.3265059192975362
0.33549615198915655
0.33165569166944486
0.32916096846262616
0.33175716571735614
0.33398963179853225
0.3363059467137462
0.3324111516427512
0.32335037354267004
0.33717398089591905
0.3288956388379588
0.32210529497777574
0.33210114397183815
0.32074200053407687
0.31509173352911013
0.3310002955523404
0.3185809530092008
0.3222985475352316
0.31881115277006167
0.33116679811718486
0.3217857668195108
0.330930355973918
0.31478906249759175
0.31661484849573385
0.31310507068128296
0.3063107960753971
0.31106409565968945
0.30431440833843115
0.3067914932364165
0.31442847923196926
0.3150123517320614
0.319111979519478
0.3128663567882596
0.3142457756430212
0.30023928287655416
0.30601506401794126
0.30232045099590765
0.31016049150264624
0.3027032795879576
0.3033272499086881
0.30799505355382206
0.30121921710293703
0.3136392544315319
0.2951081306344331
0.2952646668812241
0.30538713465435335
0.29687466525068185
0.29298403663466677
0.29111572904418215
0.28248345972311617
0.2954657299048973
0.29490287752464567
0.29404287536938983
0.28520667884084916
0.2870894887230613
0.28851553857928575
0.2924665912534251
0.30669238922571895
