0.20323232373203895
0.26016834889999546
0.28882154897607937
0.3330303024161946
0.35090909145697197
0.3813131313131313
0.40282828278011745
0.41511784599284934
0.4420538710223304
0.45542087729531106
0.47215488041290127
0.4759932648051869
0.48760942497638743
0.49835016902046975
0.5140740708871321
0.5244107725042285
0.5328956228314023
0.5382491591000798
0.5560606043748181
0.5623569018913038
0.5669360260168711
0.5890572366088328
0.5817508411527884
0.5998653200539675
0.607912457049495
0.6042760953758702
0.6220538718531831
0.6285858605847214
0.6355218875287759
0.6492592559920417
0.6469360258844163
0.6520202027426826
0.6578114484295701
0.6618181804213861
0.6601346803433967
0.6773737355916187
0.6880134681258538
0.6843434355475686
0.6936026950075169
0.7013804737967674
0.6961279487369036
0.7078451171065822
0.711885523916495
0.7214478109822129
0.7302693574115483
0.727979798509617
0.7395286198818323
0.7287542067392908
0.7423232312154289
0.751919190690975
0.7485858587303547
0.7619528637992011
0.7611784501509233
0.7668013482382803
0.7641750820959458
0.7760942740873857
0.7849831629281092
0.7810437691332114
0.7917171740772748
0.7839393952880243
0.7908417516284518
0.7967340025034818
0.7988552168162182
0.8031313076163783
0.8062626267924453
0.8053872037415553
0.8057239037571531
0.8196296288509561
0.8097643075567303
0.8195959588493964
0.8234680126411746
0.8264983182001595
0.8224579107881796
0.8221885525819027
0.8280808064672682
0.8278114452506556
0.83498316401183
0.8370033647074844
0.8383164965745175
0.8442760958816066
0.8471043766146958
0.8525589234901197
0.8446127964992716
0.8509427592007801
0.8533333323218606
0.8570707073115339
0.8597643086404512
0.8533333311177264
0.8594276062165848
0.865084176111703
0.8672390580177307
0.8657239049372046
0.8657575767449658
0.8614814799241345
0.8722558924646089
0.8709090875856804
0.8704713799736716
0.8761616156558798
0.8778451163359363
0.8775084169224056
0.8720875418547428
0.8768350186974111
0.8783165005722431
0.8890572394987549
0.8832323220041063
0.8786195263718114
0.8821212131567676
0.889494948916965
0.8882154912659617
0.8876094270234156
0.8909427607902373
0.8940404033420062
0.8954545446116515
0.8951851870074417
0.8990572426054213
0.8989898983878318
0.8942760945570589
0.8912794608058352
0.8996633014293632
0.8959595952371154
0.9016835039312189
0.9006060590647688
0.9020875427458022
0.9047811452788536
0.9076767678212638
0.9066666647641346
0.9063973071599247
0.9063636383624992
0.9067003389801642
0.9070370395978292
0.918013470943528
0.9129966389049183
0.9150505059897297
0.911481484620258
0.9159932684416723
0.9170370372858915
0.91882155158303
0.9161616214598068
0.9190572409918814
0.9198989940412117
0.9204377098516985
0.9207744146838333
0.919831653436025
0.9224915871716509
0.9248484866787688
0.9231986560002722
0.9192255940100159
0.9250841803020902
0.9250168402989706
0.9240404102537367
0.9267340103785197
0.9267676809821466
0.9320538742373689
0.9330639742841624
0.9266666673650645
0.9324242478669292
0.9330976478981249
0.9314478148113597
0.9296633017183554
0.928686873479323
0.9292929323032649
0.9325252530550716
0.930505051155283
0.9340404043293963
0.9344444479605164
0.9368013498759029
0.9370707110925154
0.9380134681258538
0.9347811473740472
0.9359595974286398
0.9380471375253465
0.9399326648375
0.9358585850156919
0.9416161607010196
0.9437373738096217
0.9408754218708385
0.9437037020018606
0.9373737393003522
0.9380134699320553
0.9392255899882076
0.944040404425727
0.9402356876267327
0.9445117814372285
0.9457239057078506
0.9450841732699462
0.9463973045349121
0.9465319851432183
0.9434006737940239
0.9471717151728544
0.9456902345021566
0.947912457013371
0.9459259257172093
0.9469360215495332
0.9478787876138783
0.9486868670492461
0.9487878764518584
0.9503030253179146
0.9524242414368523
0.9528956184483538
0.9525589196368901
0.9538047108987365
0.9534006690738177
0.9494612800954568
0.9546801321434252
0.9528282820576369
0.9551178409595682
0.9500336683157719
0.9547811415460374
0.9524915790317035
0.9545791209346116
0.9503030283282502
0.9556228903808979
0.9585521829248679
0.9610774336439191
0.9573063922650886
0.9539730603044684
0.9536026884811093
0.9556228921870993
0.9581481423040833
0.9591245753596528
0.9544444403263054
0.9568350116411845
0.9615151484807333
0.9603030272204467
0.9573063964795585
0.9602693518002828
0.9592592529576234
0.9571380422572897
0.9638383773842243
0.9632659867556408
0.9608754190531644
0.9641077446215081
0.9580471371159409
0.9638383785883585
0.9629629579457369
0.9597643029810202
0.9613804678724269
0.960639724225709
0.9633669943520518
0.9628619473389904
0.9624242349104448
0.9640403985977173
0.964040397393583
0.9661952811058121
0.9646801256170177
0.9657912422912289
0.9630302979488565
0.9672053841629413
0.9627272631182815
0.9664309711167307
