2.206387519836426
1.7756952047348022
1.8512409925460815
1.5183457136154175
1.4072645902633667
1.1366362571716309
0.9820519685745239
1.0757725238800049
1.0479435920715332
0.7863466739654541
0.5687042474746704
0.5896435379981995
0.5883454084396362
0.7218607068061829
0.5435807704925537
0.6319801211357117
0.5694161653518677
0.6025298833847046
0.6727583408355713
0.5800651907920837
0.5589982867240906
0.5666597485542297
0.5501455664634705
0.2681107521057129
0.5071874856948853
0.44744163751602173
0.4879020154476166
0.5211848616600037
0.29982292652130127
0.4824675917625427
0.4688144624233246
0.43181103467941284
0.4709417223930359
0.4673061668872833
0.348010778427124
0.4682973027229309
0.36118364334106445
0.3288313150405884
0.46578311920166016
0.43225592374801636
0.42401427030563354
0.38350921869277954
0.2527952790260315
0.3085469901561737
0.5815094709396362
0.4421880841255188
0.4978202283382416
0.3274664878845215
0.3723786771297455
0.2947571277618408
0.3349355161190033
0.3256462812423706
0.30061110854148865
0.44311073422431946
0.3139597773551941
0.28003954887390137
0.3914523124694824
0.37540051341056824
0.3797420263290405
0.2523442506790161
0.27577054500579834
0.49015215039253235
0.24262818694114685
0.24645572900772095
0.3887363374233246
0.3055499792098999
0.2674441933631897
0.43043431639671326
0.26285308599472046
0.30605000257492065
0.24927940964698792
0.2881031632423401
0.33936774730682373
0.3273787200450897
0.3197525143623352
0.3678869903087616
0.26705944538116455
0.31892549991607666
0.32811713218688965
0.43294885754585266
0.24992212653160095
0.23065970838069916
0.30120140314102173
0.291454017162323
0.3675684332847595
0.21130171418190002
0.3487014174461365
0.2640151381492615
0.31803736090660095
0.2960013151168823
0.2998705208301544
0.5234187841415405
0.31898707151412964
0.4268893599510193
0.29151663184165955
0.3397311270236969
0.3144235908985138
0.3105902075767517
0.2864305377006531
0.35867083072662354
0.3407245874404907
0.3337869644165039
0.32069602608680725
0.21940460801124573
0.24070248007774353
0.4058307409286499
0.22623851895332336
0.21158212423324585
0.21173398196697235
0.25185859203338623
0.32601165771484375
0.25930696725845337
0.28758877515792847
0.21230918169021606
0.227422833442688
0.333135724067688
0.397134006023407
0.24174584448337555
0.24126887321472168
0.27928417921066284
0.2575203478336334
0.31547296047210693
0.25986313819885254
0.2618139386177063
0.20279720425605774
0.26045888662338257
0.30512046813964844
0.2947746813297272
0.3443332314491272
0.24328002333641052
0.24316462874412537
0.2383614182472229
0.2294693887233734
0.22993028163909912
0.26432761549949646
0.3012261688709259
0.2681043744087219
0.3688320517539978
0.24366644024848938
0.18462467193603516
0.21791142225265503
0.20658300817012787
0.19741709530353546
0.1734515130519867
0.2005513310432434
0.24105189740657806
0.2836557626724243
0.20673280954360962
0.19048286974430084
0.3680121600627899
0.29997822642326355
0.227347731590271
0.20258954167366028
0.3406541347503662
0.21292226016521454
0.2663690149784088
0.2375965118408203
0.348328173160553
0.4117015302181244
0.23903265595436096
0.1937510073184967
0.25119712948799133
0.23091229796409607
0.2501172721385956
0.276056170463562
0.2154562622308731
0.2261544167995453
0.19661082327365875
0.19617682695388794
0.2197236269712448
0.24903617799282074
0.25077319145202637
0.22471465170383453
0.2317432165145874
0.3153851628303528
0.2633228600025177
0.26508352160453796
0.2504255175590515
0.266520231962204
0.24798843264579773
0.24074819684028625
0.18621397018432617
0.22090105712413788
0.20685531198978424
0.18897709250450134
0.21423952281475067
0.15894097089767456
0.20315021276474
0.22581428289413452
0.18405698239803314
0.26930737495422363
0.1594884693622589
0.19256839156150818
0.1676347255706787
0.182209312915802
0.20833571255207062
0.17560777068138123
0.25466975569725037
0.32767409086227417
0.2132539451122284
0.3290095329284668
0.20334994792938232
0.18670225143432617
0.24972763657569885
0.2294454127550125
0.20027586817741394
0.17583343386650085
0.15265421569347382
0.23080380260944366
0.20056650042533875
0.17347419261932373
0.22954753041267395
0.19974860548973083
0.21177127957344055
0.2773239016532898
0.17094780504703522
0.26730120182037354
0.2026669681072235
0.23032954335212708
0.22208978235721588
0.19679215550422668
0.22969666123390198
0.1708114743232727
0.20790651440620422
0.18356364965438843
0.19241246581077576
0.19365832209587097
0.1684906780719757
0.1755068004131317
0.17645511031150818
0.21622183918952942
0.2113177627325058
0.17051804065704346
0.21373480558395386
0.3094625473022461
0.20075492560863495
0.2088412046432495
0.28252455592155457
0.19636699557304382
0.18646958470344543
0.18294286727905273
0.18309876322746277
0.1512564867734909
0.18295423686504364
0.19348980486392975
0.36264026165008545
0.1568031907081604
0.23407641053199768
0.20942847430706024
0.21757718920707703
0.140211820602417
0.17378723621368408
0.17035162448883057
0.16331923007965088
0.18629950284957886
0.18642942607402802
0.2653632164001465
0.217290997505188
0.25483188033103943
0.1950162649154663
0.19975310564041138
0.25695565342903137
0.14165261387825012
0.27135106921195984
0.1753256618976593
0.2742944359779358
0.2064228355884552
0.19367021322250366
0.19153529405593872
0.17835679650306702
0.13821293413639069
0.17843535542488098
0.230884850025177
0.23102596402168274
0.18757572770118713
0.23232343792915344
0.1924196481704712
0.2563883364200592
0.20786742866039276
0.20254342257976532
0.22848287224769592
0.249916672706604
0.14339931309223175
0.20943443477153778
0.2554793655872345
0.16860680282115936
0.1752200424671173
0.21604272723197937
0.22059476375579834
0.22380252182483673
0.15113382041454315
0.18463101983070374
0.18200644850730896
0.24624551832675934
0.1657278835773468
0.15094181895256042
0.16053323447704315
0.16235116124153137
0.22078251838684082
0.17193885147571564
0.22170986235141754
0.195027157664299
0.19574828445911407
0.18457987904548645
0.18530645966529846
0.23338526487350464
0.1597476452589035
0.16367104649543762
0.170693039894104
0.17641738057136536
0.1520986557006836
0.20551438629627228
0.18186771869659424
0.14649629592895508
0.18060889840126038
0.2124156355857849
0.20410335063934326
0.2534487843513489
0.18484622240066528
0.1640768051147461
0.14750519394874573
0.20869113504886627
0.16280874609947205
0.18825317919254303
0.20669710636138916
0.2099185585975647
0.20331378281116486
0.23349665105342865
0.18312910199165344
0.2441268414258957
0.17310519516468048
0.13991181552410126
0.25500723719596863
0.1986146718263626
0.14302214980125427
0.22071868181228638
0.24808499217033386
0.3072551488876343
0.15278483927249908
0.1495741754770279
0.17239998281002045
0.20231181383132935
0.1587652862071991
0.1911514848470688
0.1756819635629654
0.18820753693580627
0.21120789647102356
0.2123158723115921
0.20135486125946045
0.1846732199192047
0.2040950059890747
0.19628176093101501
0.1698872447013855
0.3154297471046448
0.16445225477218628
0.17624670267105103
0.19599194824695587
0.1859779953956604
0.20627833902835846
0.206119105219841
0.16705071926116943
0.16363662481307983
0.20023486018180847
0.2786945402622223
0.23186762630939484
0.14113566279411316
0.16842058300971985
0.20345374941825867
0.2298063337802887
0.178251713514328
0.24058231711387634
0.2017069309949875
0.20098111033439636
0.16377875208854675
0.19892340898513794
0.1655663102865219
0.21925659477710724
0.16902455687522888
0.2023485153913498
0.20039668679237366
0.17726238071918488
0.16827887296676636
0.22769352793693542
0.17906630039215088
0.15646521747112274
0.17240291833877563
0.19856272637844086
0.16703639924526215
0.16354914009571075
0.17224179208278656
0.1762244701385498
0.21755772829055786
0.16682115197181702
0.15027819573879242
0.20241960883140564
0.1933838129043579
0.23101812601089478
0.14018601179122925
0.1544838845729828
0.19787323474884033
0.17332255840301514
0.15665587782859802
0.20453301072120667
0.25094175338745117
0.1842084527015686
0.21361947059631348
0.19293299317359924
0.16904303431510925
0.19084662199020386
0.13744525611400604
0.19996893405914307
0.18143801391124725
0.13959230482578278
0.21393930912017822
0.17357534170150757
0.24936984479427338
0.15352842211723328
0.1522531509399414
0.17595410346984863
0.16377538442611694
0.15838824212551117
0.20646363496780396
0.15597766637802124
0.17538750171661377
0.17473363876342773
0.20122388005256653
0.1426573097705841
0.1861027181148529
0.15634998679161072
0.16695374250411987
0.14105282723903656
0.15503710508346558
0.16128882765769958
0.17965392768383026
0.1739434003829956
0.187846377491951
0.14944763481616974
0.16954286396503448
0.1526203155517578
0.15961170196533203
0.1994623839855194
0.1416810005903244
0.16425082087516785
0.15596097707748413
0.1836165487766266
0.12999342381954193
0.18633374571800232
0.22057199478149414
0.1526590883731842
0.1419793963432312
0.13383053243160248
0.1573648899793625
0.14152809977531433
0.1669553816318512
0.19326302409172058
0.21111701428890228
0.15318091213703156
0.17447134852409363
0.1608182191848755
0.19949103891849518
0.12602320313453674
0.1537601798772812
0.20349915325641632
0.18519431352615356
0.1204075962305069
0.186355322599411
0.15795032680034637
0.1645979881286621
0.23826757073402405
0.15383535623550415
0.1806783676147461
0.20449146628379822
0.16099339723587036
0.13851268589496613
0.15706969797611237
0.1566939651966095
0.15979444980621338
0.18719245493412018
0.17764806747436523
0.19299733638763428
0.1397610753774643
0.19889238476753235
0.13351473212242126
0.1368500292301178
0.13526521623134613
0.18416929244995117
0.1689801812171936
0.14336898922920227
0.20408236980438232
0.14127317070960999
0.1786969155073166
0.13238775730133057
0.19026301801204681
0.15877020359039307
0.15009629726409912
0.17284294962882996
0.1563137173652649
0.15824688971042633
0.14286643266677856
0.25692957639694214
0.16698086261749268
0.16325123608112335
0.15384511649608612
0.17036741971969604
0.14997178316116333
0.17697417736053467
0.17423009872436523
0.14397405087947845
0.1458280086517334
0.2139028161764145
0.17662496864795685
0.20662905275821686
0.13122069835662842
0.185390442609787
0.16211093962192535
0.18203295767307281
0.16515031456947327
0.15149877965450287
0.16397559642791748
0.17571485042572021
0.1788249909877777
0.20144642889499664
0.13695460557937622
0.13249070942401886
0.14883314073085785
0.16694414615631104
0.21178829669952393
0.1502847671508789
0.17573581635951996
0.16405439376831055
0.22402754426002502
0.13622550666332245
0.15776337683200836
0.18727457523345947
0.1622716635465622
0.17868715524673462
0.1678638756275177
0.16402289271354675
0.1367073655128479
0.17406049370765686
0.15968891978263855
0.13114087283611298
0.15125611424446106
0.17812660336494446
0.15584330260753632
0.1469898521900177
0.16378574073314667
0.13805951178073883
0.17823418974876404
0.1761510819196701
0.1714179366827011
0.15343117713928223
0.18986457586288452
0.16594547033309937
0.15114831924438477
0.17158600687980652
0.13697536289691925
0.18639087677001953
0.13142509758472443
0.17652827501296997
0.17915838956832886
0.21926552057266235
0.18830010294914246
0.1411771923303604
0.16195783019065857
0.16931167244911194
0.19409087300300598
0.16311216354370117
0.1831987202167511
0.14014576375484467
0.18319256603717804
0.1755613535642624
0.18599869310855865
0.15609043836593628
0.2509016990661621
0.15576758980751038
0.19353047013282776
0.196677565574646
0.1642819046974182
0.1517786979675293
0.1728435754776001
0.1582336276769638
0.17014867067337036
0.20737075805664062
0.16827274858951569
0.14713367819786072
0.20426642894744873
0.1602499783039093
0.15302209556102753
0.20999234914779663
0.19310158491134644
0.15368656814098358
0.16871628165245056
0.1342676430940628
0.16825425624847412
0.13480433821678162
0.14289546012878418
0.21503180265426636
0.1657569855451584
0.1935502141714096
0.1694050431251526
0.19397711753845215
0.166905015707016
0.17343296110630035
0.13436847925186157
0.1625482141971588
0.21542122960090637
0.13920368254184723
0.13171382248401642
0.15382660925388336
0.1533040702342987
0.16968059539794922
0.1367594450712204
0.1612415909767151
0.1611906886100769
0.15824531018733978
0.15732693672180176
0.12718826532363892
0.15875162184238434
0.16638991236686707
0.15034209191799164
0.20907652378082275
0.12649661302566528
0.18903464078903198
0.2341393083333969
0.19340863823890686
0.20833787322044373
0.20434582233428955
0.16517016291618347
0.1806929111480713
0.1723994016647339
0.18883894383907318
0.15237751603126526
0.1487518697977066
0.15365608036518097
0.17896384000778198
0.14417332410812378
0.18137258291244507
0.15915268659591675
0.19846755266189575
0.17820501327514648
0.16265968978405
0.17447422444820404
0.13172706961631775
0.13110190629959106
0.18713808059692383
0.16187229752540588
0.1967242956161499
0.15673892199993134
0.14456118643283844
0.1821311116218567
0.16718411445617676
0.1558675616979599
0.1508389711380005
0.18775223195552826
0.1644883155822754
0.14423638582229614
0.1691826581954956
0.1215725690126419
0.23785936832427979
0.20376844704151154
0.15999412536621094
0.14882944524288177
0.1992431879043579
0.1439225971698761
0.2119366079568863
0.14465509355068207
0.16277071833610535
0.15239712595939636
0.1336178183555603
0.1497739851474762
0.20419582724571228
0.1407639980316162
0.17751151323318481
0.15987202525138855
0.16398613154888153
0.18162691593170166
0.15286540985107422
0.1392766535282135
0.12748408317565918
0.15885481238365173
0.13262975215911865
0.22507183253765106
0.18803276121616364
0.12775492668151855
0.15524587035179138
0.14533939957618713
0.14977620542049408
0.1648867428302765
0.14254948496818542
0.20405223965644836
0.14310869574546814
0.13981106877326965
0.14584802091121674
0.13861268758773804
0.13602674007415771
0.1774992197751999
0.15539780259132385
0.2204967439174652
0.13741663098335266
0.13889741897583008
0.14691142737865448
0.17913025617599487
0.17314985394477844
0.16550421714782715
0.1638869345188141
0.16685760021209717
0.16460418701171875
0.15234427154064178
0.1829381138086319
0.19555234909057617
0.20600733160972595
0.2157684564590454
0.2117927223443985
0.1275930553674698
0.12384983897209167
0.12618902325630188
0.1651935577392578
0.14403994381427765
0.15113858878612518
0.1570022702217102
0.14583340287208557
0.1739400029182434
0.2848845422267914
0.15175852179527283
0.15466347336769104
0.1410440355539322
0.16079257428646088
0.1336500197649002
0.16095730662345886
0.1429472714662552
0.15777826309204102
0.13351669907569885
0.18049933016300201
0.1323859840631485
0.19843658804893494
0.12071803957223892
0.153885617852211
0.17938068509101868
0.18261368572711945
0.13744039833545685
0.14255017042160034
0.15251359343528748
0.16208957135677338
0.16676630079746246
0.14112356305122375
0.1642841100692749
0.14909639954566956
0.13783827424049377
0.18620464205741882
0.134257972240448
0.18373572826385498
0.13070841133594513
0.13796383142471313
0.16363346576690674
0.1296582669019699
0.12910473346710205
0.22418063879013062
0.14283442497253418
0.15574252605438232
0.14965561032295227
0.14654600620269775
0.15329182147979736
0.12345117330551147
0.1758660078048706
0.13596028089523315
0.1633162498474121
0.12567323446273804
0.13300999999046326
0.1329522728919983
0.15656396746635437
0.1373976767063141
0.13634788990020752
0.154290571808815
0.1247294470667839
0.14061607420444489
0.212009996175766
0.17261098325252533
0.12518900632858276
0.15523941814899445
0.14931610226631165
0.13554593920707703
0.11773264408111572
0.1921125054359436
0.1511804610490799
0.15886341035366058
0.14376844465732574
0.15826818346977234
0.13196074962615967
0.14196541905403137
0.1489604413509369
0.15120893716812134
0.1858639270067215
0.12701377272605896
0.15904398262500763
0.18453922867774963
0.2658439576625824
0.1329362988471985
0.15752187371253967
0.12343955039978027
0.1447100192308426
0.15202929079532623
0.19136011600494385
0.14164233207702637
0.1341109573841095
0.1656472235918045
0.14784452319145203
0.13363733887672424
0.13208432495594025
0.11036660522222519
0.13600656390190125
0.1345767080783844
0.13479848206043243
0.16283497214317322
0.1521410197019577
0.12916254997253418
0.18470382690429688
0.14427946507930756
0.1450372189283371
0.14205706119537354
0.13052265346050262
0.13415788114070892
0.13767565786838531
0.13210108876228333
0.14277230203151703
0.13878828287124634
0.17799487709999084
0.13436923921108246
0.16479671001434326
0.14394812285900116
0.13282513618469238
0.11391685158014297
0.14637960493564606
0.11752833425998688
0.14762379229068756
0.15483956038951874
0.129278302192688
0.1530677080154419
0.13436448574066162
0.1258535534143448
0.17611585557460785
0.17106053233146667
0.1840483546257019
0.23427438735961914
0.15238456428050995
0.13457858562469482
0.12513293325901031
0.1703645884990692
0.14061638712882996
0.17760556936264038
0.1379385143518448
0.15108731389045715
0.1622084677219391
0.14413467049598694
0.1672559529542923
0.12560853362083435
0.13751837611198425
0.17870059609413147
0.1536673605442047
0.1566665917634964
0.13684312999248505
0.162436842918396
0.13034842908382416
0.1645263135433197
0.17174392938613892
0.16205890476703644
0.18380028009414673
0.16318833827972412
0.17942965030670166
0.13547919690608978
0.17173753678798676
0.13453654944896698
0.1669948399066925
0.16471946239471436
0.13744071125984192
0.12233265489339828
0.15650884807109833
0.20973387360572815
0.16448113322257996
0.13420522212982178
0.15263979136943817
0.1675926297903061
0.13109377026557922
0.1661415696144104
0.12620563805103302
0.13036489486694336
0.16601164638996124
0.13934317231178284
0.13534429669380188
0.20671826601028442
0.13384036719799042
0.12911154329776764
0.1435793787240982
0.23419326543807983
0.15566909313201904
0.2387489378452301
0.13412097096443176
0.13661208748817444
0.1485188901424408
0.12422486394643784
0.12443671375513077
0.15414999425411224
0.19744448363780975
0.1613520085811615
0.1368560791015625
0.13464301824569702
0.17276829481124878
0.1636599898338318
0.1379651427268982
0.14652937650680542
0.12408387660980225
0.13468009233474731
0.146693617105484
0.1442084014415741
0.1454048752784729
0.14281533658504486
0.1398564875125885
0.13047897815704346
0.17809075117111206
0.1343366652727127
0.1500871628522873
0.18217775225639343
0.16079318523406982
0.13335515558719635
0.1342809796333313
0.1454097032546997
0.13925614953041077
0.14617319405078888
0.12675032019615173
0.14086796343326569
0.16539442539215088
0.17315800487995148
0.14564140141010284
0.1323314756155014
0.14634478092193604
0.14424657821655273
0.12525005638599396
0.14247801899909973
0.14777781069278717
0.14200198650360107
0.2516353130340576
0.13892598450183868
0.12779176235198975
0.13803519308567047
0.13521042466163635
0.15255309641361237
0.12862932682037354
0.1396072953939438
0.19097915291786194
0.18291759490966797
0.1340693235397339
0.14965103566646576
0.1592424213886261
0.14638394117355347
0.134841650724411
0.1420157551765442
0.14652596414089203
0.12330077588558197
0.14148837327957153
0.14020898938179016
0.1771361231803894
0.1463676244020462
0.12420960515737534
0.14735080301761627
0.11833959072828293
0.16661681234836578
0.17899048328399658
0.13728347420692444
0.13000640273094177
0.17844447493553162
0.13451288640499115
0.1333031952381134
0.142140194773674
0.14051643013954163
0.14437703788280487
0.15407970547676086
0.16254177689552307
0.1915987730026245
0.128994420170784
0.11710809171199799
0.14199167490005493
0.152350515127182
0.12349169701337814
0.13912108540534973
0.17472031712532043
0.13600222766399384
0.1440882533788681
0.11816057562828064
0.17076757550239563
0.12464720010757446
0.135951966047287
0.1308903992176056
0.14254958927631378
0.13762159645557404
0.1073443815112114
0.13257715106010437
0.12295479327440262
0.1734583079814911
0.1493823379278183
0.11200308054685593
0.1322253942489624
0.14546023309230804
0.13347463309764862
0.11634625494480133
0.20585738122463226
0.12881970405578613
0.14808416366577148
0.13579516112804413
0.12933576107025146
0.15433397889137268
0.15873458981513977
0.117441326379776
0.13212592899799347
0.12419752776622772
0.14765436947345734
0.13970878720283508
0.12024980783462524
0.13693547248840332
0.14220547676086426
0.16278445720672607
0.13775935769081116
0.13764120638370514
0.13435764610767365
0.14014694094657898
0.1485799252986908
0.12570932507514954
0.1624256819486618
0.11879527568817139
0.13165278732776642
0.14912354946136475
0.19543039798736572
0.1295684278011322
0.18180540204048157
0.13004711270332336
0.15795233845710754
0.1103379875421524
0.12042392790317535
0.12440738081932068
0.13396136462688446
0.13898199796676636
0.14412596821784973
0.12842419743537903
0.1846027970314026
0.1489570140838623
0.14770489931106567
0.1221194639801979
0.1405463069677353
0.1295352280139923
0.20536556839942932
0.14618080854415894
0.1613728106021881
0.14211226999759674
0.12953901290893555
0.14301705360412598
0.1647249460220337
0.15933898091316223
0.14089186489582062
0.13612912595272064
0.16999125480651855
0.14288993179798126
0.1403161734342575
0.14921368658542633
0.166988343000412
0.1174483448266983
0.12704943120479584
0.1414583921432495
0.13918402791023254
0.1650530993938446
0.11603186279535294
0.14674392342567444
0.1273728758096695
0.1347150206565857
0.13610300421714783
0.14114730060100555
0.13883431255817413
0.15552890300750732
0.132292240858078
0.13131146132946014
0.12702232599258423
0.1277928650379181
0.15786202251911163
0.17620529234409332
0.16176454722881317
0.1227940022945404
0.1265806406736374
0.11120346188545227
0.1686231791973114
0.1330404132604599
0.1226455569267273
0.13248954713344574
0.1484876275062561
0.113605797290802
0.12891969084739685
0.132726788520813
0.14182475209236145
0.12242989242076874
0.1332569271326065
0.14481273293495178
0.11833515018224716
0.14204740524291992
0.17250299453735352
0.14484551548957825
0.16623371839523315
0.1298920214176178
0.14020010828971863
0.13550451397895813
0.17690345644950867
0.12698359787464142
0.15276727080345154
0.14384722709655762
0.128277987241745
0.12117435783147812
0.12100030481815338
0.12025125324726105
0.13694818317890167
0.11773360520601273
0.12180057168006897
0.14906096458435059
0.1744331419467926
0.11903215199708939
0.14071452617645264
0.1233452633023262
0.11486701667308807
0.13582691550254822
0.16947318613529205
0.13433551788330078
0.13433679938316345
0.11875467747449875
0.12921588122844696
0.2365325689315796
0.12155887484550476
0.1070304661989212
0.13983029127120972
0.12714438140392303
0.18920226395130157
0.12502583861351013
0.12837670743465424
0.13962268829345703
0.13865061104297638
0.11425032466650009
0.15295293927192688
0.12014283239841461
0.13996168971061707
0.15467628836631775
0.12042518705129623
0.11537561565637589
0.1390661746263504
0.14491531252861023
0.12117161601781845
0.1425468921661377
0.13351617753505707
0.17671072483062744
0.17885208129882812
0.13945138454437256
0.14934541285037994
0.1798343062400818
0.13149425387382507
0.12842461466789246
0.1567099392414093
0.13939255475997925
0.14548729360103607
0.1672380268573761
0.1820283681154251
0.2026795744895935
0.14739181101322174
0.13165727257728577
0.1196448877453804
0.14271897077560425
0.12059355527162552
0.14478759467601776
0.12621846795082092
0.1597222089767456
0.1581333577632904
0.17950579524040222
0.1375238001346588
0.12740764021873474
0.1342797428369522
0.15470176935195923
0.18515466153621674
0.17695516347885132
0.12532496452331543
0.12136436998844147
0.11221908032894135
0.13726070523262024
0.12338292598724365
0.12535379827022552
0.11631347984075546
0.11997546255588531
0.147096186876297
0.1336582899093628
0.16251254081726074
0.16639310121536255
0.17612001299858093
0.12961000204086304
0.14514677226543427
0.12532371282577515
0.11729684472084045
0.11476226896047592
0.12038201093673706
0.1672646850347519
0.1085616797208786
0.11916680634021759
0.19333374500274658
0.15035435557365417
0.11594362556934357
0.12374947220087051
0.131243035197258
0.13510800898075104
0.12428107112646103
0.13850757479667664
0.10844289511442184
0.11625047028064728
0.12472976744174957
0.12347808480262756
0.11716431379318237
0.23180118203163147
0.13324818015098572
0.16349712014198303
0.1256181001663208
0.2021067887544632
0.1523420810699463
0.13423630595207214
0.12273747473955154
0.1273031234741211
0.1171937808394432
0.12757107615470886
0.12013503909111023
0.15761011838912964
0.12978491187095642
0.14762088656425476
0.11714260280132294
0.13206186890602112
0.13850104808807373
0.11702641099691391
0.11683538556098938
0.12315060198307037
0.11593890935182571
0.15596753358840942
0.11791966110467911
0.12224012613296509
0.13470935821533203
0.13330078125
0.11567714065313339
0.12107781320810318
0.15917569398880005
0.1446552872657776
0.16554555296897888
0.1393873393535614
0.12630289793014526
0.15271788835525513
0.1682702600955963
0.1193448007106781
0.1176593154668808
0.11691442131996155
0.13733407855033875
0.14362674951553345
0.16682326793670654
0.1845012903213501
0.15074937045574188
0.12264672666788101
0.1402270793914795
0.1454920619726181
0.11048316955566406
0.12651368975639343
0.14060735702514648
0.11278977990150452
0.2449478805065155
0.1227346658706665
0.1260979324579239
0.16538193821907043
0.10992396622896194
0.12821754813194275
0.15819495916366577
0.12423806637525558
0.11807332187891006
0.21399033069610596
0.1432831585407257
0.15517231822013855
0.12619832158088684
0.1492990255355835
0.11420685052871704
0.13694806396961212
0.1541113555431366
0.12505652010440826
0.12040998786687851
0.12339664250612259
0.11453360319137573
0.1439523547887802
0.1319592297077179
0.15923546254634857
0.13508616387844086
0.11320096254348755
0.12590080499649048
0.1387684941291809
0.14865848422050476
0.18547505140304565
0.12317401170730591
0.13167300820350647
0.11390326917171478
0.13773149251937866
0.11622484773397446
0.18032385408878326
0.11276361346244812
0.1555924117565155
0.1675530970096588
0.1451757401227951
0.12824147939682007
0.141801118850708
0.12696164846420288
0.12940488755702972
0.12146981060504913
0.1523049771785736
0.16392813622951508
0.18338443338871002
0.1251467764377594
0.11888408660888672
0.13117918372154236
0.12511788308620453
0.14055779576301575
0.10902710258960724
0.11728833615779877
0.1311424970626831
0.1373838484287262
0.17091497778892517
0.12489020079374313
0.11527900397777557
0.1385831981897354
0.13680313527584076
0.15856659412384033
0.16015882790088654
0.11996704339981079
0.12976235151290894
0.12829084694385529
0.13067086040973663
0.1256931722164154
0.11104687303304672
0.15030339360237122
0.13028353452682495
0.13667310774326324
0.14955449104309082
0.13111737370491028
0.15041592717170715
0.12466129660606384
0.12154780328273773
0.12249317020177841
0.14895030856132507
0.11980509757995605
0.11662507802248001
0.11222224682569504
0.13025912642478943
0.12033067643642426
0.11964273452758789
0.1120498925447464
0.1502341628074646
0.14793702960014343
0.1353493630886078
0.12695246934890747
0.14710773527622223
0.14686961472034454
0.12272188812494278
0.11129101365804672
0.10752256959676743
0.10493280738592148
0.13088014721870422
0.11850930005311966
0.11271999031305313
0.1170511394739151
0.13361123204231262
0.13995423913002014
0.16631561517715454
0.11314281821250916
0.1303829550743103
0.1259460598230362
0.10986478626728058
0.15698234736919403
0.1612606793642044
0.13481441140174866
0.16642078757286072
0.13069455325603485
0.12448546290397644
0.16046705842018127
0.1301153600215912
0.14928261935710907
0.10811851918697357
0.1109456941485405
0.16302821040153503
0.15469759702682495
0.1459299921989441
0.220620259642601
0.12620852887630463
0.10689947754144669
0.1478801965713501
0.1545836329460144
0.11977235972881317
0.1141999140381813
0.14839032292366028
0.11582129448652267
0.1127009242773056
0.1257820725440979
0.12079726159572601
0.1278144121170044
0.1397937536239624
0.13412825763225555
0.10819670557975769
0.11303048580884933
0.12228883057832718
0.11373382806777954
0.1275007426738739
0.18385478854179382
0.11227597296237946
0.10250689089298248
0.10590050369501114
0.15397626161575317
0.10388568043708801
0.12334637343883514
0.11007902026176453
0.1497112512588501
0.12064933776855469
0.11107593029737473
0.11010254174470901
0.19914907217025757
0.15020185708999634
0.1581571102142334
0.16120225191116333
0.17291375994682312
0.11225072294473648
0.15305858850479126
0.18688789010047913
0.12057629227638245
0.1371128261089325
0.12616591155529022
0.1213391050696373
0.1292053908109665
0.11066076159477234
0.12377554923295975
0.1257781982421875
0.1190355122089386
0.20077762007713318
0.1257060170173645
0.11011636257171631
0.1300407201051712
0.13239175081253052
0.11857091635465622
0.1311204731464386
0.10941681265830994
0.14680780470371246
0.13323061168193817
0.12644317746162415
0.12327893823385239
0.1508171558380127
0.1485186517238617
0.11113151162862778
0.13459894061088562
0.12683583796024323
0.11133774369955063
0.13020123541355133
0.10375893115997314
0.1635376662015915
0.10296790301799774
0.11368583142757416
0.12736842036247253
0.13593557476997375
0.12941376864910126
0.12683042883872986
0.11204766482114792
0.1407049596309662
0.13804972171783447
0.14988183975219727
0.10485202819108963
0.12601593136787415
0.14081966876983643
0.11011507362127304
0.12704825401306152
0.10774721205234528
0.15745513141155243
0.14784054458141327
0.12254476547241211
0.1412028670310974
0.12650127708911896
0.1172080934047699
0.1477925330400467
0.12477056682109833
0.12222886085510254
0.11778126657009125
0.11312224715948105
0.12758657336235046
0.15236492455005646
0.2324761003255844
0.12308098375797272
0.1166364774107933
0.12958060204982758
0.13662534952163696
0.13321618735790253
0.12755869328975677
0.10859434306621552
0.15712444484233856
0.11709026247262955
0.1287246197462082
0.12680575251579285
0.1280548870563507
0.12458397448062897
0.12392616271972656
0.13630151748657227
0.15142345428466797
0.1087975800037384
0.119107186794281
0.13834711909294128
0.14534442126750946
0.1106579601764679
0.12133133411407471
0.12789107859134674
0.12281554937362671
0.11592376977205276
0.11087583005428314
0.1278325617313385
0.1177370622754097
0.12483054399490356
0.1283647119998932
0.15193305909633636
0.13712623715400696
0.1277107298374176
0.14960084855556488
0.16310681402683258
0.12752030789852142
0.12191759049892426
0.1389300525188446
0.10806486010551453
0.14518265426158905
0.12728826701641083
0.13079020380973816
0.11952442675828934
0.18902327120304108
0.15697288513183594
0.14328837394714355
0.14039093255996704
0.1456550657749176
0.14820826053619385
0.12474566698074341
0.10852669179439545
0.14930075407028198
0.12090562283992767
0.14168959856033325
0.14188572764396667
0.11160660535097122
0.11610157787799835
0.11802373826503754
0.12106706202030182
0.13678056001663208
0.11807466298341751
0.11381617188453674
0.13708284497261047
0.10786843299865723
0.12654763460159302
0.11427666246891022
0.10710503160953522
0.1305467039346695
0.13956157863140106
0.10697878152132034
0.11580275744199753
0.1400887370109558
0.10800687968730927
0.11592832952737808
0.12479275465011597
0.12627246975898743
0.14507094025611877
0.1214231476187706
0.15999695658683777
0.11809876561164856
0.13283193111419678
0.12873148918151855
0.12783947587013245
0.1312916874885559
0.11058370769023895
0.12726345658302307
0.12593984603881836
0.14168524742126465
0.10861989110708237
0.13112080097198486
0.14336861670017242
0.11256157606840134
0.11481188982725143
0.11297105252742767
0.14594225585460663
0.12047471106052399
0.12905482947826385
0.11287663877010345
0.1446221023797989
0.12172018736600876
0.13169828057289124
0.12043106555938721
0.12274716049432755
0.14896206557750702
0.1301112174987793
0.10742081701755524
0.14887197315692902
0.12167206406593323
0.12122121453285217
0.10792604833841324
0.12216050922870636
0.12154337763786316
0.12331822514533997
0.10991992801427841
0.15350975096225739
0.12124685943126678
0.12340642511844635
0.1292857676744461
0.11225243657827377
0.10585053265094757
0.12697163224220276
0.11570395529270172
0.1128503605723381
0.10748369991779327
0.11985716223716736
0.13416120409965515
0.12471023201942444
0.1266535222530365
0.13698557019233704
0.11270062625408173
0.12007395923137665
0.11824098229408264
0.116943359375
0.1496492624282837
0.13189831376075745
0.12111841142177582
0.12479223310947418
0.10787443816661835
0.11888106167316437
0.1245049387216568
0.1060224175453186
0.1176920235157013
0.10523520410060883
0.12590816617012024
0.11877118796110153
0.12607653439044952
0.14200648665428162
0.12572886049747467
0.12470170855522156
0.1279374063014984
0.13683007657527924
0.1403193324804306
0.14135408401489258
0.11642074584960938
0.10365708917379379
0.11530980467796326
0.1419142633676529
0.14798028767108917
0.11233785003423691
0.12870758771896362
0.13996608555316925
0.1581290066242218
0.12771247327327728
0.13399817049503326
0.1298840045928955
0.13288871943950653
0.11309366673231125
0.1214170977473259
0.13619637489318848
0.12462876737117767
0.14850464463233948
0.11838269978761673
0.12513229250907898
0.11236599087715149
0.11168745905160904
0.13022373616695404
0.13382475078105927
0.1418621987104416
0.14820411801338196
0.10645303130149841
0.10996240377426147
0.11105360090732574
0.1493653506040573
0.14170056581497192
0.1299811601638794
0.11765764653682709
0.13078413903713226
0.10904368758201599
0.166222482919693
0.20092710852622986
0.12162845581769943
0.10949107259511948
0.10465329885482788
0.11506740748882294
0.13481085002422333
0.1251431703567505
0.10624099522829056
0.13598915934562683
0.12300252914428711
0.11271311342716217
0.1399378925561905
0.11847720295190811
0.12200602889060974
0.12116198986768723
0.20186832547187805
0.11438548564910889
0.16981711983680725
0.11666722595691681
0.1113482266664505
0.11130265146493912
0.1148986741900444
0.11666501313447952
0.10470753908157349
0.12971320748329163
0.12653659284114838
0.115504689514637
0.1616668701171875
0.13187682628631592
0.10715536028146744
0.10912076383829117
0.154483824968338
0.14848211407661438
0.1314903199672699
0.13013751804828644
0.10762141644954681
0.12474750727415085
0.11823360621929169
0.11887023597955704
0.15019090473651886
0.1036948412656784
0.1476508527994156
0.11729505658149719
0.1136796772480011
0.10954762250185013
0.11009299010038376
0.11896660178899765
0.13229165971279144
0.10402977466583252
0.1613488495349884
0.12577617168426514
0.11374425888061523
0.12565308809280396
0.1254468560218811
0.12557660043239594
0.1644383668899536
0.13922560214996338
0.13846641778945923
0.10813623666763306
0.12881308794021606
0.17370536923408508
0.19455327093601227
0.15154308080673218
0.12744945287704468
0.11398182809352875
0.14019474387168884
0.12009543180465698
0.12619218230247498
0.11594533175230026
0.10923333466053009
0.12658706307411194
0.11560805141925812
0.10834644734859467
0.11071696877479553
0.1176486611366272
0.12434092909097672
0.13452370464801788
0.10957157611846924
0.171560600399971
0.11528197675943375
0.12301917374134064
0.17325787246227264
0.13136465847492218
0.13520857691764832
0.11807890236377716
0.1397714614868164
0.10809919238090515
0.1099235787987709
0.14797383546829224
0.1894054114818573
0.12206631898880005
0.18531537055969238
0.1220734491944313
0.10950356721878052
0.12624923884868622
0.11858392506837845
0.16305255889892578
0.10999119281768799
0.1181258037686348
0.14930099248886108
0.14634549617767334
0.1182793378829956
0.11215487122535706
0.1243942379951477
0.13541384041309357
0.11696337163448334
0.13751809298992157
0.12494507431983948
0.1281103938817978
0.12407733500003815
0.136977881193161
0.14602026343345642
0.12026295065879822
0.1366465985774994
0.11894947290420532
0.11759957671165466
0.20072290301322937
0.10901160538196564
0.10324905812740326
0.12547580897808075
0.14768125116825104
0.1548752784729004
0.11767660081386566
0.15748026967048645
0.12812761962413788
0.13773132860660553
0.13769406080245972
0.10592372715473175
0.11832104623317719
0.11679963767528534
0.13198646903038025
0.12498239427804947
0.14058490097522736
0.14308060705661774
0.128396138548851
0.09605524688959122
0.11407269537448883
0.11696121096611023
0.14115765690803528
0.12234018743038177
0.10453023761510849
0.1067270040512085
0.12645307183265686
0.1109856367111206
0.12929868698120117
0.16591443121433258
0.11117291450500488
0.1174929291009903
0.1260402500629425
0.1436977982521057
0.15778063237667084
0.13584007322788239
0.1282089799642563
0.10775002092123032
0.11874452233314514
0.18638429045677185
0.12561602890491486
0.11518830060958862
0.11661098897457123
0.13583922386169434
0.11921889334917068
0.117683045566082
0.1536644995212555
0.12181252986192703
0.19221308827400208
0.12310478091239929
0.11087945848703384
0.11769375205039978
0.1459134966135025
0.11092711985111237
0.1638898253440857
0.13702762126922607
0.12037607282400131
0.11696958541870117
0.11704712361097336
0.14436344802379608
0.16593080759048462
0.11673834174871445
0.15833953022956848
0.11858633160591125
0.15634624660015106
0.11485911905765533
0.17434504628181458
0.12944267690181732
0.17213182151317596
0.14231427013874054
0.1525515466928482
0.1683342158794403
0.17584294080734253
0.15575279295444489
0.14622288942337036
0.12190856784582138
0.11050061881542206
0.1290891170501709
0.20724911987781525
0.11970320343971252
0.10752421617507935
0.12552180886268616
0.13199028372764587
0.11029335111379623
0.13547132909297943
0.10608860105276108
0.12887786328792572
0.11210774630308151
0.11092445999383926
0.11546947807073593
0.1172717809677124
0.11155068874359131
0.1334625780582428
0.09968878328800201
0.11924859136343002
0.12783892452716827
0.10868258774280548
0.1195315271615982
0.14020639657974243
0.11091602593660355
0.10436925292015076
0.16087888181209564
0.12800489366054535
0.1040206328034401
0.16778990626335144
0.17826849222183228
0.11594798415899277
0.1130194216966629
0.1262167990207672
0.11244253814220428
0.1371796429157257
0.12256652116775513
0.13013727962970734
0.12356116622686386
0.10396000742912292
0.12728098034858704
0.1265944391489029
0.10817030817270279
0.1288420706987381
0.11608531326055527
0.12602955102920532
0.13577070832252502
0.14565405249595642
0.13244982063770294
0.12279504537582397
0.12369759380817413
0.141615092754364
0.10592058300971985
0.12266376614570618
0.16645599901676178
0.1107998788356781
0.1270783543586731
0.12268465012311935
0.11202877014875412
0.1483735740184784
0.10654157400131226
0.17240971326828003
0.11856306344270706
0.13857059180736542
0.11975342035293579
0.15742574632167816
0.1174430102109909
0.11848942935466766
0.12622331082820892
0.120356984436512
0.12495726346969604
0.11444646865129471
0.1375771313905716
0.12312385439872742
0.12467701733112335
0.10745285451412201
0.11408165097236633
0.12005716562271118
0.13604885339736938
0.10656126588582993
0.13877016305923462
0.11496490240097046
0.13576006889343262
0.1569317877292633
0.12094639241695404
0.15465281903743744
0.12290462106466293
0.11071784794330597
0.13918252289295197
0.10805657505989075
0.12113862484693527
0.11751407384872437
0.11894994229078293
0.19672870635986328
0.12982647120952606
0.13514766097068787
0.10252370685338974
0.16826984286308289
0.11375121772289276
0.12157970666885376
0.15092529356479645
0.10863008350133896
0.16954681277275085
0.11032789200544357
0.11989353597164154
0.12692293524742126
0.12167543172836304
0.10459215939044952
0.1387198567390442
0.128244087100029
0.11735759675502777
0.11812735348939896
0.12660165131092072
0.12403694540262222
0.09962410479784012
0.12154682725667953
0.18065005540847778
0.11921866983175278
0.14261606335639954
0.1320592164993286
0.12090417742729187
0.12267421185970306
0.15895690023899078
0.1496971845626831
0.15327265858650208
0.1745995581150055
0.14090479910373688
0.16653946042060852
0.23882907629013062
0.10902217030525208
0.16480392217636108
0.12311012297868729
0.12629038095474243
0.12984256446361542
0.13461267948150635
0.11930738389492035
0.15451982617378235
0.1141652837395668
0.13950079679489136
0.14938417077064514
0.11628777533769608
0.11388310045003891
0.13608695566654205
0.11895361542701721
0.11433760076761246
0.10827465355396271
0.12981528043746948
0.11493401974439621
0.1664385199546814
0.15664049983024597
0.12166301161050797
0.11479073762893677
0.11052729189395905
0.1482745110988617
0.12979388236999512
0.1331578493118286
0.1403397172689438
0.10403631627559662
0.10806959867477417
0.14819005131721497
0.16022291779518127
0.15927726030349731
0.1736621856689453
0.1373278796672821
0.11789032071828842
0.10651996731758118
0.1267414540052414
0.0997806116938591
0.10612539947032928
0.11408074200153351
0.14647424221038818
0.11253733932971954
0.13470762968063354
0.1192115843296051
0.11622221022844315
0.1165880560874939
0.10622915625572205
0.11829008162021637
0.11244998872280121
0.12466749548912048
0.10925354808568954
0.10100667923688889
0.12218670547008514
0.12532220780849457
0.10995036363601685
0.11184591799974442
0.09792636334896088
0.13396897912025452
0.12508131563663483
0.10684274882078171
0.11797447502613068
0.12978731095790863
0.1408447027206421
0.11442232877016068
0.11551784723997116
0.10429613292217255
0.14611829817295074
0.12083691358566284
0.11606413871049881
0.10294140130281448
0.10118581354618073
0.12163913249969482
0.1202387586236
0.10851878672838211
0.13794183731079102
0.14295190572738647
0.12560555338859558
0.11180639266967773
0.13056406378746033
0.1079651266336441
0.11545881628990173
0.09737448394298553
0.12407923489809036
0.12935417890548706
0.14498209953308105
0.1063898578286171
0.10542994737625122
0.12785902619361877
0.11684098839759827
0.1332252323627472
0.21951940655708313
0.11407417804002762
0.10478101670742035
0.15280979871749878
0.12316066771745682
0.10857844352722168
0.10167288780212402
0.11163284629583359
0.11515004932880402
0.1136985644698143
0.120754174888134
0.12685036659240723
0.15680082142353058
0.1172274500131607
0.12187963724136353
0.11770458519458771
0.12628279626369476
0.15972506999969482
0.11604300141334534
0.10927494615316391
0.1294037103652954
0.10256590694189072
0.1060812845826149
0.130486398935318
0.11372479796409607
0.12701931595802307
0.12458851933479309
0.16701418161392212
0.11977602541446686
0.10848033428192139
0.11831636726856232
0.10791424661874771
0.11363277584314346
0.14110493659973145
0.13097965717315674
0.10298584401607513
0.11024768650531769
0.11220674216747284
0.10855723917484283
0.11098240315914154
0.13450175523757935
0.11101977527141571
0.11373937875032425
0.10990767180919647
0.1629040539264679
0.11103721708059311
0.19583387672901154
0.11989817768335342
0.10554162412881851
0.1016344204545021
0.12482304126024246
0.10438071936368942
0.11614684760570526
0.10375233739614487
0.11265938729047775
0.12354467809200287
0.1430579274892807
0.10583353787660599
0.10622120648622513
0.10503185540437698
0.13017739355564117
0.14202140271663666
0.11194656044244766
0.10599475353956223
0.11136259883642197
0.12131589651107788
0.1344738006591797
0.11342975497245789
0.10677342116832733
0.13668020069599152
0.10837739706039429
0.10333940386772156
0.1285093128681183
0.10210481286048889
0.13286921381950378
0.14155703783035278
0.11472620815038681
0.11990468204021454
0.16645486652851105
0.1027156263589859
0.14173969626426697
0.11706434190273285
0.13383963704109192
0.10917268693447113
0.10774096846580505
0.1076752096414566
0.10943397134542465
0.10636511445045471
0.11278991401195526
0.11664801836013794
0.16163107752799988
0.11529693007469177
0.12594075500965118
0.1081424206495285
0.19175106287002563
0.10521010309457779
0.15058070421218872
0.12170082330703735
0.1171015128493309
0.14531315863132477
0.17614805698394775
0.12491951882839203
0.19853784143924713
0.12167778611183167
0.12060519307851791
0.13449034094810486
0.12920664250850677
0.1404798924922943
0.137770414352417
0.11344752460718155
0.13144341111183167
0.13106569647789001
0.10250736773014069
0.12228938192129135
0.12266244739294052
0.11265008896589279
0.13066765666007996
0.111481212079525
0.15339425206184387
0.12781330943107605
0.1257275491952896
0.11230514943599701
0.10907192528247833
0.1333473026752472
0.12095435708761215
0.11963260173797607
0.11398807168006897
0.12925149500370026
0.11025997251272202
0.10963323712348938
0.1597786545753479
0.13648764789104462
0.1119365394115448
0.15368273854255676
0.13510918617248535
0.1351795196533203
0.10510869324207306
0.12007249891757965
0.10716879367828369
0.1189795732498169
0.11249473690986633
0.1050148457288742
0.10432461649179459
0.10665802657604218
0.09830603748559952
0.11743172258138657
0.112459197640419
0.1065695509314537
0.14930516481399536
0.10895119607448578
0.12258472293615341
0.10923255980014801
0.11595998704433441
0.11504114419221878
0.1229729950428009
0.11331221461296082
0.11721730977296829
0.12324696034193039
0.12614525854587555
0.12824031710624695
0.11379756033420563
0.12775030732154846
0.11699245870113373
0.10735228657722473
0.09836968779563904
0.11087362468242645
0.11412658542394638
0.11176879703998566
0.10446060448884964
0.10310732573270798
0.11629801988601685
0.11787667870521545
0.11524900794029236
0.1262628436088562
0.11022105067968369
0.12473896890878677
0.11132244765758514
0.09828242659568787
0.10248377174139023
0.1128840520977974
0.12389147281646729
0.11176393181085587
0.110218346118927
0.11968517303466797
0.1294921338558197
0.11290185153484344
0.10577049106359482
0.11941676586866379
0.10644800215959549
0.10407049208879471
0.14721620082855225
0.10631926357746124
0.11137804388999939
0.11951780319213867
0.13692745566368103
0.09943976253271103
0.12727570533752441
0.14103296399116516
0.10951590538024902
0.1156577318906784
0.10138364881277084
0.10612748563289642
0.14295634627342224
0.13140234351158142
0.10836788266897202
0.12801195681095123
0.11028555035591125
0.11390484869480133
0.10590904951095581
0.11005232483148575
0.13709059357643127
0.1740427315235138
0.12448050081729889
0.1571158766746521
0.11750879883766174
0.10433459281921387
0.12252290546894073
0.11036495119333267
0.09697350114583969
0.10361658036708832
0.13449811935424805
0.11791109293699265
0.14086288213729858
0.10663435608148575
0.10487399250268936
0.18879953026771545
0.10928791016340256
0.12173843383789062
0.10807346552610397
0.10610294342041016
0.11779727041721344
0.11095672100782394
0.11639297753572464
0.10269171744585037
0.11233951151371002
0.11287884414196014
0.11433496326208115
0.11625942587852478
0.11754363775253296
0.11070741713047028
0.13839207589626312
0.107964426279068
0.1059739738702774
0.1307879537343979
0.12201173603534698
0.09977201372385025
0.10469939559698105
0.12658442556858063
0.13062933087348938
0.13431832194328308
0.10830427706241608
0.11993449926376343
0.1022593230009079
0.1019614189863205
0.10564520955085754
0.12259227782487869
0.125856414437294
0.1093992292881012
0.11234724521636963
0.1274382770061493
0.11472432315349579
0.10483765602111816
0.14570388197898865
0.1063261330127716
0.13932903110980988
0.10492844879627228
0.11094292998313904
0.1105443686246872
0.10043910890817642
0.11574642360210419
0.11222121864557266
0.10766361653804779
0.11162082105875015
0.13037645816802979
0.12799833714962006
0.11434359103441238
0.13892577588558197
0.13976313173770905
0.115945965051651
0.1031893789768219
0.11658554524183273
0.10522007942199707
0.14475825428962708
0.10761874914169312
0.12447609007358551
0.11299377679824829
0.11607930064201355
0.10236599296331406
0.11369852721691132
0.10270357131958008
0.1274482011795044
0.09945504367351532
0.1177850216627121
0.1299586147069931
0.1034357100725174
0.10989905893802643
0.10276211053133011
0.11413515359163284
0.17400120198726654
0.10212767124176025
0.10545937716960907
0.10181812196969986
0.14221933484077454
0.1028566062450409
0.09994162619113922
0.1857394278049469
0.1133938580751419
0.10797914862632751
0.10735088586807251
0.11321195214986801
0.09733466058969498
0.1313660740852356
0.13427647948265076
0.12912127375602722
0.10566064715385437
0.11870908737182617
0.10687627643346786
0.12763577699661255
0.1496267318725586
0.10948431491851807
0.11356966197490692
0.17219480872154236
0.10815459489822388
0.10679203271865845
0.12988166511058807
0.11965569853782654
0.1471993774175644
0.11083290725946426
0.1112959086894989
0.13509440422058105
0.13686856627464294
0.11498189717531204
0.10082649439573288
0.13833636045455933
0.12295855581760406
0.10958319902420044
0.13956768810749054
0.12449155747890472
0.11432770639657974
0.11013113707304001
0.10631777346134186
0.1090446412563324
0.11653339862823486
0.1359337866306305
0.11669042706489563
0.11507518589496613
0.13505883514881134
0.1025354415178299
0.11816981434822083
0.11906298249959946
0.099482960999012
0.12446844577789307
0.10671810805797577
0.10253593325614929
0.10963761806488037
0.11081819236278534
0.14205126464366913
0.132623091340065
0.10956620424985886
0.15315675735473633
0.12332990020513535
0.14297032356262207
0.11534449458122253
0.11435374617576599
0.11302854120731354
0.1685374528169632
0.1051102727651596
0.1412995308637619
0.11795026063919067
0.12352641671895981
0.12226761132478714
0.10551992058753967
0.11050747334957123
0.11698656529188156
0.15116272866725922
0.12993581593036652
0.10322225838899612
0.11181961745023727
0.11820124089717865
0.12327834963798523
0.11357608437538147
0.11125943809747696
0.13260260224342346
0.14052839577198029
0.12783414125442505
0.15186089277267456
0.1146235316991806
0.1154692992568016
0.10601361840963364
0.14626199007034302
0.13884994387626648
0.10763455182313919
0.10699547082185745
0.11163853108882904
0.1104399710893631
0.11887460947036743
0.11000603437423706
0.11900059878826141
0.1075415387749672
0.12875327467918396
0.11692029982805252
0.14061309397220612
0.1143447756767273
0.10311349481344223
0.10579612106084824
0.11132928729057312
0.10906527936458588
0.1305372416973114
0.1266099065542221
0.14597952365875244
0.10801319777965546
0.11537822335958481
0.11120814830064774
0.13118618726730347
0.1330728530883789
0.10699111223220825
0.1263318508863449
0.12158460915088654
0.12073296308517456
0.13423067331314087
0.1218598484992981
0.10641621053218842
0.10842640697956085
0.1041807159781456
0.10988122224807739
0.10004245489835739
0.1455867737531662
0.15002359449863434
0.1043289378285408
0.13007624447345734
0.13367177546024323
0.10916086286306381
0.1239754855632782
0.11530569940805435
0.10629691183567047
0.145762637257576
0.10555548220872879
0.11847132444381714
0.11506643891334534
0.12583664059638977
0.11242484301328659
0.11078732460737228
0.14874181151390076
0.1192256510257721
0.15090487897396088
0.14978507161140442
0.1011795774102211
0.13483215868473053
0.1659250110387802
0.10493743419647217
0.13882991671562195
0.10123049467802048
0.1124701201915741
0.10150104761123657
0.10742773115634918
0.10820472240447998
0.15770652890205383
0.12343612313270569
0.11893558502197266
0.11133787035942078
0.10056820511817932
0.11479467153549194
0.13621960580348969
0.1153431087732315
0.11616742610931396
0.11910174041986465
0.10575422644615173
0.10522018373012543
0.10249654948711395
0.1314944624900818
0.11854392290115356
0.13145284354686737
0.1305246204137802
0.1531946063041687
0.11241190135478973
0.12582266330718994
0.09977027773857117
0.11011156439781189
0.1168876364827156
0.17175167798995972
0.0966906026005745
0.11363004148006439
0.12467321753501892
0.12201973050832748
0.11679258942604065
0.10069392621517181
0.12601257860660553
0.09905144572257996
0.10706187784671783
0.10015200078487396
0.10839085280895233
0.11776430904865265
0.12262924015522003
0.12244318425655365
0.12970146536827087
0.11356404423713684
0.1019628643989563
0.11553261429071426
0.10459227859973907
0.10614989697933197
0.17419633269309998
0.12941719591617584
0.10957562923431396
0.10618983209133148
0.10679595917463303
0.11143907159566879
0.13155408203601837
0.10242483764886856
0.10625886917114258
0.11500926315784454
0.1519046425819397
0.10731865465641022
0.10926834493875504
0.12286831438541412
0.13712479174137115
0.11631917953491211
0.1418342888355255
0.12138259410858154
0.1406712830066681
0.12060639262199402
0.16885580122470856
0.1130085363984108
0.11253771185874939
0.12697748839855194
0.12264460325241089
0.12157204747200012
0.1195625588297844
0.12232673168182373
0.11154597252607346
0.11496593803167343
0.10651187598705292
0.13926565647125244
0.10704680532217026
0.12894298136234283
0.1172010600566864
0.11950977146625519
0.10749154537916183
0.13572925329208374
0.11841864883899689
0.13834472000598907
0.135164275765419
0.10521826893091202
0.1206381618976593
0.12093474715948105
0.10499484091997147
0.10376159846782684
0.13672107458114624
0.10589178651571274
0.14788194000720978
0.11230665445327759
0.1341356784105301
0.1136951893568039
0.1672988086938858
0.11034906655550003
0.18776839971542358
0.13155798614025116
0.11424120515584946
0.10038216412067413
0.1280386745929718
0.10478363186120987
0.10809706151485443
0.1104155108332634
0.14200568199157715
0.09749773144721985
0.13428179919719696
0.09959063678979874
0.17446234822273254
0.11345652490854263
0.1147129237651825
0.12194718420505524
0.11542703956365585
0.10594015568494797
0.16892114281654358
0.1321934014558792
0.10505708307027817
0.12113389372825623
0.10704156756401062
0.10508185625076294
0.11623844504356384
0.13478749990463257
0.10600893199443817
0.11368867009878159
0.10526341944932938
0.11013290286064148
0.12290526181459427
0.0980939045548439
0.1311638355255127
0.11547154188156128
0.12408716976642609
0.11086229979991913
0.11390140652656555
0.10189469903707504
0.12365725636482239
0.17155775427818298
0.12537167966365814
0.10148637741804123
0.106843963265419
0.10940393060445786
0.09954138100147247
0.10610010474920273
0.12147372961044312
0.11274036765098572
0.114495187997818
0.11653368920087814
0.14053449034690857
0.13591086864471436
0.1193571388721466
0.10862791538238525
0.11085190623998642
0.10917007923126221
0.11450588703155518
0.10922572016716003
0.0999763160943985
0.17774149775505066
0.10442903637886047
0.1132035106420517
0.10540352016687393
0.10784411430358887
0.10996264219284058
0.13196423649787903
0.10003280639648438
0.09428665041923523
0.1376672238111496
0.13978970050811768
0.13656151294708252
0.0968610942363739
0.10569082200527191
0.13996711373329163
0.1720428466796875
0.11050881445407867
0.12630267441272736
0.15687057375907898
0.10331137478351593
0.10726353526115417
0.11414274573326111
0.1266688108444214
0.11933185160160065
0.11413280665874481
0.1130717545747757
0.1251855343580246
0.10794219374656677
0.10917137563228607
0.11466757208108902
0.1149481013417244
0.10366169363260269
0.11970646679401398
0.1615094691514969
0.1175667941570282
0.10851707309484482
0.11102253943681717
0.12254782766103745
0.10017268359661102
0.10191592574119568
0.1331343948841095
0.15131539106369019
0.10719496011734009
0.10892493277788162
0.1288270801305771
0.12413008511066437
0.10708414018154144
0.13206776976585388
0.10205161571502686
0.154001384973526
0.11552740633487701
0.0953494980931282
0.10287122428417206
0.11612112820148468
0.1150449737906456
0.14260447025299072
0.1380746215581894
0.1009962260723114
0.11385012418031693
0.13163802027702332
0.11768832802772522
0.12821851670742035
0.11435270309448242
0.10934048891067505
0.13541105389595032
0.10298451036214828
0.10309763997793198
0.1184627115726471
0.09693893790245056
0.11143801361322403
0.11823008954524994
0.11887617409229279
0.09514924883842468
0.10985425859689713
0.10758225619792938
0.1008722335100174
0.11063164472579956
0.1042444184422493
0.11678224802017212
0.1291912943124771
0.10063762962818146
0.11043042689561844
0.1204337477684021
0.11599896848201752
0.10093554854393005
0.1066281720995903
0.10327469557523727
0.10891442000865936
0.1624889075756073
0.10451097786426544
0.09948277473449707
0.11550416052341461
0.10508114099502563
0.10354882478713989
0.13342279195785522
0.1200660914182663
0.1162857934832573
0.12255451083183289
0.11167604476213455
0.10664231330156326
0.12433773279190063
0.10484600812196732
0.1165933907032013
0.12469494342803955
0.10242951661348343
0.10460753738880157
0.10228724777698517
0.10316519439220428
0.10301155596971512
0.10782451182603836
0.10214660316705704
0.1433800309896469
0.13430708646774292
0.11967195570468903
0.09791859984397888
0.10028701275587082
0.13787095248699188
0.12586885690689087
0.11177251487970352
0.10123126208782196
0.10058628767728806
0.1121462807059288
0.16895699501037598
0.15821683406829834
0.09809151291847229
0.10127786546945572
0.10691645741462708
0.09814424067735672
0.12426971644163132
0.09976233541965485
0.11897709220647812
0.13938722014427185
0.13615426421165466
0.1455179750919342
0.09767145663499832
0.12014316767454147
0.10845572501420975
0.09635072201490402
0.1096564307808876
0.1010781079530716
0.10697948187589645
0.10933093726634979
0.10618021339178085
0.13888195157051086
0.10167363286018372
0.10054183006286621
0.1038142591714859
0.14115139842033386
0.10075073689222336
0.10659129172563553
0.10472363233566284
0.09693446755409241
0.1807793229818344
0.16574493050575256
0.11735478043556213
0.11081135272979736
0.14588017761707306
0.12041694670915604
0.10298842191696167
0.14028194546699524
0.10526449233293533
0.11224101483821869
0.11085961759090424
0.11472471058368683
0.10635919868946075
0.12382049858570099
0.11755070835351944
0.11919662356376648
0.1017201691865921
0.09985025227069855
0.10641411691904068
0.1853448897600174
0.1077689602971077
0.11941798776388168
0.11744826287031174
0.10047951340675354
0.0993756502866745
0.10619848966598511
0.11332626640796661
0.10680625587701797
0.12604156136512756
0.10714610666036606
0.10402655601501465
0.12777064740657806
0.1039176881313324
0.104476198554039
0.1358196884393692
0.10737542062997818
0.11735032498836517
0.11105465143918991
0.1089833676815033
0.10084455460309982
0.11028703302145004
0.097185879945755
0.10954436659812927
0.09659596532583237
0.10106828808784485
0.10611899197101593
0.10243307054042816
0.1076086163520813
0.10053786635398865
0.10473887622356415
0.09942784905433655
0.09977973997592926
0.10482176393270493
0.11208879202604294
0.10931335389614105
0.10091043263673782
0.10776915401220322
0.10841367393732071
0.09834455698728561
0.18867182731628418
0.11241855472326279
0.11316186189651489
0.1794026494026184
0.10951528698205948
0.11983881890773773
0.11349400132894516
0.11639142036437988
0.11043325811624527
0.10318191349506378
0.10331931710243225
0.10118318349123001
0.10853957384824753
0.11618392169475555
0.09533940255641937
0.10396218299865723
0.1348733901977539
0.09851564466953278
0.1139300987124443
0.11208948493003845
0.11155418306589127
0.12514382600784302
0.09742626547813416
0.1145930215716362
0.12990328669548035
0.19554193317890167
0.1602412909269333
0.11690950393676758
0.11516190320253372
0.12530922889709473
0.12231756746768951
0.11511527001857758
0.11143166571855545
0.12389232963323593
0.1168656125664711
0.1097668781876564
0.10700523853302002
0.10234066843986511
0.1003684401512146
0.13017329573631287
0.10161563754081726
0.11785758286714554
0.10943355411291122
0.11973793804645538
0.14793583750724792
0.11413577198982239
0.09316779673099518
0.11270172894001007
0.12788324058055878
0.10893573611974716
0.10406848043203354
0.11424528062343597
0.12140027433633804
0.1169913113117218
0.1135426014661789
0.15735357999801636
0.1367780864238739
0.16749006509780884
0.11972672492265701
0.12044122815132141
0.13174089789390564
0.10598724335432053
0.11491845548152924
0.10889001190662384
0.10342714190483093
0.12033821642398834
0.1195143312215805
0.11128874123096466
0.1732250303030014
0.11036797612905502
0.11776751279830933
0.10148808360099792
0.11299934983253479
0.10000474005937576
0.09510333091020584
0.11678086221218109
0.11290939897298813
0.1212015151977539
0.10139504820108414
0.11238239705562592
0.12018680572509766
0.12369249761104584
0.10118038952350616
0.10121423006057739
0.12041637301445007
0.09846462309360504
0.1430850476026535
0.11881173402070999
0.11141312122344971
0.10382579267024994
0.11593934893608093
0.11574168503284454
0.10803022980690002
0.1474733203649521
0.0988331064581871
0.11326538771390915
0.11581091582775116
0.11287066340446472
0.11111564189195633
0.13483205437660217
0.11734840273857117
0.09750629961490631
0.10178664326667786
0.10191570222377777
0.1004091203212738
0.10361872613430023
0.11921803653240204
0.10343675315380096
0.11449145525693893
0.14862984418869019
0.11614657193422318
0.10308796167373657
0.11509522795677185
0.11495354026556015
0.09707970172166824
0.10384875535964966
0.16655921936035156
0.1049380898475647
0.14227348566055298
0.10584688931703568
0.10068736970424652
0.12021254748106003
0.0990619882941246
0.11385007202625275
0.09717607498168945
0.1258012354373932
0.12045656144618988
0.12052873522043228
0.11518967151641846
0.1196855902671814
0.12644228339195251
0.11054107546806335
0.10189476609230042
0.1059180423617363
0.12053476274013519
0.11547771841287613
0.10273775458335876
0.11442089080810547
0.1368778645992279
0.15665203332901
0.10053563117980957
0.10533301532268524
0.10980233550071716
0.12601381540298462
0.10290864109992981
0.10624834895133972
0.1030237078666687
0.10419881343841553
0.11673318594694138
0.1034977063536644
0.14603939652442932
0.10750966519117355
0.1173969954252243
0.12397770583629608
0.10058646649122238
0.11705111712217331
0.11602967977523804
0.10382626950740814
0.11952173709869385
0.11624819040298462
0.11683695763349533
0.103640116751194
0.12667638063430786
0.10258171707391739
0.1096697598695755
0.1197044849395752
0.11056086421012878
0.11063583195209503
0.11000490188598633
0.11205778270959854
0.11625158786773682
0.10088256746530533
0.13657106459140778
0.1386314332485199
0.10959137976169586
0.09950664639472961
0.1104673445224762
0.10732710361480713
0.10414285212755203
0.10627187043428421
0.13160152733325958
0.10552390664815903
0.10165985673666
0.10479701310396194
0.11382807046175003
0.1202118992805481
0.11708681285381317
0.1243988573551178
0.108798548579216
0.12499244511127472
0.10315096378326416
0.10120242834091187
0.12033427506685257
0.10756552219390869
0.10877007246017456
0.10240902006626129
0.10383782535791397
0.09659188985824585
0.10981661081314087
0.10011840611696243
0.10439128428697586
0.09809838980436325
0.11401645094156265
0.1021774411201477
0.09436116367578506
0.12831319868564606
0.09761983156204224
0.11308100819587708
0.10043614357709885
0.10118696838617325
0.15788543224334717
0.20949886739253998
0.10291098058223724
0.12556242942810059
0.1084868460893631
0.10745604336261749
0.11864776909351349
0.09920438379049301
0.13094401359558105
0.10274046659469604
0.09487587213516235
0.11482051759958267
0.1138000637292862
0.10591892153024673
0.10370777547359467
0.11939263343811035
0.09540486335754395
0.11500692367553711
0.11047784984111786
0.10092918574810028
0.10631091147661209
0.10076464712619781
0.10979674756526947
0.10500290989875793
0.10036152601242065
0.12199907004833221
0.1527474969625473
0.11095539480447769
0.15326517820358276
0.11363895237445831
0.10444382578134537
0.09968406707048416
0.09969381242990494
0.12309636175632477
0.11714647710323334
0.11283881217241287
0.10043035447597504
0.11245481669902802
0.16401715576648712
0.12043949961662292
0.10458336025476456
0.13059526681900024
0.12827572226524353
0.09711843729019165
0.09741508960723877
0.10853437334299088
0.13297158479690552
0.10612358152866364
0.09880813211202621
0.09772393107414246
0.10640794783830643
0.10219593346118927
0.10600171983242035
0.11622927337884903
0.11771367490291595
0.12470050156116486
0.10550673305988312
0.10652560740709305
0.10474593192338943
0.10729695856571198
0.10113443434238434
0.1067662462592125
0.10332400351762772
0.10119681805372238
0.09964089095592499
0.10761365294456482
0.09310594946146011
0.12853151559829712
0.1200857013463974
0.10064797848463058
0.1026809960603714
0.09723925590515137
0.10071707516908646
0.11942030489444733
0.1159258484840393
0.14079704880714417
0.12160708010196686
0.11059841513633728
0.09799932688474655
0.10323213785886765
0.12685739994049072
0.10621321201324463
0.1056029349565506
0.09910324215888977
0.11643160879611969
0.09762576222419739
0.10530299693346024
0.10471583902835846
0.1107451543211937
0.15886428952217102
0.11309100687503815
0.10559557378292084
0.11989820003509521
0.10100851953029633
0.10013091564178467
0.09869945049285889
0.10482005774974823
0.10485046356916428
0.1249239593744278
0.10321392863988876
0.10022193193435669
0.18024015426635742
0.15611910820007324
0.10224370658397675
0.10736454278230667
0.11732006072998047
0.10558430850505829
0.10659489780664444
0.10552046447992325
0.11074992269277573
0.11515281349420547
0.11547695845365524
0.1009414941072464
0.11750757694244385
0.11951202154159546
0.13241060078144073
0.12014001607894897
0.11583311855792999
0.10264157503843307
0.1205231249332428
0.10045238584280014
0.10440494120121002
0.1305459439754486
0.11679208278656006
0.12068958580493927
0.1203179806470871
0.11962975561618805
0.10851991921663284
0.09698067605495453
0.11941271275281906
0.10549189895391464
0.10225918143987656
0.10369613766670227
0.10548125952482224
0.09334073960781097
0.13056083023548126
0.11390580981969833
0.12799681723117828
0.11183714866638184
0.09906508028507233
0.10152103006839752
0.12512102723121643
0.1012268215417862
0.1214129626750946
0.10780563950538635
0.10109817236661911
0.10751477628946304
0.10274786502122879
0.10317434370517731
0.13065780699253082
0.10407672077417374
0.14032293856143951
0.11479997634887695
0.09542723745107651
0.0965249091386795
0.12110346555709839
0.10759731382131577
0.1079348474740982
0.09932804107666016
0.10742481052875519
0.12021788954734802
0.11419516056776047
0.10401664674282074
0.09707865864038467
0.13904818892478943
0.11428150534629822
0.1059659868478775
0.14607389271259308
0.10416042059659958
0.11871202290058136
0.10146559029817581
0.09939811378717422
0.10402917116880417
0.11197778582572937
0.14435073733329773
0.11644311994314194
0.12006372958421707
0.09842997789382935
0.10359522700309753
0.10735061764717102
0.133865088224411
0.10398223996162415
0.14709843695163727
0.1029851883649826
0.10268665850162506
0.09898371994495392
0.11694669723510742
0.11081111431121826
0.12245665490627289
0.12143893539905548
0.10697562992572784
0.11409109830856323
0.11337438225746155
0.12903794646263123
0.12362625449895859
0.14185281097888947
0.10142793506383896
0.1300102025270462
0.1029040589928627
0.10461539030075073
0.11814218759536743
0.11031410098075867
0.11298959702253342
0.10899637639522552
0.1212490126490593
0.10995009541511536
0.10689464956521988
0.10432595759630203
0.10613877326250076
0.1277945637702942
0.1008986309170723
0.1005033329129219
0.109856016933918
0.11346080154180527
0.1031988263130188
0.11447431147098541
0.13229380548000336
0.10356080532073975
0.10523191839456558
0.11767561733722687
0.10438868403434753
0.10238495469093323
0.11333347856998444
0.12159280478954315
0.09856866300106049
0.09709583967924118
0.10896558314561844
0.09911224246025085
0.10540548712015152
0.10353079438209534
0.11028870940208435
0.15627235174179077
0.12457239627838135
0.10829219967126846
0.10627993941307068
0.11508652567863464
0.1274566799402237
0.10079297423362732
0.09752155840396881
0.11540357768535614
0.12303367257118225
0.09887181222438812
0.09837739169597626
0.09820698201656342
0.0963669940829277
0.14183828234672546
0.129197359085083
0.09831152856349945
0.09869582951068878
0.12531548738479614
0.107931949198246
0.10868346691131592
0.1046542078256607
0.1446201503276825
0.09641583263874054
0.1154424175620079
0.1075432226061821
0.10940106213092804
0.12847471237182617
0.11700092256069183
0.10662627220153809
0.1032637357711792
0.12528902292251587
0.12205104529857635
0.1017480194568634
0.11687836050987244
0.11399240791797638
0.1131429374217987
0.11135275661945343
0.10072089731693268
0.1011209562420845
0.10616070032119751
0.14144816994667053
0.10219582915306091
0.11834252625703812
0.10028235614299774
0.10805809497833252
0.10587010532617569
0.11220933496952057
0.10733528435230255
0.1099972352385521
0.10999822616577148
0.10234469175338745
0.11386919021606445
0.09356663376092911
0.10281290113925934
0.13924120366573334
0.09326810389757156
0.10885932296514511
0.1345617026090622
0.10267141461372375
0.12903930246829987
0.10684885084629059
0.10413681715726852
0.10150470584630966
0.13846279680728912
0.12636741995811462
0.09632287919521332
0.10433244705200195
0.10679787397384644
0.1068255752325058
0.11252977699041367
0.10336286574602127
0.10145861655473709
0.09982292354106903
0.11475341022014618
0.10286334902048111
0.10699515044689178
0.09118454158306122
0.11099036782979965
0.12813210487365723
0.10433099418878555
0.09496162831783295
0.11108621954917908
0.10116691887378693
0.09918064624071121
0.10446356981992722
0.11768113076686859
0.142844557762146
0.10299111157655716
0.1084895059466362
0.10499424487352371
0.0940120592713356
0.1030220091342926
0.10714371502399445
0.15470993518829346
0.0978388786315918
0.12145468592643738
0.10204806923866272
0.10670699924230576
0.1078948825597763
0.11215304583311081
0.10476331412792206
0.10424648970365524
0.09845292568206787
0.12407740950584412
0.12219291925430298
0.12175995111465454
0.1073034256696701
0.10969298332929611
0.09384910762310028
0.1021851971745491
0.09470745921134949
0.10889562219381332
0.10112859308719635
0.16646309196949005
0.10669983923435211
0.09982472658157349
0.11139902472496033
0.09804313629865646
0.10966797918081284
0.10028596967458725
0.09958416223526001
0.10535724461078644
0.09937623888254166
0.11717338860034943
0.11177600920200348
0.11726540327072144
0.10206262022256851
0.09499743580818176
0.11479464918375015
0.10861600935459137
0.11047659069299698
0.09689915180206299
0.186343252658844
0.09557028859853745
0.10210824012756348
0.09452539682388306
0.0937165841460228
0.12909099459648132
0.09858019649982452
0.13622507452964783
0.10158146917819977
0.11947663128376007
0.0955127477645874
0.09996340423822403
0.10119585692882538
0.09791423380374908
0.12050909548997879
0.10671643912792206
0.12180086225271225
0.09785883873701096
0.10671009123325348
0.1021004319190979
0.12156526744365692
0.10140453279018402
0.11391174793243408
0.12345129251480103
0.11586198210716248
0.15082910656929016
0.12940141558647156
0.11619499325752258
0.10685509443283081
0.10571949183940887
0.1111745685338974
0.10814627259969711
0.09579462558031082
0.10366667062044144
0.13974855840206146
0.09868977963924408
0.1270700991153717
0.11589246988296509
0.10118649899959564
0.10616697371006012
0.10038571059703827
0.11151435971260071
0.10245060920715332
0.11976619064807892
0.12080931663513184
0.1052306741476059
0.10658717155456543
0.10189312696456909
0.09482771903276443
0.1064147874712944
0.11051526665687561
0.12031833082437515
0.11454811692237854
0.1237758994102478
0.1029195636510849
0.10259899497032166
0.10279323905706406
0.09418432414531708
0.15192502737045288
0.13738396763801575
0.12157765030860901
0.1112213209271431
0.09824512898921967
0.09720820933580399
0.09485787898302078
0.09582552313804626
0.1364782750606537
0.11677217483520508
0.09813707321882248
0.12169072031974792
0.10026419162750244
0.12709948420524597
0.10568180680274963
0.10145886242389679
0.09385878592729568
0.10644768178462982
0.1039365828037262
0.1079936996102333
0.10662898421287537
0.10657525062561035
0.10471442341804504
0.11186504364013672
0.09350568056106567
0.1272573173046112
0.12534242868423462
0.10544794797897339
0.122845858335495
0.10779961943626404
0.12001143395900726
0.13677474856376648
0.11668090522289276
0.10186780244112015
0.10647571831941605
0.11033790558576584
0.1078784242272377
0.10144340246915817
0.10147390514612198
0.10241951793432236
0.11738528311252594
0.11096645146608353
0.09816113114356995
0.10870525240898132
0.10239163041114807
0.10645758360624313
0.10028375685214996
0.14745911955833435
0.10376212745904922
0.10460589826107025
0.10399088263511658
0.10418494045734406
0.12133370339870453
0.1063973605632782
0.11469405889511108
0.1071581169962883
0.1030634194612503
0.09803780913352966
0.09560990333557129
0.09595267474651337
0.1060284972190857
0.12060168385505676
0.10038402676582336
0.12523135542869568
0.12031733989715576
0.14482200145721436
0.11432230472564697
0.097423255443573
0.09599407017230988
0.10800361633300781
0.09937907755374908
0.09924565255641937
0.10516062378883362
0.10348978638648987
0.10885675996541977
0.10337253659963608
0.095156230032444
0.13894589245319366
0.13504865765571594
0.12000119686126709
0.1122785359621048
0.0966380313038826
0.1163865476846695
0.12348787486553192
0.09431392699480057
0.11948592960834503
0.12881311774253845
0.10586550831794739
0.10022058337926865
0.10640785098075867
0.10929426550865173
0.10313044488430023
0.1491742730140686
0.12167830020189285
0.09250117838382721
0.103718101978302
0.09993761777877808
0.105211541056633
0.09565434604883194
0.1021137461066246
0.12608903646469116
0.12151487916707993
0.1312064528465271
0.1349848508834839
0.12222187221050262
0.1021171435713768
0.11558493226766586
0.10489390045404434
0.12700766324996948
0.13746601343154907
0.11494485288858414
0.10971087962388992
0.09866588562726974
0.10233346372842789
0.12376883625984192
0.10066623985767365
0.09693863987922668
0.10544189810752869
0.11329000443220139
0.10563302040100098
0.11834533512592316
0.14295077323913574
0.11129172891378403
0.10965743660926819
0.09977089613676071
0.10504734516143799
0.11918018758296967
0.10212327539920807
0.10438089072704315
0.10319104045629501
0.11620791256427765
0.1073060929775238
0.10663270950317383
0.11740221083164215
0.09818326681852341
0.11411446332931519
0.09492681920528412
0.10684792697429657
0.12666569650173187
0.13529855012893677
0.15844875574111938
0.11549893021583557
0.10343264043331146
0.10429109632968903
0.09660311043262482
0.10915172100067139
0.10110725462436676
0.10425953567028046
0.09898797422647476
0.12765537202358246
0.1011793464422226
0.10068444162607193
0.10292379558086395
0.1463623344898224
0.10838925838470459
0.10675837844610214
0.11242402344942093
0.09922098368406296
0.11334554851055145
0.09797325730323792
0.0911780446767807
0.11265990138053894
0.11884134262800217
0.10277551412582397
0.09399239718914032
0.11253000795841217
0.09011004865169525
0.12047020345926285
0.11629000306129456
0.13821148872375488
0.10617607831954956
0.09941878169775009
0.12204906344413757
0.12939190864562988
0.13148298859596252
0.1406916230916977
0.10926894843578339
0.10444363951683044
0.12015792727470398
0.10011031478643417
0.11502085626125336
0.1060933917760849
0.13496308028697968
0.09984645247459412
0.12326028943061829
0.1097051203250885
0.11942769587039948
0.12746034562587738
0.1117124930024147
0.11823756992816925
0.12058566510677338
0.12832318246364594
0.12057404965162277
0.09916940331459045
0.11565840244293213
0.16306066513061523
0.11252819001674652
0.09938710182905197
0.10889840126037598
0.10464908182621002
0.09720106422901154
0.11518219858407974
0.10997258126735687
0.12306472659111023
0.10709762573242188
0.10017889738082886
0.11053074896335602
0.10580232739448547
0.10566562414169312
0.10620235651731491
0.1082996279001236
0.11067358404397964
0.09498556703329086
0.09405724704265594
0.10884764790534973
0.10147518664598465
0.0960562452673912
0.10684466361999512
0.1058463528752327
0.1010848730802536
0.1194000393152237
0.177451491355896
0.1042458564043045
0.11046906560659409
0.12773044407367706
0.10441024601459503
0.10194770246744156
0.12284144014120102
0.09813152253627777
0.10068056732416153
0.11576007306575775
0.12754376232624054
0.10156135261058807
0.10120926052331924
0.14955125749111176
0.0970705971121788
0.1324099451303482
0.14001867175102234
0.19443154335021973
0.10082697123289108
0.09440548717975616
0.10116828978061676
0.10681510716676712
0.09836228936910629
0.10912851244211197
0.11948779225349426
0.09879595041275024
0.11193589866161346
0.12621711194515228
0.09411468356847763
0.105371855199337
0.11873967945575714
0.10740552842617035
0.12232119590044022
0.11556088924407959
0.10313181579113007
0.09960571676492691
0.11100202798843384
0.09245443344116211
0.1079627126455307
0.10333721339702606
0.11246076226234436
0.10281433165073395
0.10168375074863434
0.1084788516163826
0.09255880117416382
0.10361318290233612
0.1074206531047821
0.09533806890249252
0.09275049716234207
0.114888995885849
0.10180409997701645
0.10850414633750916
0.09562239050865173
0.09682053327560425
0.1327536404132843
0.10386168211698532
0.12787464261054993
0.0975111871957779
0.10086846351623535
0.09768479317426682
0.09837085008621216
0.10602492839097977
0.09402000904083252
0.11874837428331375
0.10031400620937347
0.10311911255121231
0.09467186033725739
0.09967580437660217
0.10838553309440613
0.14530159533023834
0.12839145958423615
0.09341487288475037
0.13214263319969177
0.10157489031553268
0.09646409749984741
0.12701742351055145
0.10256221890449524
0.09425663203001022
0.10635100305080414
0.09192770719528198
0.10707774758338928
0.10082637518644333
0.1094924658536911
0.09657105803489685
0.11315879225730896
0.14915581047534943
0.09420326352119446
0.10912910103797913
0.11301283538341522
0.10049182921648026
0.10406239330768585
0.11243227124214172
0.10088104009628296
0.12713825702667236
0.10181517153978348
0.09641288220882416
0.09863332659006119
0.10427792370319366
0.09899245202541351
0.1019240990281105
0.12129685282707214
0.10614843666553497
0.15532878041267395
0.16947145760059357
0.11077044159173965
0.11361479014158249
0.09943421930074692
0.1038147360086441
0.12884165346622467
0.1363079994916916
0.11158746480941772
0.11169818788766861
0.10236889123916626
0.09681271016597748
0.0992269292473793
0.1047305092215538
0.1131502315402031
0.10236908495426178
0.10019201040267944
0.13800573348999023
0.09763719141483307
0.10313014686107635
0.10815481841564178
0.10175032913684845
0.09703768789768219
0.11251706629991531
0.12287423759698868
0.10215945541858673
0.11151066422462463
0.10535701364278793
0.10818138718605042
0.09402796626091003
0.10456883162260056
0.0985921323299408
0.09571497142314911
0.09999491274356842
0.11242691427469254
0.11188077926635742
0.11792157590389252
0.09493069350719452
0.09903307259082794
0.09854088723659515
0.11289691925048828
0.10465596616268158
0.11170323193073273
0.09489765763282776
0.11242558062076569
0.09011926501989365
0.13788922131061554
0.1153838187456131
0.10265082120895386
0.11456172168254852
0.09575660526752472
0.1208973228931427
0.0941077470779419
0.13696224987506866
0.09704584628343582
0.09087251126766205
0.11013644188642502
0.10862496495246887
0.09440799057483673
0.10624085366725922
0.11827204376459122
0.10303989797830582
0.10142529010772705
0.1500091701745987
0.09259489923715591
0.10090994834899902
0.09974426031112671
0.11063903570175171
0.10330919921398163
0.09577786922454834
0.10686925798654556
0.10139200091362
0.09650008380413055
0.0975753515958786
0.10751710087060928
0.10622397065162659
0.10190313309431076
0.10476498305797577
0.10018306225538254
0.10762416571378708
0.09986472129821777
0.10640029609203339
0.12412082403898239
0.1045883297920227
0.11107146739959717
0.09881331026554108
0.11104895919561386
0.10223723202943802
0.12419289350509644
0.1964452862739563
0.09165626764297485
0.09929372370243073
0.09691513329744339
0.10580191761255264
0.11080384254455566
0.11001333594322205
0.10586874186992645
0.13433583080768585
0.10416324436664581
0.10745755583047867
0.09705190360546112
0.09522627294063568
0.11507808417081833
0.09501240402460098
0.09631409496068954
0.09769384562969208
0.16922563314437866
0.10466800630092621
0.11591304838657379
0.10488198697566986
0.09642297774553299
0.12848666310310364
0.11343038827180862
0.09739992022514343
0.10910376161336899
0.17048081755638123
0.13763591647148132
0.09751056134700775
0.12036912143230438
0.1368495225906372
0.10223081707954407
0.10772146284580231
0.10192576050758362
0.10441198945045471
0.106391541659832
0.1106410101056099
0.11020989716053009
0.12347303330898285
0.1096000224351883
0.10605715960264206
0.10176104307174683
0.10851181298494339
0.09376835078001022
0.10251478850841522
0.09982985258102417
0.10737663507461548
0.0942559614777565
0.10595682263374329
0.11224500089883804
0.09728742390871048
0.15628637373447418
0.09840866923332214
0.09663368761539459
0.11542348563671112
0.09165774285793304
0.11433945596218109
0.11824154853820801
0.13049563765525818
0.10020148754119873
0.12353762239217758
0.11945082247257233
0.10350948572158813
0.09954730421304703
0.09714820981025696
0.12343268096446991
0.10217083245515823
0.10370190441608429
0.11456994712352753
0.11200525611639023
0.11142709851264954
0.13346916437149048
0.11030387878417969
0.09765294939279556
0.0945628210902214
0.09606458246707916
0.10586701333522797
0.10809215903282166
0.09673437476158142
0.12951651215553284
0.10131716728210449
0.11096224188804626
0.10409615933895111
0.09488479793071747
0.10430530458688736
0.18688048422336578
0.11301009356975555
0.10493888705968857
0.1260579377412796
0.10080955922603607
0.09660840779542923
0.10813627392053604
0.1045382171869278
0.1312769651412964
0.09664801508188248
0.111744225025177
0.10733728110790253
0.10315340012311935
0.10283390432596207
0.0950416624546051
0.09575614333152771
0.10156640410423279
0.09189899265766144
0.1098645031452179
0.12210559844970703
0.11040839552879333
0.11812848597764969
0.09810344874858856
0.10219380259513855
0.12635216116905212
0.10385385155677795
0.11763734370470047
0.09701699018478394
0.11312422156333923
0.1018301397562027
0.10835085064172745
0.09965138137340546
0.09747826308012009
0.17632955312728882
0.10324278473854065
0.10348957031965256
0.10020330548286438
0.09268830716609955
0.12313694506883621
0.09697834402322769
0.09266410768032074
0.10616418719291687
0.12315027415752411
0.10273917019367218
0.1132906973361969
0.13233308494091034
0.101443812251091
0.13443899154663086
0.09216655790805817
0.11571893841028214
0.09900546073913574
0.098109669983387
0.1204739660024643
0.09431855380535126
0.12125290185213089
0.15977507829666138
0.09351812303066254
0.1096133217215538
0.1253376007080078
0.10617175698280334
0.1029207855463028
0.10438112914562225
0.13608789443969727
0.09312375634908676
0.11916574090719223
0.09713886678218842
0.11699406802654266
0.12444069981575012
0.13665872812271118
0.13077417016029358
0.10728713870048523
0.10147739946842194
0.09974919259548187
0.13113999366760254
0.11474619805812836
0.09831874817609787
0.09747780859470367
0.10798323154449463
0.10715530812740326
0.12538838386535645
0.11344951391220093
0.10395651310682297
0.09436962753534317
0.11075615882873535
0.1384991705417633
0.0965365394949913
0.15438038110733032
0.10075486451387405
0.10256998986005783
0.10078038275241852
0.13623513281345367
0.09530289471149445
0.1205059066414833
0.11041480302810669
0.11786497384309769
0.1052555963397026
0.10143465548753738
0.1401730626821518
0.14414846897125244
0.09526358544826508
0.10684521496295929
0.12102332711219788
0.10768088698387146
0.1428527534008026
0.09553263336420059
0.11699266731739044
0.09805330634117126
0.10338049381971359
0.16605433821678162
0.12362280488014221
0.11651870608329773
0.10247351974248886
0.10034337639808655
0.11970843374729156
0.11335231363773346
0.13263045251369476
0.11906749755144119
0.11545390635728836
0.10747773200273514
0.09924618154764175
0.09686530381441116
0.10108903795480728
0.1058143898844719
0.09452597051858902
0.1031365916132927
0.10904867202043533
0.11118200421333313
0.11920912563800812
0.09501806646585464
0.09642409533262253
0.11847978830337524
0.09392090141773224
0.0932098776102066
0.09434720873832703
0.1088712215423584
0.10374880582094193
0.10549560189247131
0.10212442278862
0.10928146541118622
0.09303204715251923
0.09714871644973755
0.10539547353982925
0.10312622785568237
0.1319621503353119
0.10156071931123734
0.09878993034362793
0.1151629090309143
0.09382371604442596
0.10205364972352982
0.10792594403028488
0.1029883474111557
0.10881631821393967
0.09911671280860901
0.10929929465055466
0.10051251947879791
0.10205403715372086
0.10786420106887817
0.1116381362080574
0.09439238160848618
0.11665089428424835
0.10897587239742279
0.0965573787689209
0.09673269093036652
0.10951723903417587
0.10787039250135422
0.11814182996749878
0.10541900247335434
0.10148818790912628
0.09651284664869308
0.09857200086116791
0.1438533216714859
0.10071336477994919
0.09944882988929749
0.12051262706518173
0.10702387243509293
0.1128024160861969
0.10931900143623352
0.09631209075450897
0.10233644396066666
0.09692266583442688
0.11948247998952866
0.09476902335882187
0.09713653475046158
0.09724041074514389
0.11057624220848083
0.12369169294834137
0.1004021167755127
0.09356075525283813
0.10784982889890671
0.10166060924530029
0.09822218865156174
0.08860749751329422
0.11119155585765839
0.09473563730716705
0.10765393078327179
0.10020612180233002
0.09736381471157074
0.09699971228837967
0.09752868115901947
0.10008461028337479
0.10948127508163452
0.09828922152519226
0.0976577177643776
0.11988013982772827
0.09477109462022781
0.10243406891822815
0.10613419115543365
0.15769994258880615
0.10174835473299026
0.09255771338939667
0.10580773651599884
0.0914313867688179
0.10294641554355621
0.11046995222568512
0.10558830946683884
0.10387057065963745
0.11643894016742706
0.10104960203170776
0.11027266085147858
0.09346172213554382
0.11879939585924149
0.09208013862371445
0.10030238330364227
0.12166324257850647
0.11716793477535248
0.11826886981725693
0.09329068660736084
0.09704403579235077
0.11929788440465927
0.1140633150935173
0.10747279226779938
0.1609635353088379
0.1174222081899643
0.10833315551280975
0.09331893175840378
0.10132681578397751
0.09645237773656845
0.09359798580408096
0.1114627793431282
0.09770826995372772
0.10460461676120758
0.10061877965927124
0.09967003017663956
0.11567336320877075
0.09572964161634445
0.1601950228214264
0.13168667256832123
0.09743142127990723
0.1084204763174057
0.12608088552951813
0.09612039476633072
0.10934749245643616
0.11288190633058548
0.11693563312292099
0.09313760697841644
0.11704021692276001
0.09487274289131165
0.11165087670087814
0.09629417210817337
0.10027527064085007
0.10321712493896484
0.10956437140703201
0.09601704031229019
0.12488637119531631
0.11898019909858704
0.1328832060098648
0.10147872567176819
0.0945582315325737
0.09766468405723572
0.09982365369796753
0.10885179042816162
0.14967986941337585
0.09999670833349228
0.09933102130889893
0.1416027992963791
0.1307683289051056
0.10601821541786194
0.11465635895729065
0.14135685563087463
0.09895161539316177
0.108289435505867
0.1111401617527008
0.0953269824385643
0.10381007939577103
0.10907989740371704
0.10057832300662994
0.0987391546368599
0.12189124524593353
0.1280450075864792
0.1275222897529602
0.10602821409702301
0.11981251835823059
0.11116375774145126
0.10297828912734985
0.12041094899177551
0.09514744579792023
0.1023155152797699
0.1018143743276596
0.12101474404335022
0.10211557894945145
0.0942842960357666
0.1171511635184288
0.09585122764110565
0.1158742681145668
0.11423272639513016
0.09527476131916046
0.11434558033943176
0.10029907524585724
0.09601485729217529
0.10571526736021042
0.09863359481096268
0.10945729911327362
0.10537305474281311
0.14464184641838074
0.13799560070037842
0.1359722763299942
0.11970166862010956
0.10608579218387604
0.0992899239063263
0.10149527341127396
0.11437855660915375
0.1000560000538826
0.10148520022630692
0.11839669942855835
0.10606124252080917
0.1128404513001442
0.10872627049684525
0.09393629431724548
0.11847785860300064
0.10981133580207825
0.10170909017324448
0.12045598030090332
0.11312641948461533
0.10963394492864609
0.1303734928369522
0.09725986421108246
0.1187005564570427
0.11635051667690277
0.10873978585004807
0.09321524202823639
0.10030987858772278
0.10676834732294083
0.10273036360740662
0.09739179909229279
0.10768961906433105
0.09685935080051422
0.09077105671167374
0.1113191545009613
0.09954288601875305
0.11229261755943298
0.13957124948501587
0.09615384042263031
0.11014232039451599
0.11904318630695343
0.09893392026424408
0.09568874537944794
0.11277635395526886
0.10062477737665176
0.10052987188100815
0.10381275415420532
0.1317363679409027
0.09544872492551804
0.10161103308200836
0.11947859823703766
0.10405819863080978
0.12435733526945114
0.11571738123893738
0.09590913355350494
0.10474486649036407
0.09815630316734314
0.09983585774898529
0.17442648112773895
0.1030380129814148
0.0978715643286705
0.095391184091568
0.09806566685438156
0.12001770734786987
0.09569680690765381
0.1033642441034317
0.1010972335934639
0.15619498491287231
0.0993877425789833
0.10351868718862534
0.13268372416496277
0.10147827863693237
0.09674738347530365
0.10345645248889923
0.10235803574323654
0.12135038524866104
0.15980879962444305
0.11298659443855286
0.1064729392528534
0.09483382850885391
0.09879977256059647
0.09861207008361816
0.10586303472518921
0.13463927805423737
0.09734884649515152
0.10002633184194565
0.1122789978981018
0.13860173523426056
0.10066402703523636
0.10082890093326569
0.09801210463047028
0.10276943445205688
0.0954839214682579
0.09022384136915207
0.11479419469833374
0.11193235218524933
0.1071370542049408
0.09068353474140167
0.0903710424900055
0.10413500666618347
0.10109059512615204
0.10579147934913635
0.10095960646867752
0.09406149387359619
0.09822707623243332
0.11059080064296722
0.1315515637397766
0.11856324970722198
0.10333356261253357
0.10285146534442902
0.0990927666425705
0.10811620950698853
0.10358726978302002
0.11342301964759827
0.09684250503778458
0.11198638379573822
0.10267581045627594
0.09490274637937546
0.0922226756811142
0.10365565121173859
0.1016807109117508
0.10406129062175751
0.09741958975791931
0.16814149916172028
0.09819543361663818
0.10960986465215683
0.10139400511980057
0.10352134704589844
0.09830647706985474
0.1004745215177536
0.0932309627532959
0.09887874871492386
0.09621277451515198
0.09915556758642197
0.1084214299917221
0.09531162679195404
0.09826815873384476
0.11555571109056473
0.10281656682491302
0.09793414920568466
0.09402794390916824
0.09813786298036575
0.10346315801143646
0.09248732030391693
0.09036131203174591
0.13303148746490479
0.09337101876735687
0.12730225920677185
0.10624215006828308
0.15160512924194336
0.10757919400930405
0.11582102626562119
0.08945164084434509
0.14215654134750366
0.10906796157360077
0.12086118757724762
0.11564727127552032
0.10212299227714539
0.10598032176494598
0.09694815427064896
0.09948352724313736
0.09579351544380188
0.09257889539003372
0.10103354603052139
0.10416577011346817
0.10717475414276123
0.10329753905534744
0.09977173060178757
0.09458181262016296
0.09757944941520691
0.10012884438037872
0.09570841491222382
0.10810793936252594
0.10084894299507141
0.11475300788879395
0.1008952409029007
0.13336917757987976
0.09396983683109283
0.0923827514052391
0.1035618782043457
0.09268957376480103
0.10339132696390152
0.09140051156282425
0.09535130858421326
0.09872737526893616
0.10508638620376587
0.12892575562000275
0.11569876968860626
0.12100138515233994
0.09441074728965759
0.0956747829914093
0.09692607074975967
0.10283972322940826
0.09177061915397644
0.09920560568571091
0.09949328005313873
0.08944019675254822
0.10176771134138107
0.11693932116031647
0.09674666076898575
0.09477999806404114
0.16327817738056183
0.11028922349214554
0.09253410249948502
0.09834959357976913
0.09887406975030899
0.10329507291316986
0.11820937693119049
0.11605548858642578
0.09628798067569733
0.10251609981060028
0.10991677641868591
0.10022938251495361
0.10381925106048584
0.1001238077878952
0.09896638244390488
0.09767470508813858
0.10643954575061798
0.09818217158317566
0.10439877212047577
0.08779175579547882
0.11881508678197861
0.10366950184106827
0.11424565315246582
0.1533675491809845
0.11129632592201233
0.09926234185695648
0.10114496946334839
0.09483588486909866
0.10045880079269409
0.1429767608642578
0.0976032167673111
0.109492726624012
0.12155574560165405
0.11433959007263184
0.11182016134262085
0.09884610772132874
0.09976889193058014
0.0956561267375946
0.109088234603405
0.12691906094551086
0.11122249066829681
0.0966915488243103
0.12476487457752228
0.10888532549142838
0.09982525557279587
0.09031763672828674
0.1214141994714737
0.1009635180234909
0.13312649726867676
0.09919168055057526
0.11701424419879913
0.10634647309780121
0.10091032087802887
0.10746872425079346
0.09839433431625366
0.1651037335395813
0.11899393796920776
0.09397608041763306
0.11089501529932022
0.09979061037302017
0.09936008602380753
0.13341467082500458
0.11148539930582047
0.09281812608242035
0.1366463005542755
0.11285273730754852
0.1528894007205963
0.09192312508821487
0.11174976080656052
0.09814272820949554
0.0971989631652832
0.11186321824789047
0.09236076474189758
0.09522849321365356
0.09596295654773712
0.09963306039571762
0.10883978009223938
0.09984565526247025
0.11749380081892014
0.09887797385454178
0.09374986588954926
0.10921607911586761
0.10389736294746399
0.08930888026952744
0.09699694067239761
0.10409330576658249
0.10654175281524658
0.11285808682441711
0.09649680554866791
0.11051914095878601
0.11034143716096878
0.09706047177314758
0.10433483123779297
0.10535110533237457
0.1446574628353119
0.10558062791824341
0.09768196940422058
0.10609512031078339
0.10592594742774963
0.1135973185300827
0.09398248046636581
0.09873399883508682
0.10487550497055054
0.08671406656503677
0.08951880037784576
0.10637678951025009
0.09958019107580185
0.10354314744472504
0.09648837894201279
0.09303376078605652
0.09745007753372192
0.09597476571798325
0.09290667623281479
0.10569596290588379
0.12639661133289337
0.10465721040964127
0.10019061714410782
0.11113598197698593
0.0944187119603157
0.09395376592874527
0.09161500632762909
0.08875823765993118
0.0918615460395813
0.10045259445905685
0.11421903967857361
0.1526709496974945
0.09343782067298889
0.10147079825401306
0.1309019774198532
0.09300541132688522
0.10961934924125671
0.09228101372718811
0.09931401908397675
0.11512655019760132
0.11030659079551697
0.10555391758680344
0.0909833014011383
0.10599661618471146
0.15665367245674133
0.12484955787658691
0.11138364672660828
0.09456506371498108
0.10272254794836044
0.09516285359859467
0.10740731656551361
0.08888807147741318
0.10329453647136688
0.10502192378044128
0.10645242035388947
0.09910477697849274
0.11470398306846619
0.10055778920650482
0.10050654411315918
0.10300441086292267
0.10340064764022827
0.14738889038562775
0.10808628797531128
0.09501852840185165
0.0915042981505394
0.10074448585510254
0.14345520734786987
0.13885538280010223
0.09352903068065643
0.10581424832344055
0.12756474316120148
0.14241722226142883
0.10524360835552216
0.10706201940774918
0.09533879160881042
0.0985519215464592
0.13966810703277588
0.09792864322662354
0.09404042363166809
0.10533364117145538
0.11299213767051697
0.09588672965765
0.13577519357204437
0.10458239912986755
0.09668748080730438
0.11916252970695496
0.11207779496908188
0.09904078394174576
0.10896209627389908
0.09374181926250458
0.09729500859975815
0.11701624095439911
0.09823502600193024
0.11881282180547714
0.09380726516246796
0.09590768814086914
0.09343317151069641
0.10442730784416199
0.10267184674739838
0.13173897564411163
0.09706480801105499
0.10298416763544083
0.09591430425643921
0.11701847612857819
0.10174848139286041
0.09005986154079437
0.10653586685657501
0.09756577014923096
0.11318671703338623
0.12756475806236267
0.13166028261184692
0.09876144677400589
0.09560331702232361
0.15498438477516174
0.09958372265100479
0.09390049427747726
0.09884071350097656
0.1340736299753189
0.11242280900478363
0.09623284637928009
0.14887848496437073
0.10998187214136124
0.12449892610311508
0.0962613970041275
0.11942628026008606
0.1049293726682663
0.10509896278381348
0.09345720708370209
0.10550017654895782
0.10372792929410934
0.10836831480264664
0.15101313591003418
0.08933722972869873
0.11978176981210709
0.09646977484226227
0.11292984336614609
0.09711799025535583
0.10352786630392075
0.13087767362594604
0.09921622276306152
0.10083069652318954
0.09659012407064438
0.09283115714788437
0.09602785855531693
0.10584373772144318
0.09460865706205368
0.1044587567448616
0.10325698554515839
0.0998125672340393
0.11555841565132141
0.10747925937175751
0.11845859885215759
0.09138597548007965
0.1025373637676239
0.11394557356834412
0.09164631366729736
0.09700524806976318
0.10395678877830505
0.09785234928131104
0.10196272283792496
0.10461000353097916
0.09761813282966614
0.09228365123271942
0.09379635751247406
0.09550196677446365
0.0995188057422638
0.11870191991329193
0.11458592116832733
0.1013338714838028
0.10190455615520477
0.10470327734947205
0.10291966795921326
0.14016012847423553
0.09980427473783493
0.09753723442554474
0.10526470839977264
0.09617564082145691
0.10910559445619583
0.10140550136566162
0.09020817279815674
0.11171841621398926
0.10589273273944855
0.10074088722467422
0.09742134064435959
0.09772344678640366
0.09552083909511566
0.09178050607442856
0.10383021086454391
0.10815000534057617
0.1043393537402153
0.09160041809082031
0.11312146484851837
0.10242709517478943
0.09753414988517761
0.1002393364906311
0.09181578457355499
0.10032346844673157
0.09570852667093277
0.11786731332540512
0.1050945371389389
0.10712634772062302
0.09938985109329224
0.09944359958171844
0.096925288438797
0.10892388224601746
0.094816192984581
0.09590709209442139
0.09712088853120804
0.09461311995983124
0.12134170532226562
0.13530303537845612
0.09809288382530212
0.10435427725315094
0.094837985932827
0.09906318038702011
0.11823752522468567
0.12231617420911789
0.10347883403301239
0.12453966587781906
0.09635598212480545
0.0937674343585968
0.09375330060720444
0.1117791086435318
0.0913647785782814
0.09849294275045395
0.09623942524194717
0.10544128715991974
0.10094945132732391
0.0943659096956253
0.11369919776916504
0.14838844537734985
0.09606039524078369
0.1000368520617485
0.0906258150935173
0.14124321937561035
0.10797427594661713
0.09764765202999115
0.13884028792381287
0.08926156163215637
0.09876793622970581
0.10384306311607361
0.09631441533565521
0.0993887335062027
0.09136267751455307
0.11997246742248535
0.1267060488462448
0.13099996745586395
0.10641983896493912
0.14123035967350006
0.09914831817150116
0.09766891598701477
0.09594718366861343
0.09452484548091888
0.11949331313371658
0.09327227622270584
0.10079677402973175
0.1060105562210083
0.1020677387714386
0.09850358963012695
0.09885966032743454
0.11267182230949402
0.10197331756353378
0.09688051044940948
0.11735185235738754
0.1087990254163742
0.10961870104074478
0.09209565818309784
0.12316805869340897
0.1107553094625473
0.14441892504692078
0.09650468826293945
0.09324871748685837
0.09554582834243774
0.09799890965223312
0.10905171185731888
0.09855778515338898
0.09465169906616211
0.11084059625864029
0.09895029664039612
0.10856369882822037
0.10232684761285782
0.13029533624649048
0.1150968000292778
0.13837143778800964
0.11669664084911346
0.09438744187355042
0.10066880285739899
0.12821544706821442
0.10970805585384369
0.0998045802116394
0.09373023360967636
0.12231212854385376
0.10100729763507843
0.09471386671066284
0.10732461512088776
0.09379296004772186
0.11598905920982361
0.11613988876342773
0.09578125178813934
0.09192785620689392
0.11794839799404144
0.09667206555604935
0.10954585671424866
0.0997156947851181
0.09366442263126373
0.09634535759687424
0.114893838763237
0.09354566782712936
0.09408107399940491
0.09391569346189499
0.1101347804069519
0.10072395950555801
0.10990138351917267
0.09809663891792297
0.13923609256744385
0.10529036074876785
0.10250237584114075
0.09285429120063782
0.10076726973056793
0.09156446158885956
0.10060674697160721
0.093779057264328
0.08944012224674225
0.15314441919326782
0.09803836792707443
0.10145559906959534
0.09437042474746704
0.10044586658477783
0.13939455151557922
0.11601266264915466
0.09681928902864456
0.11782082915306091
0.09100621193647385
0.10079673677682877
0.09309745579957962
0.0941847562789917
0.09476934373378754
0.09522995352745056
0.1018056645989418
0.10614187270402908
0.11233477294445038
0.0922904908657074
0.11807021498680115
0.10744772851467133
0.10838434845209122
0.1000111848115921
0.10182468593120575
0.08920466899871826
0.09987706691026688
0.10682681202888489
0.15385586023330688
