0.30000001192092896
0.47333332896232605
0.47333332896232605
0.5266666412353516
0.5
0.4466666579246521
0.4399999976158142
0.6666666865348816
0.5799999833106995
0.5266666412353516
0.5666666626930237
0.4266666769981384
0.5799999833106995
0.54666668176651
0.4933333396911621
0.5066666603088379
0.653333306312561
0.7266666889190674
0.6333333253860474
0.653333306312561
0.5333333611488342
0.5866666436195374
0.5866666436195374
0.6466666460037231
0.6133333444595337
0.7133333086967468
0.6600000262260437
0.8199999928474426
0.6399999856948853
0.699999988079071
0.6600000262260437
0.7066666483879089
0.7733333110809326
0.7200000286102295
0.8266666531562805
0.7666666507720947
0.8266666531562805
0.7666666507720947
0.8533333539962769
0.8799999952316284
0.7933333516120911
0.8066666722297668
0.7133333086967468
0.8133333325386047
0.7666666507720947
0.7133333086967468
0.9200000166893005
0.7733333110809326
0.7733333110809326
0.7733333110809326
0.6066666841506958
0.5133333206176758
0.7400000095367432
0.5666666626930237
0.8866666555404663
0.9266666769981384
0.8866666555404663
0.8533333539962769
0.7133333086967468
0.846666693687439
0.8333333134651184
0.8933333158493042
0.8333333134651184
0.6800000071525574
0.7599999904632568
0.9200000166893005
0.7133333086967468
0.8933333158493042
0.9266666769981384
0.8600000143051147
0.7933333516120911
0.8199999928474426
0.8866666555404663
0.7733333110809326
0.95333331823349
0.8066666722297668
0.8266666531562805
0.8266666531562805
0.8266666531562805
0.7733333110809326
0.9200000166893005
0.8600000143051147
0.95333331823349
0.9066666960716248
0.9733333587646484
0.8600000143051147
0.7933333516120911
0.9266666769981384
0.800000011920929
0.8999999761581421
0.8600000143051147
0.7733333110809326
0.8666666746139526
0.6800000071525574
0.8733333349227905
0.9266666769981384
0.846666693687439
0.95333331823349
0.9133333563804626
0.8533333539962769
0.8799999952316284
0.7866666913032532
0.7333333492279053
0.8666666746139526
0.8933333158493042
0.9666666388511658
0.8600000143051147
0.8866666555404663
0.9466666579246521
0.9200000166893005
0.8999999761581421
0.9599999785423279
0.9800000190734863
0.8199999928474426
0.9800000190734863
0.9800000190734863
0.9333333373069763
0.9399999976158142
0.9466666579246521
0.9333333373069763
0.9333333373069763
0.9200000166893005
0.9466666579246521
0.95333331823349
0.8399999737739563
0.9866666793823242
0.8666666746139526
0.95333331823349
0.9733333587646484
0.8866666555404663
0.9200000166893005
0.9800000190734863
0.8533333539962769
0.9399999976158142
0.8866666555404663
0.9800000190734863
0.9733333587646484
0.9800000190734863
0.8999999761581421
0.8799999952316284
0.95333331823349
0.9399999976158142
1.0
0.8666666746139526
0.9866666793823242
0.9666666388511658
0.8733333349227905
1.0
0.9733333587646484
0.9866666793823242
0.9800000190734863
0.9133333563804626
0.9800000190734863
0.9866666793823242
0.9933333396911621
0.9800000190734863
0.8333333134651184
0.9066666960716248
0.9733333587646484
0.8266666531562805
0.9266666769981384
0.9399999976158142
0.9800000190734863
0.9733333587646484
0.9733333587646484
0.9866666793823242
1.0
0.9800000190734863
0.8999999761581421
0.9066666960716248
1.0
1.0
0.9733333587646484
0.9200000166893005
0.9133333563804626
0.9466666579246521
0.9599999785423279
1.0
0.9866666793823242
0.9933333396911621
0.9733333587646484
1.0
0.9866666793823242
0.9733333587646484
0.9733333587646484
0.9800000190734863
0.9800000190734863
0.9800000190734863
0.9399999976158142
0.9399999976158142
0.9866666793823242
0.9133333563804626
0.9599999785423279
0.9866666793823242
1.0
0.8333333134651184
0.8866666555404663
0.9200000166893005
0.9733333587646484
0.8733333349227905
1.0
1.0
0.9866666793823242
0.9733333587646484
0.9266666769981384
0.9599999785423279
0.9266666769981384
0.8933333158493042
1.0
0.9933333396911621
0.9666666388511658
0.8933333158493042
0.9933333396911621
1.0
0.9933333396911621
0.9933333396911621
0.9933333396911621
0.9599999785423279
1.0
1.0
0.9066666960716248
0.9866666793823242
1.0
0.9333333373069763
1.0
1.0
0.9333333373069763
0.9866666793823242
0.9266666769981384
1.0
0.9333333373069763
1.0
0.9933333396911621
0.9933333396911621
0.9399999976158142
0.9733333587646484
0.9866666793823242
0.9933333396911621
0.9800000190734863
0.9333333373069763
0.9866666793823242
0.9933333396911621
0.9666666388511658
0.9933333396911621
1.0
1.0
0.9933333396911621
0.9733333587646484
0.9800000190734863
0.9933333396911621
1.0
0.9466666579246521
0.9800000190734863
0.9733333587646484
0.9866666793823242
0.9933333396911621
0.9800000190734863
1.0
0.9666666388511658
0.9866666793823242
0.9866666793823242
1.0
0.9800000190734863
0.9800000190734863
0.9866666793823242
1.0
0.9733333587646484
0.8999999761581421
0.9466666579246521
1.0
1.0
0.9933333396911621
0.9933333396911621
1.0
0.9800000190734863
0.9866666793823242
0.9800000190734863
0.9599999785423279
0.9866666793823242
0.9800000190734863
0.9933333396911621
0.9933333396911621
0.9933333396911621
0.9933333396911621
0.9266666769981384
1.0
0.9266666769981384
0.9933333396911621
0.9933333396911621
0.9733333587646484
1.0
1.0
1.0
1.0
1.0
1.0
1.0
0.9933333396911621
0.9933333396911621
0.95333331823349
0.9933333396911621
0.9933333396911621
0.9866666793823242
0.9800000190734863
0.9866666793823242
0.9933333396911621
0.9866666793823242
0.9399999976158142
0.9933333396911621
0.9933333396911621
0.9733333587646484
1.0
1.0
1.0
0.9666666388511658
1.0
1.0
1.0
0.9933333396911621
0.95333331823349
1.0
0.9933333396911621
0.9933333396911621
1.0
0.9200000166893005
0.9133333563804626
0.9800000190734863
1.0
1.0
0.9733333587646484
0.9200000166893005
0.9399999976158142
0.9933333396911621
0.9599999785423279
0.9733333587646484
1.0
1.0
0.9466666579246521
0.9800000190734863
0.9866666793823242
0.9800000190734863
1.0
0.9866666793823242
1.0
0.9866666793823242
1.0
0.9733333587646484
1.0
0.9266666769981384
1.0
1.0
0.9466666579246521
0.9466666579246521
0.9066666960716248
0.9800000190734863
1.0
1.0
0.9800000190734863
0.9800000190734863
1.0
1.0
0.9866666793823242
0.9866666793823242
0.9933333396911621
1.0
0.9933333396911621
0.9933333396911621
1.0
1.0
1.0
0.9933333396911621
0.9866666793823242
1.0
1.0
1.0
0.9866666793823242
1.0
0.9933333396911621
1.0
1.0
1.0
0.9933333396911621
0.9866666793823242
1.0
0.9866666793823242
0.9933333396911621
0.9666666388511658
0.9933333396911621
1.0
1.0
1.0
1.0
1.0
0.8733333349227905
1.0
0.9800000190734863
0.9800000190734863
0.9933333396911621
0.9933333396911621
0.9200000166893005
1.0
1.0
0.9933333396911621
1.0
0.9666666388511658
0.9933333396911621
1.0
0.9866666793823242
1.0
1.0
0.9933333396911621
0.9800000190734863
1.0
1.0
0.9933333396911621
1.0
0.9933333396911621
0.9933333396911621
1.0
1.0
0.9800000190734863
0.95333331823349
1.0
1.0
1.0
0.9933333396911621
0.9933333396911621
1.0
1.0
1.0
1.0
1.0
0.9666666388511658
1.0
0.9933333396911621
0.9800000190734863
1.0
0.9866666793823242
1.0
1.0
1.0
1.0
1.0
1.0
0.9866666793823242
0.9599999785423279
0.9933333396911621
1.0
1.0
0.9933333396911621
1.0
0.9933333396911621
0.9866666793823242
0.9933333396911621
1.0
1.0
0.9933333396911621
0.9866666793823242
1.0
1.0
0.9933333396911621
1.0
1.0
1.0
1.0
1.0
1.0
1.0
1.0
1.0
1.0
0.9933333396911621
0.9866666793823242
1.0
1.0
1.0
0.9933333396911621
0.9733333587646484
0.8999999761581421
0.9800000190734863
1.0
0.9800000190734863
1.0
0.9933333396911621
1.0
0.9933333396911621
1.0
1.0
0.9866666793823242
1.0
0.9933333396911621
1.0
1.0
0.9733333587646484
0.9933333396911621
1.0
1.0
0.9933333396911621
0.9733333587646484
0.9800000190734863
0.9800000190734863
1.0
1.0
0.9933333396911621
0.9933333396911621
0.9933333396911621
1.0
0.9733333587646484
1.0
0.9800000190734863
1.0
1.0
1.0
1.0
1.0
0.9866666793823242
1.0
1.0
1.0
1.0
1.0
0.9933333396911621
1.0
1.0
1.0
1.0
1.0
0.9800000190734863
1.0
1.0
0.9933333396911621
1.0
0.9933333396911621
0.9733333587646484
1.0
1.0
1.0
1.0
1.0
0.9466666579246521
0.9933333396911621
1.0
1.0
1.0
0.9866666793823242
0.9399999976158142
1.0
0.9933333396911621
0.9800000190734863
0.9933333396911621
1.0
0.9933333396911621
1.0
1.0
1.0
1.0
1.0
1.0
0.9933333396911621
0.9933333396911621
1.0
1.0
0.9933333396911621
1.0
1.0
0.9800000190734863
0.9933333396911621
0.9399999976158142
0.9866666793823242
0.9933333396911621
0.9800000190734863
1.0
0.9933333396911621
1.0
1.0
1.0
1.0
0.9933333396911621
1.0
1.0
0.9733333587646484
0.9399999976158142
1.0
0.9933333396911621
1.0
0.9933333396911621
1.0
1.0
1.0
1.0
0.9599999785423279
1.0
0.9933333396911621
1.0
1.0
1.0
0.9933333396911621
1.0
1.0
1.0
1.0
1.0
0.9933333396911621
1.0
1.0
1.0
1.0
1.0
1.0
0.9666666388511658
0.9866666793823242
0.9866666793823242
1.0
0.9933333396911621
0.9933333396911621
1.0
0.9800000190734863
0.8799999952316284
1.0
0.9933333396911621
0.9933333396911621
1.0
1.0
0.9933333396911621
0.9866666793823242
1.0
0.9866666793823242
1.0
0.9866666793823242
1.0
0.9933333396911621
1.0
0.9933333396911621
1.0
1.0
0.9866666793823242
1.0
1.0
1.0
0.9800000190734863
1.0
0.9933333396911621
0.9200000166893005
1.0
0.9933333396911621
1.0
1.0
1.0
0.9933333396911621
1.0
0.9933333396911621
1.0
1.0
1.0
0.9933333396911621
1.0
1.0
1.0
1.0
1.0
1.0
0.9933333396911621
1.0
1.0
0.9933333396911621
1.0
1.0
1.0
0.9866666793823242
1.0
0.9933333396911621
0.9933333396911621
1.0
0.9933333396911621
1.0
0.9933333396911621
0.9866666793823242
1.0
1.0
1.0
0.9933333396911621
1.0
0.9866666793823242
1.0
1.0
0.9866666793823242
1.0
1.0
1.0
0.9933333396911621
1.0
0.9933333396911621
1.0
0.9933333396911621
1.0
1.0
1.0
1.0
0.9933333396911621
0.9933333396911621
1.0
1.0
1.0
1.0
0.9866666793823242
1.0
1.0
1.0
1.0
1.0
1.0
1.0
0.9666666388511658
0.9933333396911621
0.9733333587646484
1.0
1.0
0.9933333396911621
0.9866666793823242
1.0
1.0
1.0
0.9933333396911621
1.0
1.0
0.9933333396911621
0.9866666793823242
1.0
0.9933333396911621
1.0
1.0
0.9933333396911621
1.0
0.9866666793823242
1.0
0.9866666793823242
1.0
1.0
1.0
1.0
1.0
1.0
1.0
1.0
0.9933333396911621
1.0
1.0
0.9933333396911621
0.9866666793823242
1.0
1.0
1.0
1.0
1.0
0.9933333396911621
1.0
1.0
1.0
1.0
1.0
1.0
1.0
1.0
1.0
1.0
1.0
0.9866666793823242
1.0
0.9933333396911621
1.0
1.0
1.0
1.0
1.0
1.0
1.0
0.9933333396911621
1.0
1.0
1.0
1.0
1.0
1.0
1.0
0.9933333396911621
1.0
0.9866666793823242
1.0
1.0
1.0
1.0
1.0
1.0
0.9933333396911621
1.0
0.9866666793823242
1.0
1.0
1.0
1.0
1.0
1.0
1.0
0.9666666388511658
1.0
0.9866666793823242
1.0
1.0
1.0
1.0
1.0
1.0
0.9933333396911621
1.0
1.0
0.9866666793823242
1.0
1.0
1.0
1.0
1.0
1.0
1.0
1.0
1.0
1.0
1.0
1.0
1.0
0.9933333396911621
0.9933333396911621
1.0
1.0
1.0
0.9933333396911621
0.9933333396911621
1.0
0.9933333396911621
1.0
0.9866666793823242
1.0
1.0
0.9733333587646484
1.0
1.0
1.0
1.0
1.0
1.0
1.0
1.0
1.0
0.9933333396911621
0.9933333396911621
1.0
1.0
0.9933333396911621
1.0
1.0
0.9933333396911621
1.0
1.0
1.0
1.0
1.0
1.0
0.9933333396911621
0.9933333396911621
1.0
1.0
1.0
1.0
1.0
0.9933333396911621
1.0
0.9933333396911621
1.0
1.0
0.9933333396911621
1.0
1.0
1.0
1.0
1.0
1.0
0.9933333396911621
0.9933333396911621
1.0
1.0
1.0
1.0
1.0
1.0
1.0
1.0
1.0
1.0
1.0
1.0
1.0
1.0
1.0
1.0
1.0
1.0
1.0
1.0
1.0
1.0
1.0
0.9866666793823242
1.0
1.0
1.0
0.9933333396911621
1.0
1.0
1.0
1.0
1.0
1.0
1.0
1.0
0.9866666793823242
1.0
1.0
1.0
1.0
1.0
1.0
1.0
1.0
1.0
1.0
1.0
0.9933333396911621
1.0
1.0
1.0
1.0
1.0
1.0
1.0
1.0
1.0
1.0
1.0
1.0
0.9866666793823242
1.0
1.0
1.0
1.0
0.9866666793823242
1.0
1.0
1.0
0.9933333396911621
1.0
1.0
1.0
1.0
0.9933333396911621
1.0
1.0
1.0
1.0
1.0
1.0
1.0
1.0
1.0
1.0
1.0
0.9866666793823242
1.0
1.0
1.0
1.0
1.0
1.0
1.0
0.9866666793823242
1.0
1.0
1.0
1.0
1.0
1.0
1.0
1.0
1.0
1.0
1.0
1.0
1.0
1.0
0.9866666793823242
0.9933333396911621
1.0
