14.86407470703125
9.789651870727539
6.5878190994262695
5.8858537673950195
4.976102352142334
4.447381973266602
3.8269479274749756
2.6716816425323486
2.7257044315338135
3.396235942840576
2.7715377807617188
3.0111172199249268
2.264432668685913
2.6124119758605957
2.1945436000823975
2.077911376953125
1.7558971643447876
1.520580768585205
1.7403779029846191
1.678825855255127
1.8416993618011475
1.6981337070465088
1.614959716796875
1.6818345785140991
1.6198283433914185
1.3851202726364136
1.312239170074463
1.1441280841827393
1.2990280389785767
1.4546303749084473
1.3679131269454956
1.1410037279129028
1.1031253337860107
1.343483805656433
1.0781245231628418
1.1951926946640015
1.0066806077957153
1.041581392288208
0.9259135723114014
0.9111006259918213
0.9763998985290527
1.0092524290084839
1.1308953762054443
0.9771777391433716
1.1012897491455078
1.3707339763641357
0.8031818866729736
1.1101903915405273
1.0045523643493652
1.0555946826934814
1.3817503452301025
1.670705795288086
0.990999162197113
1.4829182624816895
0.8331432342529297
0.8182638883590698
0.8089146614074707
0.8877907395362854
1.0896639823913574
0.9151716232299805
0.9578810930252075
0.7994720935821533
0.978204607963562
1.0546815395355225
1.010978102684021
0.8056651949882507
1.0920487642288208
0.7464408874511719
0.8317092657089233
1.1813799142837524
0.9936652183532715
0.9547387361526489
0.8605028390884399
0.9680275917053223
0.6859726905822754
0.9847559332847595
0.9138429164886475
0.9008510112762451
0.8154934644699097
1.1637617349624634
0.8380845785140991
0.9887979626655579
0.6459502577781677
0.8167728185653687
0.668428897857666
0.8100116848945618
0.9356412291526794
0.6937077045440674
0.8324156999588013
0.8632522821426392
0.8891222476959229
0.9284378886222839
0.8610513210296631
1.0290230512619019
0.9592031240463257
0.753471851348877
0.8526999950408936
0.7262146472930908
0.7960445880889893
0.8805302381515503
0.7177115678787231
1.0153902769088745
1.0587514638900757
0.8173673152923584
0.7712979316711426
0.6905168294906616
0.9088224172592163
0.8218880891799927
0.6883647441864014
0.7085630297660828
0.9519661068916321
0.6420535445213318
0.6209954023361206
1.0899600982666016
0.616081714630127
0.6030201315879822
0.7586559057235718
0.65455162525177
0.6792020797729492
0.6566473245620728
0.6826304197311401
0.8011796474456787
0.691550612449646
0.7185271978378296
0.779805600643158
0.6329665780067444
0.891777515411377
0.7333767414093018
0.6686475276947021
0.7193399667739868
0.7017484903335571
0.5686689615249634
0.7755289077758789
0.7000139951705933
0.7976537942886353
0.6897170543670654
0.6271723508834839
0.5496026873588562
0.6815778017044067
0.832435131072998
0.7209143042564392
0.7404614686965942
0.5874087810516357
0.8402051329612732
0.5233473181724548
0.6042510271072388
0.7166121006011963
0.5356104373931885
0.6267709136009216
0.5280841588973999
0.5452988147735596
0.7175240516662598
0.6107109785079956
0.5161421895027161
0.5306204557418823
0.5073925852775574
0.9321141242980957
0.661654531955719
0.6450973749160767
0.8358420133590698
0.6801783442497253
0.7409260272979736
0.5677614808082581
0.6465002298355103
0.6646397709846497
0.5737518072128296
0.4753774106502533
0.6361678838729858
0.7400484085083008
0.7452455759048462
0.48903709650039673
0.5504834055900574
0.5923508405685425
0.6573073863983154
0.7738094329833984
0.6859164237976074
0.6560288667678833
0.5616399049758911
0.5667814612388611
0.5920133590698242
0.6470809578895569
0.5586261749267578
0.5125703811645508
0.667435884475708
0.5949342250823975
0.575242280960083
0.6009935736656189
0.5282226800918579
0.6693155169487
0.655529260635376
0.49565574526786804
0.6600370407104492
0.7072080373764038
0.579696536064148
0.524848461151123
0.8073359727859497
0.618078887462616
0.5750271081924438
0.5975939035415649
0.9669023752212524
0.5962603092193604
0.5477666854858398
0.5778867602348328
0.5890209078788757
0.6404426693916321
0.6489235162734985
0.6846693754196167
0.7357492446899414
0.5076506733894348
0.577962338924408
0.7143973112106323
0.6041386127471924
0.5069364905357361
0.558271050453186
0.5054025053977966
0.48532646894454956
0.5392130017280579
0.6362439393997192
0.4955942630767822
0.5088422894477844
0.7452502250671387
0.5910530090332031
0.47794222831726074
0.6151876449584961
0.4909531772136688
0.5186664462089539
0.6437088847160339
0.4983741044998169
0.5859256982803345
0.5273187160491943
0.6379787921905518
0.5198602676391602
0.5280099511146545
0.5744349956512451
0.5483694076538086
0.542878270149231
0.5617613792419434
0.5289087891578674
0.6320715546607971
0.6294056177139282
0.6019947528839111
0.6184723377227783
0.5731198787689209
0.4851720929145813
0.5080314874649048
0.47268879413604736
0.5368229746818542
0.6546567678451538
0.5545196533203125
0.5081282258033752
0.5277208685874939
0.6713417172431946
0.6765142679214478
0.6425315737724304
0.6021977066993713
0.6102318167686462
0.5449340343475342
0.5039495229721069
0.5869786739349365
0.5495043992996216
0.6260637044906616
0.5338239669799805
0.5936621427536011
0.6102795600891113
0.5200631618499756
0.5243929624557495
0.6245806217193604
0.6507283449172974
0.5584919452667236
0.5237070322036743
0.5310933589935303
0.5243160128593445
0.4864453673362732
0.4545097351074219
0.5791592597961426
0.5051058530807495
0.5265316963195801
0.6199347376823425
0.5111005902290344
0.535766065120697
0.5422704219818115
0.5846064686775208
0.598294734954834
0.47450879216194153
0.630252480506897
0.5119266510009766
0.6561151742935181
0.5057204365730286
0.46962064504623413
0.5475784540176392
0.5148882269859314
0.45264914631843567
0.4770810604095459
0.5074182748794556
0.46491360664367676
0.4804060161113739
0.5048958659172058
0.5045925378799438
0.4895564019680023
0.6885820627212524
0.5297723412513733
0.45334377884864807
0.4974743723869324
0.5820028781890869
0.5611661672592163
0.5759707093238831
0.5288103222846985
0.723334789276123
0.4933880567550659
0.49060124158859253
0.5801013112068176
0.5070462226867676
0.4408923089504242
0.4593378007411957
0.6007682085037231
0.5581763386726379
0.4985225796699524
0.5213355422019958
0.46903809905052185
0.6647432446479797
0.5018571019172668
0.5128610730171204
0.5230914354324341
0.5075575113296509
0.7058258652687073
0.5616163611412048
0.5205759406089783
0.5534604787826538
0.5186753869056702
0.5010632276535034
0.5618247985839844
0.6039797067642212
0.49654942750930786
0.6174022555351257
0.5226526260375977
0.5000336766242981
0.5214998722076416
0.7922884225845337
0.5056712627410889
0.5299469828605652
0.5442475080490112
0.48551779985427856
0.5470622181892395
0.5010310411453247
0.5216953754425049
0.48102566599845886
0.6710166335105896
0.4456685185432434
0.6022324562072754
0.48768264055252075
0.46129128336906433
0.5916191339492798
0.5682098269462585
0.6067386865615845
0.5345550775527954
0.48478829860687256
0.44595688581466675
0.5126484036445618
0.5472673177719116
0.5339956879615784
0.4538748562335968
0.5005134344100952
0.48447185754776
0.48210713267326355
0.5482463836669922
0.4668275713920593
0.4912269115447998
0.4447173476219177
0.47168782353401184
0.4308719336986542
0.499297171831131
0.5390894412994385
0.39877936244010925
0.49586328864097595
0.46705615520477295
0.545727550983429
0.5082747936248779
0.4384579658508301
0.5270092487335205
0.4719184935092926
0.4500029385089874
0.4127989113330841
0.5187351703643799
0.5546031594276428
0.5400149822235107
0.4585506319999695
0.4937998652458191
0.46255239844322205
0.47495102882385254
0.49147143959999084
0.41113096475601196
0.48587730526924133
0.4653329849243164
0.7871843576431274
0.4883154034614563
0.5367271900177002
0.5216995477676392
0.4750220775604248
0.48446643352508545
0.5519887804985046
0.44660326838493347
0.5141329169273376
0.4820181131362915
0.4938836693763733
0.5775129199028015
0.47160202264785767
0.4912433922290802
0.5010181665420532
0.46697235107421875
0.460391104221344
0.4682697355747223
0.5434842109680176
0.4118598401546478
0.4778800308704376
0.5124133825302124
0.4675464630126953
0.4605712294578552
0.44221216440200806
0.4988521933555603
0.4427814185619354
0.46927136182785034
0.6186854839324951
0.4404311776161194
0.4443839192390442
0.47126874327659607
0.48372119665145874
0.48450565338134766
0.42560580372810364
0.4479326009750366
0.4682157039642334
0.4311337471008301
0.5212475657463074
0.5204349756240845
0.46149012446403503
0.5361055135726929
0.5213403701782227
0.4634152352809906
0.508406400680542
0.4460168182849884
0.5131344795227051
0.4908078908920288
0.5458955764770508
0.4794853627681732
0.48466959595680237
0.5437978506088257
0.553017258644104
0.45182275772094727
0.45609936118125916
0.4575956463813782
0.4460066556930542
0.4292807877063751
0.5558454990386963
0.5385945439338684
0.47722023725509644
0.4562363624572754
0.43741583824157715
0.5488698482513428
0.44850462675094604
0.410388708114624
0.46181195974349976
0.5256876349449158
0.4445458948612213
0.44437670707702637
0.4642738699913025
0.4364300072193146
0.48646044731140137
0.45416784286499023
0.4419543743133545
0.4452575445175171
0.4488404095172882
0.4992920756340027
0.4923447370529175
0.5526874661445618
0.42488133907318115
0.43477633595466614
0.4469393789768219
0.5680568218231201
0.5152804851531982
0.5945053100585938
0.5386755466461182
0.46752893924713135
0.5239511728286743
0.4160727262496948
0.4491373896598816
0.49775150418281555
0.42813289165496826
0.45538896322250366
0.42482680082321167
0.4222014248371124
0.42297154664993286
0.4934825897216797
0.44581344723701477
0.40549349784851074
0.5113273859024048
0.435186505317688
0.4291078448295593
0.44882065057754517
0.5267354846000671
0.45568448305130005
0.5573351383209229
0.5396699905395508
0.41323545575141907
0.44510841369628906
0.4375634789466858
0.406660258769989
0.42893171310424805
0.4058637320995331
0.5021376609802246
0.429574191570282
0.5185357928276062
0.45472192764282227
0.45230090618133545
0.4203965961933136
0.43890291452407837
0.4300994575023651
0.4293683171272278
0.43510937690734863
0.4380597472190857
0.42315760254859924
0.437576025724411
0.4906863570213318
0.44973790645599365
0.43072307109832764
0.4582599699497223
0.42684391140937805
0.40746092796325684
0.518954336643219
0.4394795000553131
0.37648752331733704
0.43009331822395325
0.44527941942214966
0.5068600177764893
0.4484153389930725
0.48517003655433655
0.4710899293422699
0.4500344395637512
0.44727328419685364
0.42442771792411804
0.4501662254333496
0.5538939237594604
0.5205237865447998
0.44663599133491516
0.47904571890830994
0.5069043040275574
0.4585638642311096
0.5825779438018799
0.3986806869506836
0.47617629170417786
0.5728585720062256
0.4788688123226166
0.4248926043510437
0.47899478673934937
0.5147683024406433
0.46233493089675903
0.45550262928009033
0.45547178387641907
0.3999209403991699
0.4197022318840027
0.4424620270729065
0.4327855408191681
0.44707193970680237
0.4022752344608307
0.43031343817710876
0.42900776863098145
0.4658302664756775
0.48505011200904846
0.4942234754562378
0.5040985345840454
0.4821215867996216
0.4615160822868347
0.5714387893676758
0.4352584183216095
0.46114158630371094
0.4245567321777344
0.4586741328239441
0.4872930347919464
0.41411736607551575
0.4948289394378662
0.43946021795272827
0.48589274287223816
0.737609326839447
0.5255796909332275
0.4890400469303131
0.48590004444122314
0.4687083661556244
0.4689364731311798
0.49982357025146484
0.44601017236709595
0.45185357332229614
0.46266329288482666
0.5869655013084412
0.4464170038700104
0.4884897768497467
0.4985058307647705
0.4618871510028839
0.4103705883026123
0.4062333106994629
0.4114961624145508
0.41205576062202454
0.4160640239715576
0.4167759120464325
0.4610665440559387
0.49763673543930054
0.402226984500885
0.4298323094844818
0.47148817777633667
0.463722825050354
0.4368649125099182
0.4187096655368805
0.5494529008865356
0.49761271476745605
0.4539530277252197
0.4438941478729248
0.521908164024353
0.5044035911560059
0.46286362409591675
0.48429325222969055
0.6931452751159668
0.4782353639602661
0.5398783683776855
0.45372483134269714
0.43278026580810547
0.5052446722984314
0.5191903114318848
0.5661419034004211
0.5055484771728516
0.509611189365387
0.5279460549354553
0.5134401917457581
0.4451727569103241
0.46030426025390625
0.425678551197052
0.4845637083053589
0.44382259249687195
0.4037497937679291
0.4489723742008209
0.48242443799972534
0.4310106039047241
0.4554594159126282
0.5185770988464355
0.4617970585823059
0.4046098589897156
0.5853103995323181
0.41853711009025574
0.45674973726272583
0.4247143268585205
0.41314759850502014
0.4784916639328003
0.5080294609069824
0.5033506751060486
0.43853631615638733
0.4277562201023102
0.48257285356521606
0.49595198035240173
0.4648442268371582
0.43982210755348206
0.44330447912216187
0.47393524646759033
0.42494675517082214
0.4318872094154358
0.4338248670101166
0.4007313847541809
0.44728150963783264
0.4123513698577881
0.5206243991851807
0.46535778045654297
0.49595797061920166
0.43003392219543457
0.5149873495101929
0.40531909465789795
0.4687362313270569
0.4421524405479431
0.4037117063999176
0.4712475538253784
0.4145094156265259
0.46720457077026367
0.433330237865448
0.4124847650527954
0.4059920907020569
0.42489778995513916
0.4630756974220276
0.4077092707157135
0.4515807032585144
0.3975391685962677
0.38200926780700684
0.4850471317768097
0.4211820363998413
0.3930920958518982
0.4234904646873474
0.40637844800949097
0.4586108326911926
0.4143992066383362
0.40316614508628845
0.40585392713546753
0.42986181378364563
0.40232470631599426
0.4278092384338379
0.3722608983516693
0.48089808225631714
0.4203581213951111
0.42872655391693115
0.44631698727607727
0.4361826777458191
0.4141765236854553
0.5233662128448486
0.44646328687667847
0.42255890369415283
0.4410303831100464
0.43605321645736694
0.4213969111442566
0.4554833173751831
0.41907522082328796
0.6044211387634277
0.42108625173568726
0.50026535987854
0.4134975075721741
0.43610435724258423
0.46539318561553955
0.4732908010482788
0.427458792924881
0.40705111622810364
0.43332400918006897
0.45563632249832153
0.4159567654132843
0.40065717697143555
0.40302854776382446
0.47066372632980347
0.42168113589286804
0.4058713912963867
0.41536885499954224
0.37922435998916626
0.40517860651016235
0.45538318157196045
0.4853072166442871
0.4421723484992981
0.5033271312713623
0.43620622158050537
0.4472697973251343
0.42444849014282227
0.4320030212402344
0.41577786207199097
0.42366960644721985
0.4580914378166199
0.4253496825695038
0.41859233379364014
0.4155547618865967
0.48573416471481323
0.45851433277130127
0.4430449306964874
0.39597588777542114
0.39878204464912415
0.39820435643196106
0.45558586716651917
0.4030200242996216
0.4608417749404907
0.40560436248779297
0.43029242753982544
0.42812010645866394
0.3800589442253113
0.3945515751838684
0.41509193181991577
0.4376799762248993
0.41484373807907104
0.3853239417076111
0.3920828402042389
0.42680174112319946
0.45816540718078613
0.4255392253398895
0.4630279541015625
0.3971782624721527
0.4442366659641266
0.4345168173313141
0.3929547369480133
0.3851454555988312
0.40087127685546875
0.41282764077186584
0.4634562134742737
0.40259361267089844
0.3893071711063385
0.4080605208873749
0.4059740900993347
0.4010787010192871
0.44571518898010254
0.42093178629875183
0.43223220109939575
0.39782053232192993
0.4461938142776489
0.4144078493118286
0.39227294921875
0.437552273273468
0.4267997145652771
0.40000173449516296
0.42013150453567505
0.5128586292266846
0.4808558225631714
0.4645387828350067
0.40238434076309204
0.406866192817688
0.4267386496067047
0.3945835530757904
0.3953549265861511
0.39161795377731323
0.3934036195278168
0.49809035658836365
0.41895365715026855
0.4527798891067505
0.41557130217552185
0.4312940537929535
0.3985399305820465
0.4000653922557831
0.3955097496509552
0.42169806361198425
0.424467533826828
0.41707897186279297
0.4105866253376007
0.43399932980537415
0.4264973998069763
0.42950138449668884
0.43982943892478943
0.3992176949977875
0.4233180582523346
0.3992322087287903
0.41049909591674805
0.42553719878196716
0.4042561948299408
0.38057875633239746
0.3970835506916046
0.4651710093021393
0.42206570506095886
0.47613704204559326
0.4189172387123108
0.40096068382263184
0.4053646922111511
0.5209804773330688
0.4144868850708008
0.4181535243988037
0.4123600125312805
0.4313051700592041
0.3962637186050415
0.5132102966308594
0.4068388342857361
0.41647300124168396
0.5242112278938293
0.4737076163291931
0.3903023600578308
0.4218915104866028
0.4162753224372864
0.3716198205947876
0.3979346454143524
0.4087158143520355
0.43018582463264465
0.4381982982158661
0.4908621609210968
0.4684874415397644
0.42131632566452026
0.44785773754119873
0.4611087441444397
0.4404209554195404
0.4306006133556366
0.4412449300289154
0.41915059089660645
0.4218844473361969
0.43745625019073486
0.44862163066864014
0.43764862418174744
0.430271178483963
0.46009019017219543
0.4212568998336792
0.4147621691226959
0.430410236120224
0.4168657958507538
0.44025081396102905
0.4345833361148834
0.41702353954315186
0.3830432593822479
0.4572094678878784
0.39183735847473145
0.5387377738952637
0.46721887588500977
0.42119213938713074
0.4714604616165161
0.40436097979545593
0.4095200300216675
0.3838801980018616
0.3720982074737549
0.44864678382873535
0.4921305179595947
0.3804728090763092
0.4070133864879608
0.3814481496810913
0.3748232126235962
0.409138560295105
0.39251068234443665
0.4478917717933655
0.374632328748703
0.3739205002784729
0.425741583108902
0.4050194025039673
0.45272645354270935
0.37804946303367615
0.39672374725341797
0.4006398916244507
0.4049215018749237
0.4203999936580658
0.39188873767852783
0.4030716121196747
0.42046865820884705
0.41575437784194946
0.41001439094543457
0.3925532400608063
0.41839122772216797
0.37350592017173767
0.42495834827423096
0.4021511375904083
0.3891671299934387
0.39847445487976074
0.3596116304397583
0.3676062822341919
0.41686704754829407
0.39710986614227295
0.3764381408691406
0.3758734464645386
0.38039809465408325
0.4565078616142273
0.4167163670063019
0.37655147910118103
0.378623902797699
0.39454784989356995
0.42557308077812195
0.4098363220691681
0.39157164096832275
0.36688241362571716
0.39084306359291077
0.3879038691520691
0.39998483657836914
0.40283331274986267
0.40386953949928284
0.37140101194381714
0.3898767828941345
0.38479968905448914
0.3668193817138672
0.41369128227233887
0.3835081458091736
0.3814299404621124
0.3808378577232361
0.41889697313308716
0.3992058336734772
0.3900524377822876
0.4227238893508911
0.4129091799259186
0.3608943819999695
0.39677321910858154
0.37630781531333923
0.3951810300350189
0.3764699697494507
0.3839769661426544
0.5676702857017517
0.43124568462371826
0.4392406940460205
0.38889309763908386
0.4052731990814209
0.4117826819419861
0.39162787795066833
0.3836401104927063
0.38217854499816895
0.4381953477859497
0.42629459500312805
0.39443063735961914
0.43753939867019653
0.37322676181793213
0.43428462743759155
0.4044100344181061
0.40821874141693115
0.36857080459594727
0.42729443311691284
0.40852099657058716
0.39479345083236694
0.4014299213886261
0.3934671878814697
0.3752289116382599
0.40117982029914856
0.4467836618423462
0.4820278286933899
0.40464168787002563
0.407082200050354
0.3926909863948822
0.4202364683151245
0.4179164171218872
0.4160025119781494
0.41827645897865295
0.3865965008735657
0.3721282482147217
0.43477126955986023
0.39653074741363525
0.40922442078590393
0.3893671929836273
0.3786742687225342
0.442221462726593
0.3825828731060028
0.3887474536895752
