1.9880448579788208
1.740401029586792
1.877564549446106
1.6434297561645508
1.4429137706756592
1.2541216611862183
1.0243289470672607
0.9985924363136292
1.105927586555481
0.8639547824859619
0.5918483138084412
0.569678544998169
0.6476989984512329
0.7817198038101196
0.4887213706970215
0.5634253025054932
0.5976237654685974
0.4886525869369507
0.6808034777641296
0.4981669485569
0.5898886322975159
0.4723166823387146
0.6625756621360779
0.27372974157333374
0.46533966064453125
0.378756046295166
0.40838423371315
0.2819843888282776
0.32679709792137146
0.39487242698669434
0.5332427024841309
0.22816556692123413
0.362581342458725
0.3129083216190338
0.20388980209827423
0.21235008537769318
0.24303172528743744
0.36738118529319763
0.31244194507598877
0.15332984924316406
0.2710028290748596
0.2668619751930237
0.3437545895576477
0.4220581352710724
0.28593963384628296
0.2989192306995392
0.4903174340724945
0.38970911502838135
0.3677578866481781
0.3753500282764435
0.3211083710193634
0.3148880898952484
0.1950666755437851
0.35257890820503235
0.19942519068717957
0.29613763093948364
0.22329264879226685
0.24914608895778656
0.2276681810617447
0.2372099608182907
0.1607402116060257
0.18230286240577698
0.34529972076416016
0.23493173718452454
0.16780173778533936
0.23579910397529602
0.13374294340610504
0.1656661480665207
0.17471551895141602
0.29180967807769775
0.15446536242961884
0.135927215218544
0.17098276317119598
0.14194852113723755
0.13758006691932678
0.18570753931999207
0.17725177109241486
0.18008126318454742
0.2501209080219269
0.16929228603839874
0.19627158343791962
0.2337387055158615
0.11561654508113861
0.10756997764110565
0.24501103162765503
0.08576484024524689
0.19569765031337738
0.24861878156661987
0.1650984287261963
0.15209920704364777
0.2126539647579193
0.162849560379982
0.19626246392726898
0.13467837870121002
0.22826680541038513
0.12684637308120728
0.07253372669219971
0.10839623957872391
0.09520276635885239
0.15004582703113556
0.19869522750377655
0.16731253266334534
0.1307806372642517
0.18227194249629974
0.1355787217617035
0.23029306530952454
0.2048388123512268
0.2351347655057907
0.12576204538345337
0.17575904726982117
0.15329763293266296
0.1466507911682129
0.07500438392162323
0.09451963752508163
0.1972976177930832
0.1457737535238266
0.22089101374149323
0.17244607210159302
0.12160689383745193
0.10657121986150742
0.1253906935453415
0.18002621829509735
0.18807297945022583
0.1900186985731125
0.13199923932552338
0.12764312326908112
0.22137382626533508
0.1717940866947174
0.1317407786846161
0.11903485655784607
0.09485385566949844
0.11464978754520416
0.16412357985973358
0.2413264513015747
0.24059158563613892
0.16567617654800415
0.13101930916309357
0.0808006003499031
0.12445715814828873
0.11121812462806702
0.2187720686197281
0.07458265125751495
0.19967584311962128
0.13129262626171112
0.08663514256477356
0.13223686814308167
0.11293146759271622
0.2415652722120285
0.1417829543352127
0.20262832939624786
0.22347252070903778
0.21647842228412628
0.14608846604824066
0.17221786081790924
0.1063680350780487
0.17839141190052032
0.11275960505008698
0.14529244601726532
0.18178300559520721
0.20594047009944916
0.09651309996843338
0.24156250059604645
0.25294744968414307
0.09630659222602844
0.2431313395500183
0.22088803350925446
0.06739401817321777
0.13018584251403809
0.13758568465709686
0.08722754567861557
0.061361465603113174
0.13699595630168915
0.0836271420121193
0.17104609310626984
0.10131420195102692
0.07491527497768402
0.1201511025428772
0.08425880968570709
0.16278132796287537
0.18548789620399475
0.14524619281291962
0.16060389578342438
0.08458522707223892
0.17458510398864746
0.10395476967096329
0.08249007165431976
0.119667649269104
0.2904302477836609
0.21438494324684143
0.10309462249279022
0.13055077195167542
0.09772982448339462
0.14182958006858826
0.07847519218921661
0.10379994660615921
0.09211928397417068
0.16463975608348846
0.10199648886919022
0.15034589171409607
0.0412314310669899
0.16966208815574646
0.13311880826950073
0.1878199577331543
0.20661519467830658
0.11728258430957794
0.048006217926740646
0.10304336249828339
0.07102074474096298
0.08994866907596588
0.15432442724704742
0.22783757746219635
0.16647297143936157
0.07822975516319275
0.10808306187391281
0.18877799808979034
0.1541827917098999
0.139019176363945
0.04594910144805908
0.10921507328748703
0.2098066806793213
0.1134401336312294
0.11959651857614517
0.12084149569272995
0.12927120923995972
0.08172472566366196
0.1855023056268692
0.16296261548995972
0.08267015963792801
0.14372949302196503
0.1681143343448639
0.1870412975549698
0.06235264986753464
0.13000120222568512
0.18843437731266022
0.17297428846359253
0.047161202877759933
0.1165846735239029
0.08951829373836517
0.09677579253911972
0.09757139533758163
0.1764822155237198
0.14598841965198517
0.10681020468473434
0.18932312726974487
0.056970540434122086
0.06490468978881836
0.06619005650281906
0.1199631616473198
0.04117199033498764
0.17348571121692657
0.1018248125910759
0.04874131828546524
0.21245840191841125
0.0834888443350792
0.046786729246377945
0.12817983329296112
0.11018506437540054
0.047777969390153885
0.05723455548286438
0.06676856428384781
0.0982123389840126
0.21893008053302765
0.12492644041776657
0.19175636768341064
0.09262517839670181
0.14145274460315704
0.05831799656152725
0.09853500127792358
0.09897350519895554
0.09441922605037689
0.13386154174804688
0.056235454976558685
0.048138998448848724
0.1520499736070633
0.06292732805013657
0.13503989577293396
0.12280450016260147
0.15290521085262299
0.05102574825286865
0.0973300039768219
0.10642307251691818
0.07691923528909683
0.08431033045053482
0.18936118483543396
0.06861422210931778
0.0781741514801979
0.1094861850142479
0.14940427243709564
0.08070696145296097
0.060896020382642746
0.04851934686303139
0.08610576391220093
0.130869060754776
0.08040199428796768
0.03987625241279602
0.12803220748901367
0.10159388929605484
0.15358608961105347
0.03799194470047951
0.04059566929936409
0.17443321645259857
0.09415674209594727
0.14106261730194092
0.09713290631771088
0.2130407840013504
0.07902350276708603
0.13342824578285217
0.07519993931055069
0.03516235947608948
0.0650884136557579
0.04897047579288483
0.08778328448534012
0.08235348016023636
0.02898348495364189
0.13337649405002594
0.09720055013895035
0.3026600778102875
0.09221331030130386
0.05026146024465561
0.12014705687761307
0.04673922806978226
0.049939703196287155
0.11549188196659088
0.042098596692085266
0.06549620628356934
0.04189526289701462
0.07780709862709045
0.16200397908687592
0.12348635494709015
0.07442020624876022
0.10837046056985855
0.036510907113552094
0.09941630065441132
0.08955242484807968
0.056486181914806366
0.09807784110307693
0.12074485421180725
0.0677657201886177
0.07236017286777496
0.0626780167222023
0.037566520273685455
0.056731972843408585
0.03321995213627815
0.08101528882980347
0.057239457964897156
0.24904413521289825
0.07918091118335724
0.06056054309010506
0.17137601971626282
0.07909850776195526
0.08710039407014847
0.11668059974908829
0.10138724744319916
0.09311927855014801
0.09878244996070862
0.05082142353057861
0.07178690284490585
0.03782186657190323
0.07493418455123901
0.06282690912485123
0.08351010084152222
0.1785420924425125
0.10132914036512375
0.04287223890423775
0.12953168153762817
0.07953130453824997
0.06229525804519653
0.07037343084812164
0.11449415981769562
0.043867431581020355
0.1020064577460289
0.08857659995555878
0.03701629489660263
0.0894511491060257
0.10300459712743759
0.08237310498952866
0.10138440132141113
0.05463550612330437
0.07112538069486618
0.14926175773143768
0.051933612674474716
0.06273888051509857
0.07856525480747223
0.026316579431295395
0.19507654011249542
0.04344131425023079
0.13044297695159912
0.15566080808639526
0.1086665689945221
0.09792785346508026
0.061704546213150024
0.06711436808109283
0.06323003023862839
0.2051878124475479
0.10810580849647522
0.08848659694194794
0.0873473584651947
0.05658005550503731
0.05715145915746689
0.0517801009118557
0.06326744705438614
0.17883162200450897
0.11055844277143478
0.03229044750332832
0.08225858956575394
0.04309139400720596
0.07838748395442963
0.055688001215457916
0.07416608184576035
0.09827251732349396
0.03609758988022804
0.10366372764110565
0.09893757104873657
0.05286895111203194
0.0525338314473629
0.0435781367123127
0.04628826305270195
0.14693090319633484
0.09310431033372879
0.09742224961519241
0.12375352531671524
0.12022130191326141
0.1534300446510315
0.061239928007125854
0.07301254570484161
0.18003219366073608
0.11451715975999832
0.10626041144132614
0.053952109068632126
0.06085536256432533
0.10967224091291428
0.07906819880008698
0.06064828112721443
0.21173588931560516
0.06722994893789291
0.06992282718420029
0.10089749097824097
0.11049315333366394
0.09398959577083588
0.08361539244651794
0.05023888126015663
0.09318583458662033
0.04028981178998947
0.13933955132961273
0.08127033710479736
0.12294960021972656
0.07622788846492767
0.13044291734695435
0.023699328303337097
0.02109639346599579
0.06348280608654022
0.13966162502765656
0.079518623650074
0.03158320114016533
0.06969855725765228
0.08799247443675995
0.061131857335567474
0.04220806062221527
0.07780138403177261
0.07048170268535614
0.17981518805027008
0.05411366745829582
0.03111075982451439
0.0444965697824955
0.04882293567061424
0.064759761095047
0.052122410386800766
0.04751339554786682
0.08856502175331116
0.10745818167924881
0.12017960846424103
0.0718567967414856
0.052624695003032684
0.15417392551898956
0.04195787385106087
0.10008251667022705
0.054059434682130814
0.03193686157464981
0.04530520737171173
0.09796512871980667
0.29526010155677795
0.033968664705753326
0.02958209440112114
0.08217959851026535
0.12115899473428726
0.040335193276405334
0.058863066136837006
0.08906298130750656
0.044169068336486816
0.06293144077062607
0.05668133869767189
0.03619333729147911
0.04920189455151558
0.05612422898411751
0.042075712233781815
0.06980385631322861
0.11705432832241058
0.07639002799987793
0.03122904524207115
0.10807006806135178
0.09739621728658676
0.058684464544057846
0.11145026981830597
0.11771975457668304
0.07173076272010803
0.04068070277571678
0.15647627413272858
0.02911873534321785
0.05105466768145561
0.06846679002046585
0.13014180958271027
0.07468472421169281
0.0565873347222805
0.019119562581181526
0.043389592319726944
0.15227249264717102
0.13843265175819397
0.12053491920232773
0.08408475667238235
0.03194361925125122
0.07257180660963058
0.019574517384171486
0.030504392459988594
0.14352688193321228
0.046117234975099564
0.04822899028658867
0.08080730587244034
0.11127398163080215
0.039527881890535355
0.04066295921802521
0.056675173342227936
0.04591318219900131
0.12921784818172455
0.10275006294250488
0.03376692906022072
0.08603449910879135
0.041788890957832336
0.056442808359861374
0.11497333645820618
0.055024031549692154
0.03847050294280052
0.10072827339172363
0.05649225786328316
0.04221155866980553
0.04963009059429169
0.030330801382660866
0.06455185264348984
0.1287505179643631
0.02795189619064331
0.06999466568231583
0.05890730023384094
0.0391213484108448
0.028576310724020004
0.05012671649456024
0.022341933101415634
0.030623620375990868
0.05895154923200607
0.12836875021457672
0.03268752247095108
0.08606619387865067
0.022574465721845627
0.1104302853345871
0.047432124614715576
0.05318140238523483
0.051174525171518326
0.11836116760969162
0.10727439820766449
0.08809595555067062
0.03951803967356682
0.05770334228873253
0.03586850315332413
0.032691579312086105
0.06307525932788849
0.09482993930578232
0.07710251957178116
0.06775315850973129
0.05559566617012024
0.02764982171356678
0.06387551873922348
0.0446811281144619
0.030224544927477837
0.054098598659038544
0.08014318346977234
0.10496014356613159
0.09059732407331467
0.09573500603437424
0.04834488034248352
0.016632258892059326
0.03599046170711517
0.06962359696626663
0.042556025087833405
0.07403528690338135
0.041882436722517014
0.022824281826615334
0.03130614012479782
0.01096708606928587
0.1538207232952118
0.10093286633491516
0.020489200949668884
0.05416784808039665
0.04379453510046005
0.04636283963918686
0.09443338960409164
0.05178705230355263
0.017902148887515068
0.1050209030508995
0.05627771466970444
0.07798978686332703
0.06190989166498184
0.03620818629860878
0.030320387333631516
0.08785640448331833
0.04552888125181198
0.06880998611450195
0.071269191801548
0.03584190458059311
0.10190792381763458
0.05825965851545334
0.09256823360919952
0.04439608380198479
0.1065957173705101
0.09622311592102051
0.019314706325531006
0.059261590242385864
0.06721217930316925
0.0572039969265461
0.01707148738205433
0.02692641317844391
0.029006799682974815
0.03371553122997284
0.03565839305520058
0.09336453676223755
0.03220325708389282
0.07692820578813553
0.03532645106315613
0.02088348940014839
0.09653238207101822
0.07244255393743515
0.04518740251660347
0.037382856011390686
0.02447809837758541
0.03151524066925049
0.06416455656290054
0.09994414448738098
0.07722248136997223
0.08144257217645645
0.026123138144612312
0.043218206614255905
0.032554417848587036
0.13233181834220886
0.10575670748949051
0.09964831173419952
0.08518346399068832
0.029744230210781097
0.1447805017232895
0.044609300792217255
0.07806022465229034
0.050746433436870575
0.09105003625154495
0.03878943622112274
0.06591062992811203
0.0705370381474495
0.06999993324279785
0.028214460238814354
0.017007047310471535
0.04367327317595482
0.06960474699735641
0.029576631262898445
0.05717441067099571
0.0480935275554657
0.09011301398277283
0.0170705895870924
0.03729123994708061
0.05363485962152481
0.03756413608789444
0.018552858382463455
0.05246518552303314
0.04941079393029213
0.010851445607841015
0.09435803443193436
0.014483795501291752
0.04393524304032326
0.027380075305700302
0.027110230177640915
0.049568597227334976
0.04570712521672249
0.06659868359565735
0.05194662883877754
0.17244647443294525
0.05109426751732826
0.04158848896622658
0.014895274303853512
0.020922131836414337
0.013237827457487583
0.04671590030193329
0.06313309073448181
0.07414510101079941
0.034023359417915344
0.07848817110061646
0.007668263278901577
0.01970912702381611
0.016872910782694817
0.019847605377435684
0.06993577629327774
0.08297562599182129
0.1382848173379898
0.0390661247074604
0.06443580240011215
0.018589969724416733
0.02844286523759365
0.07922110706567764
0.1040414571762085
0.07235242426395416
0.08597271889448166
0.0542331300675869
0.08173561096191406
0.02049197256565094
0.09052291512489319
0.0536356084048748
0.040374863892793655
0.04811602830886841
0.07256287336349487
0.012268660590052605
0.11346307396888733
0.03947655111551285
0.02276933193206787
0.049028124660253525
0.04687674716114998
0.07531815767288208
0.0748467817902565
0.019255686551332474
0.034859251230955124
0.025894248858094215
0.035658519715070724
0.1652710735797882
0.01470141764730215
0.01041034422814846
0.04379871487617493
0.03385124355554581
0.07477936148643494
0.03395785018801689
0.03751394897699356
0.06692972779273987
0.04610591381788254
0.024650610983371735
0.053513024002313614
0.05374825745820999
0.05328495055437088
0.034300561994314194
0.03514193370938301
0.037536751478910446
0.023390453308820724
0.04080235958099365
0.041955191642045975
0.08606164902448654
0.06739442050457001
0.01834845542907715
0.0490754060447216
0.012013740837574005
0.042598526924848557
0.03058513067662716
0.047115497291088104
0.08511977642774582
0.04380602017045021
0.021586300805211067
0.04380849376320839
0.09938344359397888
0.057542573660612106
0.027394527569413185
0.03962478041648865
0.03646199032664299
0.020797573029994965
0.07770007848739624
0.011972296983003616
0.07709769159555435
0.026034832000732422
0.033805571496486664
0.03795166313648224
0.04512607678771019
0.028950192034244537
0.016750860959291458
0.045102253556251526
0.057124193757772446
0.040877506136894226
0.040689218789339066
0.01176377385854721
0.05823935195803642
0.05514390766620636
0.07199801504611969
0.059208944439888
0.017110716551542282
0.05003683641552925
0.07824166864156723
0.1242770403623581
0.0554221086204052
0.015585989691317081
0.04373867064714432
0.028834031894803047
0.020791418850421906
0.10872133821249008
0.04815048351883888
0.06437479704618454
0.033518195152282715
0.015248538926243782
0.05625482648611069
0.06166554614901543
0.11925870180130005
0.098576620221138
0.03188638016581535
0.05608178302645683
0.07612001150846481
0.00945278536528349
0.00751170888543129
0.028856130316853523
0.029541829600930214
0.05544352903962135
0.03732374310493469
0.030507663264870644
0.01201041042804718
0.03613831102848053
0.026187952607870102
0.03964388743042946
0.040761370211839676
0.032252632081508636
0.05354247987270355
0.11066941916942596
0.021171029657125473
0.07591144740581512
0.07197771966457367
0.04664573073387146
0.008872829377651215
0.026215482503175735
0.05527473986148834
0.0290002953261137
0.04112081602215767
0.022791560739278793
0.15442828834056854
0.02101008966565132
0.010736137628555298
0.028168300166726112
0.016953326761722565
0.021727468818426132
0.028104471042752266
0.023519691079854965
0.07682287693023682
0.018944062292575836
0.03713415190577507
0.017288904637098312
0.06253821402788162
0.017168203368782997
0.018527155742049217
0.09839317947626114
0.011758999899029732
0.05830591917037964
0.03884843364357948
0.026785723865032196
0.03307614475488663
0.10027965903282166
0.018506551161408424
0.024005331099033356
0.02605500817298889
0.20076902210712433
0.030616270378232002
0.026851294562220573
0.12399154901504517
0.0236357469111681
0.020192347466945648
0.08110833168029785
0.009090389125049114
0.01785544864833355
0.050587303936481476
0.007609514519572258
0.012610359117388725
0.06878554075956345
0.06726682186126709
0.05171459913253784
0.025187186896800995
0.03455822169780731
0.04395775496959686
0.06401370465755463
0.05426335707306862
0.05238514766097069
0.06864137947559357
0.013277579098939896
0.013934079557657242
0.030241966247558594
0.0614914707839489
0.030602112412452698
0.047462839633226395
0.07640320807695389
0.062032103538513184
0.030683940276503563
0.06564744561910629
0.12455004453659058
0.05954162776470184
0.0982423946261406
0.07323101162910461
0.0761418491601944
0.03422737866640091
0.1260930895805359
0.032179560512304306
0.052258774638175964
0.03764756768941879
0.04530320689082146
0.020396562293171883
0.0436796098947525
0.1681697517633438
0.00753695098683238
0.04863334819674492
0.013775978237390518
0.02951524779200554
0.06228456646203995
0.04236859455704689
0.06239882856607437
0.019918441772460938
0.11029790341854095
0.0396171435713768
0.04714426025748253
0.014411035925149918
0.058299802243709564
0.01929379068315029
0.04775167629122734
0.06148237735033035
0.09387562423944473
0.03946395963430405
0.0602751150727272
0.05448909103870392
0.0381380096077919
0.011324796825647354
0.05268676206469536
0.011215072125196457
0.036423999816179276
0.018323976546525955
0.019840316846966743
0.05031423270702362
0.15159744024276733
0.017561350017786026
0.08343811333179474
0.04593891277909279
0.04855501651763916
0.02271818369626999
0.05257093906402588
0.032291680574417114
0.03049878403544426
0.016590457409620285
0.012529611587524414
0.019272765144705772
0.041761450469493866
0.06679634749889374
0.08547074347734451
0.08838630467653275
0.04288633167743683
0.011653890833258629
0.018818644806742668
0.056995097547769547
0.1056995689868927
0.02474782057106495
0.032875269651412964
0.03420140594244003
0.06218435987830162
0.04921133816242218
0.08570992946624756
0.04378662258386612
0.046981099992990494
0.022213179618120193
0.10741447657346725
0.01899070478975773
0.04690361022949219
0.06267228722572327
0.017744287848472595
0.04262683168053627
0.05833752825856209
0.09778966754674911
0.034547921270132065
0.022863471880555153
0.023888396099209785
0.048902709037065506
0.10516724735498428
0.11845583468675613
0.029231170192360878
0.014352710917592049
0.0841856375336647
0.0406305231153965
0.00499653210863471
0.05992710217833519
0.12572067975997925
0.03872294723987579
0.040925830602645874
0.02109808288514614
0.06989014893770218
0.062324829399585724
0.03140226751565933
0.050657693296670914
0.07874356210231781
0.03015417791903019
0.03284271061420441
0.07634244859218597
0.0608789436519146
0.07675894349813461
0.030399087816476822
0.05631678178906441
