3.1643600463867188
2.9954957962036133
2.7607080936431885
2.5110533237457275
2.531078815460205
2.3292019367218018
2.239544630050659
2.1530373096466064
2.143432140350342
2.0898640155792236
1.744621753692627
1.7002824544906616
1.6941996812820435
1.69887113571167
1.7248691320419312
1.528975248336792
1.482283353805542
1.3894360065460205
1.5484542846679688
1.4746606349945068
1.6365857124328613
1.3891196250915527
1.3731402158737183
1.4814281463623047
1.2878260612487793
1.2377135753631592
1.1141902208328247
1.3302114009857178
1.4398826360702515
1.4725356101989746
1.471492052078247
1.1451895236968994
1.2880055904388428
1.3694899082183838
1.34820556640625
1.226895809173584
1.0663373470306396
1.2985775470733643
1.3212453126907349
1.1671653985977173
1.1046818494796753
1.155472755432129
1.1745835542678833
1.1354036331176758
1.1090316772460938
1.1214838027954102
1.1961524486541748
1.228722333908081
1.1363052129745483
1.0989577770233154
1.1127417087554932
1.1317800283432007
1.0884273052215576
1.238016128540039
1.0243903398513794
1.1643664836883545
1.0656840801239014
1.1329896450042725
1.036123275756836
1.0524502992630005
1.118952989578247
1.0468478202819824
1.076345682144165
1.2587100267410278
1.063708782196045
1.103590488433838
0.946535587310791
1.0269014835357666
1.1003047227859497
0.988904595375061
1.0141183137893677
1.2109110355377197
1.076957106590271
0.9624472260475159
1.1416583061218262
1.0379047393798828
0.9474129676818848
1.046042799949646
1.2167298793792725
0.9968531131744385
0.9997144341468811
1.1089727878570557
0.9859131574630737
1.017759084701538
1.13872230052948
1.0330877304077148
0.9589322805404663
0.985669732093811
1.012752652168274
1.0014830827713013
0.9526983499526978
0.9869616031646729
0.981270432472229
0.9738246202468872
0.8895683288574219
0.974907636642456
0.9855226278305054
0.9094936847686768
0.9651890397071838
0.9586777687072754
0.9258873462677002
0.9488092660903931
0.9676165580749512
1.017449975013733
0.9690922498703003
1.0457441806793213
0.9384622573852539
0.9513667821884155
0.9750548005104065
0.9794230461120605
0.8850143551826477
0.9492743015289307
0.9576832056045532
0.8817969560623169
0.8872088193893433
0.9655691385269165
0.8998799324035645
0.8817983865737915
0.8122084140777588
0.858390212059021
0.8954156041145325
0.959945559501648
0.9458778500556946
0.9194642305374146
0.882648766040802
0.8040765523910522
0.9377492666244507
0.9013444185256958
0.8802976608276367
1.0085997581481934
0.9365993738174438
0.8619681596755981
0.8549928665161133
0.8996804356575012
0.8565973043441772
0.8077294826507568
0.8739360570907593
0.8415400981903076
0.9723138213157654
0.893768310546875
0.8481196165084839
0.8846145868301392
0.7846617102622986
0.8961491584777832
0.8209960460662842
0.8119295835494995
0.8901810646057129
0.8962793350219727
0.7598928213119507
0.8045365810394287
0.8278524875640869
0.7906204462051392
0.7894829511642456
0.8170827031135559
0.9562354683876038
0.8944426774978638
0.8159261345863342
0.8522862195968628
0.8396152257919312
0.7668977975845337
0.8272714614868164
0.7865219712257385
0.9275339841842651
0.9600487947463989
0.7718321084976196
0.9860470294952393
0.8538618087768555
0.8505748510360718
0.8144048452377319
0.8575757741928101
0.9333186149597168
0.8733614087104797
0.8107211589813232
0.8626548647880554
0.9070816040039062
0.8620101809501648
0.8375061750411987
0.9151953458786011
0.8937743902206421
0.8724522590637207
0.8326126337051392
0.822373628616333
0.8027259111404419
0.7955834865570068
0.88886559009552
0.8779425621032715
0.8819078207015991
0.785420298576355
0.7685294151306152
0.9508593082427979
0.8410930633544922
0.8166894316673279
0.8636012673377991
0.8666324615478516
0.7540364265441895
0.8559209108352661
0.9713243842124939
0.7691724300384521
0.8343331813812256
0.7354410290718079
0.8355399966239929
0.9389315247535706
0.8206727504730225
0.8379179835319519
0.8495534658432007
0.8675950169563293
0.9038683772087097
0.8072440028190613
0.7688297033309937
0.8119057416915894
0.8551976680755615
0.9414560794830322
0.8353334665298462
0.879228413105011
0.8234188556671143
0.824984073638916
0.8184899091720581
0.8900146484375
0.9338412880897522
0.8407443761825562
0.9120076894760132
0.8029205203056335
0.8360263109207153
0.8072551488876343
0.7845085859298706
0.86199951171875
0.8137463331222534
0.8218696117401123
0.7753896713256836
0.7289660573005676
0.7986432909965515
0.773399829864502
0.811996340751648
0.8741062879562378
0.8321456909179688
0.7357877492904663
0.7593337297439575
0.7235148549079895
0.8763251304626465
0.7470941543579102
0.8535599708557129
0.7813366651535034
0.6936763525009155
0.7455539703369141
0.7536858320236206
0.8040472269058228
0.8162180185317993
0.7877755165100098
0.7274423837661743
0.7666054368019104
0.7789533734321594
0.7476081848144531
0.7043793201446533
0.7794142961502075
0.743506669998169
0.7764745354652405
0.8623678088188171
0.7869699597358704
0.7287678718566895
0.6920835375785828
0.8171154260635376
0.7522015571594238
0.7619073390960693
0.8008408546447754
0.7347853779792786
0.7491002082824707
0.7926076650619507
0.7807127237319946
0.674607515335083
0.7001723051071167
0.7391668558120728
0.6865721940994263
0.6842232942581177
0.6836591958999634
0.7302971482276917
0.7891091108322144
0.7826976180076599
0.7524069547653198
0.7956675291061401
0.8455889225006104
0.7123302221298218
0.74755859375
0.7840551137924194
0.7629938125610352
0.7077943086624146
0.8074240684509277
0.7572587728500366
0.7274305820465088
0.7546918988227844
0.7640937566757202
0.7424687147140503
0.7504825592041016
0.6781997084617615
0.7775357365608215
0.7195296287536621
0.7322795391082764
0.7537778615951538
0.8104516863822937
0.779048502445221
0.7956716418266296
0.7401862740516663
0.8487901091575623
0.7379927039146423
0.7926560044288635
0.8103463649749756
0.6941206455230713
0.7650532722473145
0.6824333667755127
0.7324004173278809
0.7161428332328796
0.6601531505584717
0.7585413455963135
0.7017897367477417
0.6990443468093872
0.8014962673187256
0.7406713962554932
0.8389946222305298
0.7417423725128174
0.7400996685028076
0.7858214974403381
0.7275069952011108
0.7426609992980957
0.8580215573310852
0.7944487929344177
0.761698842048645
0.7217376828193665
0.8098616003990173
0.7504137754440308
0.7148767709732056
0.7077795267105103
0.768399715423584
0.7643794417381287
0.7172418832778931
0.7646387815475464
0.7425880432128906
0.7519664764404297
0.7482013702392578
0.7603054642677307
0.7379510402679443
0.8113268613815308
0.7175246477127075
0.7814983129501343
0.7920467853546143
0.7350722551345825
0.6758402585983276
0.782459557056427
0.7898979187011719
0.8019644618034363
0.7479838132858276
0.7755573987960815
0.690244197845459
0.7445544004440308
0.8034241795539856
0.7832114696502686
0.7237915992736816
0.669131875038147
0.7349478006362915
0.7256842255592346
0.8429321050643921
0.7016621232032776
0.7543627023696899
0.7250591516494751
0.8362780809402466
0.7610405683517456
0.7736839056015015
0.7419254779815674
0.7243480682373047
0.8098365664482117
0.6956984996795654
0.7294771671295166
0.6785368919372559
0.778984546661377
0.7087081074714661
0.7812449932098389
0.6901909112930298
0.7140442728996277
0.7429001331329346
0.7886470556259155
0.7039244771003723
0.7540126442909241
0.6775495409965515
0.7413449287414551
0.7346542477607727
0.7499079704284668
0.7118534445762634
0.8028159737586975
0.6989964246749878
0.7216033935546875
0.7022308707237244
0.7058127522468567
0.6993386745452881
0.7514899969100952
0.7101036310195923
0.7943744659423828
0.7568768262863159
0.7576339244842529
0.675313413143158
0.7658710479736328
0.6834379434585571
0.7316878437995911
0.6550585031509399
0.7217934727668762
0.723471999168396
0.7473341226577759
0.8236016631126404
0.673438310623169
0.7157560586929321
0.6551046371459961
0.7976139783859253
0.7668312788009644
0.7489480972290039
0.721692681312561
0.790956974029541
0.762208104133606
0.8285754919052124
0.7446850538253784
0.7173497676849365
0.7438147068023682
0.7276808023452759
0.7742757797241211
0.6650619506835938
0.6976592540740967
0.7893223166465759
0.8004767894744873
0.682787299156189
0.6503605246543884
0.7093650102615356
0.797065794467926
0.7704904675483704
0.6645603179931641
0.7890473008155823
0.7167515754699707
0.6851257681846619
0.7138601541519165
0.6718777418136597
0.7434365749359131
0.71345454454422
0.6881157159805298
0.7651576995849609
0.6752740144729614
0.756799578666687
0.6881060600280762
0.7227542400360107
0.6702485084533691
0.6735343933105469
0.700337827205658
0.7930017709732056
0.6954459547996521
0.7171368598937988
0.7167662382125854
0.7222269177436829
0.6940169334411621
0.7207289934158325
0.690266489982605
0.7692755460739136
0.7161546349525452
0.7001270055770874
0.7210755348205566
0.7872875928878784
0.7581044435501099
0.643419086933136
0.7002648115158081
0.718874454498291
0.6546106338500977
0.6865758895874023
0.6975611448287964
0.7131996750831604
0.7452396750450134
0.6711613535881042
0.6959333419799805
0.6943202614784241
0.7140872478485107
0.8738526105880737
0.5979952812194824
0.7186406850814819
0.697187066078186
0.735896646976471
0.708776593208313
0.5994101166725159
0.8013008236885071
0.6963813304901123
0.6969579458236694
0.7462742328643799
0.674819827079773
0.6844915151596069
0.6911166906356812
0.7256105542182922
0.7386245727539062
0.7729986906051636
0.7502265572547913
0.7107029557228088
0.7627364993095398
0.7592252492904663
0.6948227882385254
0.7548803687095642
0.7070224285125732
0.6598806977272034
0.7526325583457947
0.6795669794082642
0.7193433046340942
0.6502492427825928
0.7098052501678467
0.6670373678207397
0.7298195362091064
0.6336205005645752
0.6408304572105408
0.7445083856582642
0.6922827363014221
0.7523918747901917
0.6802173852920532
0.7002866864204407
0.6973053216934204
0.6752321124076843
0.6533688902854919
0.7984668612480164
0.6792428493499756
0.6817238926887512
0.6699852347373962
0.7053369879722595
0.6601910591125488
0.6594160795211792
0.7029092907905579
0.6471908688545227
0.6937029957771301
0.664107620716095
0.7212705612182617
0.7820920944213867
0.7623244524002075
0.7040129899978638
0.7298330664634705
0.6643990874290466
0.6817942261695862
0.6958340406417847
0.6578871011734009
0.7275627851486206
0.6843849420547485
0.6615744829177856
0.6960110068321228
0.6909971237182617
0.6663111448287964
0.6642557978630066
0.6775342226028442
0.7218152284622192
0.6692463755607605
0.7016524076461792
0.7247071862220764
0.6452010869979858
0.641610860824585
0.7073556780815125
0.6335352659225464
0.6735517382621765
0.674238920211792
0.6940172910690308
0.7086532115936279
0.7302345037460327
0.7828474044799805
0.6361837983131409
0.6866520047187805
0.6887946724891663
0.6576723456382751
0.6390613317489624
0.6967257857322693
0.7174122333526611
0.7065554261207581
0.7220010757446289
0.7424787878990173
0.6378019452095032
0.6592124700546265
0.6880064010620117
0.6843969821929932
0.6683813333511353
0.6564894318580627
0.6683310270309448
0.6521267294883728
0.6439868807792664
0.6529538035392761
0.6682438254356384
0.6868979334831238
0.802932620048523
0.6984679698944092
0.7510939836502075
0.6520010232925415
0.6880044341087341
0.6789861917495728
0.7480901479721069
0.6848729252815247
0.6973776817321777
0.6883755922317505
0.6733489632606506
0.7661033868789673
0.7042547464370728
0.6874333024024963
0.7290071249008179
0.7479468584060669
0.6770623326301575
0.641336977481842
0.6941778659820557
0.6875551342964172
0.6811947822570801
0.7120410799980164
0.7489597201347351
0.6579411625862122
0.6825359463691711
0.6500222086906433
0.6541786193847656
0.6905398964881897
0.6801609396934509
0.650810718536377
0.6874347925186157
0.6743720173835754
0.7220492959022522
0.7113375663757324
0.6630929112434387
0.6768734455108643
0.6247193813323975
0.6689543128013611
0.670283854007721
0.6765739917755127
0.7084266543388367
0.6229467988014221
0.7431741952896118
0.7614887952804565
0.7273749113082886
0.68885338306427
0.6612789630889893
0.6650444865226746
0.6718998551368713
0.6955329179763794
0.7327325940132141
0.7585027813911438
0.6659570932388306
0.665349543094635
0.72257000207901
0.7110748291015625
0.6741596460342407
0.6455031633377075
0.6817805767059326
0.6803962588310242
0.6329221725463867
0.6499675512313843
0.6402794122695923
0.6926071643829346
0.6953595876693726
0.6534764170646667
0.6705742478370667
0.6206462979316711
0.6664798259735107
0.6828360557556152
0.6701535582542419
0.6458507180213928
0.6637534499168396
0.6556108593940735
0.6561993360519409
0.6145737171173096
0.6540848016738892
0.6935322284698486
0.6761100888252258
0.6201969981193542
0.6556634306907654
0.6985225081443787
0.7065411806106567
0.6546778678894043
0.6600732803344727
0.6849521398544312
0.6130443215370178
0.6753144264221191
0.6764853596687317
0.6813291311264038
0.6900624632835388
0.7495385408401489
0.6788854002952576
0.7104945182800293
0.6484202742576599
0.7741592526435852
0.6953026652336121
0.6122846603393555
0.670379638671875
0.7425786256790161
0.6453567743301392
0.6287628412246704
0.6901249885559082
0.6646159291267395
0.7116717100143433
0.6976299285888672
0.6531158089637756
0.6636766791343689
0.6422038078308105
0.73663330078125
0.7026598453521729
0.6249198317527771
0.655767023563385
0.7163102030754089
0.6754801273345947
0.631363570690155
0.6348854303359985
0.6559814810752869
0.6223185062408447
0.6494743824005127
0.6751339435577393
0.6652113795280457
0.6577129364013672
0.63087397813797
0.6261715292930603
0.7121341228485107
0.713654637336731
0.6474379301071167
0.6908285021781921
0.6780009269714355
0.6633569002151489
0.6032025218009949
0.669215738773346
0.7100385427474976
0.6158177256584167
0.7200515270233154
0.6573197841644287
0.7019379138946533
0.6387465596199036
0.639873743057251
0.7007243633270264
0.6224148273468018
0.7060422301292419
0.6355569958686829
0.6077957153320312
0.7698546648025513
0.6332077383995056
0.6002792119979858
0.7141669988632202
0.644294023513794
0.6687449216842651
0.6732951402664185
0.7188630104064941
0.6633849740028381
0.700659453868866
0.6944078207015991
0.6265095472335815
0.6668744087219238
0.6440300941467285
0.6234943866729736
0.7039602398872375
0.6315490007400513
0.717856228351593
0.6516937017440796
0.6335524320602417
0.6279792785644531
0.6398178935050964
0.7054730653762817
0.6256518959999084
0.6284618973731995
0.6588938236236572
0.6313567161560059
0.6986178755760193
0.6527071595191956
0.6558024883270264
0.6604518890380859
0.643357515335083
0.6582754850387573
0.7351309061050415
0.6788606643676758
0.6734417080879211
0.6715043783187866
0.6367984414100647
0.6266469955444336
0.6265451908111572
0.7042475938796997
0.7262219190597534
0.686713695526123
0.6777820587158203
0.6337337493896484
0.7050039172172546
0.6477238535881042
0.6811822652816772
0.6568639874458313
0.6763870716094971
0.6120616793632507
0.7164102792739868
0.7021322250366211
0.6796635389328003
0.6414040327072144
0.6115912199020386
0.6725897789001465
0.6778528690338135
0.6893613338470459
0.6455304622650146
0.6616966128349304
0.633593738079071
0.6240097880363464
0.8002856969833374
0.7058209180831909
0.6690685153007507
0.643977701663971
0.6962336897850037
0.6417964100837708
0.6766523122787476
0.6242747902870178
0.6819260716438293
0.6439641714096069
0.6788375377655029
0.6767269372940063
0.6192027926445007
0.6820181012153625
0.6371634602546692
0.622285783290863
0.6391392946243286
0.6615738868713379
0.6490330696105957
0.6501696109771729
0.6294444799423218
0.6920332908630371
0.6059285402297974
0.6449103355407715
0.6924175024032593
0.6557045578956604
0.6664376258850098
0.6520837545394897
0.6320511698722839
0.7102941274642944
0.7107276916503906
0.6617234349250793
0.6580715775489807
0.6267820000648499
0.7213397026062012
0.6180316209793091
0.6119973063468933
0.639132022857666
0.6689475774765015
0.598712682723999
0.6977989077568054
0.6423357725143433
0.6052041053771973
0.6707661151885986
0.6172496676445007
0.6461758017539978
0.6284961104393005
0.653623640537262
0.6736360192298889
0.6688118577003479
0.6031580567359924
0.6837586164474487
0.6230317950248718
0.670479416847229
0.6421719789505005
0.6179136633872986
0.5960103273391724
0.6362923383712769
0.655924916267395
0.6260442733764648
0.6928045749664307
0.5685251951217651
0.6367807984352112
0.6299782395362854
0.65451580286026
0.6362751722335815
0.5924818515777588
0.6504822969436646
0.6686886548995972
0.5987372398376465
0.6351969838142395
0.6457301378250122
0.6904101371765137
0.6633473634719849
0.5918471813201904
0.6516781449317932
0.6234220266342163
0.7113410234451294
0.622687578201294
0.6512698531150818
0.6425297260284424
0.6403059959411621
0.6701922416687012
0.6557303667068481
0.7097798585891724
0.6384345293045044
0.6268928050994873
0.6200427412986755
0.6434192657470703
0.6454738974571228
0.6289920210838318
0.6669406890869141
0.6500617861747742
0.5753053426742554
0.6841763257980347
0.6516532301902771
0.6792915463447571
0.7112157344818115
0.7210084199905396
0.6335774064064026
0.6625381708145142
0.6391523480415344
0.6167135238647461
0.6475377678871155
0.7162147760391235
0.5934556126594543
0.5889008641242981
0.6650494337081909
0.6408761143684387
0.767139196395874
0.632381021976471
0.6580160856246948
0.6533076167106628
0.6038575172424316
0.7188053131103516
0.6118535995483398
0.5949435234069824
0.567563533782959
0.5811050534248352
0.6587518453598022
0.604832112789154
0.6079177856445312
0.6263452768325806
0.6585301756858826
0.6112094521522522
0.6547860503196716
0.677371621131897
0.5865061283111572
0.6846232414245605
0.5936638712882996
0.6741098165512085
0.6721437573432922
0.6865301132202148
0.6797347068786621
0.5828233957290649
0.6234734058380127
0.6311180591583252
0.6561595797538757
0.6556460857391357
0.6446231007575989
0.639763593673706
0.6572781801223755
0.6264544725418091
0.6381787657737732
0.641010582447052
0.7116820812225342
0.6325280666351318
0.5881419777870178
0.5940952897071838
0.6241875290870667
0.642553448677063
0.594308078289032
0.6759169101715088
0.5940614938735962
0.6625447869300842
0.6202678084373474
0.6080014705657959
0.6325269937515259
0.6664472222328186
0.6424463987350464
0.5972487330436707
0.632611870765686
0.6788068413734436
0.6423822641372681
0.6098358631134033
0.6414628028869629
0.6442353129386902
0.6388722062110901
0.7250329256057739
0.62891685962677
0.6271612048149109
0.740464448928833
0.6283182501792908
0.6440120339393616
0.6504944562911987
0.6658046841621399
0.5920009613037109
0.6384300589561462
0.703718364238739
0.61238694190979
0.5949251651763916
0.6679049134254456
0.7052183151245117
0.6351946592330933
0.6549614667892456
0.6662468910217285
0.6280285716056824
0.5885448455810547
0.637564480304718
0.6831287145614624
0.6425769925117493
0.6407737731933594
0.6442660093307495
0.6989205479621887
0.6388394832611084
0.6284961700439453
0.5863133072853088
0.662326455116272
0.5956043004989624
0.6215535402297974
0.6426971554756165
0.654576301574707
0.6021498441696167
0.6478273868560791
0.5973817110061646
0.6756426095962524
0.6068559288978577
0.5949878096580505
0.6554263234138489
0.6845772862434387
0.6146852970123291
0.7117437124252319
0.6706730723381042
0.6594379544258118
0.6555862426757812
0.6323327422142029
0.6418020725250244
0.6339986324310303
0.6435117721557617
0.6560322046279907
0.6092748045921326
0.6074424982070923
0.6450529098510742
0.5957053899765015
0.6531795263290405
0.6070931553840637
0.6412346959114075
0.640120267868042
0.6326988935470581
0.6797197461128235
0.6368923783302307
0.6289900541305542
0.6729594469070435
0.6322418451309204
0.6375938653945923
0.7492160797119141
0.6499024629592896
0.6756001710891724
0.6905477046966553
0.627634584903717
0.627510666847229
0.6889014840126038
0.6597921848297119
0.672569751739502
0.6663181185722351
0.6309880614280701
0.5679843425750732
0.6371520757675171
0.6638333797454834
0.6269274950027466
0.6351635456085205
0.6037344336509705
0.5685602426528931
0.7376999855041504
0.6049842238426208
0.6158128976821899
0.6286402940750122
0.6487036943435669
0.5844226479530334
0.6409193277359009
0.6158139705657959
0.6131936311721802
0.6317516565322876
0.5966856479644775
0.7097204923629761
0.616521954536438
0.649135410785675
0.6139445304870605
0.6432538032531738
0.6824535131454468
0.6457957625389099
0.6275421977043152
0.6098690032958984
0.6202309131622314
0.6230508685112
0.607921838760376
0.6268001794815063
0.631974458694458
0.7075265645980835
0.6124646663665771
0.5847325325012207
0.6336438655853271
0.6766419410705566
0.6769887804985046
0.711586058139801
0.6542305946350098
0.6449533104896545
0.6001821160316467
0.564128041267395
0.5757155418395996
0.6185525059700012
0.6366324424743652
0.6493180990219116
0.6477699875831604
0.6266077756881714
0.5777912735939026
0.6402342915534973
0.6642677783966064
0.6337327361106873
0.6440896987915039
0.5912317037582397
0.64948570728302
0.5991647839546204
0.6176653504371643
0.5884301662445068
0.6288043856620789
0.6176734566688538
0.5753282308578491
0.5799398422241211
0.670972466468811
0.6325733661651611
0.6488528847694397
0.603188693523407
0.5928006172180176
0.6303141713142395
0.6710364818572998
0.6154593229293823
0.6493522524833679
0.5767511129379272
0.6879667043685913
0.6144266724586487
0.6131376624107361
0.647759199142456
0.6093478798866272
0.6297814249992371
0.6395031213760376
0.6394185423851013
0.6084792613983154
0.6296341419219971
0.6520216464996338
0.5891972780227661
0.6806298494338989
0.647927463054657
0.5789747834205627
0.6065629124641418
0.6879380941390991
0.6455079317092896
0.6325451135635376
0.658686637878418
0.6392428278923035
0.6370906233787537
0.6129773259162903
0.6104270219802856
0.6390023231506348
0.6390758752822876
0.6181003451347351
0.7011737823486328
0.5771769285202026
0.6111048460006714
0.6295985579490662
0.5885478258132935
0.6726276874542236
0.6435989737510681
0.6050872802734375
0.5995728969573975
0.5969331860542297
0.5916708707809448
0.6389338374137878
0.7361452579498291
0.6201774477958679
0.632853090763092
0.6225983500480652
0.6153927445411682
0.6276054978370667
0.6252492666244507
0.6420927047729492
0.6238831877708435
0.6682485342025757
0.6464143991470337
0.6174070835113525
0.620731770992279
0.6316988468170166
0.7081764936447144
0.5796354413032532
0.5890626311302185
0.6313425302505493
0.5939837694168091
0.7207126021385193
0.6124364733695984
0.5939534902572632
0.6563097834587097
0.6671268343925476
0.630126416683197
0.6202758550643921
0.62728351354599
0.5773499011993408
0.606755793094635
0.6222540140151978
0.6025614142417908
0.6406653523445129
0.5843979120254517
0.5977796316146851
0.6269795298576355
0.6168756484985352
0.6263340711593628
0.6484075784683228
0.6435664296150208
0.5751009583473206
0.5832804441452026
0.6755932569503784
0.6458509564399719
0.5943498015403748
0.6476861238479614
0.5774317383766174
0.5922482013702393
0.5783554911613464
0.6497942805290222
0.6378023624420166
0.563579261302948
0.6146187782287598
0.6058158278465271
0.6255164742469788
0.6028921604156494
0.5947961807250977
0.6477890014648438
0.6311834454536438
0.6325882077217102
0.5886341333389282
0.5696384906768799
0.6310756802558899
0.6186307668685913
0.5761657953262329
0.6120709776878357
0.6585058569908142
0.62716144323349
0.5609169006347656
0.5928328037261963
0.5994502902030945
0.6017738580703735
0.5812528133392334
0.5994813442230225
0.6611762642860413
0.5967613458633423
0.6184707880020142
0.5788605213165283
0.620372474193573
0.5834612846374512
0.6018749475479126
0.6168084740638733
0.6392736434936523
0.583966851234436
0.5729280710220337
0.6751160621643066
0.6263524293899536
0.6042594909667969
0.593145489692688
0.6005399823188782
0.6056479811668396
0.6648187637329102
0.6645545363426208
0.6091818809509277
0.6019004583358765
0.6262293457984924
0.5855844020843506
0.6409071683883667
0.6377805471420288
0.5985320210456848
0.5871294140815735
0.633307695388794
0.5999537110328674
0.6274529099464417
0.6036421060562134
0.6200952529907227
0.6124711632728577
0.597903847694397
0.618996798992157
0.6310082674026489
0.5736414790153503
0.6191351413726807
0.6021893620491028
0.6440332531929016
0.6202012896537781
0.5723222494125366
0.6242576241493225
0.6552530527114868
0.5873962640762329
0.6573859453201294
0.5538243055343628
0.6166671514511108
0.6153438687324524
0.5908849239349365
0.5823110342025757
0.589271068572998
0.6361628770828247
0.6073734164237976
0.6944621801376343
0.6754457950592041
0.6738718152046204
0.672351598739624
0.6220992207527161
0.695188581943512
0.5758577585220337
0.5920136570930481
0.6084235906600952
0.6879756450653076
0.6294010877609253
0.6061190962791443
0.6454805135726929
0.5647295117378235
0.5900828242301941
0.5855997204780579
0.586101770401001
0.6396458745002747
0.6418364644050598
0.5758652091026306
0.6449204683303833
0.6150960922241211
0.6535035371780396
0.5854405760765076
0.614689826965332
0.622419536113739
0.5797158479690552
0.5863534808158875
0.6598399877548218
0.6357179880142212
0.5553279519081116
0.6257693767547607
0.5972201824188232
0.5611141920089722
0.6202468276023865
0.6805754899978638
0.5992326140403748
0.5818555951118469
0.640570878982544
0.5944876670837402
0.6631471514701843
0.6942383050918579
0.588523268699646
0.5999078154563904
0.5936281085014343
0.5997779965400696
0.5789900422096252
0.6098753213882446
0.6500483155250549
0.5902532935142517
0.6258257627487183
0.6571254730224609
0.6194522976875305
0.606826901435852
0.6151170134544373
0.6524481177330017
0.6592296361923218
0.6024930477142334
0.6969307661056519
0.6553484201431274
0.6059497594833374
0.6485142111778259
0.6547471284866333
0.5493916273117065
0.6003075242042542
0.6215643286705017
0.6162831783294678
0.5700105428695679
0.6488668918609619
0.6164003014564514
0.6180628538131714
0.5880475640296936
0.6007950305938721
0.6095654368400574
0.603318452835083
0.6067395210266113
0.673272430896759
0.6038215756416321
0.6346123814582825
0.580127477645874
0.5572779178619385
0.5931941866874695
0.5870763063430786
0.6227114200592041
0.6968477964401245
0.5840440392494202
0.5842262506484985
0.6001234650611877
0.6326904296875
0.6045330166816711
0.634122908115387
0.6388543844223022
0.6342297196388245
0.6711428165435791
0.61732417345047
0.6370697021484375
0.615646243095398
0.624333381652832
0.5745656490325928
0.5723978877067566
0.6052528619766235
0.6381227970123291
0.6211498975753784
0.5968520045280457
0.5858573913574219
0.6252308487892151
0.654364287853241
0.5893415212631226
0.6139910221099854
0.6158410310745239
0.5879935622215271
0.5724467039108276
0.5983250737190247
0.5877028703689575
0.6199381947517395
0.5621306896209717
0.597526490688324
0.6233313083648682
0.6297630071640015
0.6255407929420471
0.6680657863616943
0.6835382580757141
0.6072138547897339
0.6256951093673706
0.5732056498527527
0.6898601055145264
0.5991989374160767
0.5991828441619873
0.6973198652267456
0.6294339299201965
0.6234877705574036
0.5667580962181091
0.6373497843742371
0.5884862542152405
0.5681284070014954
0.579063892364502
0.600649893283844
0.6096192002296448
0.6713383197784424
0.5823122262954712
0.625360369682312
0.6001177430152893
0.6048438549041748
0.6356481313705444
0.6092528104782104
0.5932719707489014
0.5669810771942139
0.6525236368179321
0.5887923836708069
0.6097543835639954
0.6240226626396179
0.5707224607467651
0.6836397647857666
0.596366286277771
0.59308922290802
0.6174594163894653
0.6086859703063965
0.5807704329490662
0.5886985063552856
0.6148757338523865
0.6411924958229065
0.6024189591407776
0.5739502906799316
0.5915590524673462
0.5733740925788879
0.595119833946228
0.6770732402801514
0.6143664717674255
0.6058216691017151
0.6012369394302368
0.590379536151886
0.6436454057693481
0.579948902130127
0.6262344121932983
0.592093288898468
0.5765599012374878
0.5841901302337646
0.5498179793357849
0.6627797484397888
0.5637409090995789
0.6106386184692383
0.6013071537017822
0.5921776294708252
0.6197389960289001
0.586154043674469
0.5896850228309631
0.6314594745635986
0.5921989679336548
0.5921505093574524
0.6332727074623108
0.6300554871559143
0.641294538974762
0.5747712850570679
0.597307026386261
0.6261772513389587
0.648055911064148
0.6181637644767761
0.570838212966919
0.633007824420929
0.5928545594215393
0.5558193922042847
0.6046307682991028
0.592355489730835
0.5802503824234009
0.6140879988670349
0.6091132760047913
0.6005589962005615
0.5442408919334412
0.6275643706321716
0.6393742561340332
0.5949227213859558
0.6404873728752136
0.5997092723846436
0.6227318644523621
0.5903888940811157
0.5361975431442261
0.5969204902648926
0.651660680770874
0.6574466228485107
0.6328753232955933
0.569567859172821
0.5869026184082031
0.5596062541007996
0.598872184753418
0.6301248669624329
0.5838084816932678
0.6851387023925781
0.6555991768836975
0.5850390791893005
0.5847960710525513
0.5915771722793579
0.6577636003494263
0.6014381051063538
0.6058009266853333
0.6309362649917603
0.6420809030532837
0.570202648639679
0.5697470307350159
0.598968505859375
0.586424708366394
0.6104956865310669
0.5773965120315552
0.6727397441864014
0.623488187789917
0.6215579509735107
0.5748007297515869
0.5739740133285522
0.596727728843689
0.582273542881012
0.6126282215118408
0.6586014628410339
0.593826174736023
0.6444697976112366
0.5505524277687073
0.63640296459198
0.5753147602081299
0.5688226819038391
0.6127489805221558
0.6107767224311829
0.5930910110473633
0.6478409171104431
0.5540974140167236
0.5432332754135132
0.6304548978805542
0.5942046046257019
0.6053462624549866
0.5599284768104553
0.6053167581558228
0.6591843366622925
0.6051487922668457
0.5524794459342957
0.6462063789367676
0.5680654644966125
0.5897815227508545
0.6110473871231079
0.5757796168327332
0.5659050941467285
0.6185191869735718
0.5589923858642578
0.6017259955406189
0.5927107334136963
0.6082143783569336
0.5655215978622437
0.5745985507965088
0.5974319577217102
0.5916317105293274
0.5727529525756836
0.6118620038032532
0.5994438529014587
0.6396641135215759
0.6299242377281189
0.6197699308395386
0.6186172962188721
0.5831589698791504
0.6318130493164062
0.5924453735351562
0.5860010981559753
0.557000994682312
0.6714885234832764
0.6322593688964844
0.5746189951896667
0.6233128309249878
0.6126939058303833
0.5990875363349915
0.5862680077552795
0.5673980712890625
0.6683456897735596
0.6504126787185669
0.5757088661193848
0.6297796368598938
0.5698564648628235
0.5783306956291199
0.5825560688972473
0.6079825162887573
0.5822210311889648
0.6586440801620483
0.5653746724128723
0.6682214140892029
0.6049846410751343
0.6141332387924194
0.5995632410049438
0.6348367929458618
0.6481173634529114
0.5749636292457581
0.6110432744026184
0.5584468841552734
0.6036622524261475
0.587847113609314
0.6060166954994202
0.5999430418014526
0.5865716338157654
0.5724340081214905
0.6207402944564819
0.5984204411506653
0.6609326601028442
0.5500380992889404
0.5863574743270874
0.5933735966682434
0.5779386162757874
0.5770792961120605
0.5764282941818237
0.6415221691131592
0.6154608130455017
0.5759980082511902
0.5644649863243103
0.6000716686248779
0.5677083730697632
0.6132494211196899
0.5793470740318298
0.6203843951225281
0.5804800987243652
0.6588066816329956
0.6209321022033691
0.6273040771484375
0.6204957365989685
0.5871425867080688
0.5750603675842285
0.5621626377105713
0.6306750774383545
0.6165667772293091
0.5796346068382263
0.56111079454422
0.5902542471885681
0.573529839515686
0.6300420761108398
0.5744953751564026
0.5576604604721069
0.6170878410339355
0.5833906531333923
0.5960206985473633
0.602982759475708
0.6210049390792847
0.6219982504844666
0.6417205333709717
0.6249699592590332
0.63877272605896
0.5942078828811646
0.5400603413581848
0.5656552910804749
0.5939034223556519
0.5971696972846985
0.5620187520980835
0.6046368479728699
0.5630860328674316
0.5795792937278748
0.5749639868736267
0.6172441244125366
0.6338374614715576
0.6033443212509155
0.6190363168716431
0.5561366081237793
0.5584965944290161
0.5880075693130493
0.616797149181366
0.5539942383766174
0.629215657711029
0.6068477034568787
0.5526193380355835
0.658446192741394
0.6281517148017883
0.6044178009033203
0.5910679697990417
0.581072986125946
0.574998140335083
0.5857716798782349
0.5532743334770203
0.6202279329299927
0.706989586353302
0.6230053901672363
0.6336434483528137
0.5568192601203918
0.612548828125
0.5739539861679077
0.5892965197563171
0.6191827058792114
0.6230688095092773
0.612907350063324
0.6181589365005493
0.5866007208824158
0.6185430288314819
0.5896331667900085
0.5955957174301147
0.5844213962554932
0.6185978055000305
0.5993779897689819
0.567082941532135
0.5656316876411438
0.6325485110282898
0.6580127477645874
0.5671534538269043
0.6182671785354614
0.5827246904373169
0.5450215935707092
0.5691385269165039
0.5810397863388062
0.5655679702758789
0.6244951486587524
0.6263830065727234
0.6187580227851868
0.5731037855148315
0.603598415851593
0.5656774044036865
0.580066442489624
0.5646819472312927
0.6143475770950317
0.6132630109786987
0.5853314399719238
0.6126117706298828
0.5435521006584167
0.5849664807319641
0.5696989297866821
0.5781204104423523
0.6206832528114319
0.6139476895332336
0.6122289299964905
0.611457347869873
0.6144167184829712
0.6073051691055298
0.6296275854110718
0.5765225291252136
0.5593287348747253
0.6382594108581543
0.6049807667732239
0.6125862002372742
0.6187458038330078
0.5598841309547424
0.5928047895431519
0.6510248184204102
0.6441499590873718
0.6296688914299011
0.6085149049758911
0.6031519174575806
0.5748670697212219
0.5900663733482361
0.6162917613983154
0.636003851890564
0.5899333953857422
0.6080719232559204
0.6153398752212524
0.5954635739326477
0.5877159833908081
0.6148504018783569
0.617450475692749
0.652034342288971
0.6097301244735718
0.6050357818603516
0.5831778049468994
0.5861420631408691
0.5991358757019043
0.6150463223457336
0.5995600819587708
0.5809171795845032
0.5596349835395813
0.6201854348182678
0.6083308458328247
0.6060957908630371
0.6022133827209473
0.5883127450942993
0.59674072265625
0.6185194253921509
0.593268871307373
0.5592024326324463
0.573311448097229
0.5591104626655579
0.5768795609474182
0.563897967338562
0.6678205728530884
0.585901141166687
0.5930813550949097
0.5903212428092957
0.5871689915657043
0.5655441284179688
0.5717557668685913
0.6144300103187561
0.6113309860229492
0.5663877725601196
0.5887323021888733
0.5816199779510498
0.5985761284828186
0.5706299543380737
0.5971890091896057
0.5849223136901855
0.6318089962005615
0.5799987316131592
0.6207103133201599
0.5904152989387512
0.5655722618103027
0.5683900117874146
0.5569695234298706
0.5534946322441101
0.612601101398468
0.5854239463806152
0.6057064533233643
0.5277436971664429
0.5359011292457581
0.6088501214981079
0.5112330913543701
0.5595307946205139
0.5876213312149048
0.6240326166152954
0.5677773356437683
0.5837156772613525
0.6343998908996582
0.6558253765106201
0.6025917530059814
0.622995138168335
0.6595891714096069
0.5804367661476135
0.5812051296234131
0.5976342558860779
0.568152904510498
0.599848747253418
0.6046843528747559
0.5702002048492432
0.5737041234970093
0.6173815131187439
0.5622803568840027
0.5507779717445374
0.575482964515686
0.5758084058761597
0.6009700894355774
0.6670745611190796
0.596049427986145
0.5787096619606018
0.5537349581718445
0.5866798758506775
0.5741755366325378
0.5572506189346313
0.5484087467193604
0.5281481742858887
0.580203115940094
0.5505757331848145
0.6322200298309326
0.5588801503181458
0.5954850316047668
0.6393476128578186
0.582144021987915
0.5688748359680176
0.609296977519989
0.5750534534454346
0.5734595656394958
0.5523728728294373
0.5889275670051575
0.6022002100944519
0.5518831014633179
0.5605478882789612
0.558009922504425
0.6534186601638794
0.5654127597808838
0.5793501138687134
0.5911703109741211
0.6094849705696106
0.5976963639259338
0.5834153890609741
0.6527813673019409
0.5824267268180847
0.5781793594360352
0.6032176613807678
0.5646369457244873
0.5806400179862976
0.624365508556366
0.6231270432472229
0.5884300470352173
0.6205059885978699
0.5954486727714539
0.5891932249069214
0.536899983882904
0.5534631013870239
0.6051294803619385
0.5546807646751404
0.6676056385040283
0.5997543931007385
0.599416196346283
0.6045436263084412
0.5979502201080322
0.5985397100448608
0.5587000846862793
0.6268748044967651
0.6216740608215332
0.6753541827201843
0.6140733957290649
0.5908613801002502
0.589902937412262
0.5882275700569153
0.5634910464286804
0.6247295141220093
0.5811206102371216
0.5750808715820312
0.5874893665313721
0.5415273308753967
0.6001864075660706
0.5923581719398499
0.5596393346786499
0.5625114440917969
0.5934723615646362
0.5667292475700378
0.5742815136909485
0.5683873295783997
0.5534486770629883
0.5481530427932739
0.5788272619247437
0.6347679495811462
0.5973214507102966
0.6354243159294128
0.6055367588996887
0.6081159114837646
0.5911279916763306
0.5562210083007812
0.6065438985824585
0.6145448684692383
0.6226244568824768
0.622113049030304
0.5998184084892273
0.5906344056129456
0.5943830013275146
0.5734179615974426
0.5735843777656555
0.5621763467788696
0.5782006978988647
0.6243307590484619
0.5476890802383423
0.5548617839813232
0.5986717343330383
0.561505138874054
0.5507617592811584
0.6771000623703003
0.6275482177734375
0.593009352684021
0.547444224357605
0.5620841383934021
0.5955060124397278
0.6335580945014954
0.5746721029281616
0.5461092591285706
0.6228398680686951
0.5632231831550598
0.5408036708831787
0.5624515414237976
0.612699568271637
0.5699081420898438
0.588125467300415
0.5510727167129517
0.56424480676651
0.5499321222305298
0.5757325887680054
0.545028567314148
0.6154821515083313
0.5426526069641113
0.6283078193664551
0.586201548576355
0.6250479221343994
0.6612394452095032
0.5821936726570129
0.644264280796051
0.6071070432662964
0.6558284759521484
0.5973601937294006
0.5923782587051392
0.575775146484375
0.6277279257774353
0.6125723123550415
0.5810866355895996
0.5550787448883057
0.6071756482124329
0.5834028720855713
0.5496218204498291
0.5781639218330383
0.605308473110199
0.6462612748146057
0.5831859111785889
0.5670737624168396
0.5501027703285217
0.5681917667388916
0.5874862670898438
0.5743399858474731
0.5756229162216187
0.6366118788719177
0.5704529881477356
0.5368725061416626
0.685835599899292
0.5573539137840271
0.5428714156150818
0.6438298225402832
0.5416778326034546
0.5544792413711548
0.5815854668617249
0.631007194519043
0.5572954416275024
0.6243996024131775
0.6022101640701294
0.6217590570449829
0.58488929271698
0.6095653176307678
0.5688437223434448
0.5239378809928894
0.6402783989906311
0.5814650058746338
0.6007050275802612
0.573094367980957
0.5791716575622559
0.558792769908905
0.5633537173271179
0.5593670606613159
0.6107137203216553
0.590029776096344
0.6156682968139648
0.6041020154953003
0.6429483890533447
0.5658586025238037
0.5899537801742554
0.5517258048057556
0.5511448979377747
0.5470137596130371
0.5706835985183716
0.5870869755744934
0.5632526278495789
0.5319985151290894
0.5370310544967651
0.5821404457092285
0.5490227937698364
0.6381227970123291
0.6461509466171265
0.5596892237663269
0.5954150557518005
0.5682976245880127
0.5754625797271729
0.6349503993988037
0.6012483835220337
0.5977827906608582
0.613145112991333
0.5765582919120789
0.6023446321487427
0.5740422606468201
0.5755177736282349
0.597626805305481
0.6454115509986877
0.5558313727378845
0.5829020738601685
0.5564607381820679
0.5648794174194336
0.5827627182006836
0.5458705425262451
0.5950201749801636
0.6192481517791748
0.5969126224517822
0.5623564124107361
0.587762713432312
0.598178505897522
0.5939775705337524
0.5545541048049927
0.5712068676948547
0.5855959057807922
0.6004104018211365
0.555267870426178
0.550801157951355
0.5763286352157593
0.5930993556976318
0.5964908599853516
0.6053785085678101
0.5648420453071594
0.5883663296699524
0.5794245004653931
0.5970293283462524
0.6112489700317383
0.5996736288070679
0.5985105633735657
0.5528711080551147
0.5270622968673706
0.5989757776260376
0.5936304330825806
0.5689432621002197
0.5499765276908875
0.6002042293548584
0.5767876505851746
0.5923759341239929
0.5812803506851196
0.5347307920455933
0.542613685131073
0.6099202036857605
0.5951778888702393
0.5714788436889648
0.5447878837585449
0.6235101222991943
0.5790578126907349
0.6331521272659302
0.5630776882171631
0.5975703001022339
0.5751031041145325
0.5918560028076172
0.5571421384811401
0.5729703307151794
0.5802392363548279
0.5541760921478271
0.5873366594314575
0.5743856430053711
0.5577448010444641
0.5934106111526489
0.5373193025588989
0.6071462631225586
0.5962787866592407
0.5578189492225647
0.5664494037628174
0.5667592883110046
0.5857757329940796
0.5413808822631836
0.6117988228797913
0.6122169494628906
0.5931495428085327
0.5782545804977417
0.560819149017334
0.6297849416732788
0.5215840339660645
0.5634588599205017
0.5704368948936462
0.5714850425720215
0.5719958543777466
0.5739330649375916
0.5510784983634949
0.5788076519966125
0.553162157535553
0.572266697883606
0.6112600564956665
0.5522336959838867
0.5609174966812134
0.5783715844154358
0.5581014156341553
0.5671432018280029
0.6698857545852661
0.6017208695411682
0.6297581195831299
0.6266777515411377
0.5432064533233643
0.6015468835830688
0.560112476348877
0.5587356686592102
0.5605435967445374
0.6098491549491882
0.5659956336021423
0.5498226881027222
0.5577934384346008
0.5783515572547913
0.5649990439414978
0.5684200525283813
0.5481154918670654
0.580857515335083
0.578691840171814
0.5304104685783386
0.6323657631874084
0.5466700792312622
0.5445059537887573
0.5512151718139648
0.564751386642456
0.5833690166473389
0.5809536576271057
0.5709953308105469
0.5775042772293091
0.6123543977737427
0.5791194438934326
0.6128160357475281
0.5772932171821594
0.6253505945205688
0.6012635827064514
0.5544224977493286
0.5687820911407471
0.6302781105041504
0.5746526718139648
0.5710406303405762
0.5959786772727966
0.5564186573028564
0.552970826625824
0.5273779630661011
0.5991524457931519
0.5685259699821472
0.5482283234596252
0.5207383632659912
0.5898810029029846
0.5915070176124573
0.5859653353691101
0.6234735250473022
0.6355823874473572
0.5845146179199219
0.5891134142875671
0.5898991227149963
0.5755576491355896
0.617903470993042
0.5947378873825073
0.5954218506813049
0.5466336607933044
0.573229193687439
0.5772892236709595
0.5501936674118042
0.6042479276657104
0.5607004761695862
0.5291814804077148
0.571912944316864
0.6109030246734619
0.5449848771095276
0.5539959073066711
0.582269012928009
0.6071134805679321
0.5893271565437317
0.5735154151916504
0.5835441946983337
0.6171661615371704
0.5685573220252991
0.6215617656707764
0.6324176788330078
0.5988297462463379
0.6291819214820862
0.6626670360565186
0.5611433386802673
0.5692167282104492
0.5839089751243591
0.5900455713272095
0.5674533843994141
0.5614275336265564
0.6125760674476624
0.569411039352417
0.5725935697555542
0.6221943497657776
0.5987216234207153
0.5526455640792847
0.5588458776473999
0.556554913520813
0.5949528813362122
0.5892006754875183
0.6222914457321167
0.5342077612876892
0.5280485153198242
0.5525034070014954
0.5733170509338379
0.553627610206604
0.5316628217697144
0.5817093253135681
0.5675153732299805
0.5623667240142822
0.5600799322128296
0.5721408724784851
0.5702947974205017
0.5640144348144531
0.5997726917266846
0.5680800080299377
0.5719118714332581
0.5590668320655823
0.5745019912719727
0.566317081451416
0.5816376209259033
0.5539051294326782
0.5694969892501831
0.6023640632629395
0.5718184113502502
0.5690637826919556
0.5969873070716858
0.6099667549133301
0.561192512512207
0.5389151573181152
0.5293089747428894
0.5640066266059875
0.5567359924316406
0.5921849012374878
0.6378019452095032
0.6045011281967163
0.5788070559501648
0.540101170539856
0.5521589517593384
0.5545238256454468
0.5649855136871338
0.5378835201263428
0.5432564616203308
0.6084628701210022
0.558657169342041
0.5927882790565491
0.5492782592773438
0.5586098432540894
0.591320276260376
0.584660530090332
0.6035959720611572
0.5814509391784668
0.5627870559692383
0.6210862398147583
0.6082602143287659
0.5382925271987915
0.6013699173927307
0.5594002604484558
0.5977288484573364
0.6212068796157837
0.5613470673561096
0.5979647636413574
0.5430941581726074
0.5662638545036316
0.5537054538726807
0.5408274531364441
0.5583241581916809
0.5624040961265564
0.5572984218597412
0.6042431592941284
0.5784122347831726
0.5772150754928589
0.6128392219543457
0.5613270401954651
0.565740168094635
0.5793958306312561
0.561260998249054
0.5621669292449951
0.5316352844238281
0.607339084148407
0.5651793479919434
0.6489721536636353
0.5773706436157227
0.5600219964981079
0.6182120442390442
0.583220362663269
0.5984014272689819
0.6069744229316711
0.5868027210235596
0.5927653312683105
0.5912767648696899
0.5365267395973206
0.5856512188911438
0.6030017733573914
0.603131115436554
0.5552201271057129
0.5977646112442017
0.5570881366729736
0.5641179084777832
0.5323997139930725
0.5333539247512817
0.5824737548828125
0.5798730850219727
0.5356897711753845
0.562630295753479
0.5092496871948242
0.5395915508270264
0.6023365259170532
0.5741755962371826
0.5526224374771118
0.6193656921386719
0.6029767990112305
0.5385146737098694
0.5536768436431885
0.5506044626235962
0.5332959294319153
0.5442489385604858
0.5560877323150635
0.5537247061729431
0.5709906816482544
0.741422176361084
0.5603302121162415
0.6103321313858032
0.5890352129936218
0.563697874546051
0.5969210863113403
0.5853750705718994
0.5758742690086365
0.5840219259262085
0.585123598575592
0.6379789710044861
0.602988600730896
0.5551936626434326
0.5786232948303223
0.5475776195526123
0.5700080394744873
0.5230265855789185
0.5618611574172974
0.5580675601959229
0.5788760781288147
0.5620753169059753
0.5500258803367615
0.5525220036506653
0.6585630178451538
0.5645778179168701
0.5295454859733582
0.5522997975349426
0.564302384853363
0.6339015960693359
0.6147095561027527
0.5698642730712891
0.5728591084480286
0.588487982749939
0.5393582582473755
0.5856285691261292
0.5801270008087158
0.5470855832099915
0.557639479637146
0.5379349589347839
0.5260612368583679
0.5898939967155457
0.5839824676513672
0.5589272975921631
0.5854751467704773
0.5518865585327148
0.5666082501411438
0.6406824588775635
0.5455501079559326
0.6001870036125183
0.5741034746170044
0.5859124660491943
0.5776117444038391
0.5788916349411011
0.6132463216781616
0.5558884143829346
0.5460531115531921
0.5836355090141296
0.6359415054321289
0.5712218284606934
0.5550169348716736
0.585354208946228
0.5516173243522644
0.5545310378074646
0.5776470899581909
0.5761311650276184
0.6094183325767517
0.5527023077011108
0.5693396925926208
0.6161552667617798
0.6310690641403198
0.5879086852073669
0.5862335562705994
0.5719168186187744
0.5782172083854675
0.646377682685852
0.5647975206375122
0.5512582063674927
0.5614145994186401
0.562569260597229
0.6016954183578491
0.5457196831703186
0.5583518743515015
0.5294345021247864
0.5432026386260986
0.5598893761634827
0.5460865497589111
0.551142692565918
0.5697936415672302
0.5614418387413025
0.5461097955703735
0.5607931613922119
0.5125944018363953
0.659591555595398
0.5339025259017944
0.562239408493042
0.5706680417060852
0.605341911315918
0.5583837032318115
0.610482394695282
0.5543221831321716
0.570034384727478
0.571467399597168
0.5986760258674622
0.528437614440918
0.554384708404541
0.5253480672836304
0.537734866142273
0.5485537648200989
0.6396444439888
0.5441516041755676
0.5524187088012695
0.5615965127944946
0.5596475601196289
0.5703750252723694
0.597016453742981
0.5565288662910461
0.6018288731575012
0.5537006855010986
0.5955719351768494
0.5943762063980103
0.5473881363868713
0.5996428728103638
0.5642134547233582
0.5902911424636841
0.5873781442642212
0.5677040219306946
0.5659823417663574
0.5681145191192627
0.5701242685317993
0.5728356838226318
0.5713487267494202
0.5230085849761963
0.5348204374313354
0.5596582889556885
0.5773023366928101
0.579342246055603
0.577834963798523
0.602152943611145
0.5258345603942871
0.5288131833076477
0.7158361673355103
0.592931866645813
0.5477684140205383
0.533501148223877
0.5672354698181152
0.578866720199585
0.6151295304298401
0.5690509676933289
0.5641994476318359
0.5524795651435852
0.5667672753334045
0.5613351464271545
0.5700440406799316
0.5657845735549927
0.5468853116035461
0.5416357517242432
0.5455125570297241
0.5657089352607727
0.5537360310554504
0.5590084791183472
0.5718463659286499
0.565412163734436
0.5624587535858154
0.5898677110671997
0.6071498394012451
0.548684298992157
0.5757984519004822
0.6233612298965454
0.5729962587356567
0.5918258428573608
0.6116431951522827
0.6029839515686035
0.5573664307594299
0.594072163105011
0.6161978244781494
0.5730240345001221
0.5551271438598633
0.5583086013793945
0.5660498142242432
0.5564230680465698
0.5269075632095337
0.5498740673065186
0.550624668598175
0.5570521950721741
0.6051895022392273
0.5805781483650208
0.6261595487594604
0.5628111362457275
0.581057608127594
0.5760538578033447
0.6135241985321045
0.5654778480529785
0.5433068871498108
0.5194520354270935
0.5267630815505981
0.5409359931945801
0.5956971049308777
0.5489674210548401
0.5530185699462891
0.5240030884742737
0.5916851162910461
0.5672469735145569
0.6031591296195984
0.60349440574646
0.5298369526863098
0.6104272603988647
0.6223997473716736
0.5330519676208496
0.6045448184013367
0.5558178424835205
0.5281121134757996
0.5584618449211121
0.526395320892334
0.6537532806396484
0.5575124025344849
0.5726073384284973
0.5780004858970642
0.6158626079559326
0.5375921130180359
0.6553452014923096
0.555431067943573
0.5427281260490417
0.5790132880210876
0.5547033548355103
0.5487555265426636
0.6403586864471436
0.5602964162826538
0.5716596245765686
0.5214250087738037
0.5616489052772522
0.5990015268325806
0.6089714765548706
0.5638585090637207
0.5979779362678528
0.5536893606185913
0.5583786368370056
0.5666956901550293
0.5544641613960266
0.5808743238449097
0.5900394916534424
0.5388466715812683
0.5449028015136719
0.5596005916595459
0.5975725650787354
0.5575081706047058
0.5980044007301331
0.5674920082092285
0.5933416485786438
0.575501561164856
0.5715427994728088
0.5592213869094849
0.6014961004257202
0.6186702251434326
0.6033884286880493
0.5977645516395569
0.5848647952079773
0.5481352806091309
0.5539528727531433
0.5553321838378906
0.5918089747428894
0.6133676767349243
0.5985961556434631
0.6009336113929749
0.5641868114471436
0.5560129284858704
0.5590522289276123
0.6007760167121887
0.532655656337738
0.5776702165603638
0.529909610748291
0.5892223119735718
0.5869165062904358
0.5526653528213501
0.5962346196174622
0.5197750329971313
0.6016960144042969
0.5569455623626709
0.5407241582870483
0.6047970056533813
0.5186890959739685
0.5984030365943909
0.6102301478385925
0.5183004140853882
0.5455998778343201
0.562075138092041
0.6581078767776489
0.5705476403236389
0.6087462306022644
0.5542293190956116
0.5723565816879272
0.5582723617553711
0.5415065288543701
0.6129338145256042
0.5853981971740723
0.5123670101165771
0.6079150438308716
0.5457156896591187
0.5576394200325012
0.5851854085922241
0.5313576459884644
0.559280514717102
0.5658215284347534
0.5988366007804871
0.5862545967102051
0.5437158942222595
0.5774232745170593
0.5456231832504272
0.5379302501678467
0.5496987104415894
0.5317489504814148
0.6408289670944214
0.613400399684906
0.5223337411880493
0.5360857248306274
0.5312601327896118
0.5635621547698975
0.5410150289535522
0.5893975496292114
0.5785478353500366
0.5405166745185852
0.6233482956886292
0.5840023756027222
0.5584039688110352
0.6588255167007446
0.5760007500648499
0.5536364316940308
0.545922040939331
0.5921245217323303
0.5866844654083252
0.5731478929519653
0.5549570918083191
0.591524600982666
0.5713187456130981
0.5729261636734009
0.5328419804573059
0.6256810426712036
0.6210729479789734
0.568439245223999
0.5398283004760742
0.5535376667976379
0.5623618364334106
0.5422362089157104
0.6538211107254028
0.5674935579299927
0.5788931250572205
0.5867017507553101
0.5765972137451172
0.59349125623703
0.5820353031158447
0.5260829329490662
0.5554764866828918
0.5941857099533081
0.54140305519104
0.6013091802597046
0.5970533490180969
0.5803998708724976
0.6121894121170044
0.5659338235855103
0.5230259895324707
0.5476233959197998
0.5301098227500916
0.6197095513343811
0.5653424859046936
0.6457331776618958
0.5699775815010071
0.5461804866790771
0.5676600933074951
0.5632113218307495
0.5577583312988281
0.5334596633911133
0.567053496837616
0.5547014474868774
0.5636506080627441
0.5603779554367065
0.5992708206176758
0.6217859387397766
0.5627974271774292
0.5584427118301392
0.5935242176055908
0.5418498516082764
0.5203485488891602
0.6048452854156494
0.5511287450790405
0.6492670774459839
0.5760524272918701
0.5750840902328491
0.5815272331237793
0.578731894493103
0.5644646286964417
0.5575331449508667
0.5554883480072021
0.6210381984710693
0.5921827554702759
0.5910581946372986
0.5729756951332092
0.5833190679550171
0.5789811611175537
0.5818027257919312
0.5743408799171448
0.5404651165008545
0.5881762504577637
0.594563901424408
0.5322811007499695
0.5729168653488159
0.5530495047569275
0.5438459515571594
0.558961033821106
0.6160103678703308
0.5436992645263672
0.5534048080444336
0.6049712896347046
0.5678930282592773
0.6311368346214294
0.523482084274292
0.519801914691925
0.5522035956382751
0.5432417392730713
0.5669659972190857
0.5252817869186401
0.5772638320922852
0.5957719087600708
0.5594140887260437
0.6173757314682007
0.6174571514129639
0.6198724508285522
0.5542736053466797
0.570458710193634
0.5676777958869934
0.5710442662239075
0.6108431816101074
0.5521363019943237
0.543512761592865
0.5965139865875244
0.5264522433280945
0.5662864446640015
0.5479714274406433
0.5786087512969971
0.5740588307380676
0.628546416759491
0.5541402101516724
0.5615627765655518
0.5482454299926758
0.5842763781547546
0.5407353639602661
0.5801513195037842
0.6318109035491943
0.5878109931945801
0.5503320097923279
0.5391353964805603
0.5794548988342285
0.5832628011703491
0.636759340763092
0.5613047480583191
0.5564356446266174
0.6123722791671753
0.615696132183075
0.5511522889137268
0.5822023153305054
0.5773076415061951
0.5706192255020142
0.5936980247497559
0.5206214785575867
0.5342795848846436
0.5871015191078186
0.6052777171134949
0.5808414220809937
0.5805994868278503
0.5899109840393066
0.5805432796478271
0.5931336879730225
0.6041839122772217
0.5914962887763977
0.5550565123558044
0.5373330116271973
0.6018925309181213
0.525033175945282
0.5332706570625305
0.5412731170654297
0.5575522184371948
0.594507098197937
0.5556208491325378
0.5672743320465088
0.5543004274368286
0.5347380042076111
0.5487284660339355
0.5441907644271851
0.6337398886680603
0.5619113445281982
0.508695662021637
0.590282142162323
0.5429257154464722
0.6411775946617126
0.5852032899856567
0.571836531162262
0.5692359805107117
0.5261762738227844
0.5467225909233093
0.5335634350776672
0.6258354187011719
0.5238810181617737
0.6409790515899658
0.5579603910446167
0.6046203374862671
0.5605309009552002
0.5610044002532959
0.5415324568748474
0.5937271118164062
0.602043867111206
0.5350600481033325
0.6083481311798096
0.571252703666687
0.5858370065689087
0.5292012095451355
0.5250900983810425
0.5072718262672424
0.5269949436187744
0.5437055230140686
0.5558146238327026
0.5483682155609131
0.5745845437049866
0.5791056156158447
0.5480437278747559
0.5530544519424438
0.5437305569648743
0.5601637363433838
0.5454830527305603
0.5083944201469421
0.5730291604995728
0.5619562268257141
0.5286046266555786
0.5428631901741028
0.5687611103057861
0.529615044593811
0.5807554721832275
0.5415863990783691
0.507966160774231
0.5345261693000793
0.5467570424079895
0.581425666809082
0.6528952717781067
0.5335273742675781
0.5652645826339722
0.6487529277801514
0.5900545716285706
0.572968065738678
0.5427170395851135
0.541520893573761
0.5804442167282104
0.5845826268196106
0.5616015195846558
0.5731998085975647
0.5365188121795654
0.5547671318054199
0.5854532122612
0.5826719999313354
0.5317363739013672
0.527869462966919
0.5494446754455566
0.6150620579719543
0.5798710584640503
0.5339195728302002
0.5710323452949524
0.547979474067688
0.5526585578918457
0.5644703507423401
0.5422284603118896
0.5736817121505737
0.5531437397003174
0.5323064923286438
0.5629850029945374
0.5385100245475769
0.5316506624221802
0.5748846530914307
0.5465551614761353
0.5146206617355347
0.5331908464431763
0.5179229378700256
0.5322580337524414
0.553164005279541
0.5567631721496582
0.5885521769523621
0.5903549194335938
0.5561363697052002
0.5992256999015808
0.570487380027771
0.5525919795036316
0.5440105199813843
0.5565128326416016
0.5576010942459106
0.535140335559845
0.5734919905662537
0.5454393029212952
0.601549506187439
0.5491948127746582
0.5223525166511536
0.5402140021324158
0.5056432485580444
0.6063727736473083
0.5448701977729797
0.6062789559364319
0.5460059642791748
0.5744068026542664
0.5300298929214478
0.5473734140396118
0.5404736995697021
0.6387577056884766
0.6002463698387146
0.5411710143089294
0.5920543670654297
0.5382038950920105
0.5990699529647827
0.5359102487564087
0.5663324594497681
0.564014196395874
0.5188285708427429
0.6138392686843872
0.5624635219573975
0.5470445156097412
0.5944680571556091
0.5418065786361694
0.5634909868240356
0.5560715198516846
0.55799800157547
0.5710099339485168
0.5603054165840149
0.5550053119659424
0.5556267499923706
0.5211774706840515
0.5327980518341064
0.5899774432182312
0.5728008151054382
0.5566108822822571
0.5231190919876099
0.5856691002845764
0.5597265362739563
0.5477776527404785
0.5250087380409241
0.5729758143424988
0.5165522694587708
0.5453705787658691
0.526065468788147
0.552571177482605
0.5401966571807861
0.5500682592391968
0.5263806581497192
0.5639047622680664
0.5042558312416077
0.5642255544662476
0.5573610067367554
0.5861455798149109
0.5388733148574829
0.5911240577697754
0.5349506139755249
0.5708624720573425
0.6129900217056274
0.5117059946060181
0.5609392523765564
0.5676876306533813
0.5913692116737366
0.5811254382133484
0.5637964606285095
0.5385415554046631
0.5377309322357178
0.582809567451477
0.6074914932250977
0.5220389366149902
0.5668476223945618
0.5627702474594116
0.5871777534484863
0.5377392172813416
0.5798326730728149
0.6132560968399048
0.5367445349693298
0.4979211986064911
0.5898796916007996
0.6037368774414062
0.5445923805236816
0.5334989428520203
0.5364107489585876
0.5555908679962158
0.5651748180389404
0.5574772357940674
0.5845946073532104
0.5372534990310669
0.6105477809906006
0.5953357219696045
0.538293719291687
0.5610993504524231
0.6107352375984192
0.5544277429580688
0.5867363810539246
0.6044531464576721
0.581199049949646
0.570945143699646
0.5567942261695862
0.6510628461837769
0.5675582885742188
0.6051214933395386
0.5948478579521179
0.573628842830658
0.5345267057418823
0.5812395811080933
0.5450788736343384
0.5360593795776367
0.58244788646698
0.5552397966384888
0.564224898815155
0.5684921741485596
0.5712584257125854
0.5861936807632446
0.5796880722045898
0.5218595862388611
0.6097675561904907
0.5245954394340515
0.5540494918823242
0.6073304414749146
0.5566414594650269
0.5161598920822144
0.5807858109474182
0.5246596336364746
0.5556418895721436
0.5586956143379211
0.6357115507125854
0.5543351769447327
0.6364519000053406
0.5518977046012878
0.5645827054977417
0.5816273093223572
0.5562275648117065
0.5319486856460571
0.6125699281692505
0.5418273210525513
0.6406157612800598
0.5649011135101318
0.5771503448486328
0.5535585880279541
0.5821182727813721
0.5278573036193848
0.5287042856216431
0.5624470710754395
0.5399539470672607
0.5600482821464539
0.6207993030548096
0.5383403897285461
0.609655499458313
0.5647312998771667
0.582709550857544
0.5302236080169678
0.5401836037635803
0.5162859559059143
0.5441804528236389
0.5330461859703064
0.5392546653747559
0.5576989054679871
0.584371030330658
0.5652705430984497
0.5255245566368103
0.5452938675880432
0.5230095982551575
0.5817471742630005
0.5249777436256409
0.5583149194717407
0.5206947922706604
0.5928026437759399
0.5140247941017151
0.578998327255249
0.5313221216201782
0.5888276696205139
0.6004160046577454
0.5228659510612488
0.6029627323150635
0.5227006077766418
0.5581570267677307
0.5471153855323792
0.5352641344070435
0.5731168985366821
0.564679741859436
0.5795687437057495
0.6302637457847595
0.5135117173194885
0.586878776550293
0.5962194204330444
0.5458401441574097
0.5495256185531616
0.6380050778388977
0.540611982345581
0.5393072962760925
0.5430147647857666
0.5418919920921326
0.5764956474304199
0.5607965588569641
0.5332180261611938
0.5826863646507263
0.5516300201416016
0.57248854637146
0.5670315027236938
0.5346362590789795
0.5585289001464844
0.614067018032074
0.5354659557342529
0.5544723868370056
0.5036647915840149
0.5326587557792664
0.5923634171485901
0.5435388684272766
0.525230884552002
0.5528396964073181
0.6694356203079224
0.5499110817909241
0.5590478181838989
0.5541734099388123
0.5392120480537415
0.5435318350791931
0.5325626134872437
0.5697283148765564
0.5289983749389648
0.5866490602493286
0.5273853540420532
0.5457472205162048
0.5417041182518005
0.536483108997345
0.5340142250061035
0.5782746076583862
0.5547833442687988
0.5604879856109619
0.5578233003616333
0.5292199850082397
0.5261516571044922
0.5619232654571533
0.5550801753997803
0.5568822622299194
0.5397840142250061
0.5035896301269531
0.5619469285011292
0.5409046411514282
0.5362606644630432
0.5325459837913513
0.5480858087539673
0.5781257152557373
0.5379356741905212
0.5334516167640686
0.5547267198562622
0.5597351789474487
0.5490348935127258
0.6301300525665283
0.6089587211608887
0.5594713687896729
0.5471707582473755
0.5120437741279602
0.5894408822059631
0.563464343547821
0.5507708191871643
0.5815770626068115
0.5554611086845398
0.5336514711380005
0.5726130604743958
0.5325936675071716
0.5631465911865234
0.5447440147399902
0.5273241996765137
0.5813440084457397
0.5600481033325195
0.5888333916664124
0.5283792018890381
0.5609374642372131
0.5446974635124207
0.5453914999961853
0.5761989951133728
0.5679333209991455
0.5719175934791565
0.5135465264320374
0.5365406274795532
0.5154099464416504
0.5813232064247131
0.5859664678573608
0.5694917440414429
0.5518662929534912
0.6107007265090942
0.5320990085601807
0.5590987205505371
0.5751018524169922
0.5325167775154114
0.5439245104789734
0.5155449509620667
0.5488809943199158
0.564660906791687
0.5270519852638245
0.5701350569725037
0.5426722764968872
0.5588405728340149
0.5246950387954712
0.5382483005523682
0.5483304858207703
0.5283240079879761
0.5074243545532227
0.5406612157821655
0.572610080242157
0.5127716660499573
0.5261580944061279
0.5340571999549866
0.5665104985237122
0.552744448184967
0.5389126539230347
0.5759799480438232
0.5432324409484863
0.5611169934272766
0.5471169948577881
0.5419322848320007
0.5822173357009888
0.5675260424613953
0.5156159400939941
0.5091837644577026
0.5918202996253967
0.5595338940620422
0.5619680285453796
0.5255178809165955
0.5227335095405579
0.5531036853790283
0.5632387399673462
0.5532973408699036
0.5577169060707092
0.5705440044403076
0.6144735217094421
0.5507891178131104
0.6073965430259705
0.61274254322052
0.606967031955719
0.575836181640625
0.5677297115325928
0.5579807758331299
0.5151494741439819
0.5220481157302856
0.5629808902740479
0.5981171727180481
0.5359302759170532
0.5487315058708191
0.5440651178359985
0.5402174592018127
0.5468893051147461
0.5487275123596191
0.5478881597518921
0.580636739730835
0.5813108086585999
0.5554038882255554
0.5250372886657715
0.5617214441299438
0.630462646484375
0.5617573857307434
0.5598520636558533
0.576271116733551
0.5429083704948425
0.5083326101303101
0.5480519533157349
0.5149997472763062
0.5490661859512329
0.5384498834609985
0.5763636827468872
0.55901700258255
0.5047468543052673
0.6072313189506531
0.559089183807373
0.5476071834564209
0.5670095086097717
0.5339839458465576
0.5978143215179443
0.6011559963226318
0.5363965630531311
0.5287851095199585
0.5411809086799622
0.5677785873413086
0.5819908976554871
0.5452940464019775
0.5945537686347961
0.548866868019104
0.5138114094734192
0.5274742841720581
0.548352837562561
0.5523152351379395
0.568139910697937
0.5702145099639893
0.501630425453186
0.553093433380127
0.5860339403152466
0.5909008979797363
0.5924148559570312
0.5617719888687134
0.6072956919670105
0.5493370294570923
0.5318280458450317
0.5786718726158142
0.5469616651535034
0.5525404214859009
0.5406432747840881
0.5279915928840637
0.5933409929275513
0.5445477366447449
0.5691407322883606
0.5268061757087708
0.555456280708313
0.5426701903343201
0.5226712226867676
0.5694485902786255
0.5407540202140808
0.526945948600769
0.5601430535316467
0.5439629554748535
0.5732322931289673
0.5594208240509033
0.5350030660629272
0.5474054217338562
0.5809393525123596
0.6229755282402039
0.5393401384353638
0.5437220335006714
0.5985055565834045
0.5370588898658752
0.5215318202972412
0.5800480246543884
0.5375080108642578
0.5236465930938721
0.5838575959205627
0.5470331311225891
0.5146741271018982
0.5363954901695251
0.5247194766998291
0.6051309704780579
0.542100727558136
0.5777527093887329
0.5210044980049133
0.5345020890235901
0.5493380427360535
0.5833292007446289
0.560807466506958
0.5324310064315796
0.5361244082450867
0.5224428176879883
0.5733969807624817
0.5619518756866455
0.5552897453308105
0.5416404008865356
0.5201855897903442
0.560285210609436
0.5670112371444702
0.5419583916664124
0.5565598011016846
0.5415483713150024
0.5718176364898682
0.5546135306358337
0.5082823038101196
0.5160273909568787
0.6043602228164673
0.5946354269981384
0.5464381575584412
0.523873507976532
0.569574773311615
0.5136865973472595
0.5721298456192017
0.5544376373291016
0.5236192941665649
0.5948262214660645
0.5677834749221802
0.5046148300170898
0.5834917426109314
0.5344078540802002
0.5463067293167114
0.5499144196510315
0.5574342608451843
0.5544763803482056
0.5541197657585144
0.5144762992858887
0.5840160846710205
0.5424773693084717
0.5165596604347229
0.5551357269287109
0.514254629611969
0.5759923458099365
0.5269607901573181
0.5560684204101562
0.5605490207672119
0.6075366735458374
0.5688847899436951
0.5729511976242065
0.5360987186431885
0.547572135925293
0.6245279312133789
0.5612244606018066
0.5465112328529358
0.5361455082893372
0.5511207580566406
0.5222147703170776
0.5680413842201233
0.5776563286781311
0.6062533855438232
0.5483545064926147
0.5354669094085693
0.5551062226295471
0.5418764352798462
0.5466952323913574
0.5555904507637024
0.578987717628479
0.5475630760192871
0.5548645853996277
0.4959433674812317
0.5580623149871826
0.5425699353218079
0.5601616501808167
0.5864443778991699
0.5578902959823608
0.5643330812454224
0.5425248742103577
0.5122659206390381
0.5888561606407166
0.5802748203277588
0.5403311252593994
0.5667780637741089
0.5266987085342407
0.535961389541626
0.5639660358428955
0.5759367346763611
0.5686801075935364
0.5439153909683228
0.5051476955413818
0.549104630947113
0.616469144821167
0.5749785304069519
0.5541460514068604
0.5608359575271606
0.5241973996162415
0.5647602677345276
0.5465742945671082
0.584296464920044
0.5534825325012207
0.5684423446655273
0.5379180312156677
0.5296169519424438
0.5296400189399719
0.5608085989952087
0.543303370475769
0.5964534282684326
0.5702764391899109
0.5360440611839294
0.518510103225708
0.5382046699523926
0.5047228336334229
0.5029886364936829
0.5359528064727783
0.5376013517379761
0.5911045074462891
0.5521820187568665
0.5952543020248413
0.5373923778533936
0.5399557948112488
0.5615741610527039
0.5254150629043579
0.5577012896537781
0.517905056476593
0.5296357274055481
0.6046337485313416
0.5465149879455566
0.5020421147346497
0.5336977243423462
0.563938319683075
0.5154919624328613
0.50322026014328
0.5324804782867432
0.5067419409751892
0.5709272623062134
0.5450500249862671
0.6024016737937927
0.5385655164718628
0.5712804198265076
0.5965065956115723
0.5274056196212769
0.551573634147644
0.5388374924659729
0.5899314880371094
0.5608815550804138
0.6001895666122437
0.6307772994041443
0.5131776928901672
0.5416722297668457
0.5533251762390137
0.5713829398155212
0.5214334726333618
0.5633116960525513
0.5684785842895508
0.6151946187019348
0.5878140330314636
0.5622645616531372
0.5417976379394531
0.5387004017829895
0.5280749797821045
0.5238011479377747
0.5867108106613159
0.5636302828788757
0.575629711151123
0.536395788192749
0.5421768426895142
0.5053761601448059
0.5306927561759949
0.5855146646499634
0.5637075901031494
0.5704063773155212
0.5242465734481812
0.5593141913414001
0.5471500158309937
0.5445730090141296
0.574982225894928
0.593951404094696
0.5421417355537415
0.5173494815826416
0.5561518669128418
0.5574702620506287
0.5156660079956055
0.5361932516098022
0.5558246374130249
0.5239664912223816
0.5038630366325378
0.5463714599609375
0.5585117936134338
0.5192661881446838
0.5145585536956787
0.5112574100494385
0.553514838218689
0.5875244140625
0.5090301632881165
0.5572885274887085
0.5659012198448181
0.5605809688568115
0.5700108408927917
0.6363002061843872
0.5265807509422302
0.5237477421760559
0.5858258008956909
0.5166416168212891
0.6042550802230835
0.5782658457756042
0.5743691921234131
0.5527134537696838
0.6276476383209229
0.5793944597244263
0.5282618999481201
0.552074134349823
0.553803563117981
0.5180336833000183
0.5809739828109741
0.530745267868042
0.5654380321502686
0.6117732524871826
0.5780407190322876
0.5416775941848755
0.6486324667930603
0.53092360496521
0.5796406269073486
0.5597724914550781
0.5770176649093628
0.5421148538589478
0.5339471101760864
0.507570207118988
0.5312451124191284
0.5361874103546143
0.5932615399360657
0.5230002999305725
0.5448335409164429
0.5410333871841431
0.5324215888977051
0.5256544947624207
0.5651779174804688
0.5152305364608765
0.5731248259544373
0.5341446399688721
0.5228837728500366
0.5151619911193848
0.5875072479248047
0.5269001722335815
0.5556553602218628
0.5336112380027771
0.5061826109886169
0.5254801511764526
0.5172349810600281
0.5646814107894897
0.6005595326423645
0.5470921397209167
0.5446045398712158
0.5531573295593262
0.5190778970718384
0.5329306125640869
0.5439028143882751
0.561947226524353
0.5787277221679688
0.496764600276947
0.5398001670837402
0.5479105710983276
0.553947389125824
0.5485717058181763
0.5631052255630493
0.5500109195709229
0.533092200756073
0.5311363339424133
0.504379153251648
0.540895402431488
0.5502512454986572
0.5624679327011108
0.5184604525566101
0.5713468790054321
0.5208373665809631
0.5424512028694153
0.521247923374176
0.5530707240104675
0.5285024046897888
0.5049098134040833
0.5609132647514343
0.5888863801956177
0.5602105855941772
0.53416907787323
0.5313928723335266
0.5363553166389465
0.5465867519378662
0.5575133562088013
0.5446431040763855
0.5823957920074463
0.590924859046936
0.5393255352973938
0.5398451685905457
0.5284929871559143
0.609614372253418
0.5628959536552429
0.5255961418151855
0.5455974340438843
0.5467570424079895
0.541227400302887
0.5876275300979614
0.5151610970497131
0.5825533866882324
0.517132043838501
0.5199068188667297
0.5441385507583618
0.5286821722984314
0.5138806104660034
0.5204070806503296
0.554256796836853
0.5361371040344238
0.5828930139541626
0.5392152070999146
0.5680258274078369
0.5335206985473633
0.5505048036575317
0.512179970741272
0.5390540361404419
0.4950138032436371
0.5106842517852783
0.5652575492858887
0.5468494296073914
0.49070650339126587
0.5365934371948242
0.571570634841919
0.5668197870254517
0.5163247585296631
0.5126189589500427
0.5353301763534546
0.5450558066368103
0.5201516151428223
0.5133163928985596
0.5468505620956421
0.5270392894744873
0.5244101285934448
0.50673508644104
0.5704643130302429
0.5802422761917114
0.514565646648407
0.5658043026924133
0.5681396126747131
0.5538768768310547
0.5187206268310547
0.579301118850708
0.5588610172271729
0.596032440662384
0.5375681519508362
0.5249658823013306
0.5419914722442627
0.5563210844993591
0.5325390100479126
0.5516105890274048
0.5390822291374207
0.565968930721283
0.5325688123703003
0.5607364177703857
0.5068418979644775
0.5290577411651611
0.5320018529891968
0.5422136783599854
0.5615774393081665
0.5273141264915466
0.5840672254562378
0.5319403409957886
0.5850307941436768
0.5402629375457764
0.5424348711967468
0.5762399435043335
0.5881026983261108
0.6004558205604553
0.5213245153427124
0.5768574476242065
0.5930845737457275
0.5670322775840759
0.5366256833076477
0.6716426610946655
0.5588279366493225
0.597733199596405
0.6049031019210815
0.5864458680152893
0.5703202486038208
0.5916430950164795
0.5427172183990479
0.5822495818138123
0.5397117137908936
0.5528045296669006
0.5415199995040894
0.5313787460327148
0.5839240550994873
0.5340660214424133
0.5446876287460327
0.5410844087600708
0.5842211246490479
0.5504698157310486
0.5618265867233276
0.5303825736045837
0.5549488663673401
0.5440146923065186
0.5817317962646484
0.5966839790344238
0.5178844928741455
0.5912216901779175
0.5531911849975586
0.6192278265953064
0.5462237596511841
0.5503637194633484
0.5284404754638672
0.5422799587249756
0.5541201829910278
0.5343024730682373
0.5476542711257935
0.5257110595703125
0.5641680359840393
0.5131303668022156
0.5928691625595093
0.5590690970420837
0.5433069467544556
0.5785572528839111
0.5686322450637817
0.5566253066062927
0.5666345953941345
0.566143274307251
0.5535187721252441
0.521795392036438
0.563068687915802
0.5965554118156433
0.5627679824829102
0.5161942839622498
0.6100462675094604
0.5256969928741455
0.507845938205719
0.5604471564292908
0.5997713208198547
0.5466873645782471
0.619425356388092
0.6073364019393921
0.5063563585281372
0.5447276830673218
0.5557315349578857
0.5430465936660767
0.5298683047294617
0.5303064584732056
0.5002951622009277
0.5813108682632446
0.5324254035949707
0.5506975650787354
0.5504655838012695
0.6332481503486633
0.5222154259681702
0.5160801410675049
0.5116854310035706
0.5512011051177979
0.5538151264190674
0.5582265853881836
0.5888906717300415
0.5640750527381897
0.5508323907852173
0.628294825553894
0.5257824063301086
0.5300159454345703
0.588503360748291
0.5617920756340027
0.5169128179550171
0.529060423374176
0.5501960515975952
0.545709490776062
0.5466461777687073
0.5850743651390076
0.5828202366828918
0.5286839008331299
0.5778548121452332
0.5376815795898438
0.5453495383262634
0.5536249876022339
0.5412083268165588
0.5428882241249084
0.5382527112960815
0.5313003063201904
0.5535694360733032
0.5981982350349426
0.583518922328949
0.5540792942047119
0.5727006196975708
0.5513548851013184
0.5172203779220581
0.5672017335891724
0.580644965171814
0.5509008169174194
0.56355220079422
0.5472769141197205
0.5411859750747681
0.5687777996063232
0.5405822396278381
0.5578790903091431
0.5330002307891846
0.5463204383850098
0.5408776998519897
0.5639487504959106
0.5778706073760986
0.5690872669219971
0.5931111574172974
0.5680668950080872
0.5742428302764893
0.5266505479812622
0.5714846253395081
0.4991774260997772
0.5448528528213501
0.5757197141647339
0.5334029197692871
0.5767606496810913
0.5320243835449219
0.54842209815979
0.5618754625320435
0.5148748755455017
0.5273995399475098
0.5941295623779297
0.597277045249939
0.521507978439331
0.5416157841682434
0.6212388873100281
0.5424659848213196
0.5621031522750854
0.5849558711051941
0.5706771612167358
0.570986270904541
0.5140889883041382
0.5305701494216919
0.5607764720916748
0.5268065929412842
0.5402399301528931
0.5221650004386902
0.5725539326667786
0.5209722518920898
0.5811840891838074
0.5334686040878296
0.5488371253013611
0.5148499011993408
0.5559755563735962
0.5606734156608582
0.5421561002731323
0.5489479899406433
0.5249295234680176
0.5432918667793274
0.5072994232177734
0.5394091606140137
0.598578691482544
0.6005163192749023
0.5391027331352234
0.5424022078514099
0.4968761205673218
0.5463743805885315
0.5490902662277222
0.5130458474159241
0.5196735262870789
0.5348259806632996
0.5715442299842834
0.6047886610031128
0.5150243043899536
0.5321590900421143
0.569068431854248
0.5316051244735718
0.5294806361198425
0.5152531266212463
0.5386680960655212
0.5655752420425415
0.5603734850883484
0.5409263968467712
0.5489892959594727
0.6151807904243469
0.5575565695762634
0.5554409027099609
0.5457184910774231
0.6341980695724487
0.519679069519043
0.5693700909614563
0.5812491178512573
0.5208444595336914
0.5204053521156311
0.576991081237793
0.5071762204170227
0.5368722081184387
0.5445718765258789
0.550743043422699
0.5501955151557922
0.5767074227333069
0.5863419771194458
0.5487579107284546
0.5728037357330322
0.5408567786216736
0.49703508615493774
0.5753768086433411
0.5663310289382935
0.516588568687439
0.5732733607292175
0.561790406703949
0.5319613218307495
0.5670791864395142
0.5672398209571838
0.563581109046936
0.5370726585388184
0.6120683550834656
0.5379447937011719
0.5438690185546875
0.5924266576766968
0.5455789566040039
0.5352699160575867
0.5522541403770447
0.5740514993667603
0.6067659854888916
0.5321130752563477
0.5318251848220825
0.5289222002029419
0.5154467225074768
0.5549256205558777
0.5524182319641113
0.5127035975456238
0.5079229474067688
0.5354082584381104
0.5907281041145325
0.508956253528595
0.5420500040054321
0.5253813862800598
0.5471895933151245
0.5305572152137756
0.5406226515769958
0.534163236618042
0.5132172107696533
0.5847764015197754
0.554311990737915
0.5483217239379883
0.5493311882019043
0.5844138860702515
0.5995210409164429
0.5245541930198669
0.5508763790130615
0.5450924038887024
0.5488513708114624
0.5085793137550354
0.5186490416526794
0.5575060248374939
0.5647670030593872
0.5422853231430054
0.5138332843780518
0.5479695200920105
0.5921932458877563
0.5329324007034302
0.6310103535652161
0.5154990553855896
0.5594499111175537
0.5642274618148804
0.5638971924781799
0.5354254245758057
0.5197917222976685
0.5338382720947266
0.5445408821105957
0.5410305261611938
0.5312668681144714
0.5498786568641663
0.6323062181472778
0.5878810882568359
0.5593827962875366
0.5716825127601624
0.5487979650497437
0.5416357517242432
0.533603847026825
0.548717737197876
0.5327773690223694
0.5304214954376221
0.5459494590759277
0.5632699728012085
0.551672101020813
0.5350987315177917
0.4991426169872284
0.5759251117706299
0.5506584048271179
0.5793004035949707
0.5228797197341919
0.5576063990592957
0.5142841339111328
0.5894585847854614
0.47348299622535706
0.5313452482223511
0.5562759637832642
0.5769683122634888
0.5648027062416077
0.5346801280975342
0.5221306085586548
0.5821561217308044
0.5040538311004639
0.5562141537666321
0.5578193664550781
0.5266282558441162
0.5338971614837646
0.5637006759643555
0.5562003254890442
0.5237898826599121
0.5871171355247498
0.5419284105300903
0.5597352385520935
0.5437554121017456
0.5965455770492554
0.5751429796218872
0.5324217081069946
0.529907763004303
0.5024381279945374
0.561583399772644
0.5723236203193665
0.5977834463119507
0.5368930101394653
0.5545360445976257
0.5597408413887024
0.5350553393363953
0.5249161124229431
0.5317623615264893
0.5255866050720215
0.5000871419906616
0.5529825687408447
0.5107640027999878
0.568497359752655
0.5682169198989868
0.4912513792514801
0.5109272003173828
0.5510473847389221
0.5141703486442566
0.5310252904891968
0.5586576461791992
0.5748611688613892
0.5580463409423828
0.5586682558059692
0.5127441883087158
0.5248062610626221
0.5727792978286743
0.514331042766571
0.5646175742149353
0.5555318593978882
0.5266635417938232
0.5092114210128784
0.5330246686935425
0.5327730774879456
0.5208170413970947
0.5420790910720825
0.5209509134292603
0.5561668872833252
0.5627362132072449
0.5992704033851624
0.5568046569824219
0.5525750517845154
0.5720301866531372
0.5643817782402039
0.5274026393890381
0.5377652645111084
0.5519511103630066
0.5640455484390259
0.5747274160385132
0.5047363042831421
0.5388936996459961
0.5644288063049316
0.5018707513809204
0.5101088285446167
0.5830653309822083
0.5652865171432495
0.5094068050384521
0.5530145168304443
0.5184744596481323
0.5507750511169434
0.5875300765037537
0.5262600183486938
0.5288298726081848
0.5628303289413452
0.5376559495925903
0.5647149085998535
0.5502421855926514
0.5377984046936035
0.5886578559875488
0.5531718730926514
0.5463922023773193
0.604779839515686
0.5825424790382385
0.5209699869155884
0.5495791435241699
0.5477187633514404
0.5656680464744568
0.5028265714645386
0.5409579873085022
0.5248761773109436
0.545445442199707
0.5824994444847107
0.5287634134292603
0.5545012950897217
0.5544480085372925
0.5872970223426819
0.5326223373413086
0.5351662635803223
0.5888348817825317
0.5296235084533691
0.5374176502227783
0.5887938141822815
0.5117630362510681
0.5318334102630615
0.5488696098327637
0.525152862071991
0.5845781564712524
0.5677413940429688
0.5312656760215759
0.5203280448913574
0.5342403650283813
0.5148822665214539
0.5795239806175232
0.5521335601806641
0.5639885663986206
0.5656038522720337
0.5294579267501831
0.5198392271995544
0.5236585140228271
0.5317776203155518
0.5018342137336731
0.5016778111457825
0.5450500845909119
0.5207672119140625
0.5144005417823792
0.5277080535888672
0.5313805341720581
0.5781866312026978
0.5743099451065063
0.5507528781890869
0.5234344601631165
0.5484850406646729
0.5493446588516235
0.5676558017730713
0.5373892784118652
0.4982122778892517
0.5015642046928406
0.5506852269172668
0.5114016532897949
0.585644543170929
0.5281660556793213
0.5173571109771729
0.5558091402053833
0.5090636014938354
0.530697226524353
0.5900309681892395
0.5149518847465515
0.5797978639602661
0.541084885597229
0.5424383878707886
0.5181072950363159
0.5809833407402039
0.519062876701355
0.5192154049873352
0.5739556550979614
0.5401958227157593
0.5616838335990906
0.5381057858467102
0.5298585891723633
0.5075402855873108
0.5528113842010498
0.5080640912055969
0.5419578552246094
0.5844143033027649
0.5209124088287354
0.5424165725708008
0.590917706489563
0.5028404593467712
0.5602971315383911
0.5399067401885986
0.517777681350708
0.5717692971229553
0.5388679504394531
0.5229042768478394
0.5615399479866028
0.536029040813446
0.5204550623893738
0.5787851214408875
0.5686064958572388
0.5584307909011841
0.5431191325187683
0.5481124520301819
0.5554890632629395
0.519709050655365
0.5487078428268433
0.577488362789154
0.57317054271698
0.5861866474151611
0.5233352780342102
0.5339188575744629
0.5585497617721558
0.5239695310592651
0.5665299296379089
0.6116282939910889
0.5676946640014648
0.5033389925956726
0.5405562520027161
0.5517510175704956
0.5427025556564331
0.5660567879676819
0.538246214389801
0.5296438932418823
0.5387415885925293
0.5210639834403992
0.5437800288200378
0.5552440881729126
0.5944197773933411
0.5959982872009277
0.5577527284622192
0.5633652806282043
0.5629950761795044
0.5498416423797607
0.5437522530555725
0.5315542817115784
0.5439706444740295
0.530107855796814
0.5063412189483643
0.5561878085136414
0.5084289908409119
0.5462972521781921
0.5538807511329651
0.5633494853973389
0.508876621723175
0.5345292687416077
0.5121957063674927
0.5554391145706177
0.5265114307403564
0.5915632843971252
0.5256633162498474
0.5457303524017334
0.5553131699562073
0.5381894707679749
0.5213077664375305
0.5202382206916809
0.5044507384300232
0.5456427931785583
0.5175309777259827
0.5167919993400574
0.5809486508369446
0.552295446395874
0.510125994682312
0.5216127038002014
0.539902925491333
0.5294196009635925
0.5256569385528564
0.5455737113952637
0.5105128288269043
0.5068787336349487
0.5531116724014282
0.5419206619262695
0.5127497911453247
0.5381971597671509
0.5732240676879883
0.5252459049224854
0.5264734029769897
0.5424212217330933
0.5105220675468445
0.5277527570724487
0.5263790488243103
0.5381553769111633
0.5212955474853516
0.5444009900093079
0.5302922129631042
0.5371123552322388
0.5367977023124695
0.5857446789741516
0.5535292029380798
0.5229454040527344
0.5432730317115784
0.5564465522766113
0.543584942817688
0.5544278025627136
0.5393339395523071
0.5528572797775269
0.5675156712532043
0.5360550284385681
0.5485744476318359
0.5174685716629028
0.5235978364944458
0.5057454109191895
0.5154504776000977
0.5531185865402222
0.5643988847732544
0.52385014295578
0.5454485416412354
0.5423113107681274
0.5081918239593506
0.554483950138092
0.5611475706100464
0.5049605965614319
0.5432401895523071
0.5106682777404785
0.5000792145729065
0.5482521057128906
0.5894454717636108
0.5167433023452759
0.5650674104690552
0.5125008821487427
0.544451117515564
0.5517336130142212
0.5785441398620605
0.5176692008972168
0.5760306715965271
0.5648728609085083
0.5395023226737976
0.5804713368415833
0.5553879737854004
0.5191127061843872
0.5072768926620483
0.5331273078918457
0.5657637119293213
0.5340900421142578
0.5051368474960327
0.5317506790161133
0.5423846244812012
0.5077075362205505
0.5257092714309692
0.5564119219779968
0.5126967430114746
0.531893789768219
0.5482187867164612
0.5450227856636047
0.5562819242477417
0.5355522036552429
0.558251142501831
0.5800889134407043
0.5140309929847717
0.5536243915557861
0.5602279901504517
0.4961808919906616
0.5127490758895874
0.5453341603279114
0.5190678834915161
0.5414654016494751
0.5465960502624512
0.5488355159759521
0.5936921834945679
0.5601205229759216
0.513178825378418
0.5775978565216064
0.5989652872085571
0.5361761450767517
0.5369217991828918
0.5442900061607361
0.5467211008071899
0.5410121083259583
0.5883041620254517
0.5803181529045105
0.5017318725585938
0.5320004224777222
0.5000150203704834
0.5603628158569336
0.5722678303718567
0.550690770149231
0.5229699611663818
0.5643351674079895
0.5315127968788147
0.5333818793296814
0.5547041296958923
0.5186693072319031
0.520002007484436
0.5163705348968506
0.5233199000358582
0.5097018480300903
0.5387752652168274
0.617699146270752
0.5218722820281982
0.5286813378334045
0.538501501083374
0.5469130277633667
0.5461732149124146
0.5431181192398071
0.49747949838638306
0.5362763404846191
0.5941936373710632
0.5311024188995361
0.5272927284240723
0.5754221677780151
0.5291824340820312
0.5438702702522278
0.5461922883987427
0.5824264287948608
0.5483695268630981
0.5184007883071899
0.5429983735084534
0.5251019597053528
0.5197097063064575
0.5067355632781982
0.5137099623680115
0.542750358581543
0.5273272395133972
0.5437362194061279
0.5438150763511658
0.5641555786132812
0.5041109323501587
0.5363669991493225
0.5403344631195068
0.5161048769950867
0.5415604710578918
0.5421639680862427
0.5198299884796143
0.5261817574501038
0.5490233898162842
0.5465202331542969
0.559421181678772
0.561644434928894
0.5632129907608032
0.562030553817749
0.5250362753868103
0.5028578042984009
0.5483611822128296
0.5477079153060913
0.5996279716491699
0.4917532205581665
0.5474567413330078
0.5136128664016724
0.5234009027481079
0.5256176590919495
0.5777850151062012
0.5024482011795044
0.587505578994751
0.5646344423294067
0.5604557394981384
0.5538240075111389
0.5314770340919495
0.5504533052444458
0.5625272989273071
0.5026379227638245
0.5507750511169434
0.5599693059921265
0.5403472185134888
0.5368609428405762
0.5507684946060181
0.5688326358795166
0.5582684874534607
0.584861159324646
0.6013110876083374
0.5447285175323486
0.5266923904418945
0.5456328988075256
0.5139980316162109
0.5197346806526184
0.5768877267837524
0.5530319213867188
0.6214183568954468
0.5276917219161987
0.5738281011581421
0.5552718043327332
0.6135468482971191
0.5148037075996399
0.5410888195037842
0.5607762932777405
0.5857627391815186
0.5267617106437683
0.5425236225128174
0.5114001035690308
0.5464492440223694
0.5499972701072693
0.5260211229324341
0.5182798504829407
0.5555055141448975
0.5602570176124573
0.5591102242469788
0.5803444385528564
0.6942569017410278
0.5412358045578003
0.540194034576416
0.5120112895965576
0.5085412859916687
0.5280011296272278
0.49794697761535645
0.5225014090538025
0.5807716250419617
0.5469826459884644
0.5716007351875305
0.5100881457328796
0.5340399146080017
0.5515551567077637
0.5531864166259766
0.5360449552536011
0.5130792260169983
0.5122960209846497
0.5478771924972534
0.5315834283828735
0.5366036295890808
0.5451673269271851
0.5188686847686768
0.4923950433731079
0.5461809635162354
0.5598477125167847
0.5274345874786377
0.5381642580032349
0.5396609306335449
0.5608578324317932
0.5102575421333313
0.5178006887435913
0.5632318258285522
0.548643171787262
0.5498822927474976
0.5303412675857544
0.5543558597564697
0.546572208404541
0.5246130228042603
0.5065760612487793
0.541501522064209
0.5539789795875549
0.5746747851371765
0.5202580094337463
0.5134500861167908
0.5224787592887878
0.5211427211761475
0.5648863315582275
0.5054492354393005
0.5326406359672546
0.5218726396560669
0.5790755748748779
0.480293333530426
0.6015895009040833
0.5841650366783142
0.5091966390609741
0.509169340133667
0.5323736667633057
0.555284321308136
0.492019385099411
0.5311119556427002
0.5466063022613525
0.5143687129020691
0.527936577796936
0.5625690221786499
0.5589357018470764
0.530973494052887
0.5202569961547852
0.531318187713623
0.5340184569358826
0.5294033288955688
0.524378776550293
0.5505263805389404
0.536550760269165
0.5349127650260925
0.5700975656509399
0.527243971824646
0.5436768531799316
0.5699974298477173
0.5127940773963928
0.5068849921226501
0.587618887424469
0.5087931156158447
0.5349196791648865
0.5372510552406311
0.5102388858795166
0.540613055229187
0.5062553882598877
0.5028582215309143
0.5751136541366577
0.5415425896644592
0.5085858106613159
0.580451250076294
0.5311272740364075
0.5423968434333801
0.5256527662277222
0.5405614972114563
0.5586222410202026
0.619354248046875
0.4912451207637787
0.4863058924674988
0.5284529328346252
0.5296380519866943
0.561137318611145
0.5377653241157532
0.5198231935501099
0.5305707454681396
0.5558415055274963
0.5118259787559509
0.5596031546592712
0.5375319123268127
0.5507014989852905
0.545465886592865
0.5087440609931946
0.5350747108459473
0.5444298386573792
0.5327975749969482
0.5190069675445557
0.5568529963493347
0.5631879568099976
0.5085952877998352
0.5231267213821411
0.5189651846885681
0.5214080810546875
0.5670621395111084
0.5084174871444702
0.5072501301765442
0.5487890243530273
0.5317243933677673
0.5448935031890869
0.5761708617210388
0.5713893175125122
0.5860222578048706
0.5310739278793335
0.5641362071037292
0.5340771079063416
0.5269553661346436
0.5779432654380798
0.5626478791236877
0.551825225353241
0.5525051355361938
0.5532036423683167
0.5235386490821838
0.5673953294754028
0.5182952284812927
0.5361323356628418
0.5568526983261108
0.4971233010292053
0.5298295021057129
0.5325639247894287
0.5301114916801453
0.5258494019508362
0.626255452632904
0.5148873925209045
0.4969314932823181
0.49434542655944824
0.5120625495910645
0.5419622659683228
0.5867687463760376
0.59344881772995
0.5277485847473145
0.5259428024291992
0.5313289165496826
0.5243154168128967
0.5212589502334595
0.5277763605117798
0.529144287109375
0.5158995985984802
0.5050414204597473
0.5350015759468079
0.5856161117553711
0.5808360576629639
0.5409404039382935
0.5573428869247437
0.5113711953163147
0.5653159618377686
0.5242233276367188
0.5284959077835083
0.553432822227478
0.5304614305496216
0.5451644659042358
0.5130952000617981
0.5794597864151001
0.538849949836731
0.5173923373222351
0.5236611366271973
0.537071943283081
0.5633550882339478
0.5400799512863159
0.5213304758071899
0.6274750232696533
0.5419870615005493
0.6046698093414307
0.5383961200714111
0.572624683380127
0.5116670727729797
0.5233448147773743
0.6118395924568176
0.5707823634147644
0.4902607202529907
0.5516498684883118
0.5240851640701294
0.5408411026000977
0.5484923124313354
0.548052191734314
0.4860280156135559
0.5141215324401855
0.5075787901878357
0.5424113869667053
0.5134637355804443
0.4962407648563385
0.5316290855407715
0.5505761504173279
0.5454778075218201
0.5368123054504395
0.5173749923706055
0.4966754913330078
0.5368247032165527
0.5320417284965515
0.5094540119171143
0.5087197422981262
0.48643022775650024
0.5164206027984619
0.5660073161125183
0.5308654308319092
0.5533602833747864
0.5348537564277649
0.544230580329895
0.5275700688362122
0.5252751708030701
0.5564045906066895
0.5855993032455444
0.5131797194480896
0.5132812261581421
0.5223582983016968
0.531669020652771
0.5307782888412476
0.5126153230667114
0.5797878503799438
0.5246126651763916
0.5333591103553772
0.5013274550437927
0.5051089525222778
0.5234631896018982
0.5407389998435974
0.4995832145214081
0.5332995653152466
0.550947904586792
0.526736319065094
0.5408905148506165
0.5063999891281128
0.5436871647834778
0.540493369102478
0.49968039989471436
0.5170373916625977
0.5438831448554993
0.522750198841095
0.5947827100753784
0.5228049159049988
0.5648741722106934
0.5073438882827759
0.5536344647407532
0.528378963470459
0.5185294151306152
0.5570161938667297
0.5207520723342896
0.5526162385940552
0.5479233264923096
0.5280095338821411
0.5277020335197449
0.5345480442047119
0.5470608472824097
0.552662193775177
0.5366787910461426
0.5428305268287659
0.5424379110336304
0.5300077199935913
0.5270065665245056
0.5051142573356628
0.5354170203208923
0.5775798559188843
0.5697929859161377
0.5469894409179688
0.5722482800483704
0.5128468871116638
0.5213606357574463
0.5433132648468018
0.5524227619171143
0.5298322439193726
0.48390334844589233
0.5308440923690796
0.5261498093605042
0.5616885423660278
0.5393853187561035
0.509670078754425
0.5156657099723816
0.520526647567749
0.5239124298095703
0.5094940662384033
0.5449764132499695
0.5529458522796631
0.5374138355255127
0.48524194955825806
0.5365056991577148
0.5201983451843262
0.5370756983757019
0.5118467807769775
0.518977701663971
0.5340741276741028
0.5246157050132751
0.5333787798881531
0.5479616522789001
0.5551079511642456
0.4998931586742401
0.5335012078285217
0.502521812915802
0.5961111783981323
0.5690785050392151
0.5188256502151489
0.5425968170166016
0.5230309963226318
0.5166507363319397
0.5005046725273132
0.5291987061500549
0.551611065864563
0.5386685729026794
0.49528712034225464
0.5327028036117554
0.6041369438171387
0.6557399034500122
0.5848221182823181
0.5069481730461121
0.5547947287559509
0.5635536313056946
0.5244894027709961
0.5277252197265625
0.5251926183700562
0.5761697292327881
0.5754882097244263
0.555289089679718
0.5289465188980103
0.526092529296875
0.5451793670654297
0.5754871368408203
0.5301121473312378
0.5529613494873047
0.5118759274482727
0.5115578174591064
0.5224965810775757
0.48988527059555054
0.5311882495880127
0.5265534520149231
0.5199956893920898
0.5374830365180969
0.5150580406188965
0.5565934777259827
0.5172601938247681
0.5223788022994995
0.5383447408676147
0.5207493305206299
0.49258896708488464
0.5090512633323669
0.5135707855224609
0.520363450050354
0.5281437039375305
0.5698108673095703
0.5380538702011108
0.5519928336143494
0.5750620365142822
0.5606830716133118
0.5006510615348816
0.5362424850463867
0.5153263807296753
0.4978896677494049
0.5110801458358765
0.565223217010498
0.5854551792144775
0.5276212692260742
0.5538951754570007
0.5145313739776611
0.5000969171524048
0.5275979042053223
0.5233087539672852
0.526771068572998
0.5109042525291443
0.5269263982772827
0.5251721143722534
0.5407084822654724
0.5342257618904114
0.5422675609588623
0.5799873471260071
0.58330899477005
0.5914331078529358
0.5526310801506042
0.523533046245575
0.5243013501167297
0.5118190050125122
0.4897013306617737
0.5403777360916138
0.5224224328994751
0.5500745177268982
0.5506051778793335
0.5163660049438477
0.5341084003448486
0.5368698835372925
0.5121542811393738
0.5722067952156067
0.5271145701408386
0.5155956149101257
0.5643442869186401
0.5584412813186646
0.49739551544189453
0.503117024898529
0.5442695617675781
0.5331687927246094
0.5375347137451172
0.5468189120292664
0.5028756856918335
0.535981297492981
0.5780768394470215
0.5310906767845154
0.5280911326408386
0.5467689633369446
0.534082293510437
0.5249918699264526
0.5531123876571655
0.514468789100647
0.5081372261047363
0.5256425142288208
0.5087279081344604
0.5903884768486023
0.524435818195343
0.6110498905181885
0.5158106684684753
0.5727159976959229
0.5154386758804321
0.5526874661445618
0.5397231578826904
0.5138368606567383
0.5629205107688904
0.5604890584945679
0.5253285765647888
0.5129082798957825
0.5317843556404114
0.5527040362358093
0.5482984185218811
0.5174670219421387
0.5184096693992615
0.5677589178085327
0.5627825856208801
0.5536400079727173
0.5303207635879517
0.5215802192687988
