1.8438875675201416
1.672428846359253
1.526233196258545
1.496097207069397
1.514473557472229
1.249474287033081
1.2358721494674683
1.5675339698791504
1.2243837118148804
1.0498126745224
1.2958232164382935
1.345384955406189
1.05513596534729
1.4118382930755615
1.175810694694519
1.0655016899108887
0.9642273187637329
0.9800050258636475
1.0975111722946167
1.3491101264953613
1.0489122867584229
1.1982626914978027
0.9705476760864258
0.8677951693534851
1.1368775367736816
0.9723021984100342
0.9460012912750244
0.8795228004455566
0.7854811549186707
0.7495654821395874
0.9065150022506714
0.8633665442466736
0.6757156252861023
0.8160560131072998
0.7490565776824951
1.0276596546173096
0.5954558849334717
1.0217235088348389
0.8272745013237
0.6888057589530945
0.7498364448547363
0.7012105584144592
0.8718087077140808
0.66485196352005
0.8131920099258423
0.8166656494140625
0.9137605428695679
0.6365417242050171
0.602963387966156
0.825088620185852
0.7523884773254395
0.6968783140182495
0.6969382166862488
0.5990212559700012
0.7312086820602417
0.7546321749687195
0.8177247047424316
1.008912205696106
0.7911301851272583
0.783673882484436
0.5493674278259277
0.6138018369674683
0.9240097999572754
0.7374508380889893
0.6317169666290283
0.7394769191741943
0.6856957077980042
0.7310163378715515
0.6928232908248901
0.6368858814239502
0.8737329244613647
0.571283221244812
0.6922773122787476
0.829456627368927
0.5861263275146484
0.6388323307037354
0.8582718968391418
0.6135157942771912
0.5928645133972168
0.6486651301383972
0.8711928129196167
0.7713024616241455
0.5242881178855896
0.520231306552887
0.8493667244911194
0.6377352476119995
0.5442432165145874
0.5695908069610596
0.6818388104438782
0.6098763942718506
0.5891220569610596
0.7433133125305176
0.6108845472335815
0.6832412481307983
0.7604629993438721
0.7764793038368225
0.7244589924812317
0.7445547580718994
0.5659934282302856
0.5118045806884766
0.5706068873405457
0.4554190933704376
0.5166968107223511
0.7157188057899475
0.5972866415977478
0.7334398031234741
0.7283266186714172
0.6139873266220093
0.7387834787368774
0.6956032514572144
0.6638883352279663
0.7565054893493652
0.5240700244903564
0.7353760004043579
0.6406375765800476
0.609339714050293
0.6939957141876221
0.7011016607284546
0.8236289024353027
0.6544635891914368
0.5197497606277466
0.7943598031997681
0.7031543254852295
0.6945860981941223
0.6770809292793274
0.8677687644958496
0.5634741187095642
0.7286261320114136
0.4756525456905365
0.6222516298294067
0.4550529718399048
0.8465666770935059
0.6119179725646973
0.4264134168624878
0.5884091258049011
0.5705686211585999
0.4813750982284546
0.434223473072052
0.7225123643875122
0.5103572607040405
0.7079365253448486
0.7319999933242798
0.5008061528205872
1.1391905546188354
0.6636911034584045
0.5239831805229187
0.7688261866569519
0.5517987608909607
0.7299651503562927
0.563322126865387
0.6988878846168518
0.6967015862464905
0.5462517738342285
0.6797616481781006
0.6441673636436462
0.7851749658584595
0.45346522331237793
0.7342314720153809
0.6356130838394165
0.6023716926574707
0.6803136467933655
0.6735044121742249
0.454803466796875
0.6101338267326355
0.659355878829956
0.849376380443573
0.6226340532302856
0.5885336995124817
0.5821233987808228
0.6941940784454346
0.4778591990470886
0.5395253896713257
0.6507441997528076
0.6712583303451538
0.49541157484054565
0.8086109161376953
0.5524200201034546
0.48296135663986206
0.4847910702228546
0.6323467493057251
0.5886479616165161
0.49760931730270386
0.8455398082733154
0.6370455026626587
0.741995096206665
0.4426749050617218
0.5551008582115173
0.6835324764251709
0.5887478590011597
1.008575201034546
0.6430151462554932
0.5672105550765991
0.6458337903022766
0.6371091604232788
0.5278019905090332
0.64240962266922
0.7768099308013916
0.5851746797561646
0.645864725112915
0.8204434514045715
0.7627080678939819
0.5747778415679932
0.6172071099281311
0.4984629154205322
0.7453084588050842
0.8588398694992065
0.4915720820426941
0.436928927898407
0.4647711217403412
0.5793260335922241
0.47762537002563477
0.6458107233047485
0.5248565673828125
0.6943930387496948
0.5717149972915649
0.7428398132324219
0.5808190703392029
0.4671829640865326
0.663726806640625
0.746513843536377
0.7452245950698853
0.632382869720459
0.7363879680633545
0.6449360847473145
0.5545250177383423
0.5931512713432312
0.5131845474243164
0.5646184682846069
0.5465881824493408
0.7184475660324097
0.8707786798477173
0.5264966487884521
0.7167037725448608
0.7115194797515869
0.6511157751083374
0.47091156244277954
0.457944393157959
0.5432257652282715
0.7139086723327637
0.46043646335601807
0.6829909682273865
0.7055246829986572
0.5173250436782837
0.6320112347602844
0.6549185514450073
0.5754013657569885
0.4964756369590759
0.8224198222160339
0.5568128824234009
0.46681225299835205
0.5875213146209717
0.7501195073127747
0.6073852777481079
0.9023449420928955
0.5262746214866638
0.4406268000602722
0.46118101477622986
0.4647105634212494
0.7311121225357056
0.43298888206481934
0.6238496899604797
0.6942012310028076
0.4225226640701294
0.6363328695297241
0.6942150592803955
0.5402689576148987
0.55483078956604
0.5353938341140747
0.5221141576766968
0.45804089307785034
0.7238022685050964
0.41256916522979736
0.5039879679679871
0.42952442169189453
0.46143919229507446
0.461159884929657
0.685472846031189
0.476315438747406
0.4027029871940613
0.5160562992095947
0.5240405797958374
0.5923966765403748
0.45317989587783813
0.5006726980209351
0.5257275104522705
0.517525315284729
0.5169524550437927
0.5207351446151733
0.42485976219177246
0.4777206778526306
0.5363971590995789
0.5203501582145691
0.4439815282821655
0.5437145829200745
0.5063803195953369
0.7328863143920898
0.6294151544570923
0.41239798069000244
0.4829334616661072
0.779577374458313
0.43322843313217163
0.4405428469181061
0.5057049989700317
0.5091747641563416
0.6327937245368958
0.6818352341651917
0.4433819353580475
0.6143897175788879
0.6524792909622192
0.4682962894439697
0.684104323387146
0.5054150223731995
0.4808349609375
0.4428161680698395
0.6293220520019531
0.4664818048477173
0.47009387612342834
0.608709454536438
0.7544381618499756
0.6513049602508545
0.49591147899627686
0.6375628709793091
0.45284855365753174
0.5146021246910095
0.49375686049461365
0.4622747004032135
0.5844327211380005
0.491657018661499
0.6735082268714905
0.5516213178634644
0.6318719387054443
0.5437819957733154
0.47300443053245544
0.5352073907852173
0.5782878994941711
0.6673444509506226
0.5314916372299194
0.4696079194545746
0.4463420808315277
0.6072250604629517
0.46912437677383423
0.4261906147003174
0.5612618923187256
0.6159746646881104
0.6285658478736877
0.5330694913864136
0.5300422310829163
0.4188561737537384
0.531679630279541
0.6740915775299072
0.6232693195343018
0.5972980260848999
0.7685768604278564
0.5544822216033936
0.5402717590332031
0.5664224028587341
0.51902174949646
0.460391640663147
0.4044943153858185
0.47878000140190125
0.501069962978363
0.7139740586280823
0.9724786281585693
0.6245685815811157
0.43774867057800293
0.4536268413066864
0.4809612035751343
0.6711934208869934
0.5024054050445557
0.583953857421875
0.4765966534614563
0.6029032468795776
0.47514331340789795
0.44260403513908386
0.4801739752292633
0.46577757596969604
0.548743724822998
0.5096063613891602
0.5941767692565918
0.46428829431533813
0.5709244012832642
0.4888473153114319
0.41330957412719727
0.39404529333114624
0.5067991018295288
0.5230401754379272
0.4869665801525116
0.7451981902122498
0.6315516233444214
0.44872939586639404
0.5856943726539612
0.7483980655670166
0.5041166543960571
0.4778819978237152
0.4439827501773834
0.477292537689209
0.6262862682342529
0.8018217086791992
0.5042086839675903
0.6068398952484131
0.618992030620575
0.7615432739257812
0.4623793363571167
0.47526538372039795
0.509981095790863
0.6504851579666138
0.4693850874900818
0.6822324395179749
0.5273888111114502
0.6307063698768616
0.4560461640357971
0.5688578486442566
0.5354202389717102
0.5528688430786133
0.6261804103851318
0.4951523244380951
0.43869251012802124
0.6991623640060425
0.5153517127037048
0.5508872270584106
0.4442695379257202
0.5183792114257812
0.5487567186355591
0.6393674612045288
0.5876496434211731
0.4641972780227661
0.5715301632881165
0.5514513254165649
0.5280191898345947
0.5143681764602661
0.6417670249938965
0.6300934553146362
0.42279452085494995
0.5059466361999512
0.5722246170043945
0.5517702698707581
0.49097180366516113
0.5212777853012085
0.5524128079414368
0.6181485652923584
0.6112567186355591
0.4348401129245758
0.492861807346344
0.5815601348876953
0.5108679533004761
0.5448321104049683
0.4456184208393097
0.5009528994560242
0.6432120203971863
0.7804272174835205
0.45812666416168213
0.4779585301876068
0.4620765745639801
0.39674872159957886
0.48812949657440186
0.5728760957717896
0.605513334274292
0.6184054613113403
0.5267072319984436
0.5567582845687866
0.6006255149841309
0.4857698082923889
0.5297074913978577
0.5492277145385742
0.5302973985671997
0.5918879508972168
0.5664876699447632
0.6433224081993103
0.7644897699356079
0.4323664903640747
0.47441670298576355
0.5068695545196533
0.4999670088291168
0.428753137588501
0.5119369626045227
0.5107970237731934
0.4753146767616272
0.6676533222198486
0.3886432349681854
0.4933379292488098
0.4672201871871948
0.5920587182044983
0.5544430613517761
0.6214156150817871
0.43529489636421204
0.5133588910102844
0.39704009890556335
0.6615497469902039
0.43523678183555603
0.46906840801239014
0.4616154432296753
0.644119381904602
0.494508296251297
0.5174775123596191
0.5923345685005188
0.4490748643875122
0.5095090866088867
0.5345855951309204
0.5773695707321167
0.49128982424736023
0.454007625579834
0.47743386030197144
0.4525814354419708
0.4143672585487366
0.5727298855781555
0.4615709185600281
0.49664562940597534
0.4260912537574768
0.4675517976284027
0.4536694884300232
0.4651530385017395
0.4972190856933594
0.5394515991210938
0.42308318614959717
0.43971455097198486
0.47287988662719727
0.43341827392578125
0.41178441047668457
0.5174614787101746
0.47175681591033936
0.515264630317688
0.615363597869873
0.4442017376422882
0.3941183090209961
0.5387536287307739
0.5406675934791565
0.6426115036010742
0.3967241644859314
0.5896250009536743
0.5413434505462646
0.4853265881538391
0.4848414361476898
0.6466733813285828
0.7015419006347656
0.3835161030292511
0.4936297535896301
0.40855515003204346
0.3834291696548462
0.7141807079315186
0.48768728971481323
0.5936458706855774
0.7714297771453857
0.5319091081619263
0.43370217084884644
0.5912139415740967
0.6248594522476196
0.5729913711547852
0.5183647871017456
0.4921606779098511
0.40728759765625
0.5832545161247253
0.5229681134223938
0.3734096586704254
0.4399464726448059
0.5616974830627441
0.4339216351509094
0.507199764251709
0.4963911771774292
0.44196242094039917
0.4026045799255371
0.6121670007705688
0.42345869541168213
0.49369511008262634
0.45224541425704956
0.5282118320465088
0.5545165538787842
0.43764105439186096
0.523701012134552
0.6024324893951416
0.45651912689208984
0.4921870827674866
0.5861806869506836
0.5021789073944092
0.46562623977661133
0.5002843737602234
0.5793857574462891
0.654634952545166
0.5000191926956177
0.441691517829895
0.5153112411499023
0.5423974990844727
0.6388907432556152
0.5308058261871338
0.5869685411453247
0.5874388217926025
0.5957269668579102
0.49002885818481445
0.5991474986076355
0.47429344058036804
0.5443549156188965
0.37849217653274536
0.5640491843223572
0.46696388721466064
0.5593422651290894
0.6487606763839722
0.4830654263496399
0.45221221446990967
0.4467727839946747
0.5993093252182007
0.5384204387664795
0.5929774641990662
0.6459699869155884
0.5333127379417419
0.4539145529270172
0.555887758731842
0.44437336921691895
0.5643950700759888
0.4176594614982605
0.4385843276977539
0.602595865726471
0.4971790909767151
0.5567532777786255
0.5034735202789307
0.44359996914863586
0.4847688674926758
0.6318988800048828
0.5474358201026917
0.5752613544464111
0.43195807933807373
0.6273165941238403
0.4805667996406555
0.5571990013122559
0.5004568099975586
0.5368434190750122
0.45176252722740173
0.4640811085700989
0.5422658324241638
0.5308973789215088
0.5525788068771362
0.5158599019050598
0.533929705619812
0.3489941358566284
0.42192280292510986
0.46182453632354736
0.45121657848358154
0.598115086555481
0.5206882953643799
0.42335668206214905
0.40872621536254883
0.5348919630050659
0.40159809589385986
0.5642197132110596
0.4123925268650055
0.5681183934211731
0.5469505786895752
0.42371416091918945
0.36752015352249146
0.5410643219947815
0.4158042073249817
0.4599681496620178
0.557486891746521
0.5896162390708923
0.4996989965438843
0.5736861824989319
0.4091585874557495
0.43378958106040955
0.5690813064575195
0.5891311168670654
0.42088228464126587
0.45468196272850037
0.4821941554546356
0.6461695432662964
0.5531699657440186
0.48590534925460815
0.6976092457771301
0.5244336128234863
0.607325553894043
0.5512275695800781
0.44007083773612976
0.4770260453224182
0.3658471703529358
0.413069486618042
0.527995228767395
0.6647466421127319
0.507390558719635
0.5238621830940247
0.5157171487808228
0.6160873174667358
0.5616012215614319
0.4150458872318268
0.5431873202323914
0.42796361446380615
0.4482852816581726
0.5033905506134033
0.43897196650505066
0.5404387712478638
0.4918709397315979
0.455167293548584
0.4296945631504059
0.4592885375022888
0.5309041142463684
0.4302654266357422
0.5501442551612854
0.39972296357154846
0.47079530358314514
0.38689905405044556
0.49563777446746826
0.43019482493400574
0.39366820454597473
0.3794633150100708
0.6661174893379211
0.4402179718017578
0.4434043765068054
0.8425959348678589
0.5655558705329895
0.4427049160003662
0.5209064483642578
0.5303879976272583
0.38264453411102295
0.5169360637664795
0.5954090356826782
0.5245850682258606
0.4446333050727844
0.6638902425765991
0.4139481484889984
0.582883358001709
0.5873284339904785
0.6597476005554199
0.4283176064491272
0.6746699810028076
0.42651599645614624
0.42499908804893494
0.47156596183776855
0.4495595693588257
0.43399330973625183
0.4952627420425415
0.511959433555603
0.47087204456329346
0.46357986330986023
0.3929554224014282
0.4054332375526428
0.5105709433555603
0.428902268409729
0.49563997983932495
0.4261735677719116
0.4424673616886139
0.5371190905570984
0.4627676010131836
0.5294144749641418
0.4723648428916931
0.37324297428131104
0.4777880907058716
0.42231371998786926
0.4141579866409302
0.36313754320144653
0.6082322597503662
0.5105767846107483
0.6356528401374817
0.5016265511512756
0.5357416868209839
0.6163413524627686
0.6458917856216431
0.48233285546302795
0.4799473285675049
0.5845370292663574
0.41456103324890137
0.6979920864105225
0.5665827393531799
0.5530612468719482
0.5184397101402283
0.5615829229354858
0.4191932678222656
0.45613470673561096
0.42309820652008057
0.4751347303390503
0.5153138637542725
0.4799173176288605
0.5868850946426392
0.48453789949417114
0.6731103658676147
0.5856523513793945
0.4027567505836487
0.5237155556678772
0.6727808117866516
0.5800982713699341
0.6613678932189941
0.429693341255188
0.4974915683269501
0.45286446809768677
0.48686373233795166
0.44256851077079773
0.44569557905197144
0.38888072967529297
0.4835870862007141
0.6485371589660645
0.47573691606521606
0.5436162948608398
0.539910614490509
0.39323702454566956
0.45764341950416565
0.48676589131355286
0.5794484615325928
0.4877323508262634
0.5175653696060181
0.4923563003540039
0.47077131271362305
0.4924952983856201
0.421152800321579
0.5294682383537292
0.44437482953071594
0.49751824140548706
0.5555192232131958
0.3531818389892578
0.5501419305801392
0.3471555709838867
0.43189573287963867
0.5509665012359619
0.41988813877105713
0.4398145079612732
0.6499426364898682
0.3936275243759155
0.47810518741607666
0.48578840494155884
0.39754027128219604
0.6798527240753174
0.41840681433677673
0.5394631624221802
0.6137434840202332
0.5660867691040039
0.500878095626831
0.5194171667098999
0.41801518201828003
0.44467729330062866
0.44749799370765686
0.39170175790786743
0.5082215070724487
0.7020581364631653
0.4016495943069458
0.41757118701934814
0.5895552635192871
0.4505617618560791
0.4790021479129791
0.4424918293952942
0.5063000321388245
0.46493029594421387
0.49555110931396484
0.46169939637184143
0.5646620392799377
0.5280930995941162
0.5684387683868408
0.574873685836792
0.41835251450538635
0.40655916929244995
0.6019933223724365
0.41043785214424133
0.4973173141479492
0.6932069063186646
0.4629010856151581
0.4923618733882904
0.45430028438568115
0.5060664415359497
0.5384058952331543
0.4227457046508789
0.5371662378311157
0.36524873971939087
0.5930964946746826
0.46996569633483887
0.4928457736968994
0.5501635074615479
0.5173897743225098
0.37476038932800293
0.47587326169013977
0.539681077003479
0.37943723797798157
0.4469579756259918
0.44296109676361084
0.3998965919017792
0.4416165351867676
0.4130827784538269
0.45450642704963684
0.45982861518859863
0.463664174079895
0.4530845582485199
0.33550122380256653
0.792424738407135
0.47663742303848267
0.47632163763046265
0.5270472764968872
0.4958046078681946
0.4065970182418823
0.41206467151641846
0.697644829750061
0.6431467533111572
0.4545181095600128
0.4001602530479431
0.44974368810653687
0.532285749912262
0.5311037302017212
0.5105240941047668
0.41143935918807983
0.4293035566806793
0.4448970854282379
0.48549920320510864
0.42332616448402405
0.5700767636299133
0.4353029727935791
0.38602709770202637
0.42275547981262207
0.4423137307167053
0.3788876533508301
0.6701346039772034
0.46310168504714966
0.6275091171264648
0.453390896320343
0.4841131269931793
0.4463289678096771
0.499750018119812
0.4280242323875427
0.7368139028549194
0.4571847915649414
0.5349620580673218
0.47172656655311584
0.4758908748626709
0.5252901315689087
0.6057668924331665
0.6543010473251343
0.5697916746139526
0.5366083979606628
0.6394652128219604
0.45634377002716064
0.39472150802612305
0.5204818248748779
0.46478599309921265
0.6008610725402832
0.5472625494003296
0.43486541509628296
0.3920881748199463
0.5081598162651062
0.522813081741333
0.43592309951782227
0.3933456242084503
0.3858422338962555
0.5276622772216797
0.5061712861061096
0.43264681100845337
0.5478257536888123
0.4136172831058502
0.5245161056518555
0.5006871223449707
0.4060651659965515
0.5217645168304443
0.38947898149490356
0.5483821630477905
0.4936941862106323
0.4541453719139099
0.41404181718826294
0.415893018245697
0.5182399749755859
0.5261492729187012
0.5023909211158752
0.38843101263046265
0.4830402731895447
0.6069165468215942
0.3611047565937042
0.3957447409629822
0.4747821092605591
0.534191906452179
0.41711026430130005
0.43281102180480957
0.4774312973022461
0.48981860280036926
0.45747536420822144
0.7850652933120728
0.43053939938545227
0.41691720485687256
0.5177912712097168
0.43920570611953735
0.4707852602005005
0.4193992018699646
0.7858787775039673
0.4400450885295868
0.4358711838722229
0.48466986417770386
0.5734385251998901
0.4928562045097351
0.6332981586456299
0.4298385977745056
0.4429129362106323
0.4344037175178528
0.504284143447876
0.5082549452781677
0.41164499521255493
0.4956849217414856
0.42760974168777466
0.5017211437225342
0.43316736817359924
0.7266417741775513
0.4641841650009155
0.4376368522644043
0.5121784210205078
0.5465047359466553
0.43927544355392456
0.3638952374458313
0.4106792211532593
0.3850014805793762
0.5377476215362549
0.42896270751953125
0.5016881823539734
0.6172727346420288
0.4778408110141754
0.5084148645401001
0.40847229957580566
0.4429208040237427
0.4540010690689087
0.4324496388435364
0.411573588848114
0.4726995825767517
0.4266124367713928
0.41628631949424744
0.47455453872680664
0.4508345127105713
0.4309375286102295
0.47733938694000244
0.4361974596977234
0.6220624446868896
0.43806496262550354
0.5935364961624146
0.3941441774368286
0.49021023511886597
0.4990530014038086
0.4353991448879242
0.5621898174285889
0.6631705164909363
0.45766180753707886
0.36848822236061096
0.7769964337348938
0.416174054145813
0.4216215908527374
0.4166276156902313
0.46230804920196533
0.4995901584625244
0.4056623578071594
0.3828892111778259
0.5223090648651123
0.4695360064506531
0.42504578828811646
0.43787285685539246
0.39374619722366333
0.46576541662216187
0.49607229232788086
0.6529104709625244
0.3792305588722229
0.49440068006515503
0.4985973834991455
0.5026671886444092
0.4622272253036499
0.49433380365371704
0.4840089678764343
0.4629516005516052
0.5436913371086121
0.4333716630935669
0.4298001527786255
0.4620276093482971
0.4625175893306732
0.4581947922706604
0.5121972560882568
0.5578361749649048
0.36846283078193665
0.4386870265007019
0.3646731376647949
0.42461326718330383
0.5248970985412598
0.4852593243122101
0.4682910442352295
0.468406081199646
0.4021126627922058
0.39653146266937256
0.46453380584716797
0.47268620133399963
0.5123699903488159
0.3425711989402771
0.5080232620239258
0.3847058415412903
0.43308231234550476
0.461534708738327
0.5254454612731934
0.48173946142196655
0.47031494975090027
0.5094483494758606
0.42019620537757874
0.42726200819015503
0.5356360673904419
0.5354772806167603
0.391128808259964
0.5726263523101807
0.38970279693603516
0.49230432510375977
0.42973390221595764
0.4487530589103699
0.3556908965110779
0.45582202076911926
0.39817237854003906
0.4959754943847656
0.5984925031661987
0.4964338541030884
0.4232672154903412
0.4125387966632843
0.7863390445709229
0.5607938170433044
0.4926893413066864
0.4531717300415039
0.37049493193626404
0.40643084049224854
0.44551703333854675
0.44042664766311646
0.49350154399871826
0.5064697861671448
0.42042112350463867
0.51083904504776
0.4828733503818512
0.39170998334884644
0.3727325201034546
0.4211186468601227
0.43119102716445923
0.42964601516723633
0.42440086603164673
0.38901370763778687
0.48664459586143494
0.35960403084754944
0.4051523506641388
0.4907514750957489
0.5022611618041992
0.5812667012214661
0.41666179895401
0.4911125898361206
0.417041540145874
0.44099366664886475
0.5585079193115234
0.3648113012313843
0.4780201315879822
0.4156792461872101
0.36618760228157043
0.41833314299583435
0.46508339047431946
0.4654368460178375
0.43656325340270996
0.4228432774543762
0.41787105798721313
0.6738513708114624
0.5251295566558838
0.6989931464195251
0.5242273807525635
0.41676872968673706
0.3845650553703308
0.5304885506629944
0.44985124468803406
0.5622217655181885
0.4312674403190613
0.4582383632659912
0.4679233133792877
0.6509493589401245
0.4656243324279785
0.5489583611488342
0.4155847132205963
0.3853648006916046
0.3845406770706177
0.4490446448326111
0.4346930682659149
0.5710639953613281
0.4356156587600708
0.8655222654342651
0.534806489944458
0.5547998547554016
0.42733877897262573
0.42391347885131836
0.5181976556777954
0.407797634601593
0.4117703437805176
0.3687899708747864
0.400069922208786
0.6155679821968079
0.4243382215499878
0.3696354031562805
0.4261707365512848
0.45638275146484375
0.5266064405441284
0.5194613933563232
0.3460037112236023
0.3717828094959259
0.5273802876472473
0.4495885968208313
0.48367637395858765
0.4522087574005127
0.43952125310897827
0.45173174142837524
0.35583430528640747
0.41791754961013794
0.3679555654525757
0.4885767996311188
0.5036133527755737
0.3873845338821411
0.465568482875824
0.46892571449279785
0.4954128861427307
0.38865917921066284
0.3746623396873474
0.5689563751220703
0.46218353509902954
0.37247708439826965
0.39340880513191223
0.4276916980743408
0.4549192190170288
0.4211648404598236
0.4104672074317932
0.44176575541496277
0.4616369307041168
0.38081616163253784
0.5440927743911743
0.5002634525299072
0.4509703516960144
0.41695326566696167
0.5746486186981201
0.41352206468582153
0.38068345189094543
0.513631284236908
0.4337039589881897
0.4743877947330475
0.502403974533081
0.4736037850379944
0.3602345585823059
0.5010896921157837
0.3993784785270691
0.3773415982723236
0.40990063548088074
0.3891753554344177
0.3617918789386749
0.39375004172325134
0.3955259621143341
0.390887975692749
0.4343016743659973
0.48296600580215454
0.39642125368118286
0.3583572208881378
0.5213086605072021
0.40391334891319275
0.3741910457611084
0.459601491689682
0.37538668513298035
0.4980812072753906
0.4468264579772949
0.4622923731803894
0.5974529981613159
0.4225553870201111
0.41092056035995483
0.4019286334514618
0.4927822947502136
0.5150942206382751
0.6234540343284607
0.4929123818874359
0.49193254113197327
0.41452282667160034
0.4376813769340515
0.5822405219078064
0.4547345042228699
0.46425843238830566
0.4128398895263672
0.49056148529052734
0.35204067826271057
0.6031087040901184
0.4043493866920471
0.5281707048416138
0.35926899313926697
0.4991685450077057
0.48233094811439514
0.4529331922531128
0.43103522062301636
0.43838751316070557
0.44139108061790466
0.3979223370552063
0.4305683970451355
0.4905506372451782
0.38497045636177063
0.4123697876930237
0.36704614758491516
0.5252283215522766
0.5164169073104858
0.46752500534057617
0.64374840259552
0.4514099359512329
0.4470454454421997
0.4571293592453003
0.4498928487300873
0.34922391176223755
0.40364640951156616
0.4211464524269104
0.5155999660491943
0.4615207016468048
0.40538638830184937
0.4264622926712036
0.3793655037879944
0.469599187374115
0.511296808719635
0.4172719419002533
0.5430232286453247
0.36031219363212585
0.4495067298412323
0.33302658796310425
0.4646843373775482
0.41070228815078735
0.35123521089553833
0.37378427386283875
0.4696328639984131
0.4329603314399719
0.5133576989173889
0.479635626077652
0.36340051889419556
0.5608145594596863
0.5386728644371033
0.47702908515930176
0.40644580125808716
0.5887119770050049
0.3976701498031616
0.3792508840560913
0.4054949879646301
0.40387144684791565
0.40206852555274963
0.3681740164756775
0.4403887391090393
0.5139883160591125
0.5062965154647827
0.39065808057785034
0.48323798179626465
0.3427274227142334
0.42539066076278687
0.6025145053863525
0.43393296003341675
0.3890075981616974
0.4574632942676544
0.45469486713409424
0.36192983388900757
0.6641643643379211
0.40639710426330566
0.3683844804763794
0.5345947742462158
0.4007081091403961
0.4729453921318054
0.3626818358898163
0.39556077122688293
0.37432393431663513
0.45832499861717224
0.4382464289665222
0.5226973295211792
0.44127801060676575
0.42892372608184814
0.5005199909210205
0.4359228014945984
0.4449382424354553
0.38866230845451355
0.35746344923973083
0.5235136151313782
0.5466347932815552
0.5288175344467163
0.5817161798477173
0.5173864364624023
0.38338136672973633
0.4051060676574707
0.4251440167427063
0.5220175385475159
0.39945706725120544
0.4374486207962036
0.4924132227897644
0.44244739413261414
0.5450294017791748
0.400015264749527
0.4447537660598755
0.5354369878768921
0.4915817975997925
0.39143362641334534
0.4005686640739441
0.4270905554294586
0.3742726445198059
0.39471709728240967
0.38901275396347046
0.415421724319458
0.36375996470451355
0.5171418190002441
0.403632789850235
0.4200456738471985
0.4209601879119873
0.39977046847343445
0.5383163690567017
0.4692290425300598
0.40246498584747314
0.38595128059387207
0.4580231308937073
0.36626264452934265
0.43909209966659546
0.5609533786773682
0.3785819709300995
0.5114437937736511
0.4064672589302063
0.4326452612876892
0.45301055908203125
0.441018283367157
0.4333794116973877
0.4861522316932678
0.37100258469581604
0.5141395926475525
0.4362180829048157
0.540582537651062
0.42533040046691895
0.42289453744888306
0.41311973333358765
0.5740162134170532
0.47516104578971863
0.36116230487823486
0.43662407994270325
0.3907698094844818
0.47085803747177124
0.3482028543949127
0.5314236879348755
0.3986209034919739
0.3478894531726837
0.4405628442764282
0.44219398498535156
0.4806743264198303
0.38523250818252563
0.3884730339050293
0.6163761615753174
0.3835112154483795
0.419277161359787
0.47727298736572266
0.3844756484031677
0.39059364795684814
0.4222085475921631
0.5363081097602844
0.4084646999835968
0.4359375238418579
0.4503956437110901
0.5242129564285278
0.6948775053024292
0.5573010444641113
0.5009323358535767
0.38613399863243103
0.491843581199646
0.4262096583843231
0.39758437871932983
0.4684637188911438
0.5659555196762085
0.4015967845916748
0.4678652882575989
0.40815460681915283
0.44141072034835815
0.3656400442123413
0.3905702233314514
0.39512836933135986
0.6190322041511536
0.34076225757598877
0.49297234416007996
0.5228565335273743
0.5331649780273438
0.39722397923469543
0.3986404538154602
0.37114447355270386
0.42020243406295776
0.4017382264137268
0.4081835448741913
0.4463418126106262
0.5783592462539673
0.40993010997772217
0.38455790281295776
0.3602088987827301
0.38488325476646423
0.41654327511787415
0.5651304721832275
0.4314660429954529
0.4251118302345276
0.45821863412857056
0.3935946226119995
0.44796329736709595
0.4333317279815674
0.5152295827865601
0.4348411560058594
0.3898296058177948
0.3428667485713959
0.5501853227615356
0.5251570343971252
0.497289776802063
0.3295094966888428
0.4223293662071228
0.5642571449279785
0.37612977623939514
0.43909353017807007
0.5942169427871704
0.4563184976577759
0.47083771228790283
0.4393576979637146
0.5306917428970337
0.4973970055580139
0.3765219748020172
0.39389464259147644
0.4466440677642822
0.4444056749343872
0.4276106357574463
0.4436854124069214
0.4245828688144684
0.3883180022239685
0.3856357932090759
0.3616068363189697
0.4459071159362793
0.5102189779281616
0.4307332932949066
0.526630699634552
0.336025208234787
0.4960417151451111
0.43797537684440613
0.3844773471355438
0.43107256293296814
0.48113828897476196
0.43235135078430176
0.5552629828453064
0.40653860569000244
0.442918598651886
0.4029082953929901
0.44974952936172485
0.5373859405517578
0.49622854590415955
0.5229557752609253
0.47876232862472534
0.44323766231536865
0.4013909697532654
0.4260577857494354
0.4287727475166321
0.5153617262840271
0.5506595373153687
0.4173351526260376
0.5210963487625122
0.5483283400535583
0.4877438545227051
0.3680623471736908
0.4821236729621887
0.5512217283248901
0.39531952142715454
0.49351945519447327
0.47338157892227173
0.4741779565811157
0.4596295952796936
0.5245774984359741
0.39895713329315186
0.40864861011505127
0.3747636675834656
0.44439250230789185
0.39025306701660156
0.4236707389354706
0.41529643535614014
0.504679799079895
0.3597434461116791
0.4402751624584198
0.3818911910057068
0.49626660346984863
0.5085391998291016
0.40813469886779785
0.47434908151626587
0.48000848293304443
0.45467832684516907
0.4511023461818695
0.34726402163505554
0.5236058831214905
0.43918368220329285
0.44153350591659546
0.5179621577262878
0.5517590045928955
0.36810752749443054
0.43832024931907654
0.4469471573829651
0.3623710870742798
0.42897647619247437
0.5433803796768188
0.4408506155014038
0.40318620204925537
0.39108872413635254
0.4314897656440735
0.4497982859611511
0.4256189465522766
0.7040773034095764
0.44556036591529846
0.4255145192146301
0.41469478607177734
0.43437546491622925
0.4247809648513794
0.36033010482788086
0.5486674904823303
0.5032874345779419
0.45187535881996155
0.4765828847885132
0.4146571755409241
0.4971087574958801
0.43702906370162964
0.39219582080841064
0.4730018973350525
0.40264585614204407
0.5228487849235535
0.4563455581665039
0.4176405668258667
0.38091325759887695
0.43463921546936035
0.3784051835536957
0.34436047077178955
0.5711424946784973
0.451607346534729
0.4225916266441345
0.3339928686618805
0.3512379229068756
0.3980720639228821
0.39661484956741333
0.4681018888950348
0.3597671091556549
0.4353305697441101
0.4177229404449463
0.3896409571170807
0.43518561124801636
0.36943602561950684
0.46504074335098267
0.4100678563117981
0.4282796084880829
0.4225510358810425
0.42555421590805054
0.386965811252594
0.37278205156326294
0.4437450170516968
0.3629688322544098
0.5670032501220703
0.41364723443984985
0.4050140380859375
0.589154839515686
0.7220366597175598
0.4305874705314636
0.3576749265193939
0.3176214396953583
0.40595653653144836
0.4050107002258301
0.4101681113243103
0.37870046496391296
0.4096859395503998
0.3747202754020691
0.43383216857910156
0.5374456644058228
0.4184984564781189
0.46195775270462036
0.3725583851337433
0.3678891658782959
0.4985562860965729
0.3900110721588135
0.4300752580165863
0.4124072790145874
0.5176259279251099
0.41959190368652344
0.5044451951980591
0.363167941570282
0.38801127672195435
0.4027070701122284
0.4015340209007263
0.4250504970550537
0.4736008048057556
0.4090366065502167
0.4071401357650757
0.39302879571914673
0.5167365074157715
0.5991134643554688
0.3768100142478943
0.39790478348731995
0.37770718336105347
0.39090362191200256
0.49026912450790405
0.45082879066467285
0.48395103216171265
0.37945032119750977
0.3749702572822571
0.6642600893974304
0.4689631462097168
0.3657812178134918
0.5118223428726196
0.341629296541214
0.3884826600551605
0.35910874605178833
0.3700891137123108
0.39081668853759766
0.4094754159450531
0.44255495071411133
0.41527172923088074
0.45939069986343384
0.4624859690666199
0.41320809721946716
0.5258529186248779
0.4468904137611389
0.5011669993400574
0.398220956325531
0.3592988848686218
0.4029447138309479
0.4007280468940735
0.4203304946422577
0.38358259201049805
0.4871431589126587
0.3710295259952545
0.5231964588165283
0.38134241104125977
0.39815574884414673
0.5328279733657837
0.5219388008117676
0.4529716372489929
0.3770850896835327
0.441241979598999
0.45449239015579224
0.4264459013938904
0.48862671852111816
0.5684038400650024
0.3744821846485138
0.49101948738098145
0.3998118042945862
0.4211575388908386
0.3837241530418396
0.5279422998428345
0.5356048345565796
0.5513484477996826
0.45788007974624634
0.446835994720459
0.41115301847457886
0.5092154741287231
0.5344161987304688
0.3667868375778198
0.3635159134864807
0.44962117075920105
0.3435865044593811
0.3895377516746521
0.4472910463809967
0.42912977933883667
0.37208637595176697
0.3698132634162903
0.3784346878528595
0.3704393804073334
0.46720457077026367
0.515644907951355
0.4955374598503113
0.3630274832248688
0.40147286653518677
0.5047349333763123
0.4149351716041565
0.4575558006763458
0.40980154275894165
0.4828007221221924
0.3991197645664215
0.6080154776573181
0.4341771900653839
0.4378686547279358
0.4452846050262451
0.35485342144966125
0.4517425298690796
0.41747355461120605
0.41130805015563965
0.34494855999946594
0.5995744466781616
0.5205494165420532
0.5134844779968262
0.5461426377296448
0.4718826413154602
0.43389832973480225
0.3864753544330597
0.47291746735572815
0.43658262491226196
0.4350074231624603
0.36947596073150635
0.4462653398513794
0.4651155173778534
0.4343694746494293
0.4511018395423889
0.4999087452888489
0.479902446269989
0.4207831621170044
0.4817522168159485
0.40230441093444824
0.43884119391441345
0.5511124134063721
0.37089022994041443
0.4276658296585083
0.37683922052383423
0.6710794568061829
0.4517597556114197
0.49435991048812866
0.40572214126586914
0.41213932633399963
0.5105090737342834
0.46358761191368103
0.4451906979084015
0.4007025957107544
0.4950096011161804
0.474442720413208
0.4948035180568695
0.578465461730957
0.4238179624080658
0.5275386571884155
0.6310423612594604
0.44876083731651306
0.39454567432403564
0.3590112328529358
0.3966450095176697
0.4131605327129364
0.47975778579711914
0.4910154938697815
0.47194164991378784
0.3757792115211487
0.4671582579612732
0.41496896743774414
0.3992503881454468
0.4759647250175476
0.39885321259498596
0.3724569082260132
0.387801855802536
0.4990718364715576
0.4151912033557892
0.42264437675476074
0.4549940228462219
0.3896532654762268
0.3858860433101654
0.4511187970638275
0.41926491260528564
0.48256754875183105
0.4506547152996063
0.4087941646575928
0.3481278121471405
0.4550938606262207
0.39687907695770264
0.5333455801010132
0.44787102937698364
0.46389853954315186
0.5222383737564087
0.3901403844356537
0.4924200773239136
0.4014602601528168
0.4211250841617584
0.3989465534687042
0.38791364431381226
0.487554669380188
0.37262192368507385
0.5082783699035645
0.38478195667266846
0.35142800211906433
0.4935232996940613
0.39697206020355225
0.4015316963195801
0.4131177067756653
0.4218113124370575
0.5320693850517273
0.4697116017341614
0.40301719307899475
0.36386194825172424
0.3971930742263794
0.38714343309402466
0.36108458042144775
0.3747584819793701
0.402363657951355
0.38113418221473694
0.4084951877593994
0.38539326190948486
0.3714028596878052
0.43135252594947815
0.4349098801612854
0.34224581718444824
0.47313380241394043
0.3587593734264374
0.40576785802841187
0.48205670714378357
0.42377445101737976
0.4017011523246765
0.38670769333839417
0.41675880551338196
0.3763108253479004
0.3780154585838318
0.3649940490722656
0.47263991832733154
0.5196363925933838
0.38525766134262085
0.4376876950263977
0.5327047109603882
0.43267253041267395
0.44746673107147217
0.34655243158340454
0.5101649165153503
0.3935324251651764
0.4234524369239807
0.4110413193702698
0.36382946372032166
0.44780629873275757
0.4607057571411133
0.3724067509174347
0.41422492265701294
0.5022397041320801
0.421725869178772
0.42973002791404724
0.4609471559524536
0.4983592629432678
0.41766732931137085
0.37334051728248596
0.4715419411659241
0.5344441533088684
0.46374979615211487
0.4110693335533142
0.3502400517463684
0.44897589087486267
0.3900972306728363
0.5189153552055359
0.45616498589515686
0.46512937545776367
0.3760886490345001
0.4159315228462219
0.5552834272384644
0.41699326038360596
0.3834975063800812
0.5134931802749634
0.4247412085533142
0.367175430059433
0.4447874426841736
0.5146976709365845
0.3836222290992737
0.5017350316047668
0.3366190493106842
0.5089001059532166
0.3508046269416809
0.4365716278553009
0.5656238198280334
0.3968244791030884
0.3854128122329712
0.384366512298584
0.35935452580451965
0.4131814241409302
0.39643245935440063
0.4757840633392334
0.412605881690979
0.3945109248161316
0.37781304121017456
0.4860631823539734
0.39782002568244934
0.4008445739746094
0.4257752299308777
0.4382164776325226
0.38836348056793213
0.456257700920105
0.3382009267807007
0.3942219316959381
0.4007316529750824
0.6650454998016357
0.41642147302627563
0.43808841705322266
0.5003408789634705
0.4444975256919861
0.42051535844802856
0.5221543908119202
0.5298162698745728
0.38205188512802124
0.4844346046447754
0.39589548110961914
0.4589490294456482
0.5114718675613403
0.5494926571846008
0.4237581491470337
0.37778380513191223
0.43866491317749023
0.4682404398918152
0.37911102175712585
0.38688865303993225
0.4381721615791321
0.43703949451446533
0.5160727500915527
0.41905927658081055
0.4178524613380432
0.5311592817306519
0.4387410879135132
0.3970278203487396
0.5483129024505615
0.3637269139289856
0.4621593654155731
0.4346446990966797
0.36737674474716187
0.4414167106151581
0.48490166664123535
0.37696269154548645
0.39561694860458374
0.40551286935806274
0.5125190019607544
0.39885959029197693
0.42918846011161804
0.3722688555717468
0.4401053786277771
0.39485424757003784
0.37593701481819153
0.42434969544410706
0.46275901794433594
0.35842880606651306
0.5492256879806519
0.39436230063438416
0.4596818685531616
0.46085089445114136
0.3987513780593872
0.35202646255493164
0.4501042366027832
0.4079605042934418
0.380428671836853
0.3719976544380188
0.3927188515663147
0.4562145471572876
0.5104504823684692
0.4468720555305481
0.44847381114959717
0.5049413442611694
0.5974574089050293
0.6137120127677917
0.3874465525150299
0.38655656576156616
0.4496586322784424
0.4613199234008789
0.4089677035808563
0.4386686682701111
0.48523229360580444
0.4044650197029114
0.45222166180610657
0.4415138363838196
0.4468004107475281
0.39402854442596436
0.5352314710617065
0.3868620991706848
0.4749374985694885
0.35738906264305115
0.3876183032989502
0.5440879464149475
0.38799193501472473
0.5930931568145752
0.46024519205093384
0.3719618320465088
0.46020615100860596
0.4265322983264923
0.5373545289039612
0.4816001057624817
0.43193578720092773
0.4459530711174011
0.47751110792160034
0.44013017416000366
0.5346987247467041
0.4120369553565979
0.3748421370983124
0.5073785185813904
0.42638930678367615
0.4518744945526123
0.36990582942962646
0.3817168176174164
0.4080721437931061
0.5080187916755676
0.38809075951576233
0.44754278659820557
0.5074158310890198
0.41539713740348816
0.40022337436676025
0.4375273883342743
0.35771480202674866
0.4026668071746826
0.35934650897979736
0.41864699125289917
0.4773402214050293
0.6458778381347656
0.3976362347602844
0.4096667170524597
0.397569864988327
0.3695727586746216
0.3914864659309387
0.47253334522247314
0.5274208188056946
0.48264703154563904
0.45543473958969116
0.44222503900527954
0.39232969284057617
0.4341486096382141
0.394123375415802
0.3904413878917694
0.4616178870201111
0.4059102237224579
0.4124816656112671
0.4357023239135742
0.4536464512348175
0.4734846353530884
0.44669386744499207
0.47240176796913147
0.4831778407096863
0.5177172422409058
0.35469645261764526
0.38220030069351196
0.3947988748550415
0.359212726354599
0.3566877245903015
0.407964289188385
0.4952395558357239
0.46483367681503296
0.3619317412376404
0.4519784152507782
0.5741193890571594
0.3691907525062561
0.4967571794986725
0.49603796005249023
0.39747315645217896
0.4903184473514557
0.5297995209693909
0.4023900032043457
0.39958733320236206
0.36962199211120605
0.386033833026886
0.375374972820282
0.42938709259033203
0.4799145460128784
0.4795243442058563
0.32569390535354614
0.3608905076980591
0.43935924768447876
0.3631542921066284
0.5773389339447021
0.5023056268692017
0.33968809247016907
0.3687499463558197
0.41446441411972046
0.3278025984764099
0.3548148274421692
0.7125017642974854
0.4035060703754425
0.3885880410671234
0.40741461515426636
0.41927582025527954
0.4458160698413849
0.3647557497024536
0.42630916833877563
0.4684484004974365
0.4553578495979309
0.47104883193969727
0.3442271947860718
0.4610760807991028
0.4002063572406769
0.4348549544811249
0.45763200521469116
0.4181290566921234
0.4981895089149475
0.49223393201828003
0.38771599531173706
0.3989834189414978
0.5153417587280273
0.3638148307800293
0.4907102584838867
0.41036030650138855
0.4667336344718933
0.4509734511375427
0.4766538739204407
0.3966326117515564
0.3822231888771057
0.3591187298297882
0.48429882526397705
0.5444504022598267
0.5027812719345093
0.3781135082244873
0.4194732904434204
0.4064609408378601
0.4729230999946594
0.43464815616607666
0.37240031361579895
0.5115323662757874
0.3863362967967987
0.42616426944732666
0.3791159391403198
0.4230625629425049
0.45443785190582275
0.37222492694854736
0.3807990550994873
0.46616560220718384
0.398326575756073
0.52712082862854
0.377164363861084
0.5555340051651001
0.3652283251285553
0.5070334076881409
0.3594408631324768
0.39884164929389954
0.42060208320617676
0.4365704655647278
0.5247660279273987
0.6916496753692627
0.4090949296951294
0.3554980456829071
0.4319320321083069
0.42681685090065
0.49143844842910767
0.53097003698349
0.4193696081638336
0.4747272729873657
0.4238637685775757
0.45918983221054077
0.4389181137084961
0.4168833792209625
0.38725849986076355
0.4876229763031006
0.38746315240859985
0.3679882287979126
0.5428128242492676
0.48585420846939087
0.38221585750579834
0.42097222805023193
0.4763346314430237
0.3768410086631775
0.38095512986183167
0.4915942847728729
0.3810650706291199
0.4654430150985718
0.484599769115448
0.5361602306365967
0.36996257305145264
0.34676340222358704
0.40559327602386475
0.3890500068664551
0.40289944410324097
0.49379032850265503
0.4083334803581238
0.537798285484314
0.43761932849884033
0.36444100737571716
0.55264812707901
0.35289859771728516
0.44742900133132935
0.49353617429733276
0.4545045495033264
0.3529242277145386
0.5505331158638
0.3979676067829132
0.5264264345169067
0.39339548349380493
0.3699200749397278
0.3690505623817444
0.47756659984588623
0.40260475873947144
0.4069601893424988
0.3873389661312103
0.38562238216400146
0.4166949987411499
0.38877761363983154
0.45641687512397766
0.3980299234390259
0.4704380929470062
0.4310988187789917
0.5155680179595947
0.3665313124656677
0.3604336380958557
0.366207480430603
0.43120330572128296
0.4437466561794281
0.348499059677124
0.3437245190143585
0.3981410264968872
0.42226117849349976
0.3929870128631592
0.35704296827316284
0.49298709630966187
0.3903414309024811
0.3454054594039917
0.41620174050331116
0.42693305015563965
0.3995257616043091
0.3529582619667053
0.34512269496917725
0.47228169441223145
0.4769679605960846
0.4412948787212372
0.5023385286331177
0.41762158274650574
0.44118285179138184
0.4306272864341736
0.374849796295166
0.48585447669029236
0.43744581937789917
0.3924802541732788
0.40773144364356995
0.40570640563964844
0.37951934337615967
0.3704204261302948
0.3855630159378052
0.37929293513298035
0.41256415843963623
0.4956016540527344
0.4480229616165161
0.3691908121109009
0.4318717122077942
0.3857855200767517
0.3883008360862732
0.4343547224998474
0.402343213558197
0.4943687319755554
0.3327026069164276
0.5176686644554138
0.4662102460861206
0.5335808992385864
0.5943559408187866
0.4970166087150574
0.42149874567985535
0.5282350182533264
0.4002237915992737
0.4245448708534241
0.36851802468299866
0.523370623588562
0.3456140160560608
0.39844971895217896
0.45739489793777466
0.511310338973999
0.41377195715904236
0.42828553915023804
0.3919479548931122
0.4075596332550049
0.5812405943870544
0.46860671043395996
0.47165969014167786
0.33037883043289185
0.35476306080818176
0.3964059352874756
0.37567293643951416
0.47126269340515137
0.43255770206451416
0.402654767036438
0.4514283537864685
0.4972195029258728
0.39277318120002747
0.4515154957771301
0.3814016282558441
0.3586387038230896
0.37791886925697327
0.4133789837360382
0.5671284198760986
0.3835797607898712
0.5466376543045044
0.38647007942199707
0.5085694193840027
0.3518106937408447
0.4309552013874054
0.44915592670440674
0.49403905868530273
0.38264381885528564
0.3819122314453125
0.3395336866378784
0.3914729952812195
0.42532843351364136
0.40575259923934937
0.4100370407104492
0.3101782500743866
0.3670523166656494
0.35640186071395874
0.3776734471321106
0.49187302589416504
0.38075700402259827
0.40712952613830566
0.465270459651947
0.4149702787399292
0.39111438393592834
0.4044284522533417
0.42538589239120483
0.37639546394348145
0.4311244487762451
0.3899848759174347
0.4294634759426117
0.38643723726272583
0.5362231731414795
0.34924522042274475
0.43169763684272766
0.5950971841812134
0.35190683603286743
0.41067707538604736
0.3853796124458313
0.459038645029068
0.35329729318618774
0.3409159183502197
0.36214959621429443
0.38945162296295166
0.4300077557563782
0.5069255828857422
0.43690192699432373
0.5106601715087891
0.44636988639831543
0.4958169460296631
0.3832206726074219
0.43134644627571106
0.492345929145813
0.38567543029785156
0.4284239411354065
0.3649159371852875
0.38645920157432556
0.370354026556015
0.48930656909942627
0.44249603152275085
0.3824823498725891
0.4302098751068115
0.45594871044158936
0.3867121636867523
0.4000731110572815
0.46278756856918335
0.38535118103027344
0.5507194995880127
0.4819430112838745
0.3863236904144287
0.36637818813323975
0.4486657381057739
0.38349342346191406
0.4458368420600891
0.5274842977523804
0.36866694688796997
0.3400046229362488
0.4886585474014282
0.4048819839954376
0.3662450611591339
0.3657943606376648
0.601438045501709
0.3553852140903473
0.4724178910255432
0.35700854659080505
0.40018588304519653
0.44381219148635864
0.4307912588119507
0.4466347396373749
0.5334539413452148
0.34673428535461426
0.3577834963798523
0.44102638959884644
0.34102553129196167
0.5203669667243958
0.4011523723602295
0.3534935712814331
0.43022483587265015
0.42891067266464233
0.555594801902771
0.42742758989334106
0.3838143050670624
0.4385553300380707
0.3960459232330322
0.43089160323143005
0.39348673820495605
0.4211200475692749
0.489642858505249
0.4864474833011627
0.4077604413032532
0.5518077611923218
0.4527651071548462
0.4686436653137207
0.5183571577072144
0.4103555381298065
0.39783501625061035
0.4147278964519501
0.3754081726074219
0.43979233503341675
0.39944303035736084
0.5888425707817078
0.40286150574684143
0.36641907691955566
0.3940950632095337
0.3640173077583313
0.44034242630004883
0.4968796372413635
0.38635969161987305
0.34635454416275024
0.40030229091644287
0.6434497833251953
0.44579723477363586
0.36310797929763794
0.44232314825057983
0.42575010657310486
0.6298971772193909
0.4158768653869629
0.4194227159023285
0.41962945461273193
0.4908127188682556
0.4291338324546814
0.3573288917541504
0.39851945638656616
0.42306044697761536
0.35445326566696167
0.4051945209503174
0.3650731146335602
0.5518835186958313
0.38763922452926636
0.47005000710487366
0.34470900893211365
0.4319968819618225
0.42486563324928284
0.40909242630004883
0.3897755742073059
0.3330329656600952
0.44421637058258057
0.5078406929969788
0.4756424129009247
0.42447537183761597
0.40725529193878174
0.40837305784225464
0.4008283019065857
0.4575384855270386
0.42966246604919434
0.4407315254211426
0.37535542249679565
0.4061298966407776
0.5097849369049072
0.371683269739151
0.41449156403541565
0.36938047409057617
0.3859761953353882
0.35035935044288635
0.35469669103622437
0.4207921028137207
0.42202961444854736
0.4812251329421997
0.3749520480632782
0.6780668497085571
0.4163331985473633
0.48033666610717773
0.4162467122077942
0.3525165319442749
0.516438901424408
0.5520399808883667
0.3621828258037567
0.5671623945236206
0.6122510433197021
0.40122848749160767
0.4906374216079712
0.39815592765808105
0.415454626083374
0.4597398042678833
0.4330217242240906
0.34899961948394775
0.5849355459213257
0.39073219895362854
0.43093544244766235
0.3956722319126129
0.4239140450954437
0.40389060974121094
0.40826213359832764
0.4799315929412842
0.37749722599983215
0.3936392664909363
0.3391581177711487
0.3938354253768921
0.3608595132827759
0.4981291890144348
0.5072394013404846
0.3770700991153717
0.5687522888183594
0.42474445700645447
0.3771172761917114
0.41190558671951294
0.5206430554389954
0.5841516852378845
0.358524352312088
0.42307382822036743
0.3369227349758148
0.3867344856262207
0.4222877621650696
0.380150705575943
0.40193578600883484
0.4103098511695862
0.41117292642593384
0.4363275170326233
0.4440053403377533
0.459059476852417
0.5355745553970337
0.42224007844924927
0.322232186794281
0.37357449531555176
0.4595150947570801
0.5263262987136841
0.43568605184555054
0.4108673930168152
0.34299471974372864
0.4195331037044525
0.3844339847564697
0.40355128049850464
0.4791848063468933
0.5013821721076965
0.3970634639263153
0.4646300673484802
0.4305005669593811
0.6690379977226257
0.3973323702812195
0.39707672595977783
0.388677179813385
0.3867940604686737
0.453341543674469
0.4900546669960022
0.40125349164009094
0.3824346661567688
0.40633028745651245
0.44650575518608093
0.4365341365337372
0.452506422996521
0.36690521240234375
0.45504170656204224
0.520673930644989
0.46961361169815063
0.4272328317165375
0.4534974694252014
0.5463932752609253
0.40521949529647827
0.3657864034175873
0.43674445152282715
0.4840019941329956
0.40132564306259155
0.4235066771507263
0.3748055100440979
0.39956873655319214
0.3874936103820801
0.40386974811553955
0.5481268167495728
0.5583691000938416
0.39004117250442505
0.38281840085983276
0.4743291139602661
0.49272286891937256
0.39708635210990906
0.4446339011192322
0.48649293184280396
0.42822396755218506
0.4532986283302307
0.3520200252532959
0.45885926485061646
0.44978225231170654
0.3417495787143707
0.5298762917518616
0.3867858052253723
0.37844517827033997
0.41929176449775696
0.359744131565094
0.44665592908859253
0.4782150685787201
0.3493780791759491
0.5113682746887207
0.3986347019672394
0.3475114703178406
0.5385395288467407
0.40547797083854675
0.3947261869907379
0.49725621938705444
0.6141104102134705
0.4753074645996094
0.4323946237564087
0.473685622215271
0.35145536065101624
0.5218604803085327
0.3537156283855438
0.40796953439712524
0.3621002435684204
0.4859761893749237
0.45603781938552856
0.32298824191093445
0.4344992935657501
0.41051673889160156
0.427435964345932
0.40035131573677063
0.3791669011116028
0.38341397047042847
0.49940359592437744
0.4155837893486023
0.4746502637863159
0.4728344678878784
0.39504796266555786
0.4032071828842163
0.43013209104537964
0.3619789183139801
0.47831887006759644
0.4758220911026001
0.43857884407043457
0.5362170934677124
0.40121182799339294
0.4766896963119507
0.5133459568023682
0.36473000049591064
0.5010601878166199
0.438227117061615
0.4121137857437134
0.48638680577278137
0.45017778873443604
0.40173590183258057
0.4445423483848572
0.3831069767475128
0.4540415406227112
0.4650331437587738
0.3387739360332489
0.5440969467163086
0.4054248332977295
0.5594193935394287
0.4429873824119568
0.5285519361495972
0.3678119480609894
0.4450032114982605
0.5771204829216003
0.3315570652484894
0.38825780153274536
0.35806819796562195
0.4820321202278137
0.3855929970741272
0.42349469661712646
0.3818044066429138
0.3639534115791321
0.4483199715614319
0.4719275236129761
0.352098286151886
0.3621005117893219
0.40551823377609253
0.43164733052253723
0.47299909591674805
0.38969069719314575
0.4488235116004944
0.3998692035675049
0.42606061697006226
0.3725590109825134
0.37904077768325806
0.4099058210849762
0.42769837379455566
0.48919594287872314
0.377327024936676
0.36196771264076233
0.37692591547966003
0.5446999669075012
0.5358155369758606
0.39676031470298767
0.3925532102584839
0.3951280117034912
0.4205365777015686
0.4370872974395752
0.4517592787742615
0.3658297061920166
0.3638934791088104
0.6755608916282654
0.3831815719604492
0.44040417671203613
0.3657588064670563
0.4275292754173279
0.4312262535095215
0.43731629848480225
0.45333439111709595
0.3753727078437805
0.4958152174949646
0.4127189517021179
0.4174082279205322
0.3973601460456848
0.4003598690032959
0.440795361995697
0.4122985899448395
0.35195595026016235
0.46502530574798584
0.39397671818733215
0.409284770488739
0.377521276473999
0.42179596424102783
0.4767383933067322
0.4194013774394989
0.4351152181625366
0.3684869706630707
0.45919477939605713
0.38684719800949097
0.3587023913860321
0.416015625
0.4530433714389801
0.34681999683380127
0.3886679708957672
0.43450820446014404
0.3947438597679138
0.344074010848999
0.4194512367248535
0.3853829503059387
0.478697806596756
0.39941269159317017
0.35449784994125366
0.36998388171195984
0.4237944483757019
0.5524675846099854
0.36011093854904175
0.49346357583999634
0.406393826007843
0.5186360478401184
0.4030943512916565
0.5071241855621338
0.4410414695739746
0.3730122745037079
0.4701302647590637
0.43767574429512024
0.3775295913219452
0.3997708261013031
0.3517709970474243
0.38169699907302856
0.570597767829895
0.44525739550590515
0.4099644422531128
0.3956559896469116
0.419023334980011
0.40298280119895935
0.3493271470069885
0.4523290991783142
0.5543090105056763
0.3642999529838562
0.45139455795288086
0.4192925691604614
0.4230879843235016
0.3703234791755676
0.4034671187400818
0.5529221296310425
0.5743010640144348
0.39474067091941833
0.39558544754981995
0.4586983621120453
0.3697202801704407
0.409371554851532
0.42510849237442017
0.4713568389415741
0.4434909522533417
0.38755854964256287
0.41989606618881226
0.34298041462898254
0.41083329916000366
0.4037352204322815
0.43966197967529297
0.4013074040412903
0.3797213137149811
0.35923388600349426
0.379567950963974
0.36072537302970886
0.32319116592407227
0.360181599855423
0.40257179737091064
0.37883853912353516
0.39934930205345154
0.537096381187439
0.35337018966674805
0.6418898105621338
0.4170880913734436
0.4176735579967499
0.3779038190841675
0.4654237627983093
0.42250555753707886
0.3669816553592682
0.44042181968688965
0.43037161231040955
0.5478782653808594
0.46358317136764526
0.4824482500553131
0.5017166137695312
0.3920874297618866
0.45999252796173096
0.43403905630111694
0.4386603832244873
0.34925583004951477
0.3918862044811249
0.4343482255935669
0.4102754592895508
0.3691820204257965
0.4333299398422241
0.4167451858520508
0.4021341800689697
0.3920772075653076
0.337524950504303
0.3925512433052063
0.3173324465751648
0.39568230509757996
0.37412819266319275
0.40922701358795166
0.36370739340782166
0.45569726824760437
0.429767370223999
0.4150589406490326
0.34751394391059875
0.41437554359436035
0.3775324821472168
0.42379289865493774
0.3672529458999634
0.33146771788597107
0.39190027117729187
0.356365829706192
0.3468760848045349
0.42225536704063416
0.42400550842285156
0.39855197072029114
0.4357708990573883
0.3803703188896179
0.3514462411403656
0.4833456873893738
0.4242953062057495
0.42423897981643677
0.3586447238922119
0.3519001007080078
0.3511093854904175
0.46710512042045593
0.5214778780937195
0.40360987186431885
0.3922967314720154
0.5072883367538452
0.3329407572746277
0.373262494802475
0.39939063787460327
0.3359779715538025
0.4761089086532593
0.4062911868095398
0.4037903845310211
0.4010825753211975
0.37595853209495544
0.46698686480522156
0.41383790969848633
0.4223180413246155
0.4012892246246338
0.35935962200164795
0.3652132451534271
0.38172993063926697
0.35329294204711914
0.4363081455230713
0.3935014605522156
0.36627742648124695
0.4194730520248413
0.3679009675979614
0.42500752210617065
0.49042820930480957
0.43688899278640747
0.40055298805236816
0.36020427942276
0.5041546821594238
0.39369186758995056
0.3506973087787628
0.3834472894668579
0.5021828413009644
0.37970638275146484
0.41342368721961975
0.3793826699256897
0.4165858030319214
0.33659231662750244
0.38929420709609985
0.36237141489982605
0.4566205143928528
0.4688722491264343
0.36844807863235474
0.4085795283317566
0.4695466458797455
0.3444634675979614
0.3947603702545166
0.46233025193214417
0.36216121912002563
0.36026498675346375
0.6693284511566162
0.434513658285141
0.4308169484138489
0.39422768354415894
0.44449007511138916
0.4172436594963074
0.40177208185195923
0.41756346821784973
0.32166963815689087
0.4468332529067993
0.41002264618873596
0.36547043919563293
0.4437035322189331
0.43302762508392334
0.40728968381881714
0.35714802145957947
0.3425368070602417
0.4613966643810272
0.41874533891677856
0.5394733548164368
0.43650615215301514
0.3669566214084625
0.4053846299648285
0.4487040936946869
0.7127858400344849
0.409978985786438
0.3893091678619385
0.358632892370224
0.4170134663581848
0.4042004346847534
0.44017887115478516
0.37796658277511597
0.4643072485923767
0.47548341751098633
0.5186033248901367
0.4172707796096802
0.37440377473831177
0.5519771575927734
0.6007169485092163
0.5875982642173767
0.45729756355285645
0.5500761866569519
0.35462814569473267
0.38302528858184814
0.37417712807655334
0.3278381824493408
0.47302451729774475
0.5104840397834778
0.45844587683677673
0.5305517911911011
0.43433424830436707
0.5103012323379517
0.331317663192749
0.33747991919517517
0.43965181708335876
0.3823113441467285
0.41976529359817505
0.565682053565979
0.39034584164619446
0.43550509214401245
0.4106246829032898
0.3756806254386902
0.3825071156024933
0.42007192969322205
0.3452903926372528
0.43325069546699524
0.38932228088378906
0.3437768816947937
0.48180750012397766
0.35715916752815247
0.4589463174343109
0.3357473611831665
0.3982001543045044
0.4020424783229828
0.45449990034103394
0.4474124312400818
0.3279207646846771
0.5427290201187134
0.34856781363487244
0.37122705578804016
0.3691043257713318
0.3750218152999878
0.6360359191894531
0.44318100810050964
0.37631499767303467
0.3535418212413788
0.40828073024749756
0.39741355180740356
0.5464080572128296
0.482744425535202
0.36939099431037903
0.6181004047393799
0.4531763195991516
0.40879470109939575
0.5204997658729553
0.3991807997226715
0.44700610637664795
0.46692168712615967
0.41486772894859314
0.3926379978656769
0.4152969717979431
0.4538506865501404
0.37790584564208984
0.38567841053009033
0.3848109841346741
0.4040280282497406
0.4014652371406555
0.4006098806858063
0.3828565776348114
0.4035833179950714
0.31269997358322144
0.40647944808006287
0.32148176431655884
0.40295737981796265
0.46272626519203186
0.3617347478866577
0.4067336320877075
0.3628932535648346
0.3683447241783142
0.39243799448013306
0.44570890069007874
0.40533673763275146
0.3817974925041199
0.35780638456344604
0.4480873942375183
0.39429935812950134
0.39111775159835815
0.3660808503627777
0.366227924823761
0.40820080041885376
0.47031456232070923
0.41766226291656494
0.39887309074401855
0.4091525673866272
0.4178578555583954
0.4764549732208252
0.4158713221549988
0.37918075919151306
0.40761804580688477
0.45630311965942383
0.4692133367061615
0.4071846604347229
0.38828423619270325
0.44571274518966675
0.384685754776001
0.3335697650909424
0.38568973541259766
0.408699631690979
0.512360692024231
0.4723716080188751
0.436747670173645
0.3844258487224579
0.3420400619506836
0.3569851219654083
0.36534860730171204
0.4010816514492035
0.40372517704963684
0.4188218116760254
0.36365747451782227
0.35140928626060486
0.40590596199035645
0.36922329664230347
0.4584376811981201
0.5232974290847778
0.3480378985404968
0.39019647240638733
0.5591058731079102
0.353584349155426
0.38967078924179077
0.36546653509140015
0.408860981464386
0.3866199553012848
0.39639174938201904
0.4134784936904907
0.3588852286338806
0.4241693615913391
0.41722166538238525
0.42477092146873474
0.4299609661102295
0.4454084038734436
0.4112243056297302
0.4216890335083008
0.4086655080318451
0.345337450504303
0.4840630292892456
0.39177894592285156
0.36320430040359497
0.3867637813091278
0.39586955308914185
0.3640561103820801
0.4219249486923218
0.3327034115791321
0.44992300868034363
0.3224404454231262
0.3536596894264221
0.3379378616809845
0.4021497368812561
0.407741904258728
0.376987487077713
0.4040261507034302
0.3597254753112793
0.4198746681213379
0.37308353185653687
0.47579559683799744
0.3447890281677246
0.6538689732551575
0.3790421485900879
0.5115064978599548
0.34428870677948
0.3516334295272827
0.34890860319137573
0.44998395442962646
0.525684118270874
0.32662928104400635
0.5456675887107849
0.3966892659664154
0.42543578147888184
0.43711742758750916
0.3264380395412445
0.35986563563346863
0.4293481707572937
0.37793248891830444
0.3740520477294922
0.3862806558609009
0.376324325799942
0.32558292150497437
0.39178550243377686
0.47262316942214966
0.3719335198402405
0.492186576128006
0.3402292728424072
0.40387848019599915
0.3477265238761902
0.36787426471710205
0.3813740909099579
0.3760461211204529
0.43661564588546753
0.39409157633781433
0.4118514657020569
0.4198078215122223
0.36255887150764465
0.4616110026836395
0.3560316562652588
0.37593957781791687
0.4213080406188965
0.4205509424209595
0.408363401889801
0.4469348192214966
0.5412535071372986
0.4017564654350281
0.41205501556396484
0.34282881021499634
0.40937340259552
0.5401699542999268
0.3761480450630188
0.40567585825920105
0.3613007068634033
0.444121778011322
0.4342045187950134
0.3497469127178192
0.38924020528793335
0.42275163531303406
0.46363720297813416
0.40949440002441406
0.44726264476776123
0.4601480960845947
0.4411952495574951
0.5449378490447998
0.4035457372665405
0.3957972824573517
0.38803261518478394
0.46299487352371216
0.5864852666854858
0.368297815322876
0.48752373456954956
0.41607266664505005
0.540391206741333
0.4087538719177246
0.5161033868789673
0.40551719069480896
0.42682480812072754
0.42398765683174133
0.3455366790294647
0.38601040840148926
0.3581196963787079
0.3853578269481659
0.3511529862880707
0.4093893766403198
0.3800908029079437
0.6102767586708069
0.42524290084838867
0.3916659951210022
0.3596160411834717
0.543299674987793
0.3670676350593567
0.3924033045768738
0.36615097522735596
0.3679094910621643
0.35623884201049805
0.4651218056678772
0.38017386198043823
0.5215277075767517
0.3922765254974365
0.40215614438056946
0.391589492559433
0.4742138981819153
0.3678264021873474
0.4132651686668396
0.36468639969825745
0.38856011629104614
0.44501829147338867
0.3856964409351349
0.42034363746643066
0.37318775057792664
0.3874852657318115
0.4616118371486664
0.3763541281223297
0.42603081464767456
0.3990493416786194
0.3913869559764862
0.33238983154296875
0.33947306871414185
0.5101290345191956
0.35846126079559326
0.3769751787185669
0.419971227645874
0.3884984850883484
0.5591627359390259
0.4770934581756592
0.4594533443450928
0.3847110867500305
0.31910818815231323
0.3466847538948059
0.3799739480018616
0.36803850531578064
0.5108826756477356
0.42768439650535583
0.4825930595397949
0.38642439246177673
0.4031497538089752
0.354988157749176
0.459256649017334
0.38174670934677124
0.5136056542396545
0.3830806612968445
0.4092235565185547
0.3227992057800293
0.36420488357543945
0.41971033811569214
0.44786059856414795
0.402130126953125
0.4318374991416931
0.377490758895874
0.6419127583503723
0.3573065400123596
0.3606370985507965
0.3941027522087097
0.34390249848365784
0.3654862344264984
0.40357276797294617
0.38088980317115784
0.39668264985084534
0.3603518009185791
0.41342902183532715
0.3757716417312622
0.3476320207118988
0.3306342661380768
0.44444119930267334
0.4532449543476105
0.366741806268692
0.3651427626609802
0.39623749256134033
0.35697293281555176
0.35918766260147095
0.46452707052230835
0.4019485116004944
0.41791024804115295
0.3510454297065735
0.340138703584671
0.3692901134490967
0.4196884036064148
0.36580991744995117
0.45667922496795654
0.44999441504478455
0.3771175742149353
0.3834504783153534
0.4034327566623688
0.3770371675491333
0.41019266843795776
0.36443671584129333
0.3918769359588623
0.5724589824676514
0.3756697475910187
0.34702086448669434
0.47671419382095337
0.41907769441604614
0.41891974210739136
0.4702818691730499
0.5480585694313049
0.38561779260635376
0.4069717526435852
0.4937821924686432
0.3834763765335083
0.35500338673591614
0.36175915598869324
0.37323153018951416
0.38041648268699646
0.396689236164093
0.379938542842865
0.513237714767456
0.3981555700302124
0.4372301697731018
0.4276927709579468
0.3799596428871155
0.32597702741622925
0.37650635838508606
0.4766436219215393
0.34769880771636963
0.5306012630462646
0.40919747948646545
0.4948410391807556
0.4573262929916382
0.34824252128601074
0.3297801911830902
0.47193703055381775
0.40275418758392334
0.40269026160240173
0.3975237011909485
0.3680498003959656
0.41871342062950134
0.34121042490005493
0.36906009912490845
0.48130130767822266
0.5039917826652527
0.35042405128479004
0.43218114972114563
0.38296741247177124
0.4970049262046814
0.3691948652267456
0.5621477365493774
0.40364140272140503
0.4824468493461609
0.3722304105758667
0.4174880385398865
0.418506920337677
0.3836556077003479
0.36951878666877747
0.38619858026504517
0.3907780647277832
0.37590646743774414
0.36201557517051697
0.33595967292785645
0.4744226932525635
0.39395448565483093
0.34852591156959534
0.32676392793655396
0.35838210582733154
0.3552517294883728
0.3689802587032318
0.3939252495765686
0.344022661447525
0.33035406470298767
0.3955368995666504
0.35432663559913635
0.3387596607208252
0.3962457776069641
0.4152897596359253
0.428733766078949
0.3881680965423584
0.3994576930999756
0.35711565613746643
0.33532825112342834
0.3903583288192749
0.44196319580078125
0.43443137407302856
0.438653826713562
0.38160163164138794
0.5333390235900879
0.34744274616241455
0.34617099165916443
0.3702506721019745
0.41859170794487
0.5554162263870239
0.38440415263175964
0.5398440957069397
0.4467116594314575
0.4797412157058716
0.3694402873516083
0.39396071434020996
0.4496144652366638
0.3461192548274994
0.47865843772888184
0.4014829397201538
0.3332282602787018
0.5014188289642334
0.4638019800186157
0.40597212314605713
0.34128445386886597
0.4335618019104004
0.3903702199459076
0.41602784395217896
0.5536031723022461
0.48641395568847656
0.35984835028648376
0.37121281027793884
0.411871075630188
0.38531753420829773
0.37009692192077637
0.3445153832435608
0.48143988847732544
0.477189838886261
0.4921305179595947
0.4549787640571594
0.44080281257629395
0.36149150133132935
0.5349087119102478
0.4296693503856659
0.3825269341468811
0.48647814989089966
0.41294795274734497
0.45470523834228516
0.4903101325035095
0.35457292199134827
0.3645056486129761
0.3841836154460907
0.3553455173969269
0.3712378144264221
0.35686638951301575
0.39980536699295044
0.3686094582080841
0.4791220426559448
0.45380187034606934
0.36469531059265137
0.4259963929653168
0.43639740347862244
0.3623594641685486
0.40460193157196045
0.401092529296875
0.4036903977394104
0.4037291407585144
0.38913342356681824
0.38763123750686646
0.48919135332107544
0.38609257340431213
0.4453195333480835
0.45222699642181396
0.39518100023269653
0.40148264169692993
0.46678560972213745
0.3916229009628296
0.4201808571815491
0.41221296787261963
0.37420549988746643
0.40902289748191833
0.4201437830924988
0.44310271739959717
0.45318979024887085
0.41853466629981995
0.3936663269996643
0.5263779759407043
0.3720020651817322
0.40021198987960815
0.3557994067668915
0.40932130813598633
0.35999596118927
0.39194512367248535
0.35639429092407227
0.4127829074859619
0.39267122745513916
0.3863719403743744
0.4308719038963318
0.3688774108886719
0.3833162784576416
0.47266507148742676
0.3602447509765625
0.3885461986064911
0.37689661979675293
0.503425121307373
0.47234541177749634
0.5437716245651245
0.4053623080253601
0.3743267357349396
0.3685648441314697
0.5078975558280945
0.3719354271888733
0.3585585653781891
0.32523274421691895
0.35971319675445557
0.33675673604011536
0.3405381441116333
0.42605480551719666
0.47684797644615173
0.3831205666065216
0.3907068073749542
0.3926190733909607
0.3991239666938782
0.36274540424346924
0.4816778898239136
0.3389301300048828
0.3751170039176941
0.365106463432312
0.42951399087905884
0.3373831808567047
0.35556089878082275
0.35581648349761963
0.44624876976013184
0.35555022954940796
0.4131508767604828
0.32505378127098083
0.4255155920982361
0.3518974781036377
0.3476611077785492
0.3167310357093811
0.43655651807785034
0.3220174014568329
0.39929091930389404
0.3647001385688782
0.3802333474159241
0.3566141426563263
0.532656729221344
0.41784825921058655
0.3695988953113556
0.3768812119960785
0.39440855383872986
0.43973588943481445
0.3698422908782959
0.40330371260643005
0.42394956946372986
0.3509754538536072
0.6595773100852966
0.4419621229171753
0.4446698725223541
0.41175976395606995
0.3869469165802002
0.3775584101676941
0.4376674294471741
0.3243682384490967
0.3749483823776245
0.41099411249160767
0.47473573684692383
0.5909631252288818
0.3288745880126953
0.4681287109851837
0.5167333483695984
0.4167267680168152
0.46216970682144165
0.5019354820251465
0.39536967873573303
0.475189745426178
0.4885892868041992
0.3804813623428345
0.43025028705596924
0.4203251898288727
0.3558448255062103
0.4068256616592407
0.49683016538619995
0.39423680305480957
0.4104904532432556
0.4830552935600281
0.34613990783691406
0.3824780583381653
0.3443722128868103
0.3369974195957184
0.3737872838973999
0.46055126190185547
0.44091200828552246
0.3443042039871216
0.4363202154636383
0.36182901263237
0.45216867327690125
0.3344370722770691
0.39954590797424316
0.42512047290802
0.36447691917419434
0.3644089102745056
0.5261830687522888
0.3577960133552551
0.3434208631515503
0.41512367129325867
0.37630999088287354
0.38317638635635376
0.40119311213493347
0.44128769636154175
0.3559514582157135
0.37055692076683044
0.4357811510562897
0.4009774327278137
0.37598904967308044
0.544556736946106
0.3891201615333557
0.37393197417259216
0.3720100522041321
0.39980465173721313
0.4698981046676636
0.3493632674217224
0.4073507785797119
0.3435605764389038
0.402543306350708
0.370047003030777
0.3601667881011963
0.34136977791786194
0.35344135761260986
0.4253702163696289
0.3368958830833435
0.4068157374858856
0.4598033130168915
0.3855079412460327
0.39937523007392883
0.43647122383117676
0.42616981267929077
0.39046865701675415
0.3306494355201721
0.3455742597579956
0.3595036566257477
0.4251430034637451
0.36666062474250793
0.4690965414047241
0.42950940132141113
0.4218859076499939
0.3368147015571594
0.4184596538543701
0.3931546211242676
0.4541543126106262
0.5332525372505188
0.46491020917892456
0.40120935440063477
0.413034588098526
0.37050125002861023
0.40424713492393494
0.35921117663383484
0.39736267924308777
0.3393045961856842
0.4048703610897064
0.3930882215499878
0.46540212631225586
0.41622328758239746
0.3862154185771942
0.4921857714653015
0.4784202575683594
0.34765690565109253
0.4421326220035553
0.4550471901893616
0.43515533208847046
0.48684361577033997
0.33930838108062744
0.5316603779792786
0.38256993889808655
0.3869048058986664
0.3709111511707306
0.3351309597492218
0.3472592830657959
0.38376855850219727
0.37856554985046387
0.3526002764701843
0.3738425374031067
0.4074634909629822
0.36532992124557495
0.4451487362384796
0.39978450536727905
0.46211522817611694
0.3475157916545868
0.5047339200973511
0.43348371982574463
0.4356083571910858
0.3595835268497467
0.33963948488235474
0.46758291125297546
0.362717866897583
0.4564574658870697
0.44010818004608154
0.35491693019866943
0.3605853319168091
0.3705442547798157
0.5394748449325562
0.46500474214553833
0.414844274520874
0.42203277349472046
0.49122536182403564
0.4368631839752197
0.3917189836502075
0.3679036796092987
0.43084099888801575
0.461819589138031
0.39780938625335693
0.32584935426712036
0.37424126267433167
0.4787498712539673
0.3728265166282654
0.3501760959625244
0.39033883810043335
0.48272138833999634
0.44910311698913574
0.396902859210968
0.3371141850948334
0.40044286847114563
0.3673244118690491
0.4461038112640381
0.3939799666404724
0.35112959146499634
0.386822909116745
0.5183619260787964
0.3835693597793579
0.3907431364059448
0.358197420835495
0.38142383098602295
0.38111329078674316
0.3625001013278961
0.41792672872543335
0.46096038818359375
0.39603984355926514
0.36630043387413025
0.3709595203399658
0.3561607599258423
0.4106355905532837
0.37210437655448914
0.43718212842941284
0.43062686920166016
0.3882666230201721
0.4290390610694885
0.3557432293891907
0.3778456747531891
0.3236682415008545
0.3220840096473694
0.5114214420318604
0.34325915575027466
0.4445011019706726
0.4796120524406433
0.4957767724990845
0.33350640535354614
0.3538644015789032
0.34486764669418335
0.37766826152801514
0.39283430576324463
0.3376915752887726
0.39499062299728394
0.3679428696632385
0.37147244811058044
0.36052942276000977
0.4300222396850586
0.3494339883327484
0.39754581451416016
0.39275747537612915
0.4886777698993683
0.3782961070537567
0.5414826273918152
0.48766785860061646
0.3668733835220337
0.4623205363750458
0.38439464569091797
0.340899795293808
0.3683765232563019
0.481597363948822
0.3359779417514801
0.39638715982437134
0.38151824474334717
0.40653207898139954
0.3202245533466339
0.3247518241405487
0.48637351393699646
0.4562321901321411
0.3746373653411865
0.41244375705718994
0.3798770010471344
0.33805227279663086
0.45148542523384094
0.38571780920028687
0.3885798156261444
0.382048100233078
0.37848442792892456
0.4013304114341736
0.35808005928993225
0.4351784288883209
0.41158124804496765
0.49489349126815796
0.3989604115486145
0.3982318043708801
0.4604557454586029
0.4102787971496582
0.3444384038448334
0.41424131393432617
0.4338347315788269
0.37710362672805786
0.3505704998970032
0.3502441644668579
0.33660852909088135
0.37673795223236084
0.375438392162323
0.3979460299015045
0.36673814058303833
0.3535391688346863
0.41288232803344727
0.3500446081161499
0.3215537369251251
0.3895122706890106
0.5114831924438477
0.40795499086380005
0.36690229177474976
0.4702278971672058
0.41414642333984375
0.49521520733833313
0.459369957447052
0.448983371257782
0.3454620838165283
0.3680812120437622
0.375128835439682
0.34532397985458374
0.36084672808647156
0.4106036424636841
0.3739333152770996
0.3750773072242737
0.4268328547477722
0.3654301166534424
0.39122575521469116
0.3831546902656555
0.4037724733352661
0.3942508399486542
0.3132091760635376
0.35498714447021484
0.4535779654979706
0.3252802789211273
0.34407705068588257
0.4306197166442871
0.41853833198547363
0.3847798705101013
0.3840547502040863
0.33364054560661316
0.4197741150856018
0.4657331705093384
0.5474593639373779
0.37996935844421387
0.3710304796695709
0.3905867040157318
0.3569651246070862
0.4844040870666504
0.34023940563201904
0.38288772106170654
0.3566286861896515
0.5400416254997253
0.3013124167919159
0.4049447476863861
0.6061427593231201
0.35441774129867554
0.3428592383861542
0.4287739396095276
0.3808351159095764
0.38038748502731323
0.35489991307258606
0.4174760580062866
0.4120665192604065
0.3887370824813843
0.39520376920700073
0.436836838722229
0.390982449054718
0.36288607120513916
0.3441435694694519
0.4477407932281494
0.4401150047779083
0.40454721450805664
0.4108905792236328
0.41086432337760925
0.41224241256713867
0.40406161546707153
0.4106817841529846
0.34697145223617554
0.32479891180992126
0.38184550404548645
0.38577210903167725
0.48352983593940735
0.3766484260559082
0.45566195249557495
0.35432833433151245
0.46887990832328796
0.3635300397872925
0.34200620651245117
0.3642750084400177
0.5265384316444397
0.3331718444824219
0.43124788999557495
0.44043681025505066
0.42089879512786865
0.4253299832344055
0.4241275489330292
0.4261106252670288
0.34470251202583313
0.5990695953369141
0.4543830454349518
0.3611883521080017
0.5056500434875488
0.4563024640083313
0.4696348309516907
0.3637974262237549
0.39261940121650696
0.3530166745185852
0.4015585482120514
0.3906667232513428
0.45580756664276123
0.32432320713996887
0.37627461552619934
0.39469462633132935
0.3228098452091217
0.40617379546165466
0.37535569071769714
0.3720960021018982
0.48183315992355347
0.3514570891857147
0.4842761754989624
0.3721153140068054
0.38366007804870605
0.3351897597312927
0.30931174755096436
0.4783243238925934
0.34294283390045166
0.3543616533279419
0.4635486602783203
0.4353145360946655
0.44066035747528076
0.3702423572540283
0.3682466149330139
0.37425145506858826
0.36328640580177307
0.4925275444984436
0.37893542647361755
0.39818093180656433
0.36809784173965454
0.420179158449173
0.3271287679672241
0.3212517499923706
0.33109909296035767
0.47846317291259766
0.44242680072784424
0.4350705146789551
0.3827715218067169
0.3158886432647705
0.3709661364555359
0.43861985206604004
0.44437822699546814
0.31617310643196106
0.3608134984970093
0.3438379764556885
0.4371785521507263
0.40440481901168823
0.4071996212005615
0.3687935471534729
0.4288271963596344
0.36825641989707947
0.3710169494152069
0.47684815526008606
0.3920186161994934
0.3342834413051605
0.3621658682823181
0.36128097772598267
0.43195176124572754
0.47680968046188354
0.34154170751571655
0.5892724394798279
0.43812355399131775
0.3480529189109802
0.4392567276954651
0.5186412334442139
0.39065441489219666
0.43322455883026123
0.4199795722961426
0.4186275899410248
0.3431876599788666
0.39688554406166077
0.36036381125450134
0.4900449514389038
0.4976626932621002
0.3492926359176636
0.3835894465446472
0.37611034512519836
0.44827747344970703
0.3455435633659363
0.3905164301395416
0.35267388820648193
0.3431982696056366
0.36570054292678833
0.4378478527069092
0.38232994079589844
0.4411929249763489
0.49795544147491455
0.3522668480873108
0.39062565565109253
0.4403054118156433
0.4412184953689575
0.3758389949798584
0.4023953080177307
0.4353470206260681
0.3677641749382019
0.35012364387512207
0.3824836313724518
0.3496702015399933
0.37643322348594666
0.36905601620674133
0.34597355127334595
0.37789246439933777
0.38604265451431274
0.3690040409564972
0.48269444704055786
0.3864074945449829
0.33742576837539673
0.4070637822151184
0.40606510639190674
0.3303118348121643
0.45217472314834595
0.4837251901626587
0.40197575092315674
0.37985503673553467
0.40866023302078247
0.34382379055023193
0.4107254147529602
0.36927831172943115
0.3541405200958252
0.3824189603328705
0.36126911640167236
0.3429728150367737
0.3477836847305298
0.3599647283554077
0.42492008209228516
0.3326244354248047
0.34466084837913513
0.36340802907943726
0.3637208044528961
0.3727360665798187
0.5030544400215149
0.32535040378570557
0.37349647283554077
0.3750668168067932
0.37346208095550537
0.41088026762008667
0.3917410373687744
0.3653019666671753
0.3847425580024719
0.37595367431640625
0.42006248235702515
0.39446303248405457
0.3584887385368347
0.3535078465938568
0.3852490186691284
0.4065466523170471
0.4404464364051819
0.3233568072319031
0.39347800612449646
0.37133821845054626
0.37067773938179016
0.38959431648254395
0.3370916545391083
0.4220544099807739
0.4468064308166504
0.3718392848968506
0.41671621799468994
0.38903188705444336
0.3533269464969635
0.5246115922927856
0.4231971204280853
0.35490310192108154
0.41826924681663513
0.37743544578552246
0.40438854694366455
0.38868051767349243
0.3633524477481842
0.4376910328865051
0.45736953616142273
0.349721759557724
0.4175221920013428
0.3200644254684448
0.39594459533691406
0.40798190236091614
0.4354020953178406
0.32081303000450134
0.36179620027542114
0.3513830900192261
0.3706788718700409
0.49198445677757263
0.46900275349617004
0.4492029845714569
0.4211251437664032
0.5032534003257751
0.37217140197753906
0.4145545959472656
0.40379661321640015
0.3990209102630615
0.33056584000587463
0.39827436208724976
0.3486885130405426
0.4975994825363159
0.36714795231819153
0.5065900087356567
0.36631014943122864
0.3544529378414154
0.3617878258228302
0.3721443712711334
0.456285297870636
0.3713154196739197
0.38366568088531494
0.37407219409942627
0.6320214867591858
0.37677472829818726
0.36189332604408264
0.3712897300720215
0.33882611989974976
0.39434510469436646
0.40153664350509644
0.39524030685424805
0.5021623969078064
0.36117425560951233
0.4028823971748352
0.3945537209510803
0.41064226627349854
0.4803173542022705
0.3984130620956421
0.4291940927505493
0.40199828147888184
0.3720129132270813
0.40131717920303345
0.3694230616092682
0.3585658073425293
0.34405821561813354
0.4633350372314453
0.3439561128616333
0.37600240111351013
0.3246319890022278
0.3246593475341797
0.38064292073249817
0.44878047704696655
0.3519558906555176
0.3742707371711731
0.389288991689682
0.3727456331253052
0.37044164538383484
0.3407444357872009
0.3651532530784607
0.3929077088832855
0.3487855792045593
0.37376970052719116
0.473646879196167
0.37687423825263977
0.3769799470901489
0.3773733377456665
0.39479056000709534
0.44382035732269287
0.4154922366142273
0.35139790177345276
0.33835265040397644
0.3556554913520813
0.4098111391067505
0.3879481554031372
0.3713057041168213
0.43196266889572144
0.32348954677581787
0.4191470146179199
0.5806831121444702
0.38655155897140503
0.3649914860725403
0.40399426221847534
0.36770695447921753
0.4342552125453949
0.3267273008823395
0.4113537073135376
0.3891180455684662
0.4150894284248352
0.34687480330467224
0.34455105662345886
0.4228430390357971
0.40790072083473206
0.45442086458206177
0.4279472827911377
0.4790138006210327
0.406474769115448
0.435661256313324
0.4037347435951233
0.41048693656921387
0.38340628147125244
0.40299397706985474
0.32627126574516296
0.31195756793022156
0.3614377975463867
0.5070458650588989
0.474003404378891
0.35082823038101196
0.4788059592247009
0.3570092022418976
0.38318687677383423
0.42332229018211365
0.4449324607849121
0.3778507113456726
0.3749780058860779
0.3740169405937195
0.33875638246536255
0.37118613719940186
0.46045994758605957
0.42272430658340454
0.35277310013771057
0.43023523688316345
0.42538219690322876
0.4087650179862976
0.32939520478248596
0.3923349380493164
0.3978078365325928
0.4978054463863373
0.32677099108695984
0.493131160736084
0.3439890146255493
0.3477245569229126
0.4567187428474426
0.3866550624370575
0.34818729758262634
0.35056185722351074
0.3389974534511566
0.3427380621433258
0.3342733383178711
0.3714417815208435
0.3639090359210968
0.34533780813217163
0.38610684871673584
0.37470000982284546
0.44965890049934387
0.35446614027023315
0.4064149260520935
0.3817908763885498
0.3939860463142395
0.34175634384155273
0.3781895041465759
0.3842141032218933
0.41250938177108765
0.5538327097892761
0.3849203586578369
0.342761754989624
0.36584222316741943
0.39056122303009033
0.43949151039123535
0.4302152395248413
0.38496655225753784
0.31996414065361023
0.3823994994163513
0.37842297554016113
0.32988452911376953
0.34235066175460815
0.4703942537307739
0.3784615099430084
0.4051034450531006
0.401114284992218
0.37382811307907104
0.33501651883125305
0.35340631008148193
0.33245405554771423
0.3506087064743042
0.3384177088737488
0.38920003175735474
0.3860922157764435
0.4633980989456177
0.4421463906764984
0.35647711157798767
0.425354540348053
0.41097766160964966
0.3456706702709198
0.4006221890449524
0.360241562128067
0.3230954706668854
0.3281489610671997
0.555461585521698
0.4890286326408386
0.3808155357837677
0.4809751510620117
0.32249364256858826
0.3723888099193573
0.3727419972419739
0.3959330916404724
0.3920297622680664
0.35825368762016296
0.4786723554134369
0.407010942697525
0.44423437118530273
0.4153916835784912
0.4109693169593811
0.3720194697380066
0.37437868118286133
0.4167764186859131
0.42841848731040955
0.3494003117084503
0.345187246799469
0.4910012483596802
0.3315945863723755
0.40788429975509644
0.44754356145858765
0.36767637729644775
0.3925316333770752
0.41815733909606934
0.4267863631248474
0.3675443232059479
0.4475894272327423
0.4115130305290222
0.388986200094223
0.3565898537635803
0.45227184891700745
0.43649590015411377
0.46019381284713745
0.36896830797195435
0.3907797932624817
0.5567119121551514
0.3301602303981781
0.3878210484981537
0.4029441475868225
0.3341575860977173
0.3375183343887329
0.3656576871871948
0.3974943459033966
0.46234944462776184
0.3831583261489868
0.3875676989555359
0.3471483290195465
0.3070865869522095
0.3781612515449524
0.38643667101860046
0.35775890946388245
0.38357341289520264
0.4013337194919586
0.36645644903182983
0.34876173734664917
0.35365790128707886
0.3325653076171875
0.39819949865341187
0.33606278896331787
0.47517937421798706
0.40923601388931274
0.3568309247493744
0.4095662236213684
0.45764124393463135
0.3782394528388977
0.49568039178848267
0.3059518039226532
0.36169707775115967
0.3440295457839966
0.42186933755874634
0.4159126877784729
0.36884114146232605
0.3632204830646515
0.3667308986186981
0.3371383547782898
0.3910256624221802
0.3643563985824585
0.4515487551689148
0.3757076859474182
0.33807265758514404
0.4876146912574768
0.4228423237800598
0.3603938817977905
0.4279959201812744
0.3902127742767334
0.3460047245025635
0.39294713735580444
0.3893445134162903
0.3979789912700653
0.39731690287590027
0.44556576013565063
0.4412432909011841
0.37735363841056824
0.3305782377719879
0.3462405204772949
0.3790174424648285
0.3858219385147095
0.4521976709365845
0.4980717897415161
0.3464079201221466
0.3987852931022644
0.3473341166973114
0.3814389705657959
0.3808479905128479
0.421725869178772
0.4245625138282776
0.3733938932418823
0.39302411675453186
0.3575039803981781
0.4103847146034241
0.4624127745628357
0.3616228699684143
0.37692904472351074
0.3439360558986664
0.3533843457698822
0.34530311822891235
0.4204900860786438
0.3512824773788452
0.3324146270751953
0.36656665802001953
0.4229046106338501
0.34151214361190796
0.48971498012542725
0.3827079236507416
0.3203940987586975
0.42285799980163574
0.3476075530052185
0.4075397551059723
0.4353049397468567
0.4065476953983307
0.34596723318099976
0.33477479219436646
0.44567275047302246
0.3982735276222229
0.34401047229766846
0.34898146986961365
0.4995623230934143
0.3536396324634552
0.3743601143360138
0.4107772409915924
0.3983319401741028
0.34720852971076965
0.5181947350502014
0.33846259117126465
0.3687661290168762
0.49771153926849365
0.3799765408039093
0.3646925687789917
0.3318345248699188
0.3412482738494873
0.36217471957206726
0.3657899796962738
0.365317702293396
0.4029383659362793
0.4112327992916107
0.39825063943862915
0.5153493285179138
0.42825233936309814
0.41341060400009155
0.40046852827072144
0.3786633014678955
0.46952342987060547
0.4276825487613678
0.4123590588569641
0.40739473700523376
0.431435227394104
0.4432050585746765
0.34564685821533203
0.4209209084510803
0.35911688208580017
0.5072561502456665
0.37105002999305725
0.3823910653591156
0.3712776303291321
0.37027788162231445
0.326938271522522
0.3611208200454712
0.35680219531059265
0.41942089796066284
0.3565194606781006
0.34817636013031006
0.3614993989467621
0.37457019090652466
0.500368595123291
0.40686649084091187
0.3581545948982239
0.5058913826942444
0.4510915279388428
0.32952821254730225
0.39216500520706177
0.3365383446216583
0.3774412274360657
0.3819419741630554
0.43623149394989014
0.38883405923843384
0.3848955035209656
0.5037186145782471
0.3617681860923767
0.7256203889846802
0.3735250234603882
0.41983675956726074
0.5289430022239685
0.3584491014480591
0.3685154616832733
0.44291552901268005
0.4928257465362549
0.35650435090065
0.3707420229911804
0.37842434644699097
0.468713641166687
0.4123815894126892
0.34822672605514526
0.4499320387840271
0.3153895139694214
0.4355563819408417
0.34839242696762085
0.39487242698669434
0.4343630075454712
0.32985809445381165
0.36983633041381836
0.34237048029899597
0.38737836480140686
0.5170425176620483
0.3507055342197418
0.3445771336555481
0.4230591654777527
0.4481510818004608
0.36045485734939575
0.3441082835197449
0.49722832441329956
0.40576016902923584
0.31783559918403625
0.4705628752708435
0.38951414823532104
0.5122073888778687
0.44014447927474976
0.33430638909339905
0.33712252974510193
0.3785579800605774
0.3736327290534973
0.400672972202301
0.40384796261787415
0.3719654083251953
0.4855819642543793
0.3695085644721985
0.36834093928337097
0.4760485589504242
0.3991999924182892
0.39097368717193604
0.43755990266799927
0.37288159132003784
0.4079810380935669
0.35660484433174133
0.3445912301540375
0.3741418123245239
0.36457711458206177
0.3627059757709503
0.36940625309944153
0.4287133812904358
0.3492693305015564
0.3517993986606598
0.3870905041694641
0.4400463104248047
0.37328553199768066
0.40446242690086365
0.387973427772522
0.3192703425884247
0.3526867628097534
0.34046486020088196
0.3639245927333832
0.4337664842605591
0.3211001753807068
0.38870278000831604
0.3481343686580658
0.4213143587112427
0.3996008336544037
0.41562366485595703
0.3888561427593231
0.36960387229919434
0.5607013702392578
0.369645893573761
0.3947310447692871
0.37559974193573
0.31093746423721313
0.40140044689178467
0.3514082133769989
0.48592498898506165
0.3818718492984772
0.39607030153274536
0.40921515226364136
0.5372797250747681
0.3487248122692108
0.4126368761062622
0.4038180112838745
0.41529130935668945
0.35249435901641846
0.37507542967796326
0.3757471442222595
0.3867068290710449
0.33098387718200684
0.3711320757865906
0.4036678373813629
0.3962082862854004
0.36859023571014404
0.38714319467544556
0.3331187963485718
0.3917175829410553
0.3611394464969635
0.5267695188522339
0.3349802494049072
0.42541277408599854
0.3316076397895813
0.41944533586502075
0.3886256217956543
0.467231810092926
0.41640594601631165
0.3699950873851776
0.4040907621383667
0.38045650720596313
0.4027794897556305
0.4811224937438965
0.3425958454608917
0.40066972374916077
0.44344839453697205
0.38772493600845337
0.41670477390289307
0.3731428384780884
0.405139297246933
0.38603293895721436
0.3905845284461975
0.4147788882255554
0.3585450053215027
0.33897513151168823
0.3470607399940491
0.4424329996109009
0.45419883728027344
0.3614494800567627
0.38746875524520874
0.4297481179237366
0.3128450810909271
0.47502434253692627
0.3116309344768524
0.4710931181907654
0.3315674662590027
0.397163450717926
0.3615097403526306
0.33534860610961914
0.3988901376724243
0.30227094888687134
0.3728466331958771
0.3495425581932068
0.37453949451446533
0.39744770526885986
0.4243651330471039
0.38804155588150024
0.3561415672302246
0.46044033765792847
0.3828779458999634
0.38635018467903137
0.3856183588504791
0.568128228187561
0.3447819948196411
0.3649477958679199
0.47780734300613403
0.43611258268356323
0.35002970695495605
0.43630683422088623
0.3974893391132355
0.38222867250442505
0.3832233250141144
0.4241129159927368
0.35165733098983765
0.44938504695892334
0.3499157130718231
0.3305746912956238
0.3256200850009918
0.33662036061286926
0.3868272602558136
0.3817386329174042
0.35866081714630127
0.5650261640548706
0.41919592022895813
0.3953823447227478
0.39442574977874756
0.3818776607513428
0.40625423192977905
0.3940749764442444
0.3541126847267151
0.4620313048362732
0.39554786682128906
0.41071629524230957
0.33998075127601624
0.3907289206981659
0.3710330128669739
0.41170698404312134
0.3461754322052002
0.38201284408569336
0.39559799432754517
0.3784215450286865
0.392817884683609
0.3712858259677887
0.40203893184661865
0.3212224543094635
0.39854079484939575
0.42071041464805603
0.3558443784713745
0.359500527381897
0.5701776742935181
0.415397584438324
0.3650017976760864
0.3598693013191223
0.3826008141040802
0.41339290142059326
0.5287707448005676
0.33387210965156555
0.3562723696231842
0.4152185618877411
0.502385675907135
0.3870326280593872
0.40429893136024475
0.3767176866531372
0.5834494829177856
0.37400585412979126
0.44031140208244324
0.3655029535293579
0.3790576159954071
0.3524268865585327
0.3250963091850281
0.33761149644851685
0.4224132299423218
0.3762248456478119
0.3354162871837616
0.42827308177948
0.3511820435523987
0.3992869555950165
0.40027374029159546
0.3931608200073242
0.4274899363517761
0.382199227809906
0.39550697803497314
0.4091089963912964
0.38726139068603516
0.37374207377433777
0.38580721616744995
0.44290047883987427
0.3948855400085449
0.3379772901535034
0.5601944923400879
0.3256293535232544
0.3345097005367279
0.37320294976234436
0.36255505681037903
0.3467254042625427
0.41095733642578125
0.4424985647201538
0.33435338735580444
0.3881456255912781
0.4984589219093323
0.40511882305145264
0.40490251779556274
0.3589145541191101
0.30882370471954346
0.3797001838684082
0.4122823476791382
0.36040762066841125
0.33663803339004517
0.4571911692619324
0.47973546385765076
0.33995211124420166
0.4208507537841797
0.3377739489078522
0.4218195676803589
0.3928126096725464
0.3428105115890503
0.47250938415527344
0.3789222240447998
0.35145920515060425
0.44816574454307556
0.43378788232803345
0.4100498557090759
0.35641077160835266
0.5139079689979553
0.5011864900588989
0.367279589176178
0.3769184947013855
0.44918927550315857
0.40892013907432556
0.4229864776134491
0.4305245578289032
0.392489492893219
0.3679470419883728
0.3654504418373108
0.3463291823863983
0.3527638912200928
0.46332186460494995
0.4383739233016968
0.4177124500274658
0.3570253252983093
0.3736056685447693
0.40377360582351685
0.470397412776947
0.3602255582809448
0.400455117225647
0.4912376403808594
0.34528881311416626
0.3912276029586792
0.39485645294189453
0.3712875545024872
0.3719099462032318
0.3135782480239868
0.36436647176742554
0.36107337474823
0.3447362184524536
0.473749041557312
0.3490304946899414
0.361007958650589
0.33577460050582886
0.4514991343021393
0.34927040338516235
0.44514310359954834
0.45391911268234253
0.3947743773460388
0.4305700659751892
0.39270126819610596
0.5194430351257324
0.371319055557251
0.3539484143257141
0.4373897910118103
0.34236371517181396
0.3860182762145996
0.34369292855262756
0.3481150269508362
0.3283270299434662
0.42630892992019653
0.3267399072647095
0.36638861894607544
0.3479989767074585
0.3926011919975281
0.5289701223373413
0.4604487419128418
0.36220306158065796
0.39133721590042114
0.4005897641181946
0.3494393527507782
0.3382336497306824
0.35365787148475647
0.4080660939216614
0.3626113533973694
0.41950100660324097
0.3199169933795929
0.32875344157218933
0.3304411470890045
0.3119531571865082
0.3275519609451294
0.3843650221824646
0.3950912356376648
0.4108594059944153
0.39789295196533203
0.3753877282142639
0.42460453510284424
0.3569132089614868
0.36835384368896484
0.3519410490989685
0.33752718567848206
0.3788546621799469
0.4633956551551819
0.3344804048538208
0.36084264516830444
0.4585002064704895
0.6278437972068787
0.3952607810497284
0.42040926218032837
0.4749341607093811
0.4034550189971924
0.5019538402557373
0.369022399187088
0.3126811981201172
0.34014376997947693
0.3664942681789398
0.3338068425655365
0.40099450945854187
0.39523130655288696
0.4124266505241394
0.35797086358070374
0.5056514143943787
0.35292118787765503
0.408715158700943
0.3934973478317261
0.3416411280632019
0.4637485146522522
0.34172290563583374
0.3788730204105377
0.3509519100189209
0.3342721462249756
0.4182521104812622
0.35659703612327576
0.36893799901008606
0.3919328451156616
0.36048880219459534
0.4717208743095398
0.3521783947944641
0.3430946171283722
0.391609787940979
0.40148088335990906
0.3717527389526367
0.3455277979373932
0.3135227859020233
0.3757276237010956
0.3714755177497864
0.3883618116378784
0.37911659479141235
0.4594603180885315
0.43219709396362305
0.3811437785625458
0.471314013004303
0.318510502576828
0.33693554997444153
0.33232542872428894
0.37880998849868774
0.30886679887771606
0.3818221092224121
0.35980433225631714
0.3975374698638916
0.40252670645713806
0.4608510136604309
0.37757962942123413
0.33489754796028137
0.374127596616745
0.43303367495536804
0.38511762022972107
0.45956704020500183
0.45889443159103394
0.3969718813896179
0.3953702449798584
0.3742334246635437
0.5124565362930298
0.36875250935554504
0.3701006770133972
0.3370448648929596
0.4633249342441559
0.44636625051498413
0.4635277986526489
0.4002764821052551
0.5082423686981201
0.33560624718666077
0.3287213444709778
0.3397447466850281
0.3724362552165985
0.3461858034133911
0.39643925428390503
0.4140206575393677
0.41691192984580994
0.3250636160373688
0.39036041498184204
0.3620152175426483
0.42401790618896484
0.3275926411151886
0.3700045943260193
0.32908895611763
0.3827815055847168
0.3768026530742645
0.4216662645339966
0.3390263020992279
0.3528801202774048
0.4059215188026428
0.3828561007976532
0.34097549319267273
0.35136815905570984
0.3891480267047882
0.4146438241004944
0.388832688331604
0.578048825263977
0.4073827266693115
0.33042746782302856
0.44714030623435974
0.3387463688850403
0.3747048079967499
0.41519826650619507
0.34182479977607727
0.3793450593948364
0.3630487322807312
0.3676387071609497
0.4419861435890198
0.3833777606487274
0.3546249568462372
0.43350252509117126
0.4650382399559021
0.38923949003219604
0.3271123766899109
0.3656514883041382
0.4013975262641907
0.34137868881225586
0.5086891055107117
0.3995012044906616
0.4086460769176483
0.3751198351383209
0.3973591923713684
0.34962761402130127
0.3542908728122711
0.42009782791137695
0.4654160439968109
0.3467143177986145
