4.75683893998464
2.0308213663101196
1.8754840215047202
1.802930637995402
1.7106410964330037
1.69378892660141
1.643373540242513
1.6164570037523907
1.5859413456916809
1.546246280670166
1.5294348009427388
1.5067101867993673
1.5144360597928366
1.4667227896054587
1.4735577813784282
1.4473816867669422
1.4169573505719504
1.4027101786931355
1.3814782003561656
1.3943689986069998
1.3550415444374084
1.3504909459749859
1.3427124885718027
1.321179489294688
1.3152722676595052
1.3006938660144807
1.2855681868394215
1.2609164055188498
1.2605532586574555
1.229049142599106
1.2471633621056875
1.2153844964504241
1.2238483889897664
1.2136421259244283
1.1931210891405741
1.1948501674334209
1.2041606239477793
1.1910454324881237
1.1392091520627339
1.1643083846569062
1.1385797770818074
1.1527443925539653
1.121295915444692
1.136568071047465
1.130229263305664
1.099942267338435
1.11049489180247
1.1080639692147574
1.094851311047872
1.0858269325892131
1.0914608359336853
1.082788499991099
1.0623379504680635
1.073045710325241
1.0641021645069122
1.0593759711583455
1.048444194396337
1.0542999597390492
1.0325444467862448
1.0072171394030254
1.030911545753479
1.0228159852822623
1.0011447330315908
0.9941088298956553
1.0041613340377809
0.9963753887017568
0.9798431444168091
1.0097634096940358
0.9877091205120087
0.9750318026542664
0.9791972537835439
0.9722417736053467
0.9711076664924622
0.9563018480936686
0.9427532835801442
0.9589618559678396
0.9621994241078695
0.9542039414246877
0.9445822175343831
0.9451557950178782
0.9425945417086283
0.9550959173838297
0.9340989049275716
0.9443101886908213
0.9307797352472941
0.926304991642634
0.9020283587773641
0.9068894318739573
0.9167718017101287
0.9350514046351115
0.8838172849019369
0.9277549880743027
0.9077760076522827
0.9004453027248382
0.8751043883959452
0.8852915445963542
0.8539061228434245
0.874800965388616
0.892234388589859
0.8804801678657532
0.8666559541225434
0.8534472755591075
0.8654832661151886
0.8461860569318136
0.8496822063128153
0.8665559701124828
0.8568298478921255
0.8477463058630625
0.848869419892629
0.8362224773565928
0.8159612242380778
0.8381870025396347
0.823623566031456
0.8361967166264852
0.8363758681217829
0.8119554128249487
0.820470023949941
0.8258565942446391
0.8198434448242188
0.8210825872421265
0.821250565846761
0.7905751432975133
0.8063452394803365
0.8061648106575012
0.7869846441348394
0.789745051463445
0.7863105128208796
0.8020174646377564
0.8097651449839274
0.7836729796727498
0.7902473892768224
0.7714007083574931
0.777060790459315
0.7714702063798904
0.7963173961639405
0.774378656744957
0.788838670651118
0.7744393481810887
0.7777930700778961
0.7684337141116461
0.7483942411343256
0.7695278877019882
0.7527548549572627
0.769541686574618
0.7658380387226741
0.7675245010852814
0.7374781131744385
0.7484590611855189
0.7371992639700572
0.7299246992667516
0.7456100676457087
0.7362222057580948
0.756557476123174
0.7455128312110901
0.7364029139280319
0.7415183699131012
0.7228881684939067
0.7292527790864308
0.73398570895195
0.7192902477582296
0.7334281045198441
0.723636947274208
0.7212218979994456
0.7182885714371999
0.7206981754302979
0.711706110437711
0.726321872274081
0.7057142722606659
0.7151793648799261
0.7016942578554154
0.6644658563534419
0.7063030211130777
0.6993498128652572
0.7091151249408721
0.7072785878181458
0.707835347255071
0.678968382080396
0.6926488467057546
0.674540311495463
0.6812686882416408
0.6878387478987376
0.6878196483850479
0.7026687053839366
0.6902051264047623
0.6771376230319341
0.6609369327624639
0.698441327214241
0.6706478404998779
0.6667749575773875
0.677275371948878
0.6691057950258255
0.683199525475502
0.668643323580424
0.6836041051149369
0.6792873682578405
0.6634717470407486
0.6627559534708659
0.6749101948738098
0.6641628785928091
0.6611229179302851
0.6501281170050303
0.6588351188103357
0.6572186507781347
0.6474974177281062
0.6388234736522039
0.6406018213431041
0.6712618472178777
0.6406905261675516
0.6559567189216614
0.6324460889895757
0.6502113197247187
0.6434029165903727
0.6398284155130386
0.6277344991763433
0.6365166060129801
0.6366206999619802
0.6346387569109598
0.6570099731286366
0.6177410189310709
0.6432055912415187
0.6519340614477793
0.6365439434846242
0.6285685926675797
0.6184513159592946
0.6303675291935603
0.6235827491680781
0.6360189851125081
0.6251919025182724
0.6116944054762522
0.6229989117383957
0.6232590959469477
0.6148545581102371
0.6294104824463527
0.6185429400205612
0.6091965824365616
0.6236659608284633
0.6120320949951807
0.6152315725882848
0.6113137747844061
0.6380693447589875
0.5989787411689759
0.5974753189086914
0.6014828197161357
0.607532242735227
0.592047796646754
0.5966331241528193
0.581231350104014
0.6226242611805598
0.5919799302021662
0.6031879691282908
0.5995348546902338
0.6016438035170237
0.5925687646865845
0.6043490781386693
0.5894925648967425
0.5963372659683227
0.590840541323026
0.5845954585075378
0.5858264462153117
0.5933781017859777
0.600001537601153
0.5876575104395548
0.5783784139156342
0.580897503097852
0.5822931623458862
0.573823082447052
0.5842211447159449
0.5743891203403473
0.5901720577478409
0.5660200359423956
0.5808276375134785
0.57670581082503
0.5731954286495845
0.5760426640510559
0.5764627168575923
0.5718274321158727
0.5731157052516938
0.571120902299881
0.5645322533448537
0.5779061764478683
0.5808538128932317
0.5561729831496874
0.5662797017892202
0.5511474398771922
0.5670427012443543
0.5620276963710785
0.5781747055053711
0.5736129440863927
0.5432820294300715
0.5526320596536001
0.5567084364096324
0.5705948776006698
0.5782523487011592
0.5623131428162257
0.5540881868203481
0.5423194646835328
0.5540241968631744
0.5446805497010548
0.5563291335105895
0.5306439016262691
0.5372197602192561
