0.3286195281479094
0.37717171811094186
0.40727272539427783
0.43030303054385716
0.4587205371471367
0.4902356917207891
0.4861279455098239
0.4960269371066431
0.5169023561357248
0.537239055741917
0.5459932642753678
0.5464646455013391
0.557979796570961
0.5629629625214471
0.5746801336004277
0.5816835020527695
0.5736700326505334
0.608080807057294
0.5892929272218184
0.6020202025620625
0.6090909086092554
0.612457913581771
0.6251178444033921
0.6167003376917406
0.6328619507828144
0.6325925925765374
0.6506397302704628
0.6283501690686352
0.6430976463086677
0.6512457890944048
0.6617508386120652
0.6556902341168336
0.6645791229575572
0.6637037035190698
0.6670033660801974
0.6610774424943057
0.6835016824982383
0.6805387181465072
0.6847811434606109
0.692323230131708
0.6841750831315012
0.7021548796181727
0.687272725081203
0.6935353513919946
0.7034343420857131
0.7120538703118912
0.6977104376060794
0.6985858588507681
0.7169023571592389
0.7253198635698569
0.7156902355979188
0.7254545453822974
0.7135353527887903
0.7319865335117687
0.7410774393515154
0.7276767666893776
0.7350841748594034
0.7259259254041345
0.741279464177411
0.7390572398599952
0.7312457922733191
0.7425589236346158
0.7469360268477238
0.7342087566250503
0.7369023585560346
0.7452525261676672
0.7542760974228985
0.7536026943813671
0.7559595968988206
0.7628956232408081
0.7649158263447309
0.7567676751300542
0.7716498326773595
0.757575759381959
0.7772390547424856
0.7654545463696875
0.7684848507245382
0.7622895632127319
0.7703030302066995
0.7721212126991965
0.7802693578932021
0.7787878778245714
0.7831649840480149
0.7808080809284942
0.7884848485089312
0.7866666678226355
0.7913804704492743
0.7836363616615835
0.7937373735687949
0.7979124537622085
0.7905723910139064
0.8017508411648298
0.7953535342457319
0.7872053854393236
0.7985185174026874
0.8047138037103595
0.7988552210306881
0.7963636360987268
0.8147474750123843
0.8030303000199674
0.8127272737146628
0.8191245782254922
0.8273400664329529
0.8098989881650366
0.8136026967655529
0.8222222213793282
0.8220201995637682
0.8135353519458963
0.8169697005339344
0.8265319875996522
0.8301683495743106
0.8193266006431195
0.8255218863487244
0.8249831669258348
0.8319191890533524
0.829158249527517
0.8358922588704812
0.8301010107753253
0.829158249527517
0.8249158221061783
0.8359595994756679
0.8251851833227909
0.8391245802243551
0.8346127951988066
0.8285521888973737
0.8288215465015836
0.8311784514273056
0.838720542613906
0.8488888909118344
0.8371717147152833
0.8388552172015412
0.8412794627324499
0.8324579126907118
0.8404040414877613
0.8486195284910877
0.8406734027043737
0.8482828254651542
0.8427609434031477
0.8451851871278551
0.840740740901292
0.8524579128833732
0.8533333341280619
0.8507744103971154
0.8639057236488419
0.8535353529332864
0.8579797985577824
0.8430303022114918
0.8525925922875452
0.8576430991442516
0.8538720589695554
0.8693602705242658
0.8646464666934929
0.8575757549266623
0.8614141417272163
0.8544781159872961
0.8592592592191215
0.8701010123647824
0.8664646455735872
0.856228956068405
0.866195286163176
0.8696296311388112
0.8598653198492647
0.8629629636051679
0.8626936017864882
0.8757575780454309
0.8672727274172234
0.8655892267371669
0.8722558942708102
0.8748148149914212
0.8680134716660085
0.8677441098473289
0.8696296317408784
0.876296296264186
0.872457914280169
0.8737373767477093
0.8685521874764953
0.8845117850737139
0.8693602699221987
0.8775084187286069
0.8783164981639746
0.8811447825094666
0.8805387212772562
0.8707744136001124
0.8846464662840872
0.8775757575275922
0.8773063963109796
0.8803367030740988
0.8830303074133516
0.8820875455634762
0.8709764318032698
0.8822222231614469
0.8765656586849329
0.8849831638914166
0.8811447807032653
0.8744781143737562
0.8853198681214843
0.8861279457506507
0.883299662609293
0.8899663325512048
0.8881481482525064
0.8907744107824384
0.8911784544135585
0.8806060648927785
0.8883501706701337
0.882222228580051
0.8867340105952639
0.8895622913283531
0.8874074088202583
0.8921212120489641
0.8853198681214843
0.8947474727726946
0.8888215524981721
0.8914478102115669
0.8944781181788204
0.8888215500899036
0.8898989919460181
0.896363640674437
0.8917845126354333
0.8986531989743011
0.9020202033447496
0.9010774451072769
0.8944781175767532
0.8936026951279303
0.8954882170214797
0.9008754226896498
0.9000673414480806
0.8950841770027623
0.9011447802938596
0.9033670058154096
0.8962962958547804
0.8956228958235847
0.9008080850947987
0.9005387196637163
0.9017508445364056
0.9026936057842139
0.9003366996543576
0.9040404082548739
0.904983168298548
0.9061952895588345
0.9020875463582049
0.8971043764942824
0.894680137586112
0.9060606101546624
0.9010774420969414
0.9000673432542821
0.9031649821936482
0.8967676806931544
0.9100336733490529
0.8975757565161194
0.90262626457696
