2.2721122984934334
1.8993235152177137
1.8041052071735113
1.6887999435867926
1.6724763783541592
1.6326071264767887
1.5118201116118768
1.4934922047335693
1.465103344483809
1.4675858285692003
1.3867636106230996
1.3880404860082298
1.3814346158143245
1.3580349527224145
1.3292457690142623
1.2987225603575658
1.2774021854304305
1.245858907097518
1.2251754938954054
1.2480571131513576
1.2160884551327638
1.1835641577990368
1.180828490040519
1.1725071921493069
1.1579316992952366
1.1553362884906808
1.12494032732164
1.121813922819465
1.105510484088551
1.0819324718581305
1.0645612381925487
1.0890668847344138
1.0397721757792464
1.0198939569068677
1.0334081396912083
1.0156419638431433
1.0153958165284358
1.0151793077738598
0.983680723893522
0.9975342889024754
1.0072132812605963
0.9686053220671836
0.9475191422183105
0.9457080261875884
0.9473606245686309
0.9419356494238882
0.9126862359769417
0.9191513784003981
0.905530758578368
0.9045553357914241
0.861456236755005
0.8890321308916266
0.8647295131225778
0.8689020637309912
0.8795803881654836
0.8661374106551661
0.8803188541922906
0.8337159027354886
0.8668578652420429
0.8282677242250154
0.8363448682457509
0.7910043428642581
0.8306504716776838
0.8127120140224996
0.8147003232228636
0.7734367627688129
0.791856401797497
0.7594558394918538
0.7567434070086239
0.7828575875421967
0.76153832463303
0.7803890753274012
0.7463732054739287
0.7247595359580685
0.736530371687629
0.7343667534866718
0.7157064555871366
0.7285141809420153
0.7243104552981829
0.6991570125324558
0.7177617739547383
0.7104165469757234
0.7266825539897187
0.7000679388792828
0.6910379697578122
0.6710365158740921
0.6792022829706018
0.6637801443687593
0.6480298090462733
0.6943920381141432
0.635474155045519
0.6606064643522706
0.6707939129285138
0.6400394954464652
0.6302206534327883
0.666857237466658
0.64798714446299
0.6179880346312667
0.6304584973388248
0.632191376854675
0.6197056252546985
0.5933718103351016
0.6169869788367339
0.6205964844034175
0.6162255752568293
0.6020096498306351
0.5980998024795995
0.5798266773874109
0.5601220958762698
0.5834810863239597
0.5894429825171076
0.5988548596700033
0.6191432918563033
0.5670412065404834
0.5795502439893857
0.599806092002175
0.6121301470380841
0.5798236158761111
0.5681679423409279
0.5913662260228937
0.5565435910465741
0.562977542479833
0.5264564003005172
0.543023650092308
0.5770269978528071
0.5538738878688427
0.5523349693929306
0.5523834062947167
0.529103833015519
0.5231366112376704
0.5080167332080879
0.5209888177688675
0.5314210105423975
0.5147679469200096
0.5181447962919871
0.5153386960125933
0.5211058189772596
0.5211366129041922
0.506648600101471
0.5130049213014468
0.49484081220145176
0.5166294926946814
0.5060107596594878
0.5294253916451426
0.5010527363329222
0.4904743040149862
0.5190598534213172
0.47221540802657
0.48591146595550305
0.4837489170257491
0.4899299548129843
0.466131388990566
0.47731395953833455
0.5068028644479886
0.49026533223763863
0.4956627515229312
0.46918160280193943
0.47163747446705595
0.48831067889025714
0.45794867265104044
0.4885704947842492
0.4831013735195603
0.4733426372210185
0.4677054817327345
0.4735561436173892
0.46098980126958905
0.4492881123465721
0.45529563439012777
0.4286488743141444
0.43479971933846523
0.44069148916186707
0.4614291386772888
0.44158287752758374
0.45939960217837134
0.45379690539957296
0.44512636763880953
0.432651840677165
0.43725481659475
0.46028160341460295
0.4348170430672289
0.4161202090256142
0.44594643182224697
0.4315522469655432
0.4449035167092025
0.41181863618619513
0.4293110352573973
0.4285457275732599
0.45019332056093697
0.43777948873813705
0.4255051734772595
0.4194377413903824
0.43141065763704706
0.4153478282569635
0.4243358491045056
0.4100496392659467
0.4113338484306528
0.42512208689944914
0.4066260980837273
0.39590200420581934
0.40278670778780273
0.4412963838890345
0.41508276324079496
0.41520316522530837
0.4028289605571766
0.4202540188726753
0.41315674254990586
0.4047406103574868
0.3986028249215598
0.4012731837503838
0.4125512010521359
0.3959939687541037
0.37532364509322425
0.41472357601830456
0.39788579895640863
0.40151125012022076
0.3978530231750373
0.3728546521278343
0.3837760632688349
0.38272692398591474
0.3976550915024497
0.37642655950604065
0.3884712912217535
0.38502995278498137
0.3777332924532168
0.37187774524544226
0.37807886257316126
0.37613113390074837
0.39532766212718656
0.35957737492792535
0.3937879213781068
0.3612003821616221
0.38441736047918146
0.37155521186915313
0.36049590357626327
0.36390871366467137
0.38557143253509446
0.378166568249163
0.3851258470253511
0.37995511744961596
0.3776354038655156
0.37320234227662136
0.3889570255773236
0.3900093198424638
0.3550054923151479
0.35830537267405577
0.3715514885355728
0.3753298703167174
0.36727662790905347
0.3725781061432578
0.37741779844568235
