0.2769023568341226
0.3441077460243244
0.3665993269344773
0.3882154899113106
0.41212121133852486
0.43750841750038993
0.44868686975854816
0.46727272928363145
0.47602693661294804
0.4964309774263941
0.5025589240319801
0.5218181805779235
0.5231649860589191
0.5337373728703971
0.5383838403104532
0.5560942716670759
0.5529966324266761
0.565117845029542
0.5698989873582666
0.5775084167417853
0.5843771015754854
0.5974410787375286
0.6081481473614471
0.6071380467125864
0.6094276089258869
0.6123232302641628
0.6307070676726524
0.612255889658976
0.6242424216535356
0.6449158254897955
0.6395959547071746
0.6451178461012214
0.630168348249763
0.6509764320922621
0.6439057242388677
0.6458585867376039
0.6617508434286021
0.6663299693603708
0.6715151505036787
0.662962963785788
0.6801346805360582
0.6716498287037166
0.681548824213972
0.6786532010694947
0.679663299310087
0.6923905713389619
0.6966330005665018
0.6966329957499648
0.6882154878341791
0.6852525255896829
0.6920538743336996
0.7018181808067091
0.7115824896879871
0.7029629638700774
0.71851851904031
0.7145454546417853
0.7255892247864695
0.7244444435293024
0.7367676725291242
0.7292929309787173
0.7286868685423725
0.7326599353491657
0.7426262624336012
0.7379797992080149
0.721750840996251
0.7489562293495795
0.747205391676739
0.7542760938104957
0.7436363642865961
0.7551515144531173
0.755824914484313
0.7639730650969226
0.7565656560237961
0.7435016824741556
0.7626936032314493
0.7661279433905476
0.7633669990481753
0.7715151520690533
0.7622222244137465
0.7754208770665255
0.7715824902659715
0.7643771033094386
0.7859259253800518
0.7680808082975522
0.7713131320596945
0.7794612802640356
0.7913804704492743
0.7764983141061031
0.785858584774865
0.7748821564395019
0.8030303006220345
0.7911111140491986
0.795016834230134
0.7892255873391123
0.7970370385381911
0.8004713774931551
0.800875419920141
0.7966329991215407
0.8000000004816537
0.8074747456444634
0.7977777773683722
0.8070707092381487
0.8021548811835472
0.8019528611741885
0.8138720543697627
0.8171717163288232
0.8011447811367536
0.81993265766086
0.8160942768809771
0.821548823756401
0.8380471389703076
0.8268013506224661
0.8239057226614519
0.8086195287078318
0.8136700313500683
0.8141414119739725
0.8278114488630584
0.8274747458371249
0.8190572418347754
0.824781146314409
0.8249831657217006
0.8267340058028095
0.8295622883421002
0.8283501682859479
0.8175084181506225
0.8406734002961053
0.8401346790670144
0.8416835021491003
0.8391245796222879
0.8431649834218652
0.8441077464758747
0.842356902180296
0.8399999984587082
0.8445117840863238
0.8457239095610801
0.8410101033220387
0.8479461248474892
0.8453872083413481
0.844983165312295
0.8468686860017102
0.84080808331268
0.8468686872058444
0.8579124567484615
0.848148150275452
0.8544781141810947
0.8519191958687522
0.8593266004263752
0.8548148178090953
0.8540067311489221
0.8557575778527693
0.8606734028970352
0.8637037048436175
0.855959597260061
0.8606734004887667
0.8566329978933238
0.8588552228128067
0.8643097666778949
0.8712457960302179
0.8644444454799999
0.8504377115856517
0.8677441056328591
0.8458585841487153
0.8592592592191215
0.8644444448779328
0.865387206125741
0.870639732389739
0.8694949547449747
0.8730639773185807
0.8698316523523042
0.8620875411563449
0.8777777793431523
0.8752188550101386
0.8644444412655301
0.8879461288452148
0.8767676768880902
0.874006738566389
0.8746801343831149
0.8863299651579424
0.8777104375338314
0.8806060648927785
0.8803366982575619
0.8795959624377164
0.8812794625157058
0.8861952887641059
0.8844444444685271
0.8841750862622502
0.8823569025656189
0.8878787918524309
0.8822222213552455
0.8725252512729529
0.8874074064119898
0.8864646487765842
0.8865319875755695
0.8927946096718914
0.8787878805940802
0.8872727288140191
0.8991245795982052
0.8874074118305938
0.8872727288140191
0.8889562306982098
0.8879461276410806
0.8894276131283153
0.893063976909175
0.8855892269298283
0.887946129447282
0.8823569043718203
0.8952188576110686
0.8981144819596801
0.8955555570245993
0.8949494957923889
0.8987878807867417
0.9000000014449611
0.8978451183347991
0.8963636388682356
0.8977104407368284
0.8888888900930231
0.8986531935556971
0.9002693620595065
0.8995959608241765
0.8974410783160817
0.889360269512793
0.8991919220095933
0.8907744155989753
0.9039730640372845
0.8987205419877563
0.8974410783160817
0.9064646429485745
0.9015488257311811
0.909023571496058
0.9063299707692078
0.9019528621374958
0.9032996664143572
0.8987878807867417
0.901818183335391
0.9084848508690343
0.9146127953673854
0.9113804704011089
0.9092255890971482
0.9199326598283016
0.907205389003561
0.9026936027738783
0.9096969763437907
0.9115824952270045
0.9059932653350059
0.9068686841714262
0.914276097760056
0.9117845116239606
0.9071380477963071
0.9128619546842094
0.901481483319793
