2.8499911927213573
2.1053834142106953
2.0344159133506543
1.9842972466439912
1.941834355845596
1.8869767622514204
1.8486619116079928
1.809212783370355
1.7904223444485905
1.7322511600725579
1.7142212089866098
1.6660979901901398
1.6683764951397675
1.6431819995244343
1.6269885915698428
1.590905122082643
1.5938252884932238
1.566781951923563
1.550282646911313
1.5345400680195203
1.53094051100991
1.495431621869405
1.4588437465706257
1.466796955676994
1.4758237118672843
1.4527715673350325
1.4201577468351885
1.453299388741002
1.4250836408499516
1.3822494576675723
1.4053267204400264
1.3797700441244878
1.4218630730503736
1.3595214901548442
1.3815818952791619
1.3820190315294747
1.352397700752875
1.3295466628941623
1.3188955085446137
1.3403486615479594
1.3161809275848697
1.315381889391427
1.3050870184946541
1.299837047403509
1.3035045380544181
1.2755064422434026
1.26957843640838
1.2815396532867893
1.2820583304973563
1.2868513410741633
1.2832526943900369
1.2451696714969596
1.2419167913571754
1.2513672155563278
1.2277241752605246
1.2369186203889173
1.208690548183942
1.2100257319633407
1.1830795509646637
1.1898275758280898
1.1863227504672427
1.1814346217145824
1.1628848007231047
1.1779264314006073
1.202657355804636
1.1570312254356616
1.156904495123661
1.1404304028761507
1.1545767507167777
1.1337715056207445
1.1417747802204556
1.1173755490418635
1.13003930720416
1.1514775223202176
1.112101972103119
1.112509893046485
1.1186076119692638
1.1011104547616206
1.1208802467644816
1.093496859675706
1.1006808678309123
1.1073985364702013
1.058311565355821
1.1056733751537824
1.0966771841049194
1.080088066332268
1.0603947922436878
1.0899629767494972
1.0588996356183833
1.0803513292110327
1.0288961547793765
1.0576597446143026
1.0584852358307502
1.0601820241321216
1.0444614170777677
1.0400422883756233
1.0329328113132052
1.0390248364872403
1.0281657281548087
1.0248314647963552
1.0342049297660287
1.0188146197434627
1.0358759345430317
1.0305171482490771
1.0001624395148923
0.9960684878657563
1.0404143381600428
0.9955233522135802
1.0022244555781585
0.9955833494061171
0.962752650482486
0.9844916354526173
0.9838657770494018
1.0145449668470055
1.007711654359644
1.007133095553427
0.9840361506047876
0.9729493826326697
0.9989869739070083
0.9788631038232283
0.9774365617771341
0.9877014238424976
0.971638144868793
0.9759151453923698
0.996162950390517
0.9480876085734127
0.9502986175845368
0.9499885873361067
0.9441533371655628
0.9459684334620081
0.9464002992167617
0.9415997435348202
0.9517620916318412
0.9377944174439016
0.934682983340639
0.9506827701221813
0.9313386118773258
0.9481690002210212
0.9400192101796468
0.9289982896862607
0.943910250760088
0.9357648299197958
0.9181177826842877
0.9309063692285557
0.915971147291588
0.9288282508801933
0.91269907987479
0.9190125748364613
0.9145404877084674
0.9221022851539381
0.9103402284660724
0.9055538225655604
0.9082376932857013
0.9072678101183188
0.9098086567840191
0.9136046321705135
0.8996028544926884
0.8952902621693082
0.8976722094747756
0.9222272375617364
0.8984085381633103
0.9456905018199574
0.907142820382359
0.9024602758764017
0.8963163302402304
0.888741920090685
0.8862281766804782
0.8906069723042574
0.8833976881672637
0.9030407197547682
0.8720767780987904
0.8780159920152991
0.8981198475818442
0.8475267020138827
0.8667855214590978
0.8725376490390662
0.8702032289119682
0.8517024866258255
0.8739320888663783
0.8729724558916959
0.8601370170862987
0.8687215128330269
0.8601868309155859
0.8507980349087956
0.8524457848433292
0.8557176770585956
0.8678658147050877
0.850171360704634
0.8587017709558661
0.8817151911330946
0.8400863704055247
0.8542047462078056
0.8508162353978013
0.8364431424574419
0.8571218276264692
0.8422906621538028
0.828993189214456
0.84864237934652
0.8440972488335888
0.8462755770394297
0.8502420680691497
0.8527617647190286
0.8397702966073547
0.8485257770075942
0.8497204389234986
0.8604429436452461
0.8414116730593671
0.8240866998229364
0.8300124105781016
0.8275335160168734
0.8261394705435242
0.8235878432639921
0.8199476262535712
0.8239634958180514
0.8236167882428025
0.847606360912323
0.8224370419377028
0.822742203269342
0.8289873323055229
0.8286123486480328
0.8376443319850497
0.8204008720137856
0.8349492405400132
0.8045762271592112
0.8225194053216414
0.8229799366960622
0.810274419158396
0.8143665941074641
0.8011702118497906
0.8028786122196853
0.8208958422294771
0.8155604432327579
0.8306779716954087
0.8136031332642141
0.8000175471257682
0.7898704283165209
0.7922489914027128
0.803444378303759
0.7823617199454644
0.8092130801894448
0.8094736464095839
0.7975139666085291
0.7958484033141473
0.8122273785899384
0.8022712420935583
0.7910434109996064
0.7854631272229281
0.8001635965674815
0.7841073352881153
0.810179110127266
