0.4399999976158142
0.5111111402511597
0.5777778029441833
0.6222222447395325
0.648888885974884
0.7022222280502319
0.7599999904632568
0.742222249507904
0.7244444489479065
0.7911111116409302
0.7244444489479065
0.7688888907432556
0.7866666913032532
0.7955555319786072
0.8133333325386047
0.8266666531562805
0.8711110949516296
0.8622221946716309
0.8444444537162781
0.7733333110809326
0.6933333277702332
0.9333333373069763
0.8177777528762817
0.9200000166893005
0.9200000166893005
0.8311111330986023
0.9244444370269775
0.8711110949516296
0.9111111164093018
0.8355555534362793
0.9377777576446533
0.9244444370269775
0.8844444155693054
0.8844444155693054
0.8577777743339539
0.9244444370269775
0.8399999737739563
0.7955555319786072
0.8666666746139526
0.9244444370269775
0.9288889169692993
0.9200000166893005
0.9111111164093018
0.9155555367469788
0.9422222375869751
0.9377777576446533
0.9777777791023254
0.9422222375869751
0.897777795791626
0.8844444155693054
0.9066666960716248
0.9511111378669739
0.8888888955116272
0.8711110949516296
0.9422222375869751
0.9333333373069763
0.8888888955116272
0.902222216129303
0.8933333158493042
0.9377777576446533
0.9111111164093018
0.9244444370269775
0.9555555582046509
0.897777795791626
0.8799999952316284
0.9422222375869751
0.897777795791626
0.9377777576446533
0.9155555367469788
0.9511111378669739
0.9111111164093018
0.9422222375869751
0.9333333373069763
0.9599999785423279
0.902222216129303
0.9244444370269775
0.9644444584846497
0.9733333587646484
0.8755555748939514
0.9111111164093018
0.9644444584846497
0.9200000166893005
0.8888888955116272
0.9866666793823242
0.9422222375869751
0.9555555582046509
0.9599999785423279
0.9555555582046509
0.9422222375869751
0.9777777791023254
0.902222216129303
0.9555555582046509
0.9688888788223267
0.9377777576446533
0.9555555582046509
0.9644444584846497
0.9466666579246521
0.9777777791023254
0.9466666579246521
0.9822221994400024
0.902222216129303
0.9333333373069763
0.9466666579246521
0.902222216129303
0.9377777576446533
0.9688888788223267
0.9688888788223267
0.9599999785423279
0.9599999785423279
0.9555555582046509
0.9422222375869751
0.9555555582046509
0.9733333587646484
0.9333333373069763
0.9733333587646484
0.9599999785423279
0.9511111378669739
0.9511111378669739
0.9422222375869751
0.9688888788223267
0.9599999785423279
0.9688888788223267
0.9288889169692993
0.9866666793823242
0.9377777576446533
0.9466666579246521
0.9599999785423279
0.9599999785423279
0.9777777791023254
0.9599999785423279
0.9377777576446533
0.9422222375869751
0.9244444370269775
0.9777777791023254
0.9599999785423279
0.9555555582046509
0.9911110997200012
0.9777777791023254
0.9644444584846497
0.8711110949516296
0.9822221994400024
0.9555555582046509
0.9555555582046509
0.9688888788223267
0.9688888788223267
0.9555555582046509
0.9288889169692993
0.9511111378669739
0.902222216129303
0.9511111378669739
0.9688888788223267
0.9466666579246521
0.9688888788223267
0.9822221994400024
0.9644444584846497
0.9777777791023254
0.9733333587646484
0.9688888788223267
0.9111111164093018
0.9466666579246521
0.9911110997200012
0.9422222375869751
0.9288889169692993
0.9644444584846497
0.9555555582046509
0.9377777576446533
0.9688888788223267
0.9555555582046509
0.9733333587646484
0.9333333373069763
0.9688888788223267
0.9777777791023254
0.9911110997200012
0.9644444584846497
0.9822221994400024
0.9733333587646484
0.9555555582046509
0.9688888788223267
0.9777777791023254
0.9688888788223267
0.9777777791023254
0.9777777791023254
0.9644444584846497
0.8711110949516296
0.9644444584846497
0.9822221994400024
0.9644444584846497
0.9777777791023254
0.9911110997200012
0.9599999785423279
0.9599999785423279
0.9422222375869751
0.9155555367469788
0.9288889169692993
0.9466666579246521
0.9644444584846497
0.9822221994400024
0.9599999785423279
0.9244444370269775
0.9555555582046509
0.9422222375869751
0.9644444584846497
0.9688888788223267
0.9822221994400024
0.9466666579246521
0.9822221994400024
0.9688888788223267
0.9733333587646484
0.9822221994400024
0.9555555582046509
0.9599999785423279
0.9911110997200012
0.9822221994400024
0.9555555582046509
0.9777777791023254
0.9688888788223267
0.9822221994400024
0.9066666960716248
0.995555579662323
0.9511111378669739
0.9466666579246521
0.9733333587646484
0.9733333587646484
0.9288889169692993
0.9333333373069763
0.9688888788223267
0.9644444584846497
0.9599999785423279
0.9777777791023254
0.9866666793823242
0.9911110997200012
0.9777777791023254
0.9377777576446533
0.9911110997200012
0.9733333587646484
0.9777777791023254
0.9688888788223267
0.9688888788223267
0.9555555582046509
0.9688888788223267
0.9555555582046509
0.9733333587646484
0.9555555582046509
0.9822221994400024
0.9644444584846497
0.9777777791023254
0.9733333587646484
0.9777777791023254
0.9599999785423279
0.9155555367469788
0.9777777791023254
0.9866666793823242
0.9688888788223267
0.9599999785423279
0.9777777791023254
0.9422222375869751
0.9155555367469788
0.9733333587646484
0.9688888788223267
0.9644444584846497
0.9688888788223267
0.9911110997200012
0.9733333587646484
0.9555555582046509
0.9422222375869751
1.0
0.9688888788223267
0.9866666793823242
0.9866666793823242
0.9644444584846497
0.9422222375869751
0.9644444584846497
0.9822221994400024
0.9644444584846497
0.9555555582046509
1.0
0.9733333587646484
0.9511111378669739
0.9466666579246521
0.9333333373069763
0.9733333587646484
0.9733333587646484
0.9466666579246521
0.9511111378669739
0.8755555748939514
0.9911110997200012
0.9688888788223267
0.9777777791023254
0.9688888788223267
0.9822221994400024
0.9599999785423279
0.9866666793823242
0.995555579662323
1.0
0.9733333587646484
0.9733333587646484
0.9644444584846497
0.9644444584846497
0.9599999785423279
0.9822221994400024
0.9911110997200012
0.9866666793823242
0.9777777791023254
0.9733333587646484
0.995555579662323
0.9822221994400024
0.9866666793823242
0.8888888955116272
0.9911110997200012
0.9688888788223267
0.9822221994400024
0.9866666793823242
0.9822221994400024
0.9644444584846497
0.9422222375869751
0.9733333587646484
0.9244444370269775
0.9777777791023254
0.9733333587646484
0.9200000166893005
0.9511111378669739
0.9644444584846497
0.9555555582046509
0.9599999785423279
0.9733333587646484
0.9555555582046509
0.9777777791023254
0.9777777791023254
0.9644444584846497
0.8933333158493042
0.9555555582046509
0.9866666793823242
0.9333333373069763
0.9599999785423279
0.9777777791023254
0.9866666793823242
0.9688888788223267
0.9644444584846497
0.9822221994400024
0.9777777791023254
0.9599999785423279
0.9511111378669739
0.995555579662323
0.9555555582046509
0.9688888788223267
0.995555579662323
1.0
0.9822221994400024
0.995555579662323
0.9822221994400024
0.9555555582046509
0.9911110997200012
0.9777777791023254
0.9644444584846497
0.9733333587646484
0.9866666793823242
0.9911110997200012
0.9555555582046509
0.9777777791023254
0.9511111378669739
0.9822221994400024
0.9822221994400024
0.9733333587646484
0.9733333587646484
0.9822221994400024
0.9466666579246521
0.9822221994400024
0.9422222375869751
0.9733333587646484
0.9911110997200012
0.9733333587646484
0.9822221994400024
0.9644444584846497
0.9733333587646484
0.9644444584846497
1.0
0.9555555582046509
0.9733333587646484
0.9866666793823242
0.9733333587646484
0.9777777791023254
0.9911110997200012
0.9822221994400024
0.9466666579246521
0.9511111378669739
0.9866666793823242
0.9777777791023254
0.9733333587646484
0.9733333587646484
0.9422222375869751
0.995555579662323
0.9466666579246521
0.9866666793823242
0.9866666793823242
0.995555579662323
0.9644444584846497
0.9911110997200012
0.9822221994400024
0.9866666793823242
0.9777777791023254
0.9644444584846497
1.0
0.9822221994400024
0.9866666793823242
0.9733333587646484
0.8933333158493042
0.9555555582046509
0.9644444584846497
0.9733333587646484
0.995555579662323
0.9288889169692993
0.902222216129303
0.9822221994400024
0.9555555582046509
0.9733333587646484
0.9688888788223267
0.9777777791023254
0.9422222375869751
0.9777777791023254
0.9911110997200012
0.9688888788223267
1.0
0.9733333587646484
0.9288889169692993
0.9599999785423279
0.9733333587646484
0.9688888788223267
0.9066666960716248
0.9733333587646484
0.9822221994400024
0.9866666793823242
0.9866666793823242
0.9688888788223267
0.9822221994400024
0.9777777791023254
1.0
0.9733333587646484
0.9599999785423279
0.9688888788223267
0.9644444584846497
0.9911110997200012
0.9911110997200012
0.995555579662323
0.9866666793823242
0.9822221994400024
0.9733333587646484
0.9911110997200012
0.9777777791023254
0.9688888788223267
0.9466666579246521
0.9733333587646484
0.9866666793823242
0.9599999785423279
0.9644444584846497
0.9733333587646484
0.9511111378669739
0.9777777791023254
0.995555579662323
0.995555579662323
0.9866666793823242
0.9866666793823242
0.9866666793823242
0.9555555582046509
0.9555555582046509
0.9599999785423279
0.9599999785423279
0.9066666960716248
0.9377777576446533
0.9555555582046509
1.0
0.9688888788223267
0.9733333587646484
0.9866666793823242
0.995555579662323
0.9733333587646484
0.9733333587646484
0.9911110997200012
0.9377777576446533
0.9866666793823242
0.9644444584846497
0.9555555582046509
0.9644444584846497
0.995555579662323
0.9866666793823242
0.9511111378669739
0.9733333587646484
0.9822221994400024
0.9599999785423279
0.9822221994400024
0.9866666793823242
0.9777777791023254
0.9911110997200012
0.9911110997200012
0.9866666793823242
0.9866666793823242
0.9911110997200012
0.9822221994400024
0.9599999785423279
0.9822221994400024
0.9822221994400024
0.9777777791023254
0.9733333587646484
1.0
0.9866666793823242
1.0
0.9866666793823242
0.9733333587646484
0.995555579662323
0.995555579662323
0.995555579662323
0.9733333587646484
0.9511111378669739
0.9866666793823242
0.9733333587646484
0.9866666793823242
0.9511111378669739
0.9644444584846497
0.9822221994400024
0.9866666793823242
0.9555555582046509
0.9733333587646484
0.9644444584846497
0.995555579662323
0.9511111378669739
0.9866666793823242
0.9866666793823242
0.9822221994400024
0.9422222375869751
0.9911110997200012
1.0
1.0
0.9866666793823242
0.9911110997200012
0.9777777791023254
0.9777777791023254
0.9911110997200012
0.995555579662323
0.9911110997200012
0.9911110997200012
0.9911110997200012
0.9911110997200012
0.9644444584846497
0.9822221994400024
0.9822221994400024
0.9777777791023254
0.995555579662323
0.9777777791023254
0.9599999785423279
0.9688888788223267
0.9733333587646484
0.9822221994400024
0.9777777791023254
0.995555579662323
0.9866666793823242
0.9866666793823242
0.9733333587646484
0.9733333587646484
0.9911110997200012
0.9777777791023254
0.9866666793823242
0.9733333587646484
0.9822221994400024
0.9866666793823242
0.995555579662323
0.9777777791023254
0.9777777791023254
0.9911110997200012
0.9866666793823242
1.0
0.9777777791023254
0.9599999785423279
0.9822221994400024
0.9822221994400024
0.9599999785423279
0.9911110997200012
0.9866666793823242
1.0
0.9688888788223267
0.9599999785423279
0.9733333587646484
0.9422222375869751
0.9822221994400024
0.995555579662323
0.9511111378669739
0.9911110997200012
0.9777777791023254
0.9866666793823242
0.9866666793823242
0.9866666793823242
0.8844444155693054
0.995555579662323
0.9866666793823242
0.995555579662323
0.9599999785423279
0.9599999785423279
0.9866666793823242
0.9777777791023254
0.9288889169692993
0.9911110997200012
0.9777777791023254
0.9599999785423279
0.995555579662323
0.9866666793823242
0.9911110997200012
0.9777777791023254
0.9866666793823242
1.0
0.9733333587646484
0.9911110997200012
0.9866666793823242
0.9733333587646484
0.9777777791023254
0.9733333587646484
0.9688888788223267
0.9599999785423279
0.995555579662323
0.9866666793823242
0.9733333587646484
0.9866666793823242
0.9377777576446533
0.9688888788223267
0.9688888788223267
0.9822221994400024
0.9866666793823242
0.9822221994400024
0.9911110997200012
0.9866666793823242
0.9688888788223267
0.9911110997200012
0.995555579662323
0.9822221994400024
0.9644444584846497
0.9688888788223267
0.9822221994400024
0.9777777791023254
0.9866666793823242
0.9911110997200012
0.9911110997200012
0.9822221994400024
0.9644444584846497
0.9866666793823242
0.9822221994400024
0.995555579662323
1.0
0.9422222375869751
0.9866666793823242
0.995555579662323
0.9644444584846497
0.9911110997200012
0.9911110997200012
0.9733333587646484
0.995555579662323
0.995555579662323
0.9688888788223267
0.9777777791023254
0.995555579662323
0.9555555582046509
0.9866666793823242
0.9644444584846497
0.9599999785423279
0.9822221994400024
0.9822221994400024
0.9599999785423279
1.0
0.9866666793823242
0.9777777791023254
0.9822221994400024
0.995555579662323
0.9066666960716248
0.9822221994400024
0.9866666793823242
0.9777777791023254
0.9911110997200012
0.9866666793823242
0.9599999785423279
0.9822221994400024
0.9822221994400024
0.9911110997200012
0.9822221994400024
0.9866666793823242
0.9466666579246521
0.9911110997200012
0.9822221994400024
0.995555579662323
0.9733333587646484
0.9911110997200012
0.9911110997200012
0.9688888788223267
0.995555579662323
0.9733333587646484
0.9777777791023254
0.995555579662323
0.995555579662323
0.995555579662323
0.9777777791023254
0.9777777791023254
1.0
0.9911110997200012
0.9822221994400024
0.995555579662323
0.9511111378669739
0.9911110997200012
0.9866666793823242
0.995555579662323
0.9733333587646484
0.9599999785423279
0.9866666793823242
0.9822221994400024
0.9777777791023254
0.9822221994400024
0.995555579662323
0.995555579662323
0.995555579662323
0.9911110997200012
0.995555579662323
0.9688888788223267
0.9866666793823242
0.9777777791023254
0.9599999785423279
0.9733333587646484
0.9555555582046509
0.9911110997200012
0.9777777791023254
0.9866666793823242
0.9911110997200012
0.9866666793823242
0.9777777791023254
1.0
1.0
0.9911110997200012
0.9511111378669739
0.9866666793823242
0.9866666793823242
0.9911110997200012
0.9866666793823242
0.9733333587646484
0.9822221994400024
0.9866666793823242
0.9911110997200012
0.995555579662323
0.9555555582046509
0.9599999785423279
0.9911110997200012
0.9866666793823242
0.995555579662323
0.9733333587646484
0.9733333587646484
0.9866666793823242
0.9911110997200012
0.9911110997200012
0.9822221994400024
0.9644444584846497
0.9866666793823242
0.9911110997200012
0.995555579662323
0.995555579662323
0.9777777791023254
0.9511111378669739
0.9733333587646484
0.9822221994400024
0.9777777791023254
0.9777777791023254
1.0
0.995555579662323
0.9911110997200012
0.9555555582046509
0.9911110997200012
0.9822221994400024
0.9866666793823242
0.9866666793823242
0.995555579662323
0.9822221994400024
0.9866666793823242
0.9866666793823242
0.9822221994400024
0.995555579662323
0.9911110997200012
0.9777777791023254
0.9911110997200012
0.9911110997200012
0.995555579662323
1.0
0.9777777791023254
0.9422222375869751
0.9688888788223267
0.995555579662323
1.0
0.995555579662323
0.995555579662323
0.995555579662323
0.995555579662323
0.9733333587646484
0.9777777791023254
0.9866666793823242
0.995555579662323
1.0
1.0
0.9911110997200012
0.995555579662323
0.9866666793823242
0.9555555582046509
0.995555579662323
0.9911110997200012
0.9911110997200012
1.0
0.9911110997200012
0.9599999785423279
0.9866666793823242
0.9733333587646484
0.995555579662323
1.0
0.9911110997200012
0.995555579662323
0.9511111378669739
0.9777777791023254
0.9866666793823242
0.9777777791023254
0.995555579662323
0.9822221994400024
0.9822221994400024
0.9866666793823242
0.9911110997200012
0.9911110997200012
0.9688888788223267
0.9822221994400024
0.9777777791023254
0.9777777791023254
0.9200000166893005
0.9911110997200012
0.9555555582046509
0.9866666793823242
0.9822221994400024
0.9866666793823242
0.9822221994400024
1.0
0.9866666793823242
0.9911110997200012
0.9866666793823242
0.9866666793823242
1.0
0.9777777791023254
0.9688888788223267
0.9822221994400024
0.9866666793823242
0.9822221994400024
0.995555579662323
0.995555579662323
0.9777777791023254
0.9777777791023254
0.9822221994400024
0.9911110997200012
0.9866666793823242
0.9733333587646484
0.9911110997200012
0.9688888788223267
0.9688888788223267
0.9822221994400024
0.995555579662323
0.9777777791023254
1.0
0.9866666793823242
0.9822221994400024
0.9733333587646484
0.9866666793823242
0.9599999785423279
1.0
0.9777777791023254
0.9733333587646484
0.9866666793823242
0.995555579662323
0.9733333587646484
0.9599999785423279
0.9911110997200012
0.9911110997200012
0.9688888788223267
0.9911110997200012
0.9822221994400024
0.9866666793823242
0.9777777791023254
0.995555579662323
0.9733333587646484
0.9911110997200012
0.9911110997200012
0.9599999785423279
0.9822221994400024
0.9911110997200012
0.9911110997200012
0.9911110997200012
1.0
0.9866666793823242
0.9866666793823242
0.9866666793823242
0.9111111164093018
0.9777777791023254
0.995555579662323
0.9599999785423279
0.9911110997200012
0.9911110997200012
0.995555579662323
1.0
0.9866666793823242
1.0
0.9333333373069763
0.9866666793823242
0.9911110997200012
0.9822221994400024
0.9911110997200012
0.9911110997200012
0.9822221994400024
1.0
0.9866666793823242
0.9911110997200012
0.9866666793823242
0.9866666793823242
0.9644444584846497
0.995555579662323
0.9822221994400024
0.9822221994400024
0.9733333587646484
0.9777777791023254
0.995555579662323
0.9733333587646484
0.9822221994400024
0.9822221994400024
0.995555579662323
0.9911110997200012
1.0
0.995555579662323
0.9777777791023254
0.9511111378669739
0.9555555582046509
0.9866666793823242
0.9866666793823242
0.9822221994400024
1.0
0.9911110997200012
0.9866666793823242
0.9688888788223267
0.9911110997200012
0.995555579662323
1.0
0.9866666793823242
0.9688888788223267
0.9733333587646484
0.9911110997200012
0.995555579662323
0.9911110997200012
1.0
0.9511111378669739
0.9866666793823242
0.9822221994400024
0.9866666793823242
0.995555579662323
0.9866666793823242
0.9866666793823242
0.9288889169692993
0.995555579662323
0.9511111378669739
1.0
1.0
0.995555579662323
0.9911110997200012
1.0
0.9599999785423279
0.9777777791023254
0.9866666793823242
1.0
0.995555579662323
0.9911110997200012
0.9644444584846497
0.9777777791023254
0.995555579662323
0.9866666793823242
0.9866666793823242
0.9866666793823242
1.0
0.9688888788223267
0.995555579662323
0.9599999785423279
0.9866666793823242
0.9911110997200012
0.995555579662323
0.9866666793823242
0.9911110997200012
0.9911110997200012
0.995555579662323
0.9733333587646484
0.9688888788223267
0.995555579662323
0.9733333587646484
0.9777777791023254
1.0
0.9911110997200012
0.9866666793823242
1.0
0.9644444584846497
0.995555579662323
0.9822221994400024
0.9777777791023254
0.9511111378669739
0.9866666793823242
