1.5910910367965698
1.5054019689559937
1.3661311864852905
1.3636484146118164
1.15071439743042
1.1112703084945679
0.7466601729393005
0.8158485889434814
0.8689799904823303
0.6624053716659546
0.8144412040710449
0.7473304867744446
0.6488469839096069
0.5743880867958069
0.5607891082763672
0.4285569190979004
0.43037718534469604
0.36505135893821716
0.4307587444782257
0.5914721488952637
0.9053254723548889
0.244674414396286
0.5076435208320618
0.2918214201927185
0.30632323026657104
0.49149081110954285
0.24086323380470276
0.41086089611053467
0.28472810983657837
0.4476441740989685
0.22971205413341522
0.20971377193927765
0.2891724705696106
0.3251173794269562
0.39950284361839294
0.21120689809322357
0.4609735906124115
0.657235860824585
0.4057433605194092
0.22808729112148285
0.2315223515033722
0.2558072805404663
0.30527785420417786
0.2944883704185486
0.24054408073425293
0.2803185284137726
0.13063862919807434
0.18960696458816528
0.2735748887062073
0.34615495800971985
0.28800660371780396
0.21043863892555237
0.33619794249534607
0.3421902358531952
0.20409461855888367
0.17897166311740875
0.3206005394458771
0.2838490307331085
0.2577829658985138
0.218484029173851
0.21505343914031982
0.24680231511592865
0.12186042219400406
0.2572493255138397
0.3544765114784241
0.19379055500030518
0.2958953380584717
0.20823676884174347
0.2465796023607254
0.21020524203777313
0.3041984736919403
0.19420552253723145
0.212028369307518
0.11029787361621857
0.29076868295669556
0.24246807396411896
0.10771961510181427
0.09428896009922028
0.3499680459499359
0.3284744322299957
0.11472596973180771
0.2138224095106125
0.3439503610134125
0.0726907029747963
0.22727331519126892
0.1026100292801857
0.12161323428153992
0.15144960582256317
0.14402583241462708
0.06085143983364105
0.2501561641693115
0.18175730109214783
0.16898316144943237
0.17513296008110046
0.12159284949302673
0.13525234162807465
0.14067548513412476
0.07757563889026642
0.12544448673725128
0.042367056012153625
0.281231552362442
0.1595706045627594
0.14660510420799255
0.26859498023986816
0.169932559132576
0.06924498081207275
0.150538831949234
0.10931430757045746
0.12382549047470093
0.17739170789718628
0.1589389443397522
0.14679571986198425
0.080604687333107
0.20285148918628693
0.0784096047282219
0.11134444177150726
0.15935920178890228
0.17855700850486755
0.15052072703838348
0.12726320326328278
0.11079974472522736
0.1132308766245842
0.20497573912143707
0.04145566374063492
0.183615580201149
0.13355539739131927
0.14631004631519318
0.09975214302539825
0.052783600986003876
0.12277425825595856
0.17281121015548706
0.1696786880493164
0.15328267216682434
0.11235838383436203
0.097054123878479
0.18094195425510406
0.04954679310321808
0.08225452899932861
0.08775299787521362
0.35746586322784424
0.11304520815610886
0.1416502445936203
0.17319460213184357
0.11775299161672592
0.09864164888858795
0.15432442724704742
0.21452674269676208
0.139093816280365
0.2339310497045517
0.16484859585762024
0.09566047787666321
0.2953697443008423
0.12287874519824982
0.08881381899118423
0.23750624060630798
0.12167545408010483
0.10155382007360458
0.11912648379802704
0.22343797981739044
0.15801972150802612
0.048503655940294266
0.13233649730682373
0.22934024035930634
0.07793256640434265
0.129105806350708
0.19533199071884155
0.11496879905462265
0.1338275820016861
0.0944831371307373
0.1709822118282318
0.07749950140714645
0.10013746470212936
0.0474604032933712
0.1273486465215683
0.059921763837337494
0.06832598894834518
0.10530354827642441
0.09566916525363922
0.0662628784775734
0.10422498732805252
0.07037782669067383
0.07191268354654312
0.13606229424476624
0.43687036633491516
0.10676256567239761
0.05547037348151207
0.11418907344341278
0.04675743356347084
0.037473149597644806
0.11419710516929626
0.12394623458385468
0.14691975712776184
0.1791304498910904
0.1814655363559723
0.1632022261619568
0.10341783612966537
0.0687745064496994
0.10013071447610855
0.2284373939037323
0.15938334167003632
0.14090904593467712
0.09177370369434357
0.07622713595628738
0.06926503777503967
0.1738538295030594
0.07943256944417953
0.0944293662905693
0.17716877162456512
0.08589005470275879
0.19982561469078064
0.09628234803676605
0.0633886307477951
0.08245903253555298
0.10187987983226776
0.09545756131410599
0.09906727820634842
0.046934012323617935
0.29247066378593445
0.0264400914311409
0.11375489830970764
0.15295110642910004
0.08495861291885376
0.0766310766339302
0.22472704946994781
0.14562174677848816
0.10277564078569412
0.0987367182970047
0.10538528114557266
0.0736582949757576
0.06317314505577087
0.048171233385801315
0.21172578632831573
0.14058388769626617
0.042777176946401596
0.10674229264259338
0.0592610128223896
0.12051128596067429
0.07233553379774094
0.11294735223054886
0.09239277988672256
0.15199244022369385
0.09286780655384064
0.10510952770709991
0.04791118949651718
0.08845924586057663
0.059863194823265076
0.11047375202178955
0.0814911425113678
0.1372450441122055
0.2334175556898117
0.12516583502292633
0.04919925332069397
0.10738270729780197
0.11110300570726395
0.10752082616090775
0.16529613733291626
0.20509366691112518
0.09179268032312393
0.09350987523794174
0.10215083509683609
0.1323275864124298
0.037981897592544556
0.07095503062009811
0.13867081701755524
0.1487562209367752
0.03810501843690872
0.1256382167339325
0.050216302275657654
0.11567718535661697
0.12319821119308472
0.14206592738628387
0.09399795532226562
0.06914866715669632
0.08688169717788696
0.1571081131696701
0.015102575533092022
0.05529654771089554
0.08541444689035416
0.1746017187833786
0.1750255972146988
0.08991260081529617
0.1187833920121193
0.1646944135427475
0.1780964434146881
0.31286269426345825
0.05402332544326782
0.12103815376758575
0.09018456190824509
0.0760662779211998
0.059595268219709396
0.11671585589647293
0.06094278395175934
0.027595557272434235
0.017015744000673294
0.08079694956541061
0.09365756064653397
0.11196292191743851
0.07536432147026062
0.1232176125049591
0.06877464801073074
0.060916315764188766
0.0373380184173584
0.06959856301546097
0.13231392204761505
0.05189670994877815
0.04608721658587456
0.07234497368335724
0.3080122172832489
0.03389118239283562
0.06555552780628204
0.052206531167030334
0.06471805274486542
0.11931867897510529
0.12328758835792542
0.1953568160533905
0.12145178765058517
0.16678838431835175
0.06620893627405167
0.11496777087450027
0.18723025918006897
0.13863180577754974
0.09481972455978394
0.13163945078849792
0.19990207254886627
0.08267182856798172
0.17767129838466644
0.07929813116788864
0.05654770880937576
0.10189138352870941
0.22191159427165985
0.10758332908153534
0.061345815658569336
0.13789702951908112
0.12279471009969711
0.05820326879620552
0.04712652415037155
0.09462060034275055
0.06643716245889664
0.06401579082012177
0.06386857479810715
0.0934261754155159
0.13089677691459656
0.019364770501852036
0.10267200320959091
0.07853791117668152
0.03742027282714844
0.01779046468436718
0.04876662418246269
0.01663348264992237
0.054917313158512115
0.14531108736991882
0.023424886167049408
0.07452433556318283
0.09792274236679077
0.058683328330516815
0.07032805681228638
0.060417335480451584
0.10710962861776352
0.040308695286512375
0.1518464833498001
0.055809952318668365
0.08918367326259613
0.07176550477743149
0.06926979869604111
0.07197974622249603
0.13407541811466217
0.0704704225063324
0.13996939361095428
0.058236390352249146
0.07256052643060684
0.10460691154003143
0.05861358717083931
0.1390412449836731
0.07182426750659943
0.11643226444721222
0.0243977177888155
0.11052864789962769
0.08823535591363907
0.03540688380599022
0.05024192854762077
0.06494782865047455
0.020206734538078308
0.0691593661904335
0.1788344532251358
0.08340264111757278
0.036220911890268326
0.0748722180724144
0.05312260240316391
0.057721640914678574
0.13834033906459808
0.02948237583041191
0.14621317386627197
0.046371035277843475
0.06322191655635834
0.03720841556787491
0.0970032587647438
0.026337889954447746
0.06673159450292587
0.0625673159956932
0.09007836133241653
0.10122859477996826
0.02172050252556801
0.062263309955596924
0.04267747327685356
0.10716376453638077
0.27448463439941406
0.09332362562417984
0.07806742936372757
0.135255828499794
0.023144131526350975
0.15314389765262604
0.21491004526615143
0.05437422916293144
0.1064862310886383
0.08029661327600479
0.10927453637123108
0.07802829891443253
0.11469679325819016
0.07011352479457855
0.038321323692798615
0.0860833078622818
0.018184687942266464
0.07355710864067078
0.17350853979587555
0.17652659118175507
0.0635012611746788
0.09540420770645142
0.24787944555282593
0.08281080424785614
0.05769657716155052
0.0344906821846962
0.030639752745628357
0.10648297518491745
0.05528012663125992
0.11665275692939758
0.01394284050911665
0.07510827481746674
0.08686225116252899
0.08893943578004837
0.10565118491649628
0.03699828311800957
0.02288159728050232
0.016429202631115913
0.054269131273031235
0.06960342079401016
0.06580957770347595
0.041679635643959045
0.07214242219924927
0.07598509639501572
0.14077384769916534
0.08728235960006714
0.036081813275814056
0.11144096404314041
0.09800491482019424
0.06219236180186272
0.10774844139814377
0.08176036924123764
0.02588685229420662
0.02340802736580372
0.06265536695718765
0.056307464838027954
0.07438546419143677
0.09254060685634613
0.1691996306180954
0.09614266455173492
0.11734957247972488
0.20547613501548767
0.18004216253757477
0.08465822786092758
0.030426837503910065
0.10126186907291412
0.10076545178890228
0.056678347289562225
0.01080800499767065
0.078679159283638
0.0860079899430275
0.03980923816561699
0.13549451529979706
0.03683403506875038
0.09643080085515976
0.18403564393520355
0.08376072347164154
0.03192553296685219
0.05994206294417381
0.0964156910777092
0.09407072514295578
0.044531553983688354
0.13070520758628845
0.06674166023731232
0.04463446885347366
0.0937967523932457
0.02511979080736637
0.023944484069943428
0.052096858620643616
0.030899077653884888
0.03600400313735008
0.052491333335638046
0.1193837821483612
0.0755143091082573
0.04846874624490738
0.07471393048763275
0.07284077256917953
0.018305566161870956
0.03394906967878342
0.017928579822182655
0.05843355879187584
0.0731467604637146
0.022798234596848488
0.011801687069237232
0.038384661078453064
0.06951980292797089
0.12284567952156067
0.04434644430875778
0.05344261974096298
0.024764640256762505
0.17482836544513702
0.08104600757360458
0.11329642683267593
0.03865504637360573
0.0851212665438652
0.0908045545220375
0.14528419077396393
0.051154233515262604
0.1460849493741989
0.019937964156270027
0.03504381328821182
0.04901432618498802
0.1388058364391327
0.026570718735456467
0.008011732250452042
0.01741262897849083
0.03203439339995384
0.03961408883333206
0.08418132364749908
0.07063323259353638
0.0341251902282238
0.028781255707144737
0.03665831685066223
0.0244514811784029
0.0350605808198452
0.035717569291591644
0.08230479806661606
0.1018434390425682
0.08735661208629608
0.05751009285449982
0.01876767724752426
0.06085553020238876
0.0929456427693367
0.1057509258389473
0.05361907556653023
0.036548223346471786
0.07456067204475403
0.012668324634432793
0.05237124115228653
0.02905408665537834
0.08346232026815414
0.08952299505472183
0.039235152304172516
0.04890848696231842
0.03043668530881405
0.08817321807146072
0.05868589133024216
0.05856991931796074
0.01739025115966797
0.06548435240983963
0.05269637331366539
0.022535601630806923
0.030145881697535515
0.0096024414524436
0.054709192365407944
0.11720013618469238
0.07646457105875015
0.04254455491900444
0.13018135726451874
0.026466937735676765
0.021345458924770355
0.014660426415503025
0.07550112158060074
0.09010407328605652
0.1002301350235939
0.17373938858509064
0.0800904929637909
0.011063417419791222
0.10944488644599915
0.026052333414554596
0.039101529866456985
0.04053080826997757
0.07848405838012695
0.051791004836559296
0.23540759086608887
0.01107280794531107
0.10426366329193115
0.02192752994596958
0.12409519404172897
0.08872409909963608
0.03842282295227051
0.04436320438981056
0.10071570426225662
0.022789644077420235
0.0706687644124031
0.08727412670850754
0.017708826810121536
0.03910747542977333
0.04082510247826576
0.062266454100608826
0.033509090542793274
0.010923448018729687
0.08119579404592514
0.0385245755314827
0.02959892712533474
0.049072738736867905
0.05549131706357002
0.05991024523973465
0.06792259961366653
0.13125582039356232
0.018184682354331017
0.0263824425637722
0.08671737462282181
0.04319801181554794
0.1512978971004486
0.06551624089479446
0.04753771796822548
0.05658746138215065
0.03186294808983803
0.05608697608113289
0.0380559042096138
0.05470515787601471
0.08913559466600418
0.022204702720046043
0.04932344704866409
0.04092732071876526
0.04730958864092827
0.07991296052932739
0.054799288511276245
0.11304035782814026
0.06395594030618668
0.015920372679829597
0.025126639753580093
0.04876158758997917
0.07816122472286224
0.07284926623106003
0.03197098523378372
0.02636495605111122
0.011709275655448437
0.10831569880247116
0.023227225989103317
0.029702728614211082
0.09910780191421509
0.035407278686761856
0.04615688696503639
0.12557145953178406
0.030175285413861275
0.01823207177221775
0.10193923860788345
0.06494535505771637
0.030142096802592278
0.0767497643828392
0.02372143231332302
0.07111881673336029
0.12338955700397491
0.06599190086126328
0.039579637348651886
0.06827310472726822
0.009225482121109962
0.02756102941930294
0.09253770858049393
0.09364839643239975
0.01280800811946392
0.36012738943099976
0.050832342356443405
0.07256175577640533
0.06910330802202225
0.030733710154891014
0.027728568762540817
0.05727553740143776
0.05775631219148636
0.04472245275974274
0.05033525079488754
0.040124308317899704
0.0355992391705513
0.1493503898382187
0.04663513973355293
0.047326456755399704
0.04790439084172249
0.06550522893667221
0.016962915658950806
0.05746873468160629
0.0773066058754921
0.027114225551486015
0.062154319137334824
0.06373721361160278
0.025148194283246994
0.01789122261106968
0.026568826287984848
0.09399187564849854
0.06652624160051346
0.010507016442716122
0.022363973781466484
0.05242088437080383
0.028636330738663673
0.0918385237455368
0.02350981906056404
0.03201289474964142
0.023633986711502075
0.061677999794483185
0.1193576529622078
0.03688379377126694
0.06943792849779129
0.04483231529593468
0.04324149712920189
0.02757950685918331
0.05028265342116356
0.007630485109984875
0.03446640446782112
0.02506149932742119
0.0838296115398407
0.03941735252737999
0.07634469121694565
0.07236660271883011
0.07117488980293274
0.0997174009680748
0.02712605707347393
0.04501062259078026
0.06119924783706665
0.03379223868250847
0.07489974051713943
0.06273569166660309
0.004688044544309378
0.01163522619754076
0.03800230845808983
0.15823353826999664
0.027895228937268257
0.03933604806661606
0.02448020689189434
0.054745111614465714
0.07088306546211243
0.062392544001340866
0.04194759950041771
0.029120374470949173
0.02043110877275467
0.09128446877002716
0.10162807255983353
0.028339220210909843
0.028140850365161896
0.0360209196805954
0.09441296756267548
0.05487917736172676
0.028309263288974762
0.018489409238100052
0.03559795767068863
0.0555758960545063
0.05630778893828392
0.04075467586517334
0.027958549559116364
0.018952181562781334
0.01740824431180954
0.0477849505841732
0.09544594585895538
0.04208952933549881
0.0714079961180687
0.046531856060028076
0.05592652037739754
0.004317887593060732
0.024333665147423744
0.034473568201065063
0.09393112361431122
0.042157888412475586
0.038216449320316315
0.052673228085041046
0.055577125400304794
0.02383521944284439
0.07305815070867538
0.025704311206936836
0.052930690348148346
0.057811278849840164
0.022172918543219566
0.04370657727122307
0.08248738944530487
0.020975641906261444
0.03533429652452469
0.01430125255137682
0.00705251470208168
0.050149139016866684
0.1466790735721588
0.07023248821496964
0.019308488816022873
0.008345778100192547
0.024223536252975464
0.01461735088378191
0.02362687885761261
0.017415015026926994
0.09992970526218414
0.05044469237327576
0.05020781606435776
0.030038611963391304
0.0024291069712489843
0.007542498875409365
0.04612027108669281
0.015194810926914215
0.03719547763466835
0.08168403804302216
0.007013444788753986
0.02423827536404133
0.03716089203953743
0.02224160172045231
0.046567145735025406
0.1253119260072708
0.035745322704315186
0.10650897771120071
0.0160440094769001
0.011650812812149525
0.03502728417515755
0.01197846606373787
0.11752296984195709
0.07406880706548691
0.030711278319358826
0.06622759252786636
0.03049638494849205
0.06084512546658516
0.08851709216833115
0.04066774994134903
0.020188726484775543
0.03300673887133598
0.08582614362239838
0.06978070735931396
0.05918865278363228
0.07003963738679886
0.20682357251644135
0.032385800033807755
0.07782020419836044
0.049316179007291794
0.0317019522190094
0.025609156116843224
0.05718062072992325
0.010708293877542019
0.02377057634294033
0.058092761784791946
0.046477023512125015
0.04653112590312958
0.008524532429873943
0.05549401417374611
0.07276546210050583
0.0413566492497921
0.060557570308446884
0.04412909597158432
0.04319305345416069
0.023008327931165695
0.05226808413863182
0.04487673565745354
0.05594857782125473
0.0407121367752552
0.07945195585489273
0.05582351237535477
0.05887359753251076
0.10244937241077423
0.1250200867652893
0.018996043130755424
0.023639919236302376
0.037564005702733994
0.007937862537801266
0.10855166614055634
0.05410653352737427
0.08095302432775497
0.03023708611726761
0.14326594769954681
0.006830413825809956
0.07313088327646255
0.05037771910429001
0.0854257196187973
0.015324198640882969
0.07136225700378418
0.07603786885738373
0.018558461219072342
0.0645981952548027
0.07193897664546967
0.041764646768569946
0.03542592003941536
0.031548961997032166
0.06567280739545822
0.009154745377600193
0.08084609359502792
0.021235447376966476
0.019026897847652435
0.10496912896633148
0.04913615062832832
0.024750951677560806
0.0542110800743103
0.030411086976528168
0.010356704704463482
0.040288593620061874
0.033499158918857574
0.030171507969498634
0.21293814480304718
0.03894415870308876
0.02884642966091633
0.06533607840538025
0.024882318452000618
0.027429508045315742
0.021778639405965805
0.0024647596292197704
0.056780580431222916
0.01547001488506794
0.1839054822921753
0.03235875442624092
0.0394173339009285
0.04678955674171448
0.029522554948925972
0.05487002804875374
0.09414955973625183
0.011716763488948345
0.04041973501443863
0.020425986498594284
0.0503234900534153
0.06402815878391266
0.09880778938531876
0.017477834597229958
0.04847179725766182
0.05829771235585213
0.06597096472978592
0.07800126820802689
0.026227064430713654
0.07044746726751328
0.05872713774442673
0.058289073407649994
0.018888873979449272
0.024066567420959473
0.003152234712615609
0.02394069731235504
0.09758909791707993
0.11399990320205688
0.08674989640712738
0.04520682618021965
0.03931508958339691
0.054129745811223984
0.011612026020884514
0.03621606156229973
0.03719167038798332
0.06900016218423843
0.015078220516443253
0.008349389769136906
0.011005362495779991
0.02825218066573143
0.14847061038017273
0.06343479454517365
0.03686714172363281
0.018543323501944542
0.03434554859995842
0.007824990898370743
0.12897761166095734
0.04292048141360283
0.043604765087366104
0.05792810395359993
0.016846543177962303
0.049247801303863525
0.03452786058187485
0.1471526026725769
0.015789564698934555
0.12863129377365112
0.0037846120540052652
0.010148657485842705
0.026396969333291054
0.04408956691622734
0.010864525102078915
0.1065683513879776
0.06125391647219658
0.05020153522491455
0.009057663381099701
0.01544150896370411
0.0221107080578804
0.06979861855506897
0.06749206781387329
0.017367493361234665
0.05467567592859268
0.027789179235696793
0.04320823401212692
0.018352098762989044
0.07859489321708679
0.01638803444802761
0.10863476991653442
0.05352068692445755
0.03897789120674133
0.023323744535446167
0.027446608990430832
0.027620656415820122
0.027585746720433235
0.015367917716503143
0.0620894655585289
0.09918753802776337
0.011674225330352783
0.06804393231868744
0.05472354590892792
0.005677876994013786
0.0184483639895916
0.07134798914194107
0.01207372359931469
0.08356693387031555
0.009430062025785446
0.04060870036482811
0.07604005932807922
0.09864852577447891
0.03057498298585415
