4.295229911804199
4.151453018188477
3.9588449001312256
3.787144422531128
3.6761257648468018
3.503060817718506
3.644383192062378
3.401824712753296
3.217470169067383
3.257377862930298
3.2420990467071533
3.0727455615997314
3.1730406284332275
3.116694688796997
3.225792646408081
3.0661914348602295
3.101229667663574
2.9477694034576416
2.940783739089966
2.8913090229034424
2.853166341781616
2.890320062637329
2.5778110027313232
2.800243377685547
2.8820712566375732
2.6693763732910156
2.6543071269989014
2.7620351314544678
2.600888252258301
2.7114272117614746
2.596391439437866
2.5721683502197266
2.4064011573791504
2.612551212310791
2.534637451171875
2.448857069015503
2.6393661499023438
2.5007526874542236
2.4427175521850586
2.377279281616211
2.536487102508545
2.568993330001831
2.3517184257507324
2.2658557891845703
2.5134849548339844
2.220526695251465
2.3796186447143555
2.41682767868042
2.2234597206115723
2.315605640411377
2.570664405822754
2.267714262008667
2.393815040588379
2.189340353012085
2.203840494155884
2.1526780128479004
2.3046460151672363
2.0197970867156982
2.081425905227661
2.1515822410583496
2.211771011352539
2.2685158252716064
2.1031875610351562
2.0716466903686523
2.2147932052612305
2.0971288681030273
2.1607491970062256
1.8895539045333862
2.036853790283203
2.2737224102020264
1.986320972442627
2.0231871604919434
2.1266608238220215
1.9773213863372803
1.9888670444488525
2.0727837085723877
1.9521641731262207
2.0053131580352783
2.069463014602661
2.040637969970703
2.018746852874756
1.9764041900634766
2.0390093326568604
2.1386024951934814
2.0848522186279297
1.9181244373321533
2.055227518081665
1.8820852041244507
2.007215976715088
1.9421311616897583
1.8892314434051514
1.7923738956451416
1.7548847198486328
2.1207480430603027
2.1134700775146484
1.9082601070404053
1.8500789403915405
1.9309587478637695
1.9821031093597412
1.6541528701782227
2.0108144283294678
1.8417741060256958
1.941697359085083
1.720348596572876
1.7945204973220825
1.83120858669281
1.8489952087402344
1.8034765720367432
1.772925853729248
1.7952723503112793
1.8336009979248047
1.7903028726577759
1.8255250453948975
2.012129783630371
1.9143407344818115
1.7276684045791626
1.810539960861206
1.8359482288360596
1.8278831243515015
1.6223933696746826
1.7120397090911865
1.8220480680465698
1.7486557960510254
1.9936721324920654
1.8725225925445557
1.833251953125
1.7872934341430664
1.6878767013549805
1.9223480224609375
1.5662424564361572
1.8687471151351929
1.7903690338134766
1.810279130935669
1.759803295135498
1.6378229856491089
1.814026117324829
1.7096052169799805
1.6136291027069092
1.7927955389022827
1.8131566047668457
1.772355318069458
1.653052568435669
1.8660800457000732
1.6700520515441895
1.827146053314209
1.7358429431915283
1.6571457386016846
1.6913646459579468
1.7073795795440674
1.627478837966919
1.677473545074463
1.91485595703125
1.6829421520233154
1.673230767250061
1.7236206531524658
1.7570865154266357
1.6238200664520264
1.7949215173721313
1.7964578866958618
1.838878870010376
1.6707737445831299
1.6694576740264893
1.6328089237213135
1.6915078163146973
1.7200956344604492
1.5321376323699951
1.6995518207550049
1.521735429763794
1.6292400360107422
1.6102111339569092
1.6665692329406738
1.728547215461731
1.625251293182373
1.5509729385375977
1.637864351272583
1.5497608184814453
1.697906255722046
1.6565134525299072
1.542790412902832
1.6098124980926514
1.6298110485076904
1.7334163188934326
1.4556691646575928
1.620612621307373
1.736802101135254
1.6025588512420654
1.5737757682800293
1.492603063583374
1.7002003192901611
1.6180520057678223
1.5976052284240723
1.4908311367034912
1.607130765914917
1.5259230136871338
1.4929544925689697
1.4819079637527466
1.5260217189788818
1.6093032360076904
1.511136531829834
1.608424186706543
1.5315330028533936
1.5292606353759766
1.5253009796142578
1.583261251449585
1.4962927103042603
1.6457000970840454
1.473909854888916
1.5045318603515625
1.5892698764801025
1.6006290912628174
1.575864553451538
1.3969815969467163
1.455246090888977
1.5724458694458008
1.3744244575500488
1.546768069267273
1.491664171218872
1.5940543413162231
1.34906005859375
1.574181079864502
1.4982054233551025
1.6131762266159058
1.5099802017211914
1.5224425792694092
1.5334796905517578
1.4732670783996582
1.4724736213684082
1.5854575634002686
1.441489577293396
1.6694669723510742
1.4324088096618652
1.5608220100402832
1.6063816547393799
1.3644249439239502
1.4951955080032349
1.4141366481781006
1.3665735721588135
1.5864464044570923
1.407454490661621
1.4525208473205566
1.440932273864746
1.5697760581970215
1.602949857711792
1.4324731826782227
1.4256560802459717
1.5595381259918213
1.4078046083450317
1.4679770469665527
1.6764174699783325
1.4276202917099
1.425485610961914
1.5886261463165283
1.4870103597640991
1.3402127027511597
1.336997628211975
1.3970789909362793
1.3492696285247803
1.6137051582336426
1.4438133239746094
1.4339141845703125
1.3940131664276123
1.5018014907836914
1.4415061473846436
1.4329617023468018
1.439617395401001
1.385906457901001
1.3472213745117188
1.4018380641937256
1.5999321937561035
1.4572069644927979
1.4883953332901
1.328181505203247
1.4792877435684204
1.4232466220855713
1.4453362226486206
1.4217824935913086
1.5248123407363892
1.4359164237976074
1.4367048740386963
1.5328346490859985
1.5543212890625
1.5228533744812012
1.4209198951721191
1.3872482776641846
1.3022180795669556
1.3439611196517944
1.579941987991333
1.3916682004928589
1.37196683883667
1.4348571300506592
1.403263807296753
1.4321694374084473
1.3096792697906494
1.274186372756958
1.4020954370498657
1.355710744857788
1.32852303981781
1.3367764949798584
1.3040087223052979
1.3123968839645386
1.3531579971313477
1.3231738805770874
1.3268494606018066
1.3504583835601807
1.341065526008606
1.34907865524292
1.3912689685821533
1.3032877445220947
1.3550660610198975
1.40102219581604
1.3578705787658691
1.4982810020446777
1.4969402551651
1.327804684638977
1.2856531143188477
1.3517889976501465
1.439314603805542
1.298891305923462
1.4852848052978516
1.4046725034713745
1.4141066074371338
1.3487014770507812
1.3557562828063965
1.3668198585510254
1.345703363418579
1.3558061122894287
1.3847341537475586
1.3292722702026367
1.3776990175247192
1.3828825950622559
1.2574712038040161
1.42594313621521
1.312697172164917
1.3329530954360962
1.2924230098724365
1.3506598472595215
1.3045066595077515
1.2247761487960815
1.2944002151489258
1.2804834842681885
1.3282568454742432
1.3875523805618286
1.5229804515838623
1.3102463483810425
1.3314270973205566
1.3251923322677612
1.3876540660858154
1.3187310695648193
1.3830406665802002
1.3920013904571533
1.3203428983688354
1.2859219312667847
1.5759625434875488
1.3620479106903076
1.394220232963562
1.2705445289611816
1.3827394247055054
1.3907605409622192
1.3625259399414062
1.3455793857574463
1.4164562225341797
1.338651180267334
1.2958860397338867
1.3015103340148926
1.3609274625778198
1.3510398864746094
1.3017628192901611
1.377882957458496
1.3627586364746094
1.244919776916504
1.3965458869934082
1.2844045162200928
1.3290622234344482
1.2889587879180908
1.3892898559570312
1.3905267715454102
1.3876031637191772
1.3777841329574585
1.264232873916626
1.392798662185669
1.2693126201629639
1.3458069562911987
1.2852706909179688
1.399511694908142
1.361823558807373
1.2776105403900146
1.3872543573379517
1.2799091339111328
1.4795188903808594
1.2417678833007812
1.262728214263916
1.3360395431518555
1.3379225730895996
1.4047735929489136
1.4298324584960938
1.3429166078567505
1.3672903776168823
1.2894809246063232
1.3063256740570068
1.23124098777771
1.2446208000183105
1.29450523853302
1.342209815979004
1.3074729442596436
1.3785479068756104
1.2437644004821777
1.4298670291900635
1.3027852773666382
1.3573243618011475
1.4137077331542969
1.2106913328170776
1.2314648628234863
1.4072232246398926
1.3458589315414429
1.2468883991241455
1.2187283039093018
1.1744815111160278
1.272316813468933
1.2564184665679932
1.292156457901001
1.2811825275421143
1.2605869770050049
1.3377714157104492
1.4050965309143066
1.3596404790878296
1.1949788331985474
1.1470575332641602
1.2421448230743408
1.166608214378357
1.352134108543396
1.311674952507019
1.3374080657958984
1.3212207555770874
1.2322561740875244
1.2595365047454834
1.3453505039215088
1.4268182516098022
1.271388053894043
1.2203326225280762
1.2610098123550415
1.3183696269989014
1.265434980392456
1.3717846870422363
1.2931232452392578
1.2951345443725586
1.3028678894042969
1.1985889673233032
1.245410442352295
1.2956998348236084
1.2302099466323853
1.2876654863357544
1.2809489965438843
1.299756407737732
1.3481472730636597
1.3752834796905518
1.3197823762893677
1.317198395729065
1.3608616590499878
1.3159141540527344
1.3154269456863403
1.3746018409729004
1.1430816650390625
1.219109296798706
1.4369577169418335
1.2268757820129395
1.3858249187469482
1.1707675457000732
1.5307141542434692
1.2759206295013428
1.221065878868103
1.2116608619689941
1.2856876850128174
1.1507445573806763
1.2221355438232422
1.1882896423339844
1.306156873703003
1.3012518882751465
1.3152704238891602
1.4446954727172852
1.2907159328460693
1.3060758113861084
1.3346911668777466
1.3142905235290527
1.2339732646942139
1.1966793537139893
1.29634428024292
1.1489918231964111
1.2710506916046143
1.4560770988464355
1.344968557357788
1.2953354120254517
1.2696895599365234
1.2303435802459717
1.2480318546295166
1.2669386863708496
1.268904685974121
1.2656543254852295
1.2618951797485352
1.2063210010528564
1.1646595001220703
1.2683734893798828
1.2166645526885986
1.2629700899124146
1.2972290515899658
1.2452337741851807
1.2685997486114502
1.176602840423584
1.2448687553405762
1.3663966655731201
1.3438963890075684
1.2303900718688965
1.2310631275177002
1.2250274419784546
1.255120038986206
1.1913788318634033
1.2399013042449951
1.114223837852478
1.1837632656097412
1.2365373373031616
1.3175586462020874
1.3230382204055786
1.2492328882217407
1.305173397064209
1.2300910949707031
1.3351354598999023
1.2551980018615723
1.2395787239074707
1.2491331100463867
1.2054882049560547
1.1641511917114258
1.2639235258102417
1.2012381553649902
1.189673662185669
1.2185533046722412
1.2636528015136719
1.192945957183838
1.168531894683838
1.203427791595459
1.115488052368164
1.3007868528366089
1.1646217107772827
1.3578863143920898
1.191340446472168
1.204183578491211
1.1773552894592285
1.126145601272583
1.2206207513809204
1.1599373817443848
1.2277146577835083
1.2802588939666748
1.1087493896484375
1.1500753164291382
1.329284429550171
1.188119649887085
1.2714208364486694
1.2481437921524048
1.1732127666473389
1.2117637395858765
1.3624521493911743
1.270188331604004
1.2617884874343872
1.1442184448242188
1.236253261566162
1.3561515808105469
1.253974199295044
1.0766284465789795
1.1945436000823975
1.1411060094833374
1.1597721576690674
1.1707959175109863
1.1526315212249756
1.2683199644088745
1.2680224180221558
1.1695585250854492
1.146026849746704
1.2473723888397217
1.2123687267303467
1.21824049949646
1.1896920204162598
1.1280362606048584
1.2506318092346191
1.2587525844573975
1.2368931770324707
1.195780873298645
1.248047113418579
1.1340112686157227
1.1614919900894165
1.1958391666412354
1.1805970668792725
1.2943058013916016
1.364251732826233
1.203493595123291
1.087348461151123
1.2428221702575684
1.2683916091918945
1.2329314947128296
1.1915905475616455
1.1312642097473145
1.2033379077911377
1.032541036605835
1.0634785890579224
1.120565414428711
1.2598543167114258
1.3275971412658691
1.163791298866272
1.190529465675354
1.1242860555648804
1.310469388961792
1.2444918155670166
1.3298479318618774
1.1331992149353027
1.2167840003967285
1.3018828630447388
1.197623610496521
1.1554464101791382
1.231824517250061
1.1347579956054688
1.1291606426239014
1.2703286409378052
1.2157337665557861
1.1934704780578613
1.264330506324768
1.3326023817062378
1.1984474658966064
1.201244592666626
1.114827275276184
1.2007197141647339
1.1289734840393066
1.1513919830322266
1.176073670387268
1.1744606494903564
1.1282918453216553
1.247971534729004
1.201446533203125
1.1217427253723145
1.147404670715332
1.2315291166305542
1.2094093561172485
1.2233184576034546
1.087550163269043
1.174475908279419
1.2005563974380493
1.0359073877334595
1.0870659351348877
1.1414976119995117
1.2104873657226562
1.3299098014831543
1.1793028116226196
1.1564781665802002
1.1309548616409302
1.1382321119308472
1.2659657001495361
1.1308619976043701
1.2470849752426147
1.1443641185760498
1.2291368246078491
1.2278833389282227
1.2363457679748535
1.1077202558517456
1.1239421367645264
1.132200002670288
1.106274962425232
1.196641206741333
1.0989201068878174
1.106873631477356
1.1786534786224365
1.2276835441589355
1.205742359161377
1.2561808824539185
1.0980918407440186
1.1940585374832153
1.1545618772506714
1.1620053052902222
1.1462756395339966
1.1451973915100098
1.110372543334961
1.148606300354004
1.0877676010131836
1.1564280986785889
1.09025239944458
1.1653759479522705
1.109413743019104
1.1611700057983398
1.2711516618728638
1.3257359266281128
1.2025909423828125
1.278110384941101
1.1564440727233887
1.1592400074005127
1.250070571899414
1.1497105360031128
1.203359842300415
1.1898069381713867
1.1126861572265625
1.1516928672790527
1.2328847646713257
1.2513248920440674
1.1566554307937622
1.1509629487991333
1.2724609375
1.2021753787994385
1.2991127967834473
1.3062052726745605
1.1142483949661255
1.1500990390777588
1.1868791580200195
1.0698966979980469
1.1198890209197998
1.152327060699463
1.1303308010101318
1.1806201934814453
1.2002885341644287
1.3128256797790527
1.250611662864685
1.158290147781372
1.077948808670044
1.1647253036499023
1.194839596748352
1.283972978591919
1.1700186729431152
1.1300946474075317
1.1846979856491089
1.1395528316497803
1.0812907218933105
1.187967300415039
1.2107744216918945
1.2382863759994507
1.1790523529052734
1.1601331233978271
1.1188737154006958
1.0780266523361206
1.1672186851501465
1.1743013858795166
1.1966593265533447
1.4072296619415283
1.1522667407989502
1.185072422027588
1.3296599388122559
1.122328519821167
1.2052496671676636
1.1173163652420044
1.0811917781829834
1.1520686149597168
1.162914514541626
1.1987041234970093
1.2454427480697632
1.1381134986877441
1.173426866531372
1.232123851776123
1.158142328262329
1.1297897100448608
1.102221965789795
1.1233534812927246
1.2047820091247559
1.1291602849960327
1.1554274559020996
1.1329598426818848
1.1536149978637695
1.2056097984313965
1.224726676940918
1.2647955417633057
1.1121406555175781
1.1402466297149658
1.2144818305969238
1.1311240196228027
1.0180058479309082
1.3203654289245605
1.1022443771362305
1.2095274925231934
1.1857401132583618
1.0782184600830078
1.1122899055480957
1.1428542137145996
1.1026432514190674
1.12443208694458
1.1559906005859375
1.1129212379455566
1.1370327472686768
1.139028549194336
1.2175228595733643
1.1036922931671143
1.177973985671997
1.169640064239502
1.0760135650634766
1.151322841644287
1.1548259258270264
1.1887187957763672
1.0590736865997314
1.2064067125320435
1.0166901350021362
1.2193100452423096
1.180116891860962
1.1580209732055664
1.1102993488311768
1.0846551656723022
1.069746971130371
1.1419272422790527
1.2037004232406616
1.110036849975586
1.0498847961425781
1.100456953048706
1.0721075534820557
1.1516683101654053
1.1925957202911377
1.1164345741271973
1.1199538707733154
1.0738155841827393
1.234654426574707
1.133908748626709
1.0319452285766602
1.1333293914794922
1.0986530780792236
1.0538731813430786
1.2207186222076416
1.070585012435913
1.1716372966766357
1.145308256149292
1.0784544944763184
1.2160236835479736
1.153378963470459
1.1444976329803467
1.3059353828430176
1.2629845142364502
1.2704607248306274
1.165442943572998
1.0573229789733887
1.1559460163116455
1.0466606616973877
1.2283267974853516
1.0858010053634644
1.1143056154251099
1.2030473947525024
1.183150053024292
1.1012458801269531
1.1114410161972046
1.131511926651001
1.1084765195846558
1.216264009475708
1.1643922328948975
1.0736000537872314
1.1480947732925415
1.184010624885559
1.0852519273757935
1.1038930416107178
1.1305415630340576
1.187718152999878
1.2129261493682861
1.115595817565918
1.159846544265747
1.1459379196166992
1.300013780593872
1.1192055940628052
1.1485826969146729
1.0848171710968018
1.1383203268051147
1.0751465559005737
1.1669669151306152
1.1575559377670288
1.1826345920562744
1.0446884632110596
1.224198818206787
1.0925315618515015
1.1030724048614502
1.1728394031524658
1.1706651449203491
1.1353073120117188
1.0370126962661743
1.1168639659881592
1.0303531885147095
1.148833990097046
1.2487001419067383
1.166649341583252
1.1171269416809082
1.131417155265808
1.1298401355743408
1.1890053749084473
1.1507768630981445
1.0404105186462402
1.107804536819458
1.2011781930923462
1.130993127822876
1.0558409690856934
1.1093862056732178
1.0450705289840698
1.0926984548568726
1.101543664932251
1.140699863433838
1.035214900970459
1.2159948348999023
1.08247709274292
0.9891981482505798
1.1326054334640503
1.0729060173034668
1.064849615097046
1.1499733924865723
1.1605901718139648
1.1051852703094482
1.037976861000061
1.1125622987747192
1.135279655456543
1.1243114471435547
1.0926692485809326
1.1617541313171387
1.0889575481414795
1.0866146087646484
1.0960745811462402
1.0757863521575928
1.1210885047912598
1.098590612411499
1.111723780632019
1.0326290130615234
1.0670676231384277
1.002278447151184
1.04951810836792
1.1093069314956665
1.1032533645629883
1.187241792678833
1.0464043617248535
1.026921272277832
1.0785408020019531
1.0929970741271973
1.0648384094238281
1.172168254852295
1.0796520709991455
1.1591098308563232
1.073029637336731
1.0155620574951172
1.047013759613037
1.1405584812164307
0.9958646893501282
1.1877424716949463
1.099247932434082
1.0705797672271729
1.1320722103118896
1.122300148010254
1.022576093673706
1.0587577819824219
1.143320083618164
1.1015563011169434
1.182769775390625
1.1478224992752075
1.165859580039978
1.1093690395355225
1.0910253524780273
1.03730309009552
1.0725150108337402
1.0667965412139893
1.0897018909454346
1.0113507509231567
1.0968141555786133
1.008701205253601
1.0921270847320557
1.1388888359069824
1.055967092514038
1.120267629623413
1.1352887153625488
1.1062023639678955
1.1198549270629883
1.0829039812088013
1.0816187858581543
1.1724650859832764
1.1673479080200195
1.0861232280731201
1.1705282926559448
1.1327944993972778
0.9828791618347168
1.0883774757385254
1.119184970855713
1.1819422245025635
1.0991243124008179
1.1066324710845947
1.0724469423294067
1.1002222299575806
1.1251389980316162
1.1434135437011719
1.1333184242248535
1.0732178688049316
1.0604352951049805
1.1692085266113281
1.1984554529190063
1.1280062198638916
1.1628735065460205
1.0534305572509766
1.0353007316589355
1.098600149154663
1.0710384845733643
1.0625137090682983
0.97125244140625
1.067868709564209
1.1445086002349854
1.1391310691833496
1.1570968627929688
1.0826499462127686
1.0347833633422852
1.2459700107574463
1.1047749519348145
1.04762601852417
1.0357547998428345
1.1204121112823486
1.1966841220855713
1.1784549951553345
1.027737021446228
1.1824755668640137
1.2119877338409424
1.047075629234314
1.097859501838684
1.0817961692810059
1.102891445159912
1.1063601970672607
1.060883641242981
1.1022374629974365
0.9957010746002197
1.0678694248199463
1.025412917137146
1.0636227130889893
1.0868233442306519
1.1305420398712158
1.2356401681900024
1.0676823854446411
1.0495946407318115
1.1383492946624756
1.1422926187515259
1.1485042572021484
1.0974538326263428
1.0834462642669678
1.074569582939148
0.9876803755760193
1.1055946350097656
1.052311658859253
1.0892972946166992
1.0792856216430664
1.0999467372894287
1.0710270404815674
1.1055409908294678
1.0728964805603027
1.0804967880249023
1.0696706771850586
1.0940238237380981
1.002555251121521
1.0578519105911255
1.0378071069717407
1.0381566286087036
1.0340782403945923
1.108771562576294
1.1074124574661255
1.0662962198257446
1.0601733922958374
1.1783052682876587
1.0477451086044312
1.0214147567749023
1.0917913913726807
1.0547679662704468
1.0689482688903809
1.1085951328277588
1.1017608642578125
0.9634612202644348
1.1850616931915283
1.0304100513458252
1.1141867637634277
1.0497171878814697
1.0530195236206055
1.114121913909912
1.0184191465377808
1.016432523727417
1.0702874660491943
1.1257094144821167
1.1420772075653076
1.0838677883148193
1.029510498046875
1.0491814613342285
0.9716466665267944
1.0892831087112427
1.1254329681396484
1.0402424335479736
1.1853251457214355
1.2248027324676514
1.0908715724945068
1.0086172819137573
1.0904395580291748
1.088403582572937
1.0591156482696533
1.092132329940796
1.138716220855713
1.068077564239502
1.0623266696929932
1.0326898097991943
1.0663719177246094
0.9352771043777466
1.123612880706787
1.147740364074707
1.0003420114517212
1.2028377056121826
1.1105880737304688
1.0266121625900269
1.064902901649475
0.992752194404602
1.0196232795715332
1.051616907119751
1.0568690299987793
1.0643136501312256
1.0270531177520752
1.054478406906128
1.100368618965149
0.9914298057556152
0.97544264793396
1.023432731628418
1.057286024093628
1.1118383407592773
1.159785509109497
1.0712720155715942
1.0273358821868896
1.112799048423767
1.0497794151306152
1.175194501876831
1.0126497745513916
1.072618007659912
1.0097551345825195
1.0899429321289062
0.9755785465240479
0.9579061269760132
1.1311516761779785
1.0225117206573486
1.076765775680542
1.035916805267334
1.0881726741790771
1.0124833583831787
1.0546059608459473
0.9968071579933167
1.0427500009536743
1.0320122241973877
1.0334991216659546
1.0454764366149902
1.0789319276809692
0.9954855442047119
1.0119777917861938
0.9943810701370239
1.070541501045227
1.0375884771347046
1.0057706832885742
1.11518394947052
0.9707005023956299
1.0870906114578247
1.0521763563156128
1.0816079378128052
1.1870191097259521
1.0714341402053833
1.111254096031189
1.006274700164795
1.0130882263183594
1.0952130556106567
1.0461673736572266
1.081563949584961
1.0515875816345215
1.0045264959335327
1.0562033653259277
1.0305421352386475
1.0514470338821411
1.0925939083099365
1.1484508514404297
1.0570132732391357
1.0135881900787354
1.1228535175323486
1.0186636447906494
1.0363547801971436
1.0309574604034424
1.0456433296203613
1.159250020980835
1.0660940408706665
1.0027515888214111
0.9919896125793457
1.1410915851593018
1.0654397010803223
1.0588911771774292
1.0619078874588013
1.172071099281311
1.1832640171051025
1.1684458255767822
1.0312680006027222
1.0680139064788818
1.1441078186035156
1.148317813873291
1.0025497674942017
1.0324840545654297
1.0475311279296875
1.0541800260543823
1.1057053804397583
1.130150318145752
1.0322017669677734
1.0371208190917969
1.0482103824615479
1.050980567932129
1.1190322637557983
0.9963026642799377
1.1315727233886719
1.0591087341308594
0.9569145441055298
1.0860819816589355
1.0717302560806274
1.0433424711227417
1.0535261631011963
1.0298850536346436
1.1605939865112305
1.051027536392212
1.1401528120040894
1.0181293487548828
1.0676236152648926
0.9776664972305298
1.0470054149627686
1.0520038604736328
1.0149062871932983
1.046609878540039
1.035270094871521
1.093140959739685
1.158280849456787
1.032142996788025
1.109100103378296
0.9801713824272156
0.9828345775604248
1.0819952487945557
1.0730551481246948
0.9363259077072144
1.1356709003448486
1.1203196048736572
1.1681385040283203
0.9838762879371643
1.0492886304855347
1.0228478908538818
1.017502784729004
0.9778397083282471
1.00608491897583
1.023476243019104
1.10975980758667
0.9944010972976685
1.047702431678772
1.152618169784546
1.0147135257720947
0.9837146997451782
1.0179834365844727
1.0803437232971191
0.9806700944900513
1.0695407390594482
1.1979432106018066
1.029529333114624
1.0458866357803345
1.0563604831695557
1.150254487991333
0.9895837306976318
1.0045182704925537
1.0753997564315796
1.0560345649719238
1.1690187454223633
1.0173237323760986
1.0536069869995117
1.0976357460021973
1.0391833782196045
1.0938721895217896
1.0732125043869019
1.0990512371063232
1.0890858173370361
1.0531419515609741
0.9975713491439819
1.1033878326416016
1.0201197862625122
1.129969835281372
1.0139529705047607
1.0224018096923828
1.012761116027832
1.0711874961853027
1.130638837814331
0.9509482383728027
1.0484931468963623
1.0793253183364868
1.1301991939544678
1.0234421491622925
1.0026146173477173
1.0769658088684082
1.1537532806396484
0.9982610940933228
1.026229977607727
1.0430715084075928
1.0259227752685547
1.0884431600570679
0.9856753349304199
1.139768362045288
0.9404450058937073
0.99893718957901
0.9519731402397156
1.088681697845459
1.066344976425171
1.0495575666427612
1.0830758810043335
0.9938374757766724
1.0997071266174316
1.167602300643921
0.9618129730224609
0.9933489561080933
1.0121020078659058
1.0210940837860107
1.0861260890960693
0.944771409034729
1.036786437034607
0.9994074106216431
1.0280728340148926
1.0543155670166016
1.126018762588501
1.0791535377502441
0.9858742952346802
1.128324031829834
1.0499229431152344
0.9855840802192688
0.9970945119857788
1.007563829421997
1.0360137224197388
1.0597888231277466
1.1051561832427979
1.008217453956604
1.1260623931884766
1.01947021484375
0.9536213874816895
0.9971303939819336
0.9997975826263428
1.0434136390686035
1.0157909393310547
1.0564942359924316
1.0199811458587646
1.0080885887145996
1.0051114559173584
0.9496389627456665
1.0098670721054077
0.9474151730537415
1.034680962562561
1.1065969467163086
1.0165972709655762
1.005163550376892
1.0648027658462524
0.9369808435440063
0.9005095958709717
1.0413262844085693
1.0356484651565552
1.1100022792816162
1.082925796508789
0.9317989349365234
1.019991159439087
1.0147672891616821
1.1362695693969727
0.9856417179107666
0.972553014755249
1.0304632186889648
0.9877551198005676
1.037715196609497
1.1632211208343506
1.064395785331726
0.9306422472000122
1.0002930164337158
0.9572956562042236
0.9489022493362427
1.0155317783355713
1.0316911935806274
0.9985747337341309
1.044861912727356
1.078348159790039
1.042301893234253
0.9955493211746216
1.0328595638275146
1.055314302444458
1.04971182346344
0.994522750377655
1.0101964473724365
1.0537471771240234
0.9615522623062134
1.024518609046936
1.022376298904419
1.169966697692871
1.031371831893921
0.9920197129249573
1.0545825958251953
1.158890962600708
1.0687928199768066
1.0361649990081787
1.0186717510223389
1.0548734664916992
1.0283217430114746
1.068642020225525
1.0089585781097412
1.084026575088501
1.0410497188568115
1.0008260011672974
1.0933828353881836
1.0970946550369263
1.072941541671753
1.0364999771118164
0.9898084402084351
1.0313969850540161
0.947066068649292
1.0440926551818848
1.0538692474365234
0.9710907936096191
1.027978777885437
1.0671279430389404
1.1088647842407227
0.9684337973594666
1.068218469619751
0.9910773634910583
1.0747990608215332
1.0694206953048706
0.9977584481239319
1.1044409275054932
1.0802960395812988
0.9969373345375061
0.9797062873840332
0.9660211801528931
1.0127025842666626
1.0625519752502441
0.9955989122390747
0.9889028072357178
1.0109336376190186
1.0179632902145386
1.0565376281738281
1.0331435203552246
1.001333475112915
1.0132200717926025
1.0639575719833374
0.9512893557548523
1.049757480621338
0.9837656021118164
1.0317672491073608
1.081594705581665
1.024033546447754
0.9980427026748657
1.0630569458007812
0.9862276315689087
1.0409272909164429
1.0400816202163696
1.0702645778656006
0.9870011210441589
1.1135220527648926
0.9361371994018555
1.0629873275756836
1.0187923908233643
1.0246340036392212
1.0087330341339111
1.0618504285812378
1.1010675430297852
0.982002854347229
0.9733142852783203
1.006225347518921
1.0737390518188477
1.0328686237335205
1.013645887374878
0.9651682376861572
0.981604814529419
1.0022858381271362
1.0595004558563232
1.0170769691467285
0.9510256052017212
0.997174859046936
1.015873908996582
1.0650930404663086
0.9529739618301392
1.028038501739502
1.1177723407745361
1.012298583984375
0.9853214025497437
0.9090299606323242
0.9929931163787842
1.018769383430481
1.0281460285186768
1.034263014793396
0.9874508380889893
1.049941062927246
0.9706436395645142
0.9842705726623535
1.072038173675537
1.0964322090148926
1.0402483940124512
0.9504318237304688
0.9991022944450378
1.0228769779205322
1.1495580673217773
1.124387264251709
1.1184449195861816
0.9747439622879028
0.9986470937728882
0.9646996855735779
1.0263901948928833
1.0175201892852783
0.9813557863235474
1.0047850608825684
1.002751350402832
1.026597023010254
0.9873769283294678
0.9785342216491699
1.0238486528396606
0.977653980255127
0.9948156476020813
0.9841626286506653
0.9698487520217896
0.9676907062530518
1.0598297119140625
1.0035669803619385
0.9374777674674988
1.0657130479812622
1.0687525272369385
0.9556718468666077
0.9288054704666138
1.0440983772277832
1.0259805917739868
0.9688584804534912
1.0158555507659912
1.0044620037078857
1.0331875085830688
0.9909136295318604
0.9547730684280396
0.9938526153564453
0.9709844589233398
1.0111563205718994
0.9255073070526123
0.9944937229156494
0.9830716848373413
0.9981627464294434
0.962920069694519
0.919892430305481
1.0263407230377197
1.0016229152679443
0.9994270205497742
1.026073932647705
1.1140022277832031
1.0548603534698486
1.0032508373260498
1.0508075952529907
0.9870305061340332
1.0261865854263306
1.059088945388794
1.1702303886413574
0.9861599206924438
1.001744270324707
0.9665114879608154
0.9358426332473755
1.1583609580993652
0.949307918548584
0.9763506054878235
0.9704219102859497
1.0268758535385132
0.9796350598335266
0.9594451189041138
1.1130919456481934
1.0315338373184204
1.0075185298919678
0.9698843955993652
1.0382541418075562
0.9912607669830322
0.9770623445510864
0.9901798963546753
1.0093368291854858
1.042048454284668
1.0609149932861328
0.985692024230957
1.014158010482788
1.0527644157409668
0.9810094237327576
0.9763448238372803
1.0300965309143066
0.9822913408279419
0.9763641357421875
0.9491684436798096
0.9565131664276123
1.0000193119049072
1.0248099565505981
1.088415265083313
0.9235283136367798
0.9866368770599365
0.9648433923721313
1.0173755884170532
0.9803944826126099
1.017758846282959
0.9716932773590088
0.9394309520721436
1.0219991207122803
0.9927640557289124
0.9844527244567871
1.069229006767273
0.9906352758407593
1.035821795463562
0.9436990022659302
1.0586209297180176
1.0593492984771729
0.9924930334091187
1.0592271089553833
0.9889385104179382
1.0332759618759155
0.983452320098877
1.0573064088821411
1.0020108222961426
1.0641133785247803
1.0291866064071655
0.964669942855835
1.0159826278686523
0.9585272073745728
0.9898102283477783
1.0397872924804688
0.9741036891937256
0.93241286277771
0.9899862408638
1.0145474672317505
1.1241319179534912
0.9821251630783081
1.1411876678466797
0.9976150393486023
0.9925888776779175
0.9346827268600464
1.0929237604141235
0.9995019435882568
0.9374374151229858
1.1670548915863037
1.0502532720565796
0.9927923679351807
0.9515863656997681
0.9735952615737915
1.0445994138717651
0.9110261797904968
0.9827877283096313
1.0202430486679077
1.005200743675232
1.016812801361084
0.9687625169754028
0.9734951257705688
1.0630704164505005
0.9917705655097961
0.9610294103622437
0.9755891561508179
0.9586601257324219
1.0377776622772217
1.0254929065704346
1.1273643970489502
0.9862697124481201
0.9453955292701721
0.9399160146713257
0.9333738684654236
0.8906503915786743
1.050054907798767
0.9675173759460449
0.924349308013916
1.0196495056152344
0.9671115279197693
0.9626200199127197
0.9800000190734863
1.0197100639343262
0.9659507274627686
1.0178148746490479
1.0177510976791382
1.0438232421875
0.9636693000793457
0.9683716297149658
0.952340841293335
0.9956061840057373
0.9548687934875488
1.0787895917892456
0.9996280670166016
0.9383969306945801
0.9636878967285156
0.9557757377624512
0.9458980560302734
0.928476095199585
0.9775543212890625
1.0822274684906006
0.9509974718093872
0.9623862504959106
0.9363763332366943
1.0910353660583496
1.0221296548843384
0.963650107383728
0.9588469862937927
1.0033388137817383
0.9293270111083984
1.0808873176574707
1.0389548540115356
0.9218968152999878
1.0225025415420532
0.9046088457107544
0.9595978260040283
0.9142849445343018
1.0065782070159912
0.9530613422393799
0.9879572987556458
0.9259318113327026
1.0876317024230957
0.9959403276443481
1.0072659254074097
0.9918543100357056
1.0122201442718506
0.9861514568328857
0.9592975974082947
0.9852757453918457
1.0267177820205688
1.0253926515579224
1.0150420665740967
0.9211008548736572
0.9722756743431091
0.9725010991096497
1.036989688873291
0.9020884037017822
0.9784421920776367
0.9964401721954346
1.1562840938568115
1.1109349727630615
0.9621144533157349
1.0360430479049683
0.9644665718078613
0.9872136116027832
1.0332915782928467
0.9194930791854858
1.0457539558410645
1.0698494911193848
0.9658472537994385
1.0492991209030151
0.9387852549552917
1.0020766258239746
0.924705982208252
0.9907879829406738
0.9871876239776611
0.9345669150352478
1.0016536712646484
0.9499058723449707
1.0581306219100952
0.9830805063247681
0.991917610168457
1.0063177347183228
0.9453390836715698
1.0339990854263306
1.0725781917572021
1.0145970582962036
0.9539697170257568
0.9298865795135498
0.9840461611747742
1.0015630722045898
1.050020456314087
1.0055289268493652
0.9771620631217957
1.056692361831665
0.9632099866867065
0.970911979675293
0.9739735126495361
0.9920915961265564
0.9534348845481873
0.8940480351448059
0.9857447147369385
1.01496422290802
0.966080904006958
0.9605169296264648
0.9273611307144165
1.0004273653030396
0.970573902130127
0.9358149766921997
0.9593896865844727
0.9558517932891846
0.9393951892852783
1.0138731002807617
0.9403038024902344
0.9396916627883911
0.973768949508667
0.9717830419540405
0.9111461639404297
1.0220379829406738
0.998530387878418
0.9809932708740234
0.9771414995193481
0.9607467651367188
0.9591453075408936
0.9709585905075073
0.9575058221817017
1.0869054794311523
0.9803205132484436
1.0296413898468018
0.9659802913665771
1.0037208795547485
0.9502062797546387
0.9461588859558105
0.9696605205535889
1.017850637435913
0.9789685010910034
0.9603171348571777
1.0782216787338257
0.9294512271881104
1.0038490295410156
0.9490768909454346
1.026577115058899
1.0322649478912354
0.9587816596031189
0.9580337405204773
1.0037049055099487
0.9437893629074097
0.9193127155303955
0.9765143394470215
0.9818062782287598
0.9374970197677612
1.0266032218933105
0.9621590375900269
0.9656280279159546
0.8896589279174805
0.9795610308647156
0.974873960018158
0.9924796223640442
0.9952916502952576
1.0264941453933716
0.963509202003479
0.917142391204834
1.0277323722839355
1.0088467597961426
0.9220237731933594
1.0277702808380127
0.9138444066047668
0.9661297798156738
0.9830551147460938
0.9059670567512512
0.9357751607894897
1.0149941444396973
1.0659481287002563
0.9660134315490723
0.9304377436637878
1.0066885948181152
1.0264856815338135
0.9356793165206909
1.0462126731872559
1.0841875076293945
0.9445013999938965
1.0205724239349365
0.9923803210258484
0.9539982080459595
0.9914470911026001
0.9251080751419067
0.9948214292526245
0.9069697260856628
0.9715747237205505
0.9307241439819336
0.9458876252174377
0.9042912721633911
1.0038063526153564
0.985794186592102
0.9402681589126587
0.9810917973518372
0.958258867263794
0.9344372153282166
0.9775823950767517
1.0053199529647827
0.9494419097900391
0.9045037031173706
0.9048416614532471
0.9488236904144287
0.9494386911392212
0.9722617268562317
0.9577517509460449
0.9230993986129761
0.9426741003990173
0.9637396335601807
0.9526453018188477
0.9986515045166016
0.8980498909950256
1.0182583332061768
1.0516650676727295
0.9509016275405884
1.0087860822677612
0.9402128458023071
0.9773435592651367
0.9747627973556519
0.992222249507904
0.9608672857284546
1.1017986536026
1.0164659023284912
0.939993143081665
1.000428318977356
0.925835371017456
1.1099340915679932
1.1109468936920166
0.9453054666519165
0.9029638767242432
0.9929404258728027
0.966398298740387
1.0793904066085815
0.8893219232559204
1.0231854915618896
1.1110351085662842
0.908888578414917
1.1791781187057495
0.9483075141906738
1.0529327392578125
0.9175928831100464
1.0359787940979004
1.0115443468093872
0.9249915480613708
0.9432369470596313
0.9713375568389893
0.987004280090332
0.886676549911499
1.0424948930740356
0.9545494318008423
0.9898722171783447
0.9343017339706421
1.0367794036865234
0.9392890930175781
0.9209774732589722
0.9607966542243958
0.9537656307220459
0.9334873557090759
0.924419105052948
0.9845409393310547
0.999570369720459
1.0307097434997559
0.9740989208221436
0.9247385263442993
0.9419015645980835
0.9922324419021606
0.9827327728271484
0.9526326656341553
0.9489746689796448
1.0229766368865967
0.952460527420044
0.9795751571655273
1.0259499549865723
0.9896939396858215
1.0597326755523682
1.0037660598754883
0.9752482771873474
0.9503728747367859
0.9367938041687012
0.9416079521179199
1.0084381103515625
0.9846221804618835
0.9782193899154663
1.0346325635910034
0.9405016899108887
0.9238730669021606
0.9251030683517456
1.0159738063812256
0.9777674078941345
0.9064083099365234
1.0849800109863281
1.0599502325057983
0.9777482151985168
0.9764957427978516
0.9760410785675049
1.0099047422409058
0.980577826499939
1.0491230487823486
0.961744487285614
0.9378495216369629
0.908237636089325
1.0350145101547241
1.0603179931640625
0.9847270250320435
0.9368805885314941
0.9865509271621704
1.010338544845581
0.9995837807655334
1.0298070907592773
0.9529116153717041
0.9945520758628845
0.9701305627822876
0.984625518321991
1.0084052085876465
0.9510667324066162
0.980873167514801
1.0205459594726562
1.0515427589416504
0.9555819034576416
0.9556516408920288
1.0141745805740356
1.0485131740570068
0.9240452647209167
0.9637375473976135
0.8982933163642883
0.9281612038612366
0.9976621270179749
0.9597305059432983
1.0170913934707642
1.0680384635925293
0.8898663520812988
0.9489582777023315
0.9378175735473633
1.026093602180481
0.9773823618888855
0.9602621793746948
0.991317629814148
0.9350781440734863
0.9850518107414246
0.9388210773468018
0.9291420578956604
1.0149115324020386
1.0294383764266968
0.9646420478820801
0.9868490695953369
0.9815760850906372
1.0004026889801025
0.8428282141685486
1.0144846439361572
0.972810685634613
1.0210446119308472
0.9663474559783936
0.8927199244499207
0.9264179468154907
0.9079951047897339
0.9933298230171204
0.9656022787094116
0.9761061668395996
0.9653044939041138
0.9665936231613159
0.8393975496292114
0.8893315196037292
0.9148166179656982
0.9513392448425293
0.9815917015075684
0.982330858707428
0.9633213877677917
0.9570571184158325
1.0115406513214111
0.972166895866394
0.9997993111610413
1.0055989027023315
0.9404395222663879
0.9103754758834839
0.9482969045639038
0.9663870334625244
0.9454302787780762
0.9042835235595703
0.9679718017578125
0.9629378318786621
0.99666428565979
1.0574445724487305
0.9758774042129517
1.0864853858947754
0.9721348881721497
0.9299706220626831
0.9018600583076477
0.9333144426345825
0.8747915625572205
0.9278354644775391
1.1755826473236084
0.8977019786834717
0.9731690883636475
0.8845464587211609
0.9377727508544922
1.0033118724822998
0.9344279766082764
0.995535135269165
0.9712998867034912
0.9126582741737366
0.937227725982666
0.9456499814987183
0.9968268871307373
0.9212338924407959
0.9244879484176636
1.0061521530151367
1.000504493713379
0.9663726091384888
0.9601682424545288
0.926854133605957
0.9707130193710327
0.980504035949707
0.8971991539001465
0.9603734612464905
0.9127515554428101
0.981602668762207
0.9614228010177612
0.9311357736587524
0.9300774335861206
0.9445760846138
0.9567680358886719
1.0141609907150269
0.952979564666748
0.9594547152519226
0.9979419112205505
0.9617394208908081
0.9581787586212158
1.0098062753677368
0.9645885229110718
0.9739475846290588
0.9757205247879028
0.9496476650238037
0.9850492477416992
0.9258355498313904
0.9248707890510559
1.0102734565734863
0.9239256381988525
0.9842697381973267
0.997377872467041
0.9911842346191406
1.0432233810424805
0.9062700867652893
0.8994312286376953
0.9779256582260132
0.9869204759597778
0.9412230849266052
0.9622865915298462
1.0092905759811401
0.9867569804191589
0.9940157532691956
0.934557318687439
0.9640071392059326
0.9344116449356079
0.8979820609092712
0.946894645690918
0.9761262536048889
0.9590933322906494
0.9013371467590332
0.9428960084915161
0.972196102142334
0.932824432849884
0.9226459264755249
1.0030858516693115
0.8679751753807068
1.028774380683899
1.000087857246399
1.0084495544433594
1.0112171173095703
0.9257951974868774
1.0101120471954346
0.8914119005203247
0.9855149984359741
0.9388256072998047
0.9433746933937073
0.929818868637085
0.9372715353965759
0.9247674942016602
0.8744706511497498
0.9059423208236694
0.9653573036193848
1.1011638641357422
0.923865795135498
0.9279676675796509
0.996857762336731
0.9597158432006836
0.8956594467163086
0.9726133346557617
1.0998859405517578
1.0276737213134766
0.9373372793197632
0.8716050386428833
0.9738178253173828
0.8866173028945923
0.9553045034408569
0.9565339088439941
1.0184630155563354
0.9274495840072632
0.9647891521453857
0.9589172005653381
0.922740638256073
0.9314353466033936
1.0110657215118408
0.8997989892959595
0.9468786716461182
0.9599036574363708
0.974332332611084
0.93367600440979
0.9630759954452515
0.9117122888565063
0.9685064554214478
0.8864785432815552
0.9777218103408813
0.9351758360862732
1.0451278686523438
0.8653439283370972
0.9519208669662476
0.9552141427993774
0.9803825616836548
0.9860918521881104
0.9656761288642883
0.942701518535614
0.9906867742538452
0.9748669862747192
0.9593524932861328
0.9542819261550903
0.9080349206924438
0.9763002395629883
0.9160585999488831
0.928508996963501
0.8336395025253296
0.9255073070526123
0.9976606369018555
0.9551999568939209
0.9684056043624878
1.0707316398620605
0.9616816639900208
0.9751613140106201
0.8966021537780762
0.9870086908340454
0.9517551064491272
0.9208933115005493
0.988290548324585
1.073456048965454
1.0048253536224365
0.9326192140579224
0.9301828145980835
0.9943695664405823
0.9536181092262268
1.0995738506317139
0.8624266386032104
0.9059779644012451
0.9236352443695068
0.9433994293212891
0.962257981300354
1.0116785764694214
0.9942319393157959
1.0289573669433594
1.0517010688781738
0.9343425631523132
0.951516330242157
0.995887815952301
0.9429757595062256
0.9440184235572815
0.9130483865737915
0.9374158382415771
0.9077337980270386
0.9460980296134949
0.9583064913749695
0.9838616847991943
0.9453197717666626
0.9713760614395142
0.8609679937362671
0.867576003074646
0.9033799767494202
0.9672924280166626
0.937889814376831
0.9232808351516724
0.9158118963241577
0.8958730697631836
0.978895366191864
0.9350600242614746
0.9120094180107117
0.8563674688339233
0.9292069673538208
0.95704185962677
0.9151009321212769
0.9539071321487427
1.0167076587677002
0.9538007378578186
0.9310168027877808
0.9730133414268494
0.9165059328079224
1.0059409141540527
0.9417073726654053
1.00920569896698
1.0173213481903076
0.8521256446838379
1.0080392360687256
0.9167822599411011
0.905721127986908
0.9142385721206665
0.99245685338974
1.1011693477630615
0.9128557443618774
0.9206619262695312
0.8999712467193604
0.8441859483718872
0.963504433631897
1.0001933574676514
1.0032720565795898
1.0295603275299072
1.0084248781204224
0.8476963043212891
0.9048168659210205
0.919313907623291
1.0204867124557495
0.9463716745376587
0.9891375303268433
0.974041223526001
0.9178689122200012
0.9670777916908264
0.9438177347183228
0.9083777666091919
0.9134284853935242
0.9472213983535767
0.856460452079773
0.997908353805542
0.9636107683181763
0.8832063674926758
0.9777427911758423
0.8895460367202759
0.9496643543243408
0.9115195870399475
0.909806489944458
0.8863180875778198
0.9403951168060303
0.8990373015403748
0.9304647445678711
1.0192935466766357
0.9483284950256348
0.9735714197158813
0.944293200969696
0.9924110770225525
0.9883484840393066
0.8863203525543213
0.9230093359947205
0.9135711193084717
0.9315321445465088
0.8926995992660522
0.9704289436340332
0.9953587651252747
0.9420822858810425
0.923416018486023
0.9731277227401733
0.936108410358429
0.9564179182052612
0.9667079448699951
0.9632806777954102
0.9345932602882385
0.9360901117324829
0.9671832323074341
0.8835995197296143
0.9967632293701172
0.8994030952453613
0.8925679922103882
0.8883566856384277
1.022631049156189
0.9210098385810852
0.9007576107978821
0.9132920503616333
1.0678651332855225
0.8913801312446594
0.9426013231277466
0.9195090532302856
1.0547280311584473
0.915217399597168
0.911685585975647
0.9541876316070557
0.9447394609451294
0.9549075365066528
0.8838075995445251
0.9125929474830627
1.0060632228851318
0.9011622071266174
0.9378112554550171
1.0148060321807861
0.8986432552337646
0.9121993780136108
0.9969791173934937
0.8875863552093506
0.9588199853897095
0.9288637042045593
0.9184705018997192
0.9786936640739441
0.9199681878089905
0.9733268022537231
0.9463502764701843
0.9639080762863159
0.9446558952331543
1.0253348350524902
0.9840747117996216
0.8767178058624268
0.9303054809570312
0.9473410844802856
0.9707396030426025
0.9326310157775879
0.9038063287734985
0.9998390078544617
0.9243178367614746
0.940017580986023
0.9572346806526184
0.9489041566848755
0.9356369972229004
0.9446406364440918
0.971419095993042
0.9400179982185364
0.9049441814422607
0.8931607007980347
0.9114744663238525
0.9747484922409058
0.9549800157546997
0.9141578674316406
0.8827476501464844
0.9816051721572876
0.8955913782119751
0.9151872396469116
1.0735671520233154
0.9747463464736938
0.9732697010040283
0.9413449168205261
1.0115132331848145
0.9217184782028198
1.031973958015442
0.8492028713226318
0.9424231052398682
0.9162979125976562
0.9271299839019775
0.9334971308708191
0.8809009790420532
0.9523199200630188
0.9132282733917236
0.9588446021080017
0.8983864188194275
0.9606895446777344
0.9306864738464355
0.9497349262237549
0.9111852645874023
0.9637700915336609
0.90960693359375
1.0020705461502075
0.9702432155609131
0.882966935634613
0.9092594385147095
0.9354606866836548
0.9807209372520447
0.8936783075332642
0.9290328025817871
0.9461387991905212
0.8884303569793701
0.9340642690658569
1.0033425092697144
0.9264500141143799
0.8890632390975952
0.9427563548088074
0.8678193092346191
0.9498192667961121
0.9402573704719543
0.9050630331039429
0.9897860884666443
0.9648585319519043
0.9796442985534668
0.8706462979316711
1.0346386432647705
0.9111106395721436
0.9402273893356323
1.0042635202407837
1.0188589096069336
0.8459221124649048
0.8888431787490845
1.0408051013946533
1.0291924476623535
0.8939721584320068
0.9552385807037354
0.9381297826766968
0.966513991355896
0.8538997173309326
0.9473484754562378
1.0367474555969238
0.938584566116333
0.929151713848114
0.9219186305999756
1.0322587490081787
0.9777962565422058
0.9245495796203613
0.8704333305358887
0.9869774580001831
0.9256082773208618
0.9107956290245056
0.9512479901313782
0.9651145339012146
0.9473816156387329
0.9532815217971802
0.8681891560554504
0.9929379224777222
0.9478586316108704
0.9118292331695557
0.9429411888122559
0.8861206769943237
0.9159594178199768
0.8755782246589661
0.9039582014083862
1.1087021827697754
0.9340646266937256
0.9211900234222412
0.9789634943008423
0.9381223320960999
0.8949189186096191
0.928148627281189
0.9306824803352356
0.9353471398353577
0.8442671298980713
0.9179404973983765
0.9466558694839478
0.9506005048751831
0.9647886753082275
0.8845392465591431
0.8537368774414062
0.9157782793045044
0.9440665245056152
0.9221510887145996
0.9200295209884644
0.9090792536735535
0.9514801502227783
0.9156824350357056
0.9107376337051392
0.9445714950561523
0.8830512166023254
0.8776073455810547
0.9036943912506104
0.9302265644073486
0.9920479655265808
0.8820546865463257
0.8729202151298523
0.9873596429824829
0.9000122547149658
0.8936871886253357
0.9522810578346252
0.9120082855224609
0.9143038988113403
0.8474236726760864
0.9528898596763611
0.9275751113891602
0.9733884334564209
0.9301322102546692
0.9046434760093689
0.954331636428833
0.9086818099021912
0.8792575597763062
0.8236737251281738
0.9495798349380493
0.9041169285774231
0.9768028855323792
0.9456894397735596
0.8872349262237549
0.9086509943008423
0.8502635955810547
0.8482935428619385
0.8887397050857544
0.9720752835273743
0.9124823808670044
0.8832817077636719
0.9500677585601807
0.8730677366256714
0.8959858417510986
0.920089602470398
0.9094365835189819
0.9018700122833252
0.9122039675712585
0.9431187510490417
0.9491945505142212
0.9123406410217285
0.9737253189086914
0.8720759153366089
0.9401928782463074
0.8930981755256653
0.9211910963058472
0.9539511799812317
0.9174109697341919
0.8415984511375427
0.9167205095291138
0.9473658800125122
1.0336477756500244
0.928490400314331
0.9885374307632446
0.9479765892028809
0.9251319169998169
0.9019052386283875
0.9002628326416016
0.892303466796875
0.9320724010467529
0.9267038106918335
0.9403043985366821
0.9023213386535645
0.9182329177856445
0.8597437143325806
0.8845604658126831
0.912259578704834
0.9157851934432983
0.9251891374588013
0.8777879476547241
0.8872023820877075
0.8975027799606323
0.8748806715011597
0.8730415105819702
0.9270094633102417
1.0023216009140015
0.9367871284484863
0.9185004234313965
0.9004088044166565
0.8870730400085449
0.9401170015335083
0.9683939814567566
0.9532505869865417
0.8831509947776794
0.8932550549507141
0.9008152484893799
0.9694929122924805
0.9424185752868652
0.8713594675064087
0.8639978170394897
0.9652615785598755
1.0206143856048584
0.9738489389419556
1.0083554983139038
0.9523885846138
0.9835138320922852
0.8518326878547668
0.9019255638122559
0.938515841960907
0.9966378808021545
0.9440217614173889
0.9569075107574463
0.9674481749534607
0.9326810836791992
0.900550127029419
0.8218414783477783
0.9523548483848572
0.949073851108551
0.9681572914123535
0.8910313844680786
0.8903664350509644
1.0153472423553467
0.9155890941619873
0.9816349148750305
0.895744264125824
0.8982603549957275
0.9014217853546143
0.9012963175773621
0.8961480855941772
0.962350070476532
0.868233859539032
0.9189497232437134
1.0474791526794434
0.9374845027923584
0.8904669284820557
0.959671139717102
0.9178945422172546
0.8977793455123901
0.8710106611251831
0.8604260087013245
0.9065055847167969
0.8893678188323975
0.8412694931030273
0.8928646445274353
0.8432021141052246
0.8797142505645752
0.944484531879425
0.8544775247573853
0.9137020111083984
0.9407556653022766
0.9207130670547485
0.8918214440345764
0.9203449487686157
0.966729998588562
0.9929784536361694
0.862094521522522
0.9226974844932556
0.9011369347572327
0.8568614721298218
0.9271129369735718
0.9007821679115295
0.8833688497543335
0.9910647869110107
0.9176573753356934
1.0760667324066162
0.9297292232513428
0.9392150640487671
0.9413376450538635
0.8025535345077515
0.9344701766967773
0.8937563896179199
0.874383807182312
0.951790988445282
0.8940070867538452
0.8664588928222656
0.9545581340789795
0.8760790824890137
0.9523582458496094
0.9764495491981506
0.9160549640655518
0.9260751008987427
0.8520106077194214
0.870742678642273
0.9352290630340576
0.886239767074585
0.9590927362442017
0.863795280456543
0.8749330043792725
0.9032913446426392
0.9120496511459351
0.9350658655166626
0.8836755752563477
0.9814740419387817
0.8696114420890808
0.8939887285232544
0.8620864748954773
0.8767881393432617
0.9162150621414185
0.8561238050460815
0.9198060631752014
0.9519772529602051
0.8442028760910034
0.927884042263031
1.0196709632873535
0.9434903860092163
0.9024489521980286
0.9212496280670166
0.8918709754943848
0.8868150115013123
0.9725425243377686
0.8600059151649475
0.8686167001724243
0.9124395847320557
0.9478136897087097
0.9210867881774902
0.9480167031288147
0.9539769887924194
0.8654041886329651
0.9125773906707764
0.8253084421157837
0.8853864073753357
0.9093468189239502
0.9113419651985168
0.8891528844833374
0.8934943675994873
0.84633868932724
0.9095247387886047
0.992243766784668
0.931206464767456
0.9112315773963928
0.9648629426956177
0.9598594903945923
0.8578891754150391
0.9425575733184814
0.9420979022979736
0.8360176086425781
0.9706381559371948
0.8252582550048828
0.960338294506073
0.8862338662147522
0.9535634517669678
0.9438384771347046
1.0109180212020874
0.8979065418243408
0.948287844657898
0.955490231513977
0.8663581609725952
0.9250022172927856
0.8789418935775757
0.9325510263442993
0.8886810541152954
0.8878833055496216
0.896748423576355
0.9041067957878113
0.9348932504653931
0.9088567495346069
0.9014761447906494
1.0087238550186157
0.8855032920837402
0.9051147699356079
0.8208498954772949
0.9114009737968445
0.8871773481369019
0.9663538336753845
0.9379403591156006
0.8403142690658569
0.9207505583763123
0.8976598978042603
0.8943917155265808
0.8778595924377441
0.8818828463554382
0.9620022773742676
0.9365769624710083
0.9273632764816284
0.9374754428863525
0.9121355414390564
0.8693562746047974
0.9806023836135864
0.9314195513725281
0.9220293760299683
0.8736153244972229
0.8950228691101074
0.8731899857521057
0.8617386221885681
0.9579470157623291
0.9018694162368774
0.8852622509002686
0.9778550863265991
0.9246699810028076
0.8975886106491089
0.936327338218689
0.8583512902259827
0.8997907638549805
0.9086754322052002
0.9391845464706421
0.9823113679885864
0.9881390929222107
0.996707558631897
0.9191191792488098
0.9531289339065552
0.9188746809959412
0.9107741117477417
0.871678352355957
0.9380723237991333
0.8811442852020264
0.8634439706802368
1.0182321071624756
0.8916292190551758
0.8737325072288513
0.9164800643920898
0.8848705291748047
0.9516275525093079
0.8964579701423645
0.8814315795898438
0.9736911058425903
0.8574213981628418
0.8987439274787903
0.9180582761764526
0.9377264380455017
0.9665597677230835
0.9181830883026123
0.8704788684844971
0.8888540267944336
1.0135657787322998
0.8491543531417847
0.9028394818305969
0.9120883941650391
0.9275866746902466
0.9011353254318237
0.9381841421127319
0.9244187474250793
0.9777780175209045
1.0095559358596802
0.8927079439163208
0.8938490748405457
0.8967344760894775
0.9148538112640381
0.8448852300643921
0.9222100973129272
0.8892641067504883
0.8692967295646667
0.9259777665138245
0.9722030758857727
0.9249804615974426
0.9433599710464478
0.9433475732803345
0.8663697242736816
0.8994288444519043
0.9577979445457458
0.9018654823303223
0.8807615041732788
0.8772013783454895
0.9594947099685669
0.9847705960273743
0.8964163661003113
0.8547705411911011
0.902960479259491
0.9346218109130859
0.8972287178039551
0.9099825620651245
0.864867091178894
0.9145737886428833
0.8829593658447266
0.9293923377990723
0.9720437526702881
0.8662662506103516
1.0219619274139404
0.9188234210014343
0.9084192514419556
0.8940948247909546
0.8588507771492004
0.9719346761703491
0.910781741142273
0.8536293506622314
0.91741943359375
0.9342057704925537
0.9030388593673706
0.9271248579025269
0.9306716918945312
0.9151817560195923
0.9578838348388672
0.9339990019798279
0.8907065391540527
0.8442374467849731
0.8889236450195312
0.8969250917434692
0.9644028544425964
0.9246065616607666
0.9254181385040283
0.8499386310577393
0.9135618209838867
0.9062274098396301
0.9101735353469849
0.844167172908783
0.91259765625
0.880955696105957
0.914106547832489
0.8310251235961914
0.8757060766220093
0.9055638909339905
0.9177801609039307
0.9378740787506104
0.9298202991485596
0.9208101034164429
0.9575532078742981
0.9207980036735535
0.8756875991821289
0.9014906883239746
0.9047806262969971
0.9593262672424316
0.8461021184921265
0.9058541059494019
0.948233962059021
0.9603081941604614
0.9250865578651428
0.8722670078277588
0.9748478531837463
0.873529314994812
0.9673603177070618
0.8641073107719421
0.910313606262207
0.9882222414016724
0.8781983852386475
0.893879771232605
0.8820630311965942
0.8927839994430542
0.9296337366104126
1.0162259340286255
0.8492350578308105
0.9084687232971191
0.9009743332862854
0.8514597415924072
0.8882881999015808
0.91200190782547
0.9265737533569336
0.8922907114028931
0.8889378309249878
0.8703533411026001
0.8790596723556519
0.8750559687614441
0.9157703518867493
0.8651407957077026
0.8588919043540955
0.8847662210464478
0.8085923194885254
0.9416512250900269
0.9261101484298706
1.0113264322280884
0.9649531841278076
0.9109780192375183
0.8960052728652954
0.9680935740470886
0.9475901126861572
0.8879822492599487
0.8914769291877747
0.9788947701454163
0.9323171377182007
0.8677197098731995
0.87989342212677
0.8986866474151611
0.897361159324646
0.8848018646240234
0.8942700624465942
0.9865297079086304
0.8997584581375122
0.8369245529174805
0.8750054240226746
0.895361065864563
0.910247802734375
0.8269063234329224
1.00841224193573
0.9757372140884399
0.9809033870697021
0.8893047571182251
0.9930184483528137
0.9765239953994751
0.9350250363349915
0.8832066059112549
0.9281759262084961
0.9377747774124146
0.987541675567627
0.8445401191711426
0.9197462797164917
0.9288997650146484
0.9163973331451416
0.8570854663848877
0.9059771299362183
0.918190598487854
0.8955812454223633
0.9422434568405151
0.886432409286499
0.9047915935516357
0.8923442363739014
0.8676792979240417
0.946811318397522
0.8939154148101807
0.9017724990844727
0.8912996053695679
0.8906824588775635
0.8993613123893738
0.8727957010269165
0.8874927759170532
0.9452066421508789
0.9530649185180664
0.8620398044586182
0.9067404270172119
0.8726670742034912
0.8672025203704834
0.8655137419700623
0.9109443426132202
0.8415456414222717
0.9511662721633911
0.9195781946182251
0.9307311773300171
0.9238513708114624
0.8768419623374939
1.0127794742584229
0.941372275352478
0.9479982852935791
0.8769588470458984
0.8255684971809387
0.8829859495162964
0.9371286630630493
0.9579573273658752
0.9005230069160461
0.8894203305244446
0.9089879989624023
0.9298713803291321
0.8338793516159058
0.9306807518005371
0.8882145881652832
0.8777487277984619
0.9265035390853882
0.943145751953125
0.9237678050994873
0.8208309412002563
0.9174093008041382
0.9582343101501465
0.8588474988937378
0.881765604019165
0.9072308540344238
0.8762564063072205
0.888298749923706
0.9115737676620483
0.9063445329666138
0.8529748320579529
0.9521568417549133
0.9454126358032227
0.894113302230835
0.9122250080108643
0.8827834129333496
0.8815338611602783
0.8909553289413452
0.8379840850830078
0.9156374931335449
0.8685762882232666
0.8537293672561646
0.8891298770904541
0.9902347326278687
0.879736065864563
0.8758987784385681
0.8490839600563049
0.8881499767303467
0.8118518590927124
0.8819335699081421
1.0190629959106445
0.8877726793289185
0.9247680902481079
0.9217284917831421
0.8231068849563599
0.9001301527023315
0.9339995384216309
0.8862364888191223
0.8937610387802124
0.9229118824005127
0.8686480522155762
0.9729928970336914
0.9380853176116943
0.8324095010757446
0.8642809391021729
0.8446378111839294
0.9149191975593567
0.9069647192955017
0.9749431014060974
0.8668501377105713
0.8879785537719727
0.9045608043670654
1.0218584537506104
0.8724516034126282
0.8970934152603149
0.907435417175293
0.8835320472717285
0.8748383522033691
0.8474545478820801
0.9325410723686218
0.8648456931114197
0.8673432469367981
0.8949169516563416
0.926260232925415
0.9061394929885864
0.8590635061264038
0.884056806564331
0.8612215518951416
0.8576064109802246
0.8898031711578369
0.8447856903076172
0.9543071389198303
0.8766015768051147
0.8414145708084106
0.9007735848426819
0.9235175848007202
0.9262696504592896
0.9100533723831177
0.9213494658470154
0.9012802839279175
0.8806440830230713
0.8626765012741089
0.8674362897872925
0.8780077695846558
0.8743906617164612
0.9125508069992065
0.914341926574707
0.8786400556564331
0.9391080737113953
0.8824042677879333
0.8588049411773682
0.915770947933197
0.8868575692176819
0.7865298390388489
0.8343178033828735
0.8997278213500977
0.8312737941741943
1.024141550064087
0.9152367115020752
0.8610730767250061
0.8223354816436768
0.8390571475028992
0.8935916423797607
0.9975861310958862
0.8942090272903442
0.8565531969070435
0.9260308146476746
0.8698344826698303
0.9079336524009705
0.8583203554153442
0.9044826030731201
0.8753196001052856
0.8940633535385132
0.8957687616348267
0.8830307722091675
0.8665211200714111
0.8987500667572021
0.9286314249038696
0.8649887442588806
0.873755693435669
0.9322016835212708
0.8996523022651672
0.8564292192459106
0.8360577821731567
0.8915801048278809
0.9398013949394226
1.0153063535690308
0.9038739204406738
0.9030995965003967
0.8799686431884766
0.9078686237335205
0.8962843418121338
0.8530941605567932
0.8812565207481384
0.9990837574005127
0.8890320062637329
0.8886422514915466
0.9112250804901123
0.8307092189788818
0.9585398435592651
0.9065618515014648
0.8781642913818359
0.9000586271286011
0.9347256422042847
0.876970648765564
0.8535163402557373
0.9024260640144348
0.9182808995246887
0.9060119390487671
0.8558689951896667
0.8697692155838013
0.8871545791625977
0.9106547236442566
0.9148082733154297
0.9026169180870056
0.883020281791687
0.980174720287323
0.8291372060775757
0.8296613693237305
0.9193312525749207
0.8353337049484253
0.9051947593688965
0.952076256275177
0.8460854291915894
0.8485018014907837
0.9076247215270996
0.8905124664306641
0.8033231496810913
0.8741567134857178
0.9435961246490479
0.9131016731262207
0.8930872082710266
0.8523426055908203
0.8838003873825073
0.8965100049972534
0.9120355844497681
0.908637285232544
0.9377797842025757
1.0713984966278076
0.9544636011123657
0.8817553520202637
0.919252336025238
0.8716773390769958
0.8905066251754761
0.9145081043243408
0.892147421836853
0.893680214881897
0.9135274887084961
0.842670202255249
0.838725209236145
0.920029878616333
0.9016046524047852
0.8517352342605591
0.9083662629127502
0.8511937856674194
0.9418989419937134
0.9030153751373291
0.8337082862854004
0.9358686208724976
0.9229658246040344
0.9657313227653503
0.8444008827209473
0.8768057227134705
0.825700044631958
0.8305890560150146
0.9065561890602112
0.8021411895751953
0.892334520816803
0.8607563972473145
0.906198263168335
0.8844612836837769
0.9309438467025757
0.9046051502227783
0.9112042188644409
0.9663548469543457
0.8194525837898254
0.8766183853149414
0.9083887338638306
0.911321759223938
0.9417040348052979
0.9196839332580566
0.9233182668685913
0.95148766040802
0.8815644979476929
0.9396241903305054
0.9098079204559326
0.9308878183364868
0.9298179745674133
0.9058710336685181
0.8794256448745728
0.900558590888977
0.8808965682983398
0.8869726061820984
0.9294248819351196
0.8622398376464844
0.9058053493499756
0.9004184007644653
0.9075915813446045
0.9424315690994263
0.8731974363327026
0.8451287746429443
0.9031760692596436
0.8265516757965088
0.8826537132263184
0.8449524641036987
0.8342838287353516
0.9454842805862427
0.9939210414886475
0.8794018030166626
0.8880767226219177
0.9016917943954468
0.9345793724060059
0.9079841375350952
0.8494795560836792
0.8809628486633301
0.830400288105011
0.8344212770462036
0.868158221244812
0.9171137809753418
0.9361440539360046
0.8674874305725098
0.8946228623390198
0.8519721627235413
0.9779393672943115
0.917412519454956
0.9136216640472412
0.9847787618637085
0.9220025539398193
0.8744328022003174
0.8625802993774414
0.8527091145515442
1.0149669647216797
0.9153742790222168
0.8824897408485413
0.8347065448760986
0.8351815938949585
0.8396424055099487
0.8067639470100403
0.9225554466247559
0.8830195665359497
0.8991199731826782
0.7823691964149475
0.8551609516143799
0.8869596123695374
0.9627087116241455
0.9292247891426086
0.9740481376647949
0.8507955074310303
0.8696142435073853
0.8627479076385498
0.8573899269104004
0.7850333452224731
0.8863276839256287
0.8825440406799316
0.8420346975326538
0.9048823118209839
0.9253921508789062
0.9291112422943115
0.9456939697265625
0.8908957242965698
0.8812519311904907
0.8808778524398804
0.934777021408081
0.9576784372329712
0.8637390732765198
0.9144020676612854
0.8440861701965332
0.8374668955802917
0.7987764477729797
0.8205981254577637
0.9083356857299805
0.8963286876678467
0.8810211420059204
0.8753067255020142
0.9105959534645081
0.9248188734054565
0.8334882259368896
0.8366729617118835
0.904803991317749
0.8945634365081787
0.8282418251037598
0.8950756788253784
0.8580254316329956
0.8517967462539673
0.9247217178344727
0.8690682649612427
0.8898069858551025
0.9161090850830078
0.8553582429885864
0.9185823202133179
0.8906080722808838
0.8433218002319336
0.9247344732284546
0.8826884031295776
0.8319820165634155
1.0159416198730469
0.8110958337783813
0.8692588806152344
0.8929632902145386
0.8462945222854614
0.8706641793251038
0.9305853843688965
0.8488261699676514
0.8491978645324707
0.8716294765472412
0.9361496567726135
0.8848897218704224
0.8836321830749512
0.8606667518615723
0.8639854788780212
0.9038712978363037
0.8786613941192627
0.8918436169624329
1.043750286102295
0.8978067636489868
0.8803300261497498
0.8525136709213257
1.003695011138916
0.9636414051055908
0.9811120629310608
0.8873302936553955
0.9126938581466675
0.8859041333198547
0.8795408010482788
0.9028890132904053
0.9103618264198303
0.8799747228622437
0.8492511510848999
0.8832436203956604
0.9754742980003357
0.8522794246673584
0.8889768123626709
0.868951678276062
0.9054324626922607
0.860602617263794
0.8191320300102234
0.9018893241882324
0.9572509527206421
0.8899879455566406
0.9067937135696411
0.8646608591079712
0.8575662970542908
0.8937280178070068
0.8507431745529175
0.8634378910064697
0.8942776918411255
0.9354882836341858
0.9452582597732544
0.9496846795082092
0.9119938611984253
0.8549407720565796
0.8428100943565369
0.8497815728187561
0.8735288381576538
0.8962357640266418
0.8336691856384277
0.9149347543716431
0.8526005744934082
1.0015907287597656
0.9841649532318115
0.8543789386749268
0.9029854536056519
0.8624577522277832
0.9053975343704224
0.9030406475067139
0.8789591789245605
0.9121688604354858
0.8921017646789551
0.8868754506111145
0.907508373260498
0.8462755680084229
0.882686972618103
0.9760626554489136
0.9130182266235352
0.9363130331039429
0.8894728422164917
0.934242308139801
0.9556896686553955
0.8922008275985718
0.8947930932044983
0.8506775498390198
1.0224649906158447
0.885877251625061
0.8415611982345581
0.8189023733139038
0.8177860379219055
0.8993320465087891
0.868155837059021
0.840890645980835
0.9124042987823486
0.9072644114494324
0.8596330881118774
0.9878137707710266
0.8994454145431519
0.8620866537094116
0.9102715253829956
0.8302452564239502
0.8662398457527161
0.8843232989311218
0.8856053352355957
0.9005365371704102
0.8718267679214478
0.9435924291610718
0.9360533952713013
0.8749959468841553
0.9246501922607422
0.8606730699539185
0.8763775825500488
0.8929322957992554
0.9247959852218628
0.885055422782898
0.8833605051040649
0.8703197836875916
0.8706949949264526
0.8517247438430786
0.8696326613426208
0.8646723031997681
0.8203470706939697
0.9023257493972778
0.844912588596344
0.9101120233535767
0.8881425857543945
0.8624937534332275
0.8357784748077393
0.9037474393844604
0.8562350273132324
0.8436961770057678
0.9037044644355774
0.8466068506240845
0.8763409852981567
0.9376200437545776
0.8339888453483582
0.9555861949920654
0.8864341974258423
0.9166543483734131
0.9220602512359619
0.895180881023407
0.8645209074020386
0.8518925309181213
0.845910906791687
0.8498024344444275
0.9659423828125
0.9222636222839355
0.9392620325088501
0.8360608220100403
0.8833686113357544
0.8577386140823364
0.840401291847229
0.8481969237327576
0.8210433721542358
0.8844737410545349
0.8759665489196777
0.884844183921814
0.9269259572029114
0.8617547750473022
0.8660377264022827
0.8169881105422974
0.8632781505584717
0.8599543571472168
0.8665031790733337
0.8533647060394287
0.8947154879570007
0.9799689650535583
0.8992570638656616
0.8393791913986206
0.8328545093536377
0.9115645885467529
0.8498282432556152
0.9692249298095703
0.8529570698738098
0.8400731086730957
0.8468911647796631
0.8562308549880981
0.9057859778404236
0.8615250587463379
0.961827278137207
0.8829586505889893
0.9481230974197388
0.9270471334457397
0.8996840715408325
0.9154574871063232
0.9858672618865967
0.8353313207626343
0.864391028881073
0.8607994318008423
0.9442329406738281
0.9029300808906555
0.9149672985076904
0.9331753849983215
0.8871880769729614
1.085611343383789
0.9060114622116089
0.8996058702468872
0.8981302976608276
0.8118770122528076
0.835035502910614
0.821720540523529
0.8411833047866821
0.8885931968688965
0.876651406288147
0.9133617281913757
0.8819437623023987
0.827983021736145
0.8579006195068359
0.8558679223060608
0.8806977272033691
0.8332278728485107
0.8441950082778931
0.8942115306854248
0.9108603596687317
0.8617709875106812
0.8459903001785278
0.9467428922653198
0.829025387763977
0.8862279057502747
0.8420768976211548
0.9141706228256226
0.8988130688667297
0.8723481297492981
0.9024298191070557
0.9722712635993958
0.9693172574043274
0.9023531675338745
0.9074820280075073
0.8759003281593323
0.8320865631103516
0.8322105407714844
0.9066340327262878
0.8164788484573364
0.9729158878326416
0.8447973728179932
0.8626699447631836
0.8673827052116394
0.8622826933860779
0.8757465481758118
0.8587127923965454
0.8928248882293701
0.8406320810317993
0.8501648902893066
0.8237748742103577
0.8733102679252625
0.9164478778839111
0.8894667029380798
0.9263351559638977
0.8045094013214111
0.8344879746437073
0.9150267839431763
0.8499720096588135
0.9014982581138611
0.9547373056411743
0.9111189842224121
0.8219202160835266
0.9287524223327637
0.8080604076385498
0.7927370071411133
0.8634130358695984
0.9264693260192871
0.8930639624595642
0.9342558979988098
0.8916323781013489
0.9504740238189697
0.9079235792160034
0.8636142015457153
0.8352391123771667
0.8641551733016968
0.8326383829116821
0.8314666748046875
0.9599767923355103
0.8525362014770508
0.9179960489273071
0.8497809171676636
0.8915834426879883
0.9007993340492249
0.9299018383026123
0.8495322465896606
0.9081841707229614
0.8868756294250488
0.8256341218948364
0.9116687774658203
0.9637517929077148
0.8488462567329407
0.8961383104324341
0.8959721326828003
0.8326832056045532
0.8766406178474426
0.878303050994873
0.9005321860313416
0.9273123145103455
0.8507883548736572
0.8630143404006958
0.8528637886047363
0.9302549958229065
0.8540210723876953
0.8817113637924194
0.873938798904419
0.8559286594390869
0.9269707202911377
0.8778622150421143
0.9288376569747925
0.9360488653182983
0.8919205665588379
0.9382280707359314
0.9120256304740906
0.8815523982048035
0.858020544052124
0.8789627552032471
0.9544016122817993
0.8784773349761963
0.8900198936462402
0.8140345215797424
0.8820147514343262
0.9301835298538208
0.9182489514350891
0.9141287803649902
0.8487956523895264
0.8566250801086426
0.8173398971557617
0.886304497718811
0.8686293959617615
0.8958486318588257
0.8840417861938477
0.8086330890655518
0.9102550148963928
0.8395738005638123
0.8339270949363708
0.9041580557823181
0.9021835923194885
0.8207225799560547
0.9256949424743652
0.9169198274612427
0.8601998686790466
0.9265255928039551
0.9252809286117554
0.9148068428039551
0.9448055624961853
0.8662012815475464
0.8403418064117432
0.876697301864624
0.8989287614822388
0.8588480949401855
0.8681029081344604
0.9041308760643005
0.8903210759162903
0.9562170505523682
0.8721936941146851
0.8353523015975952
0.8776705265045166
0.8695418834686279
0.8862305879592896
0.9091498255729675
0.8073428273200989
0.8242806792259216
0.8441768884658813
0.9898877739906311
0.8258239030838013
0.9537079334259033
0.9095109105110168
0.9732544422149658
0.8876209855079651
0.8736288547515869
0.8343597650527954
0.8754245042800903
0.8463170528411865
0.8455826044082642
0.9059383273124695
0.9395217895507812
0.9229596853256226
0.808042049407959
0.8213185667991638
0.8417218923568726
0.8333841562271118
0.8800307512283325
0.8364959359169006
0.8111771941184998
0.8700947761535645
0.8365299701690674
0.9158207178115845
0.8266428709030151
0.8789434432983398
0.8690321445465088
0.8506395220756531
0.8809009790420532
0.9256312847137451
0.8887792229652405
0.9063224792480469
0.8803955316543579
0.900469183921814
0.8841992616653442
0.8222490549087524
0.8618665933609009
0.8925131559371948
0.8953437805175781
0.8858400583267212
0.8382656574249268
0.901119589805603
0.8647613525390625
0.8947154879570007
0.820661187171936
0.8460791110992432
0.8542521595954895
0.8455674648284912
0.8652024269104004
0.8250231742858887
0.8855587840080261
0.7925877571105957
0.8947150707244873
0.8606401085853577
0.8902730941772461
0.8987743258476257
0.8699097633361816
0.923325777053833
0.9199751615524292
0.885906457901001
0.8517009615898132
0.9163833260536194
0.8565285205841064
0.9129423499107361
0.8622735142707825
0.8381701707839966
0.8675971031188965
0.9207150936126709
0.9265824556350708
0.8789201974868774
0.8180278539657593
0.8634226322174072
0.8706774115562439
0.9015740752220154
0.8292484879493713
0.8246030807495117
0.8658868074417114
0.8484165668487549
0.8566726446151733
0.8971604108810425
0.8856210112571716
0.8165058493614197
0.8917170763015747
0.9786560535430908
0.838097095489502
0.8819499611854553
0.8919286727905273
0.8257865905761719
0.826915442943573
0.9675819873809814
0.8253738880157471
0.863084077835083
0.8146278858184814
0.8511157035827637
0.9715074896812439
0.858603835105896
0.8793858289718628
0.9045288562774658
0.8750765323638916
0.897104799747467
0.8428131341934204
0.8800681233406067
0.8287742137908936
0.8593626022338867
0.8870071768760681
0.864783763885498
0.8722349405288696
0.8598302602767944
0.8575706481933594
0.851111888885498
0.8270496129989624
0.9474385976791382
0.9134088754653931
0.8324220180511475
0.8683196306228638
0.8644408583641052
0.8731966614723206
0.9770095944404602
0.9036659002304077
0.8325725793838501
0.8401284217834473
0.8797542452812195
0.8328813910484314
0.8853199481964111
0.9505527019500732
0.8559771776199341
0.8424292802810669
0.8854384422302246
0.8748685121536255
0.9061410427093506
0.9334615468978882
0.9859790802001953
0.8998605012893677
0.8227031826972961
0.8898195624351501
0.8445378541946411
0.9091643691062927
0.8846005797386169
0.9089295268058777
0.9358934164047241
0.8566484451293945
0.8406330943107605
0.9084954261779785
0.8877084255218506
0.8229018449783325
0.8049577474594116
0.805025577545166
0.9258350133895874
0.8757664561271667
0.8192968368530273
0.8890393972396851
0.8118637800216675
0.9326509237289429
0.8524357080459595
0.9164402484893799
0.9463936686515808
0.8665728569030762
0.8428130149841309
0.9026265144348145
0.88742995262146
0.8729758262634277
0.8769569993019104
0.804612398147583
0.8896579742431641
0.8972035646438599
0.9373681545257568
0.883644700050354
0.8780804872512817
0.851833164691925
0.8403644561767578
0.8832589387893677
0.9414122104644775
0.8402472734451294
0.8606458306312561
0.8744065761566162
0.8486322164535522
0.9179585576057434
0.893161952495575
0.896808385848999
0.8971598148345947
0.9128038883209229
0.9002252817153931
0.8361887335777283
0.8888775706291199
0.8804173469543457
0.8517513275146484
0.8376105427742004
0.8321651220321655
0.8573068380355835
0.8411016464233398
0.8588732481002808
0.9134831428527832
0.9223024845123291
0.8899707198143005
0.9325322508811951
0.8338717222213745
0.8904262781143188
0.9021044969558716
0.9442116022109985
0.8359615802764893
0.8610899448394775
0.883777916431427
0.9583950042724609
0.85999596118927
0.8840991258621216
0.9711705446243286
0.8242279291152954
0.8888363838195801
0.8909531235694885
0.8280344009399414
0.9317992925643921
0.9898509979248047
0.891579270362854
0.7848028540611267
0.8188721537590027
0.8245981931686401
0.9160701036453247
0.921078622341156
0.8984565734863281
0.8604836463928223
0.8913832902908325
0.8696351051330566
0.9816074371337891
0.8676191568374634
0.8804082870483398
0.8417404294013977
0.8582862615585327
0.8734636306762695
0.8359767198562622
0.8808271884918213
0.8788081407546997
0.9473726153373718
0.876227855682373
0.8720197677612305
0.8743446469306946
0.8953216671943665
0.917954683303833
0.8579434752464294
0.8645408749580383
0.8569483757019043
0.882055938243866
0.8489911556243896
0.9004376530647278
0.8724389672279358
0.8169702887535095
0.8542120456695557
0.8073654770851135
0.8920952081680298
0.7841701507568359
0.986716628074646
0.9100632667541504
0.8931219577789307
0.8189473748207092
0.8701796531677246
0.8639094829559326
0.8511795401573181
0.8447384834289551
0.986858069896698
0.8247482776641846
0.8915283679962158
0.9158825874328613
0.8549696207046509
0.9000433087348938
0.9031257629394531
0.8206325769424438
0.8240135908126831
0.833433985710144
0.8883353471755981
0.8329895734786987
0.8614904880523682
0.8773034811019897
0.8577701449394226
0.8136225938796997
0.8592149019241333
0.8768808841705322
0.8731589913368225
0.7980741262435913
0.8910567760467529
0.8775510787963867
0.8601545095443726
0.9017857313156128
0.870517909526825
0.8182740807533264
0.9325065612792969
0.9197431802749634
0.9515064358711243
0.8850773572921753
0.8541979789733887
0.900833785533905
0.8555781841278076
0.9374624490737915
0.869086503982544
0.8696382641792297
0.9396104216575623
0.7970428466796875
0.866274356842041
0.846009373664856
0.8747292757034302
0.8610355854034424
0.8353787660598755
0.794064998626709
0.850443959236145
0.940902590751648
0.8137937784194946
0.9098212122917175
0.8659785985946655
0.9000945091247559
0.8261340856552124
0.8892723321914673
0.8388122320175171
0.8292885422706604
0.8298324346542358
0.8775515556335449
0.8880833387374878
0.8575295209884644
0.8036249876022339
0.8128782510757446
0.8132076859474182
0.8443340063095093
0.8988825082778931
0.8056426048278809
0.8234188556671143
0.8069601655006409
0.8311640024185181
0.8216704726219177
0.8423024415969849
0.8136239647865295
0.7945549488067627
0.8442696928977966
0.8987818956375122
0.9062539935112
0.8817030787467957
0.8341224193572998
0.8944345712661743
0.8751158714294434
0.878865122795105
0.8453441858291626
0.9020785093307495
0.8578169345855713
0.8063609600067139
0.9136013388633728
0.9178563952445984
0.8745723962783813
0.8880271911621094
0.8595684170722961
0.9363579154014587
0.8998054265975952
0.9266954660415649
0.7896531820297241
0.8989691734313965
0.8877326250076294
0.8073875308036804
0.8270329236984253
0.7708895206451416
0.8959512710571289
0.918867826461792
0.8953446745872498
0.9642060995101929
0.8331792950630188
0.8354263305664062
0.8729310035705566
0.8805292248725891
0.8224684000015259
0.8614094853401184
0.8295180797576904
0.812567949295044
0.9066101908683777
0.8349268436431885
0.9308096170425415
0.8301539421081543
0.8514102697372437
0.9021545648574829
0.9330836534500122
0.8647761344909668
0.8973429799079895
0.8867384195327759
0.8439921140670776
0.8743631839752197
0.882945716381073
0.8185141086578369
0.8628758192062378
0.9355958700180054
0.923689603805542
0.8765438795089722
0.9601771235466003
0.8665375709533691
0.9466506838798523
0.8790490627288818
0.8536102771759033
0.8651694059371948
0.831330418586731
0.925265908241272
0.9082386493682861
0.8788096904754639
0.8538881540298462
0.8151195049285889
0.8909794688224792
0.8488751649856567
0.8998478651046753
0.8093600273132324
0.8436881303787231
0.8700394630432129
0.8608011603355408
0.8772408962249756
0.8660868406295776
0.8837012052536011
0.8831884264945984
0.8552417755126953
0.8560750484466553
0.861115574836731
0.8691905736923218
0.841463565826416
0.8492036461830139
0.934694766998291
0.8685132265090942
0.8148527145385742
0.858569860458374
0.8694408535957336
0.9784979820251465
0.895459771156311
0.8879875540733337
0.8569554090499878
0.9290891885757446
0.8885928392410278
0.8468881845474243
0.8889437317848206
0.8193175792694092
0.8345283269882202
0.8284554481506348
0.9064720869064331
0.9166189432144165
0.8538201451301575
0.933057963848114
0.8602268695831299
0.8629814386367798
0.8063247799873352
0.8635922074317932
0.790042519569397
0.8475404381752014
0.8215363025665283
0.8596944808959961
0.8366128206253052
0.847313642501831
0.8322983980178833
0.9179558157920837
0.9081234931945801
0.9039744138717651
0.876233696937561
0.8342758417129517
0.8918167352676392
0.8256205320358276
0.8509784936904907
0.8668051958084106
0.8307074308395386
0.8371913433074951
0.9668182134628296
0.8623191118240356
0.8242624402046204
0.909058690071106
0.9174913167953491
0.9743747711181641
0.8591122627258301
0.8682693243026733
0.885027289390564
0.8292397260665894
0.8716079592704773
0.8162291049957275
0.8110654354095459
0.8863859176635742
0.9001392126083374
0.8589873909950256
0.9024442434310913
0.9014331698417664
0.9147962331771851
0.9287370443344116
0.847443163394928
0.7983863949775696
0.8229626417160034
0.8299401998519897
0.8645912408828735
0.9429985284805298
0.9046496152877808
0.8970732688903809
0.9406812787055969
0.8537013530731201
0.8279473781585693
0.864719808101654
0.8785369396209717
0.8234966993331909
0.8520760536193848
0.8498650193214417
0.8815402984619141
0.9075798988342285
0.8230141997337341
0.9279874563217163
0.8828219175338745
0.9111012816429138
0.8718200325965881
0.8452563285827637
0.8704045414924622
0.8863250613212585
0.9278883337974548
0.8129314184188843
0.8678739666938782
0.9430742263793945
0.809894323348999
0.9061658382415771
0.8609943389892578
0.82713782787323
0.9042018055915833
0.9005796909332275
0.8280728459358215
0.8859430551528931
0.9076515436172485
0.8202745318412781
0.8846466541290283
0.8318600654602051
0.9013563394546509
0.8732578754425049
0.8733881711959839
0.8025222420692444
0.8116859793663025
0.8916351199150085
0.8635429739952087
0.9366215467453003
0.7887676358222961
0.8538869619369507
0.8326425552368164
0.851844310760498
0.8610324859619141
0.8684179782867432
0.8324577808380127
0.910670816898346
0.8791153430938721
0.8271394968032837
0.9958211183547974
0.8617110848426819
0.8313162922859192
0.8254315853118896
0.8308178782463074
0.8153467774391174
0.8642978668212891
0.8439012169837952
0.9022163152694702
0.7935426235198975
0.8707230091094971
0.8865756988525391
0.8890787363052368
0.8132410645484924
0.8450789451599121
0.816012442111969
0.9086381196975708
0.8542769551277161
0.8732866048812866
0.801120936870575
0.8410665988922119
0.8543462753295898
0.8157210350036621
0.799494206905365
0.7858379483222961
0.8376355171203613
0.8190523386001587
0.8976162672042847
0.8412853479385376
0.8208688497543335
0.8164393901824951
0.9041849374771118
0.8754446506500244
0.8433737754821777
0.9100171327590942
0.8236021995544434
0.8775674104690552
0.8984078764915466
0.8077547550201416
0.9060949087142944
0.891377866268158
0.7995861768722534
0.8305608630180359
0.8825879096984863
0.8242778778076172
0.8495287895202637
0.866017758846283
0.8553380966186523
0.820944607257843
0.768703818321228
0.8966699838638306
0.8114573955535889
0.8481426239013672
0.8634724617004395
0.8649945259094238
0.8395718336105347
0.8820792436599731
0.9155092239379883
0.8817092180252075
0.88657146692276
0.8633978366851807
0.8228744268417358
0.8667101860046387
0.860571026802063
0.8460413217544556
1.0243083238601685
0.8501681685447693
0.8463926315307617
0.9128214120864868
0.8476434350013733
0.8999559879302979
0.8412415981292725
0.8005622625350952
0.8596899509429932
0.8504044413566589
0.8504400253295898
0.934749186038971
0.92010498046875
0.891604483127594
0.8872640132904053
0.8982354402542114
0.8002845644950867
1.0036733150482178
0.9401870965957642
0.8193734884262085
0.8626223206520081
0.8226313591003418
0.9879289865493774
0.8183672428131104
0.8397424817085266
0.8599653244018555
0.8817034959793091
0.8255096673965454
0.8328685760498047
0.8159112930297852
0.9187085628509521
0.8230953216552734
0.8316701650619507
0.8573591709136963
0.9720683097839355
0.8335212469100952
0.85703444480896
0.879881739616394
0.8671944737434387
0.8520220518112183
0.8941749334335327
0.8934667110443115
0.87232905626297
0.8092573881149292
0.8662478923797607
0.8423318266868591
0.8426655530929565
0.8454488515853882
0.8932915925979614
0.8156317472457886
0.7717339992523193
0.8180025219917297
0.8488318920135498
0.8560400009155273
0.8860923051834106
0.8748356103897095
0.8233506679534912
0.8387497067451477
0.893835186958313
0.8078850507736206
0.8675066828727722
0.8494914770126343
0.9266595244407654
0.9060248136520386
0.850949764251709
0.8854328393936157
0.9225554466247559
0.8279586434364319
0.8505674600601196
0.8339515328407288
0.8656725883483887
0.8585412502288818
0.8323981761932373
0.8234164118766785
0.9138151407241821
0.8037391901016235
0.9903368353843689
0.8714486360549927
0.8725622296333313
0.8486652374267578
0.8630896806716919
0.8743219971656799
0.8698800802230835
0.8326932191848755
0.9101054072380066
0.8708091974258423
0.8743351101875305
0.8272750377655029
0.8441286087036133
0.8957695960998535
0.8720946311950684
0.8216145038604736
0.7885289788246155
0.885986328125
0.8523123264312744
0.8263760209083557
0.8925079107284546
0.7910821437835693
0.8214015960693359
0.874428391456604
0.815617561340332
0.7840876579284668
0.8380811214447021
0.98399817943573
0.8682398796081543
0.8341159820556641
0.8510600328445435
0.8404041528701782
0.8884273767471313
0.8971195220947266
0.8770293593406677
0.8228650093078613
0.8893166780471802
0.8443301916122437
0.907030463218689
0.8640466928482056
0.9214832782745361
0.8426688313484192
0.9077544808387756
0.8830908536911011
0.8572065830230713
0.8364149332046509
0.8315504789352417
0.8080377578735352
0.8694894909858704
0.8452365398406982
0.8065618276596069
0.8116285800933838
0.9442256689071655
0.9153309464454651
0.8749406337738037
0.9115164279937744
0.8079625368118286
0.8837406635284424
0.8083297610282898
0.9114949703216553
0.8787767887115479
0.9091632962226868
0.951754093170166
0.8558136224746704
0.86474609375
0.8057026863098145
0.8506639003753662
0.9768675565719604
0.8743770122528076
0.8634820580482483
0.8268071413040161
0.9544066786766052
0.8063821792602539
0.8083510398864746
0.866207480430603
0.8451533317565918
0.8239332437515259
0.8100719451904297
0.8285859227180481
0.8743177652359009
0.8346361517906189
0.8841843008995056
0.8311912417411804
1.0485821962356567
0.8333712220191956
0.9096676111221313
0.8112667798995972
0.8900085091590881
0.8658970594406128
0.8936120271682739
0.8237600326538086
0.8481647968292236
0.9042668342590332
0.8263435959815979
0.861025333404541
0.8228340744972229
0.906424880027771
0.7743486762046814
0.8746886253356934
0.8050059080123901
0.8255081176757812
0.8489277362823486
0.9122228026390076
0.9003828167915344
0.9146326780319214
0.8468358516693115
0.8308143019676208
0.8827511072158813
0.9477453231811523
0.8688277006149292
0.8920403122901917
0.9094866514205933
0.8484612703323364
0.8987449407577515
0.8151589632034302
0.8064762353897095
0.9016464352607727
0.788307785987854
0.847804069519043
0.9023903608322144
0.8082255721092224
0.8178737759590149
0.888809084892273
0.8488827347755432
0.8592989444732666
0.8513088226318359
0.91197669506073
0.7972886562347412
0.8126471042633057
0.843558669090271
0.8401573896408081
0.910885214805603
0.8367598056793213
0.8386311531066895
0.844220757484436
0.8325299024581909
0.8280878663063049
0.9071020483970642
0.8158555030822754
0.8563833236694336
0.7717649936676025
0.7898492813110352
0.8641912341117859
0.8039956092834473
0.8475664258003235
0.8793081045150757
0.8806164264678955
0.8140268325805664
0.9142602682113647
0.9094758629798889
0.8694379329681396
0.8601865768432617
0.8488426208496094
0.8819090127944946
0.9043159484863281
0.8567653894424438
0.8602597713470459
0.9288605451583862
0.8451690077781677
0.8091838359832764
0.9698156714439392
0.8203293085098267
0.8988562226295471
0.8092348575592041
0.8565430045127869
0.9019551873207092
0.8747265338897705
0.8772403001785278
0.8120936155319214
0.8318822383880615
0.7981029152870178
0.8417953252792358
0.8519248962402344
0.7990143299102783
0.802302360534668
0.8395788669586182
1.000606894493103
0.7948746681213379
0.8779184818267822
0.8550904393196106
0.872309684753418
0.8104013204574585
0.8912684321403503
0.8110790252685547
0.89197838306427
0.820102334022522
0.8252182602882385
0.8373082280158997
0.8202966451644897
0.8481838703155518
0.8147976398468018
0.816098690032959
0.80143803358078
0.9367507100105286
0.8575326204299927
0.9114053249359131
0.8677743673324585
0.8645237684249878
0.8797864317893982
0.8612288236618042
0.8361795544624329
0.8033363819122314
0.8053672313690186
0.8501521348953247
0.7981865406036377
0.8447084426879883
0.8825003504753113
0.9423204660415649
0.8715212345123291
0.8436249494552612
0.8915579915046692
0.8663772940635681
0.8193540573120117
0.846220850944519
0.8305704593658447
0.8460598587989807
0.7985007166862488
0.9115951657295227
0.8054881691932678
0.8127943873405457
0.8725472092628479
0.8535343408584595
0.8115921020507812
0.882376492023468
0.8555809855461121
0.8457512855529785
0.8763236999511719
0.8590818643569946
0.8402036428451538
0.8554514646530151
0.8177495002746582
0.8388219475746155
0.9914652705192566
0.8572177886962891
0.7884225249290466
0.860103189945221
0.8222545385360718
0.8154220581054688
0.9154702425003052
0.7605761289596558
0.9758085012435913
0.8418772220611572
0.8620322942733765
0.8741030693054199
0.8544938564300537
0.8522394895553589
0.8855489492416382
0.8646248579025269
0.8858592510223389
0.9231398105621338
0.84150230884552
0.7920575141906738
0.8410680294036865
0.8209575414657593
0.8224442601203918
0.8251503705978394
0.8449373841285706
0.8298342227935791
0.9004160165786743
0.8095431327819824
0.8889822959899902
0.8544472455978394
0.7900863289833069
0.7917680144309998
0.821891725063324
0.8389028310775757
0.8753111362457275
0.8377513885498047
0.8673610687255859
0.8943185210227966
0.8411765098571777
0.8446286916732788
0.8503207564353943
0.8143436908721924
0.8166021704673767
0.839803159236908
0.8707040548324585
0.8319774866104126
0.814694881439209
0.9005193710327148
0.77553391456604
0.800578236579895
0.8902349472045898
0.8353577852249146
0.8916910290718079
0.8079624772071838
0.8766785860061646
0.8300592303276062
0.81791752576828
0.8395203351974487
0.8447593450546265
0.811985969543457
0.8166567087173462
0.9182618260383606
0.8152203559875488
0.8888509273529053
0.8840913772583008
0.8256426453590393
0.8682162761688232
0.8670021295547485
0.7963982820510864
0.8283965587615967
0.8697776794433594
0.9018956422805786
0.894252359867096
0.7863949537277222
0.8335278034210205
0.8772815465927124
0.8111268281936646
0.8293609619140625
0.8868516683578491
0.8565974831581116
0.8660292029380798
0.823498547077179
0.8960062265396118
0.9788737297058105
0.8666765689849854
0.842445969581604
0.8769990801811218
0.8878211975097656
0.8678801655769348
0.935997486114502
0.8872789740562439
0.8175882697105408
0.8597091436386108
0.8368407487869263
0.8264816999435425
0.861941933631897
0.8167250156402588
0.8171870708465576
0.8514322638511658
0.8684146404266357
0.9379837512969971
0.7816409468650818
0.9021336436271667
0.8738024234771729
0.8944737315177917
0.8404251933097839
0.9065588712692261
0.8644530177116394
0.8304914832115173
0.9927716255187988
0.9430569410324097
0.8230374455451965
0.8373287916183472
0.8292196989059448
0.8741605281829834
0.9208482503890991
0.8863229751586914
0.8082790374755859
0.892611026763916
0.8836847543716431
0.8526679277420044
0.8251696825027466
0.883733868598938
0.8581515550613403
0.822189211845398
0.852112889289856
0.8225120902061462
0.9133074283599854
0.9117937088012695
0.8290380239486694
0.8433846235275269
0.805309534072876
0.833363950252533
0.8466483950614929
0.8057376146316528
0.8373547196388245
0.9399150609970093
0.8876506090164185
0.9202531576156616
0.8248358964920044
0.8237341046333313
0.8368050456047058
0.8517838716506958
0.8451900482177734
0.7984122633934021
0.8149783611297607
0.7992610931396484
0.9844095706939697
0.8704820871353149
0.7997370362281799
0.8413102030754089
0.8878788948059082
0.8362523317337036
0.9193707704544067
0.7840348482131958
0.8247984647750854
0.8648452758789062
0.8479015827178955
0.846396267414093
0.9157798290252686
0.8524596691131592
0.8838010430335999
0.8956220149993896
0.8275874853134155
0.8609253168106079
0.8295554518699646
0.8226110935211182
0.8911416530609131
0.8489566445350647
0.8172951936721802
0.8790409564971924
0.8543606996536255
0.840607762336731
0.830535352230072
0.8293181657791138
0.8889523148536682
0.8530460596084595
0.8369833827018738
0.8576090335845947
0.7997614145278931
0.791790246963501
0.9198253154754639
0.8387835025787354
0.8118345737457275
0.8251255750656128
0.7936683893203735
0.8622552156448364
0.8656640648841858
0.8707050085067749
0.8244037628173828
0.9160853028297424
0.9203503727912903
0.8437176942825317
0.8972946405410767
0.8300670385360718
0.8997375965118408
0.8430812954902649
0.9190771579742432
0.8229202032089233
0.8884202241897583
0.7928400635719299
0.8659745454788208
0.8631117939949036
0.858515202999115
0.8760983943939209
0.8247301578521729
0.8046685457229614
0.886218786239624
0.8920935392379761
0.7869090437889099
0.8283931612968445
0.8633885383605957
0.8059800863265991
0.8726785182952881
0.9119719862937927
0.7847473621368408
0.825188398361206
0.8553025722503662
0.8694725036621094
0.9321091771125793
0.8548671007156372
0.8556029796600342
0.8717393279075623
0.8496060371398926
0.7897896766662598
0.8889249563217163
0.8083014488220215
0.8420921564102173
0.9187299013137817
0.8638288974761963
0.7927735447883606
0.8108958005905151
0.8395692110061646
0.8565819263458252
0.784814715385437
0.8674831390380859
0.8643652200698853
0.8154667615890503
0.8874287605285645
0.868538498878479
0.8450543880462646
0.8243264555931091
0.8976206183433533
0.857475221157074
0.8272185325622559
0.8258037567138672
0.7788388729095459
0.8111138343811035
0.8288794755935669
0.7892179489135742
0.8383111953735352
0.8446125388145447
0.8783701658248901
0.8299689888954163
0.8377302885055542
0.7813841700553894
0.8058432340621948
0.9244628548622131
0.8330495357513428
0.8608813285827637
0.8798741102218628
0.8524379730224609
0.8717297315597534
0.851994514465332
0.8407912254333496
0.8301602005958557
0.8783283233642578
0.8450617790222168
0.8375735282897949
0.8293859958648682
0.8404616117477417
0.9046140909194946
0.8477011322975159
0.8021087050437927
0.8735697269439697
0.8494886159896851
0.8262637853622437
0.8190848231315613
0.8123903274536133
0.8590098023414612
0.8452861309051514
0.8277643918991089
0.868839681148529
0.8919025659561157
0.8324640989303589
0.8507454991340637
0.7800894975662231
0.8536933660507202
0.8490744829177856
0.7925470471382141
0.8615932464599609
0.7983160614967346
0.8427485227584839
0.8204275369644165
0.8356949090957642
0.8371204137802124
0.836226224899292
0.8487503528594971
0.791773796081543
0.8687149286270142
0.8236004114151001
0.8753319978713989
0.7955886125564575
0.8579932451248169
0.879240870475769
0.8464946746826172
0.8702933192253113
0.9007394909858704
0.9559422731399536
0.7989972829818726
0.8529521226882935
0.8628599643707275
0.788892388343811
0.8521043062210083
0.8249292969703674
0.809590220451355
0.8231284022331238
0.9290249347686768
0.8359518051147461
0.8048123121261597
0.824427604675293
0.7784072160720825
0.8714724779129028
0.847935676574707
0.8408952951431274
0.8963090181350708
0.7896740436553955
0.747184157371521
0.8448801040649414
0.8220813274383545
0.8489224910736084
0.8966258764266968
0.7752333283424377
0.807523250579834
0.8921265602111816
0.8381854295730591
0.7958492040634155
0.7941907644271851
0.7717801928520203
0.940086841583252
0.8017228841781616
0.8322270512580872
0.8732139468193054
0.8701989054679871
0.861804187297821
0.7939695715904236
0.8126857280731201
0.8265918493270874
0.806386411190033
0.839076042175293
0.8301182389259338
0.7949715256690979
0.8993579149246216
0.838882327079773
0.8558001518249512
0.8614801168441772
0.9689983129501343
0.7895433902740479
0.8273287415504456
0.8538050651550293
0.8923141956329346
0.8084213137626648
0.8522605895996094
0.7797555923461914
0.8072296380996704
0.8377279043197632
0.8655388951301575
0.8149056434631348
0.8452128171920776
0.8468440771102905
0.8280256986618042
0.8188251256942749
0.8935778141021729
0.8800375461578369
0.7737007141113281
0.8130976557731628
0.8221327066421509
0.9139477014541626
0.84454345703125
0.9582272171974182
0.8709809184074402
0.8132296204566956
0.8581089973449707
0.7843267917633057
0.9025981426239014
0.7677117586135864
0.8172982335090637
0.8442160487174988
0.8593224287033081
