0.4074666674435139
0.46146666884422305
0.4945333358645439
0.48853333324193954
0.5373333314061165
0.5365333369374276
0.5725333350896835
0.5704000008106231
0.5656000021100044
0.5840000027418136
0.6028000018000603
0.621200000345707
0.6153333359956741
0.6169333329796791
0.6203999987244606
0.6155999997258186
0.6266666689515114
0.6258666652441025
0.6281333369016647
0.6348000007867813
0.6452000001072884
0.6374666658043862
0.635866668522358
0.6424000000953675
0.6502666661143303
0.6337333339452743
0.6545333331823349
0.6667999970912933
0.659600000679493
0.6421333283185959
0.6561333328485489
0.6682666677236557
0.6629333332180977
0.6806666696071625
0.6661333304643631
0.6673333328962326
0.685733333826065
0.6743999990820885
0.6769333344697952
0.6829333347082138
0.6792000010609627
0.6798666679859161
0.6746666684746743
0.6905333364009857
0.6856000024080277
0.6888000026345253
0.6951999977231026
0.6834666687250137
0.6829333320260048
0.6775999999046326
0.7034666654467583
0.688399997651577
0.6921333339810372
0.6980000022053718
0.6945333349704742
0.6929333347082138
0.7029333341121674
0.7034666666388512
0.7222666656970977
0.6914666673541069
0.7069333329796791
0.6999999994039535
0.6978666698932647
0.7100000014901161
0.6990666669607163
0.7136000010371208
0.7240000024437905
0.7033333346247673
0.7266666647791863
0.7124000042676926
0.7234666675329209
0.7193333327770233
0.731866666674614
0.7202666667103768
0.7080000001192093
0.7157333308458328
0.7263999995589256
0.7277333346009255
0.7201333335042
0.7114666685461998
0.716933334171772
0.7126666653156281
0.7269333362579345
0.7209333336353302
0.7217333349585533
0.7401333332061768
0.726800000667572
0.7314666673541069
0.7424000015854836
0.7383999979496002
0.7234666687250138
0.7257333347201347
0.7386666697263717
0.7333333331346512
0.7424000000953674
0.7355999997258187
0.7293333351612091
0.7373333352804184
0.7388000002503395
0.7441333347558975
0.7287999990582467
0.7348000013828277
0.7390666699409485
0.7420000016689301
0.7597333341836929
0.7450666680932045
0.7479999986290932
0.7450666689872741
0.7529333341121673
0.7527999997138977
0.7398666667938233
0.7462666690349579
0.7530666702985763
0.7496000024676323
0.7629333317279816
0.7592000010609626
0.7554666671156883
0.7343999987840653
0.751199999153614
0.7408000043034554
0.7418666687607766
0.7544000047445297
0.7412000021338463
0.7486666691303253
0.7473333328962326
0.7469333320856094
0.7388000017404557
0.7541333365440369
0.7410666698217392
0.7553333351016045
0.7480000001192093
0.7517333322763443
0.7704000008106232
0.7628000020980835
0.7490666690468788
0.763066668510437
0.7490666660666466
0.749333333671093
0.7574666684865952
0.7463999998569488
0.7546666693687439
0.7544000017642974
0.7658666634559631
0.7648000037670135
0.7574666684865952
0.7666666671633721
0.7442666700482369
0.7565333345532417
0.7634666669368744
0.7658666664361954
0.7775999993085861
0.7721333348751068
0.7569333332777023
0.7645333325862884
0.7640000033378601
0.7587999999523163
0.7692000043392181
0.774533334672451
0.7584000015258789
0.759866669178009
0.7658666646480561
0.7845333331823349
0.7626666671037674
0.7574666678905487
0.7725333333015442
0.7717333310842514
0.7646666675806045
0.760800002515316
0.7881333369016648
0.7626666659116745
0.7710666692256928
0.7720000007748604
0.7339999994635582
0.7706666699051857
0.7620000031590461
0.7600000002980232
0.7750666677951813
0.7779999995231628
0.7804000002145767
0.7780000019073486
0.7753333365917205
0.761466668844223
0.7836000013351441
0.7681333351135254
0.7845333355665207
0.7677333346009254
0.7784000009298324
0.7648000013828278
0.7831999987363816
0.7757333362102509
0.7796000051498413
0.7832000011205673
0.7741333347558975
0.7817333322763443
0.7670666658878327
0.7649333351850509
0.774933333992958
0.7901333343982696
0.7665333354473114
0.7930666714906692
0.7746666657924652
0.7809333354234695
0.7698666688799858
0.7740000015497208
0.7837333372235298
0.7758666682243347
0.7913333356380463
0.7830666661262512
0.7813333371281623
0.7861333328485489
0.7773333376646042
0.7750666689872742
0.7848000013828278
0.7874666672945022
0.7802666682004928
0.7836000007390976
0.7904000014066697
0.7864000007510186
0.7765333318710327
0.7718666678667069
0.7953333336114884
0.7937333333492279
0.7954666656255722
0.781066669523716
0.8007999986410141
0.789066666662693
0.7844000017642975
0.7972000032663346
0.7730666679143906
0.7793333351612091
0.7733333325386047
0.7874666666984558
0.7904000002145767
0.7798666673898696
0.7906666678190232
0.7945333349704743
0.789066666662693
0.7878666681051254
0.7936000001430511
0.7952000015974044
0.7892000019550324
0.7834666702151298
0.7950666671991349
0.7982666671276093
0.7964000022411346
0.7750666642189026
0.7949333339929581
0.8029333353042603
0.7825333327054977
0.7887999999523163
0.7901333349943161
0.7961333346366882
0.7909333318471908
0.7946666693687439
0.806400002837181
0.7878666669130325
0.7843999999761582
0.8026666671037674
0.8058666676282883
0.7951999989151954
0.803333337008953
0.8118666708469391
0.8010666674375534
0.8062666672468185
0.7954666674137115
0.7887999993562699
0.781866665482521
0.792799996137619
0.7918666669726372
0.7882666659355163
0.8050666660070419
0.7980000019073487
0.7993333381414414
0.7829333353042602
0.789066669344902
0.8065333342552186
0.8121333360671997
0.793999999165535
0.797199998497963
0.8047999995946884
0.8090666663646698
0.8097333317995071
0.7942666643857956
0.794666668176651
0.8118666654825211
0.8043999981880188
0.8018666654825211
0.7972000020742417
0.8101333367824555
0.8008000010251999
0.8000000017881393
0.8009333351254463
0.8049333369731904
0.8097333335876464
0.8032000035047531
0.8093333351612091
0.8148000007867813
0.791733335852623
0.8053333356976509
0.7940000015497207
0.7950666671991349
