7.022851135730743
1.3919738829135895
1.277351508140564
1.277923481464386
1.171837152838707
1.1679423028230667
1.0855648601055146
1.095583114027977
1.1014442181587218
1.0509663069248198
1.0186326003074646
0.9817357563972473
0.998306718468666
0.9929943856596947
0.9775569075345993
0.9856335490942001
0.9697000932693481
0.9574372178316116
0.9781822693347931
0.9445330309867859
0.925493197441101
0.9315553858876229
0.9277654081583023
0.9094080600142479
0.894671910405159
0.9385638782382011
0.888204714357853
0.8714257231354714
0.8725835138559341
0.9144913995265961
0.8907473415136338
0.861384693980217
0.8772786268591881
0.8329459241032601
0.874286202788353
0.8540718844532966
0.8159099847078324
0.8499311548471451
0.8520007711648941
0.8209734281897545
0.8438852286338806
0.822453972697258
0.8546357759833336
0.8034113523364067
0.8251087793707848
0.7976572921872139
0.7931628745794296
0.8080009746551514
0.8408375272154808
0.8178359320759774
0.7710600581765175
0.8059094044566154
0.7937653231620788
0.7803887525200843
0.7773334223031998
0.8043331941962242
0.7780778720974922
0.7547632059454918
0.7334131693840027
0.800280644595623
0.7515156438946724
0.7789252451062203
0.7857577475905418
0.762036589384079
0.7890383204817772
0.7539486449956894
0.7226714518666267
0.7634811109304428
0.7151364868879319
0.752776927947998
0.7436848506331444
0.7397399938106537
0.707873212993145
0.7286359812319279
0.773781176507473
0.7291227066516877
0.724719937890768
0.7212979140877723
0.7271273934841156
0.7491002413630485
0.7330323922634124
0.7447494751214981
0.7140761482715606
0.7300762408971786
0.7185949721932411
0.6864289093017578
0.7246579420566559
0.7090562161803246
0.6847873421013355
0.700355289876461
0.7158680030703545
0.7220830453932285
0.6919597417116166
0.700773755311966
0.6779677733778954
0.6904018354415894
0.7005865722894669
0.6887490093708039
0.6902798768877983
0.6841456690430641
0.6915309190750122
0.690595229268074
0.6923773482441902
0.6835980848968028
0.6523746114969253
0.654367638528347
0.6547434648871422
0.6782044868171215
0.6545681881904603
0.657717989385128
0.6821304015815258
0.6590555007755756
0.6482875150442123
0.6621837444603443
0.6339502993226052
0.638025191873312
0.641409762352705
0.6915674191713334
0.6581181049346924
0.6782534828782082
0.6817263254523277
0.6416462299227714
0.6752140349149705
0.6510881040990353
0.6470077772438526
0.6586287258565426
0.6812973111867905
0.6388442243635655
0.6798331570625306
0.6440646439790726
0.6498596605658531
0.6366932955384255
0.6067381621897221
0.6125351724028587
0.6644355548918247
0.6250052520632744
0.6697696426510811
0.6579212939739227
0.6328359780460596
0.6494300219416619
0.6464486880600453
0.6348008668422699
0.6288390769064427
0.6289523451030254
0.6407521887123585
0.6204456430673599
0.6664190337061882
0.6235449099540711
0.6274576261639595
0.622964908182621
0.5920104080438614
0.6058137702941895
0.6307629233598709
0.6193574780225753
0.6191506960988045
0.6309660837054253
0.605033876299858
0.5929424054920673
0.6326047389954329
0.6295569430291653
0.6267533612251281
0.5709547692537308
0.6193867436051369
0.6305395463109016
0.5968191190063954
0.6058681346476078
0.628374048769474
0.6172393471002579
0.5701818990707398
0.6181973354518413
0.5925618430972099
0.6067717352509499
0.6923124546557665
0.599928759932518
0.6160602450370789
0.6239645670354367
0.5904870991408825
0.5903406912088394
0.5862989048659801
0.5894695077836514
0.5959945791959762
0.6245428445935249
0.5687770368158818
0.6059060238301754
0.5723771622776985
0.6024870504438877
0.580306023657322
0.6204344496130944
0.5739563102275134
0.5990241545438767
0.5700760781764984
0.5725106784701347
0.5891015386581421
0.5864763283729553
0.6132371258735657
0.6173792910575867
0.5884268896281719
0.5547631293535232
0.6091348360478878
0.5588949312269688
0.5949570515751839
0.5742799971997737
0.6043888771533966
0.6090105313062668
0.5704716123640537
0.5869875133037568
0.554631068110466
0.5686165484786033
0.5783089427649974
0.5665259324014187
0.5832136139273644
0.5788817588984966
0.5686670279502869
0.5536493049561977
0.5850227691233159
0.5676549428701401
0.5483559583127499
0.5667002755403518
0.5871872571110726
0.5920452620089054
0.5461714439094066
0.5364831003546715
0.5564681746065616
0.5652362655103207
0.5485831123590469
0.5528626103699207
0.567934543043375
0.5315631304681301
0.5970273534953594
0.5701052586734295
0.5941230326890945
0.5564052161574363
0.5495175105333329
0.5820647233724594
0.5444887898862362
0.5310156758874655
0.5454322776198387
0.5618850775063038
0.55324986115098
0.5480958072841168
0.5605368749797344
0.5614108531177044
0.5416481702029705
0.532420059889555
0.5365327581763267
0.5894251038134098
0.5327717493474483
0.522838961482048
0.5680881352722644
0.553402284681797
0.554912526011467
0.5356484128534794
0.5564464253187179
0.5276810550689697
0.5131450390070676
0.5574711906909943
0.565157989114523
0.5276202261447906
0.5254595451056957
0.530838243663311
0.511491130143404
0.5100660103559495
0.5216184324026107
0.5157158768177033
0.5419515169411898
0.5539829826354981
0.5648659081757068
0.5511992192268371
0.5424560222029686
0.560664304047823
0.5194452612102032
0.5292002472281456
0.5260175870358944
0.5571532265841961
0.5456557988375426
0.49959700912237165
0.5035837465524673
0.5339843514561653
0.5406308808922767
0.5125257985293865
0.5037454169988632
0.4949356846511364
0.5361206944286824
0.5406502518057823
0.4937873829901218
0.5274062596261502
0.5251402392983436
0.5357233823090791
0.5079546019434928
0.5295536401867866
0.5364392669498921
0.5213948506116867
0.5169321754574776
0.5151800803840161
0.5174098092317582
0.5040876160562039
0.5004896644502879
0.5455743770301342
0.5080772538483143
0.5444729229807854
0.529722031801939
