0.4006666700541973
0.4092000012099743
0.4414666675031185
0.47399999886751176
0.49760000020265577
0.49373333603143693
0.516400001347065
0.5326666650176048
0.5224000009894371
0.5521333345770836
0.5537333387136459
0.5355999994277955
0.5646666663885117
0.5750666651129722
0.5758666658401489
0.5948000013828277
0.5942666652798653
0.6097333332896233
0.5957333362102508
0.5989333313703536
0.6078666678071022
0.6098666679859162
0.6081333357095718
0.6210666665434837
0.632000000178814
0.6242666667699814
0.6397333332896232
0.6222666656970978
0.631333335340023
0.6321333327889442
0.6455999991297722
0.6408000019192696
0.6452000012993813
0.6692000016570091
0.6474666655063629
0.660933333337307
0.6604000020027161
0.6644000026583672
0.6497333332896232
0.66186666816473
0.6541333344578742
0.6793333357572555
0.6615999975800514
0.6800000017881394
0.656000002026558
0.6764000010490417
0.6902666670084
0.6638666698336602
0.6872000014781952
0.6619999986886979
0.6806666678190232
0.6737333330512046
0.6765333327651024
0.683599999845028
0.6788000005483628
0.6849333363771438
0.6865333333611489
0.6762666627764702
0.6836000016331673
0.6884000009298324
0.6815999990701676
0.7014666664600372
0.6862666669487953
0.6982666701078415
0.7093333342671394
0.7044000029563904
0.691999998986721
0.6888000014424324
0.6869333350658416
0.6880000004172325
0.6980000001192093
0.6977333325147629
0.6808000028133392
0.7204000017046929
0.7051999998092652
0.6988000005483628
0.7188000005483627
0.701866669356823
0.7069333326816559
0.7129333347082139
0.7097333323955536
0.7174666666984558
0.7209333348274231
0.701466666162014
0.7193333303928375
0.7090666711330413
0.703466667830944
0.729866669178009
0.7114666670560836
0.6850666657090188
0.734266666173935
0.720533332824707
0.7389333373308182
0.7156000012159347
0.7065333330631256
0.716800000667572
0.7284000012278556
0.7296000015735626
0.7322666707634926
0.743600001335144
0.7268000027537346
0.7362666669487953
0.7379999989271164
0.7091999992728233
0.7365333327651024
0.7372000032663345
0.734933335185051
0.739866669178009
0.7324000012874603
0.7365333345532418
0.7296000015735626
0.7266666662693023
0.7372000014781952
0.7324000033736229
0.7377333343029022
0.720000002682209
0.7401333332061768
0.7386666664481163
0.7398666667938233
0.7326666647195816
0.7453333339095116
0.7296000015735626
0.7434666663408279
0.739866669178009
0.7409333354234695
0.7458666682243347
0.7518666690587997
0.7490666651725769
0.7504000005125999
0.7410666680335999
0.7489333337545395
0.7513333347439766
0.749200000166893
0.7375999993085861
0.7461333325505257
0.7398666697740555
0.7486666667461396
0.7301333341002464
0.7326666671037674
0.758800000846386
0.734266664981842
0.755200001001358
0.7384000021219254
0.757733337879181
0.7446666675806045
0.7467999982833863
0.7420000016689301
0.7497333312034606
0.7698666703701019
0.7608000022172928
0.7792000013589859
0.7498666685819626
0.7466666704416275
0.7508000016212464
0.7362666669487953
0.7574666690826416
0.754666668176651
0.7462666690349579
0.7582666659355164
0.744266667664051
0.7345333343744278
0.766133334338665
0.7616000014543534
0.7476000010967254
0.755200001001358
0.7641333335638046
0.7590666657686234
0.7744000026583672
0.7625333338975906
0.7672000014781952
0.773066668510437
0.7765333330631257
0.7407999989390374
0.756933336853981
0.7646666669845581
0.7414666694402695
0.7617333325743675
0.7637333387136459
0.7605333322286606
0.7710666698217392
0.7698666685819626
0.7518666663765907
0.7677333319187164
0.7508000028133393
0.7692000025510788
0.7641333344578743
0.7694666683673859
0.7717333313822746
0.7752000015974044
0.7705333322286606
0.7534666687250138
0.765599997639656
0.7677333331108094
0.7648000019788742
0.7701333349943161
0.7805333319306373
0.7705333322286606
0.76253333568573
0.7716000008583069
0.7704000014066696
0.7736000066995621
0.7578666675090789
0.7705333325266838
0.7719999998807907
0.7777333372831344
0.7664000022411347
0.7753333353996277
0.7805333393812179
0.7766666650772095
0.7849333328008652
0.7578666669130325
0.7663999968767166
0.7586666685342789
0.7793333345651626
0.7858666682243347
0.7796000039577484
0.7582666659355164
0.7705333349108696
0.7738666650652886
0.768799998164177
0.7716000002622604
0.7779999983310699
0.767733334004879
0.7830666667222976
0.7714666676521301
0.7900000014901161
0.7706666702032089
0.7833333343267441
0.7861333343386651
0.7766666698455811
0.7906666699051857
0.7937333339452743
0.770933330655098
0.7906666660308838
0.7873333355784417
0.7780000013113022
0.7696000027656555
0.7704000023007392
0.7869333374500275
0.7824000030755996
0.7865333351492881
0.774666668176651
0.7910666680335998
0.7950666671991349
0.7742666676640511
0.7625333333015442
0.7958666670322418
0.7846666651964188
0.7811999994516373
0.7886666643619538
0.7868000024557114
0.7933333331346512
0.7944000029563903
0.7996000003814697
0.7754666692018509
0.7873333346843719
0.7862666672468186
0.7917333352565765
0.7733333343267441
0.7986666691303254
0.792266669869423
0.7674666693806649
0.7836000010371208
0.7941333338618278
0.7946666675806046
0.7929333335161209
0.7919999992847443
0.7940000033378601
0.7780000033974648
0.7971999996900558
0.7992000019550324
0.7937333339452743
0.7934666681289673
0.7945333343744277
0.7882666671276093
0.7780000007152558
0.7929333332180977
0.7989333361387253
0.7911999982595443
0.8059999990463257
0.7912000036239624
0.7825333338975906
0.7977333343029023
0.7813333338499069
0.7902666676044464
0.794666668176651
0.8008000016212463
0.7954666697978974
0.7590666684508324
0.7810666680335998
0.8086666661500931
0.7904000025987625
0.7968000024557114
0.8022666674852371
0.7890666669607163
0.7898666679859161
0.7966666686534881
0.8068000024557114
0.8014666628837586
0.7849333357810974
0.7953333365917206
0.8109333354234696
0.808400000333786
0.80200000166893
0.8009333348274231
0.799333336353302
0.8109333330392837
0.8000000017881393
0.7988000041246415
0.8009333342313767
0.7942666661739349
0.8032000041007996
0.8090666657686234
0.803466665148735
0.7953333359956741
0.8005333340167999
0.7930666661262512
0.8018666660785675
0.8045333343744278
0.8052000015974045
0.7968000000715256
0.7973333364725113
0.8045333355665207
0.7940000003576279
0.801600005030632
0.800133336186409
0.8121333348751069
0.7958666688203812
0.8049333345890045
0.808400000333786
0.7942666697502136
0.8050666677951813
0.8081333363056182
0.7936000019311905
0.8135999989509582
0.8032000005245209
0.7918666666746139
0.8038666695356369
0.7998666697740555
0.7950666660070419
0.8047999995946884
0.7928000003099441
0.8164000010490418
0.7953333365917206
0.7856000036001205
0.8053333342075348
0.8163999977707863
0.8014666682481766
0.7942666673660278
0.7994666683673859
0.8026666682958603
0.8029333359003067
0.8128000003099441
0.8009333372116089
0.7953333342075348
0.8104000008106231
0.8037333339452744
0.8077333337068557
0.8067999994754791
0.8113333329558372
0.7937333345413208
0.8010666635632515
0.7953333336114884
0.8124000006914138
0.8081333357095718
0.815733333826065
0.7966666662693024
0.8260000020265579
0.8068000012636185
0.7997333335876465
0.8197333329916
0.8034666675329208
0.8101333355903626
0.8209333300590516
0.8152000015974045
0.806933336853981
0.7965333372354507
0.8017333325743675
0.8114666658639907
0.8080000001192092
0.8316000032424927
0.8091999995708465
0.8084000045061112
0.809600002169609
0.8107999992370606
0.8032000005245209
0.810933336019516
0.7988000011444092
0.8050666671991348
0.822800001502037
0.8008000022172928
0.813600002527237
0.8119999986886978
0.8229333370923996
0.8219999992847442
0.8074666690826416
0.8081333351135254
0.8171999996900559
0.8161333340406418
0.8231999987363815
0.8178666698932647
0.8025333338975906
0.8261333328485488
0.8297333353757859
0.7993333333730698
0.8164000016450882
0.816933331489563
0.8127999991178513
0.8182666677236557
0.8251999992132187
0.8177333337068557
0.8142666667699814
0.8226666665077209
0.8350666695833207
0.8310666674375534
0.8137333330512047
0.8124000000953674
0.8137333339452744
0.8180000030994415
0.8250666701793671
0.808666667342186
0.8169333356618881
0.8241333365440369
0.8265333354473114
0.8278666687011719
0.8164000013470649
0.8229333341121674
0.826000000834465
0.8206666684150696
0.8188000023365021
0.8192000025510788
0.8236000049114227
0.8197333335876464
0.8290666675567627
0.8181333357095718
0.8208000022172928
0.8105333334207535
0.8224000000953674
0.8074666666984558
0.8232000023126602
0.8152000015974045
0.8035999995470047
0.8229333353042603
0.8220000016689301
0.8200000023841858
0.8226666682958603
0.8122666692733764
0.8348000019788742
0.8153333353996277
0.8209333354234696
0.8276000016927719
0.8338666683435441
0.8268000042438507
0.8294666689634324
0.8276000034809112
0.8258666676282883
0.8223999986052513
0.8194666689634323
0.797199998497963
0.840666670203209
0.8132000041007995
0.8109333372116089
0.8220000010728836
0.8151999998092652
0.8314666664600372
0.8177333307266236
0.8188000023365021
0.8272000032663346
0.8193333351612091
0.8308000022172928
0.8134666669368744
0.8141333341598511
0.8206666690111161
0.8277333348989486
0.8220000028610229
0.8289333349466323
0.8219999998807908
0.8266666716337204
0.8358666682243348
0.8181333374977112
0.8156000000238418
0.8000000005960465
0.8312000006437301
0.8240000009536743
0.8262666684389114
0.8168000000715255
0.8298666679859161
0.8303999990224838
0.8325333368778228
0.827333333492279
0.8298666685819626
0.8296000039577485
0.8306666660308838
0.8318666678667068
0.8080000019073487
0.8302666670084
0.8281333369016647
0.8328000020980835
0.8269333338737488
0.8317333352565766
0.8380000013113021
