0.31395833450369537
0.31812500092200935
0.3066666687373072
0.3225000014062971
0.314166669966653
0.3318750027101487
0.30541666760109365
0.31541666691191494
0.30520833493210375
0.2931250014808029
0.31687500164844096
0.31458333507180214
0.32895833463408053
0.2981250009033829
0.31479166890494525
0.3277083362918347
0.3197916676290333
0.31916666962206364
0.31583333504386246
0.332500000949949
0.3241666676476598
0.3156250035390258
0.32291666814126074
0.3458333353046328
0.3604166673030704
0.35937500349245965
0.35333333420567214
0.345208334736526
0.3647916689515114
0.35875000222586095
0.3525000016670674
0.3422916680574417
0.3539583352394402
0.3402083364780992
0.3518750013317913
0.3595833347644657
0.3650000006891787
0.36729166889563203
0.35937500139698386
0.3616666675079614
0.3295833335723728
0.3493750002235174
0.3437500004656613
0.3487500022165477
0.3772916679736227
0.3635416680481285
0.3522916685324162
0.3631250034086406
0.3643750010523945
0.36916666897013783
0.35020833276212215
0.36916666803881526
0.3462500022724271
0.3522916694637388
0.3512500012293458
0.33979166857898235
0.34854166652075946
0.3493750023189932
0.3556250019464642
0.3537500030361116
0.3612500000745058
0.35395833547227085
0.3597916678991169
0.36145833344198763
0.3568750012200326
0.3593750027939677
0.35541666857898235
0.3725000007543713
0.35645833471789956
0.3529166695661843
0.3560416651889682
0.35687500215135515
0.380000002682209
0.3581250023562461
0.36520833312533796
0.35645833471789956
0.3487500005867332
0.3693750018719584
0.3477083337493241
0.3608333356678486
0.3472916674800217
0.37625000020489097
0.3664583351928741
0.3635416685137898
0.36562500172294676
0.3687500017695129
0.35312500107102096
0.36416666815057397
0.35520833428017795
0.37270833598449826
0.3339583342894912
0.34895833441987634
0.3537500030361116
0.375416669761762
0.37583333463408053
0.3516666680807248
0.3539583361707628
0.37000000150874257
0.3397916662506759
0.382500002393499
0.3612500000745058
0.3641666676849127
0.35958333360031247
0.3633333353791386
0.37937500048428774
0.36083333590067923
0.3437500027939677
0.36979166814126074
0.3641666660550982
0.36500000092200935
0.35416666977107525
0.3527083343360573
0.3581250016577542
0.374583336757496
0.373958335025236
0.3691666682716459
0.36020833579823375
0.37270833435468376
0.35937499976716936
0.3510416697245091
0.36666666716337204
0.3550000013783574
0.36458333441987634
0.3631250001490116
0.37395833525806665
0.3566666680853814
0.37104166648350656
0.3658333339262754
0.3727083350531757
0.3543750017415732
0.3666666680946946
0.35166666680015624
0.3645833353511989
0.3806250002235174
0.34854166652075946
0.36375000164844096
0.3612499996088445
0.3664583351928741
0.3560416663531214
0.35083333356305957
0.36520833522081375
0.3575000015553087
0.35854166746139526
0.3422916680574417
0.373958335025236
0.3697916683740914
0.36250000540167093
0.3587500008288771
0.37625000113621354
0.3777083351742476
0.37479166802950203
0.36770833446644247
0.371458335313946
0.3722916697151959
0.3593750016298145
0.3497916688211262
0.36687499913387
0.3541666667442769
0.3804166652262211
0.3695833347737789
0.34333333384711295
0.3464583335444331
0.3654166681226343
0.36291666724719107
0.3714583341497928
0.36645833565853536
0.36604166915640235
0.36229166644625366
0.36125000193715096
0.3775000006426126
0.3577083346899599
0.361875002970919
0.35979166626930237
0.35812500049360096
0.38479166850447655
0.3545833344105631
0.36458333500195295
0.3700000017415732
0.3666666669305414
0.3699999996460974
0.34604166727513075
0.3543750026728958
0.35999999998603016
0.37083333474583924
0.35000000335276127
0.35604166868142784
0.34750000201165676
0.3550000009126961
0.3725000012200326
0.3697916674427688
0.36291666561737657
0.3835416694637388
0.3464583344757557
0.36875000200234354
0.35812500212341547
0.36708333413116634
0.3622916678432375
0.370833333581686
0.35187500226311386
0.36270833294838667
0.3556250010151416
0.3783333345782012
0.3493749995250255
0.3637500007171184
0.3583333354908973
0.3843750017695129
0.37250000261701643
0.37708333577029407
0.3543750012759119
0.3512500000651926
0.3545833344105631
0.3560416689142585
0.3604166670702398
0.3479166680481285
0.36562500265426934
0.3550000039394945
0.36083333590067923
0.3539583347737789
0.3791666680481285
0.37041666847653687
0.3529166665393859
0.35166666784789413
0.35750000178813934
0.37104166648350656
0.3700000026728958
0.37250000215135515
0.36791666713543236
0.34020833554677665
0.3620833335444331
0.34791666828095913
0.36020833323709667
0.35916666802950203
0.382500002393499
0.3485416672192514
0.37312500225380063
0.36583333322778344
0.36770833446644247
0.357916668523103
0.36020833533257246
0.3775000006426126
0.363750000949949
0.3720833333209157
0.3733333325944841
0.3568750023841858
0.3708333340473473
0.37104166811332107
0.34937500092200935
0.3552083345130086
0.3610416683368385
0.3666666664648801
0.357916665263474
0.354791667079553
0.36437500291503966
0.3693749993108213
0.3797916662879288
0.3779166676104069
0.3679166666697711
0.35312500037252903
0.35520833742339164
0.3535416678059846
0.3668750012293458
0.3633333338657394
0.36750000016763806
0.3652083354536444
0.34874999942258
0.3597916690632701
0.3691666671074927
0.3562500001862645
0.3620833328459412
0.378125004703179
0.36812500073574483
0.37041666684672236
0.3472916667815298
0.38020833441987634
0.3718750001862645
0.3820833363570273
0.3495833349879831
0.36104166880249977
0.34458333533257246
0.3574999999254942
0.36666666553355753
0.3747916684951633
0.3739583345595747
0.3835416678339243
0.36770833493210375
0.37812499958090484
0.36208333214744925
0.3702083327807486
0.3708333370741457
0.3412500012200326
0.35541666811332107
0.35541666694916785
0.3645833330228925
0.3706250006798655
0.35520833428017795
0.3622916678432375
0.36958333337679505
0.3760416687000543
0.35083333496004343
0.35541666648350656
0.3808333354536444
0.37229166831821203
0.36854166840203106
0.3422916664276272
0.35791666666045785
0.3485416676849127
0.3633333365432918
0.3735416673589498
0.359375003259629
0.37020833510905504
0.36416667071171105
0.35229166760109365
0.3468750021420419
0.37437500106170774
0.3689583339728415
0.375208335230127
0.367083334363997
0.38416666991543025
0.35729166865348816
0.3491666673216969
0.35416666720993817
0.3577083346899599
0.352916669100523
0.38375000189989805
0.34979166905395687
0.34520833287388086
0.3650000032503158
0.371041668811813
0.3568750023841858
0.3647916689515114
0.36229166691191494
0.3508333342615515
0.367083334363997
0.36166666983626783
0.36458333395421505
0.34062500088475645
0.38187500392086804
0.3677083351649344
0.35937500139698386
0.36875000153668225
0.35312500316649675
0.3647916701156646
0.37604166963137686
0.34875000012107193
0.34625000320374966
0.3687500022351742
0.36562500172294676
0.35583333508111537
0.35583333508111537
0.3422916673589498
0.37000000197440386
0.3712500010151416
0.34437500312924385
0.3712499998509884
0.3756250012665987
0.3645833325572312
0.35916666593402624
0.3610416690353304
0.35229166713543236
0.3868750010151416
0.3591666682623327
0.3810416671913117
0.36875000153668225
0.36041666683740914
0.35145833529531956
0.37000000057742
0.3579166689887643
0.3714583362452686
0.36770833539776504
0.37770833680406213
0.37312500178813934
0.3702083327807486
0.3722916687838733
0.3727083336561918
0.3608333352021873
0.3672916698269546
0.37416666676290333
0.34958333522081375
0.34562500240281224
0.37041666568256915
0.3452083368320018
0.35270833573304117
0.376875001238659
0.36416666815057397
0.3627083352766931
0.35458333464339375
0.3614583339076489
0.3568750012200326
0.36229166807606816
0.3691666694357991
0.36458333604969084
0.35416666860692203
0.36270833550952375
0.3697916669771075
0.3779166676104069
0.35708333272486925
0.3614583339076489
0.35812500258907676
0.3810416692867875
0.33354166813660413
0.3679166678339243
0.3522916694637388
0.36666666879318655
0.35375000117346644
0.3529166674707085
0.36229167017154396
0.35708333388902247
0.36125000147148967
0.3541666674427688
0.3514583355281502
0.35187500063329935
0.35166666738223284
0.36770833656191826
0.3656250014901161
0.34479166893288493
0.3660416677594185
0.36187500320374966
0.3600000012665987
0.3500000031199306
0.3754166678991169
0.3764583352021873
0.36458333511836827
0.353541667573154
0.37270833482034504
0.3675000020302832
0.3683333332883194
0.3793750007171184
0.36791666503995657
0.3620833344757557
0.36000000266358256
0.3670833350624889
0.36958333547227085
0.368541669100523
0.35270833573304117
0.38187500066123903
0.3639583350159228
0.36833333503454924
0.36937500280328095
0.35187500179745257
0.3693750000093132
0.36208333424292505
0.3566666692495346
0.36666666786186397
0.3527083352673799
0.364791669184342
0.35166666680015624
0.3585416686255485
0.35666666948236525
0.3520833356305957
0.34666666644625366
0.37083333637565374
0.3570833341218531
0.3597916678991169
0.3583333338610828
0.3570833362173289
0.35562500287778676
0.37395833409391344
0.3593750041909516
0.35000000102445483
0.35833333409391344
0.3729166672565043
0.3664583333302289
0.3462500006426126
0.36750000226311386
0.3485416672192514
0.34625000273808837
0.3510416673962027
0.3654166671913117
0.368541669100523
0.35562500066589564
0.35479166940785944
0.3577083358541131
0.3662500011269003
0.3783333357423544
0.3412500014528632
0.37937500327825546
0.3627083373721689
0.35583333601243794
0.358750001527369
0.3697916690725833
0.37520833406597376
0.3714583362452686
0.350208334159106
0.37229166901670396
0.3508333354257047
0.3491666689515114
0.3758333348669112
0.343125001527369
0.3529166695661843
0.35666666692122817
0.3562500011175871
0.3633333339821547
0.35187500109896064
0.36770833446644247
0.34000000078231096
0.34916666871868074
0.36729167005978525
0.35041666962206364
0.38416666677221656
0.37666666810400784
0.37312500225380063
0.36645833496004343
0.36520833522081375
0.35604166658595204
0.3516666677314788
0.3462500001769513
0.3591666689608246
0.3783333336468786
0.3562500011175871
0.37687500286847353
0.3779166678432375
0.37020833452697843
0.3895833326969296
0.36041666753590107
0.38708333601243794
0.36312500084750354
0.3583333345595747
0.35270833503454924
0.36083333706483245
0.3718750006519258
0.36229166598059237
0.3639583333861083
0.3639583345502615
0.3647916689515114
0.35333333257585764
0.36208333424292505
0.3668750000651926
0.36812500143423676
0.3568750014528632
0.36812499933876097
0.3650000027846545
0.3514583345968276
0.35354166850447655
0.36250000144355
0.36500000138767064
0.360208333004266
0.3660416689235717
0.3687500008381903
0.35895833536051214
0.34458333370275795
0.368541665840894
0.3679166682995856
0.36312500038184226
0.33104166865814477
0.3643750005867332
0.3641666679177433
0.3654166669584811
0.3620833335444331
0.3733333337586373
0.3741666688583791
0.36416666815057397
0.3645833353511989
0.3604166691657156
0.37041666731238365
0.35833333374466747
0.3600000038277358
0.36541666788980365
0.3612500005401671
0.37437500222586095
0.37041666777804494
0.34729166701436043
0.35229166806675494
0.36458333651535213
0.3695833319798112
0.37166666821576655
0.345416666707024
0.3675000015646219
0.3652083359193057
0.3635416675824672
0.35833333572372794
0.3720833333209157
0.3472916684113443
0.3704166682437062
0.3522916669026017
0.3700000026728958
0.3622916687745601
0.3489583337213844
0.3779166683088988
0.3710416683461517
0.3575000014388934
0.35770833445712924
0.38562500034458935
0.35958333406597376
0.36666666669771075
0.35104166716337204
0.3654166688211262
0.36125000147148967
0.37687500147148967
0.3558333348482847
0.34479166800156236
0.3618750013411045
0.3410416692495346
0.3631250017788261
0.3495833349879831
0.3477083339821547
0.3641666672192514
0.3556249998509884
0.3485416672192514
0.37541666836477816
0.36416666652075946
0.33999999961815774
0.37833333550952375
0.3504166684579104
0.37020833417773247
0.35895833338145167
0.35958333360031247
0.35979166557081044
0.3835416685324162
0.3716666668187827
0.35041666799224913
0.3670833364594728
0.3639583345502615
0.3675000020302832
0.36750000179745257
0.35875000222586095
0.3620833361055702
0.3581250002607703
0.36250000121071935
0.353958337334916
0.35479166777804494
0.3466666678432375
0.3533333367668092
0.3570833334233612
0.35791666782461107
0.37395833409391344
0.37041666894219816
0.36208333540707827
0.35458333510905504
0.3631250006146729
0.35395833430811763
0.36479166871868074
0.3685416665393859
0.35875000106170774
0.3658333355560899
0.36145833297632635
0.3629166688770056
0.36854167003184557
0.37041666777804494
0.35750000225380063
0.35874999943189323
0.3604166687000543
0.3537500009406358
0.3750000011641532
0.3404166684485972
0.3787500027101487
0.35812499979510903
0.36541666742414236
0.35645833634771407
0.37541666836477816
0.3612500031013042
0.36854166933335364
0.35770833352580667
0.3552083361428231
0.35854166792705655
0.3520833346992731
0.35395833291113377
0.37416666629724205
0.34916666825301945
0.3593749988358468
0.35500000114552677
0.3487500003539026
0.35250000143423676
0.34708333434537053
0.36875000200234354
0.35895833489485085
0.3658333325292915
0.3585416676942259
0.3708333349786699
0.385208334075287
0.3670833350624889
0.3564583349507302
0.3595833347644657
0.3420833314303309
0.3433333346620202
0.36166666680946946
0.35625000041909516
0.36562500172294676
0.3579166694544256
0.35645833460148424
0.3691666682716459
0.3733333363197744
0.35812500212341547
0.3591666666325182
0.3631249994505197
0.3550000027753413
0.353958337334916
0.34666666900739074
0.3447916687000543
0.34458333579823375
0.358541666995734
0.36833333340473473
0.3687500022351742
0.367083334363997
0.3491666696500033
0.3514583345968276
0.3560416675172746
0.35333333536982536
0.3583333345595747
0.34958333522081375
0.34687500121071935
0.35875000269152224
0.34812500211410224
0.3664583353092894
0.37479166756384075
0.37166666775010526
0.3808333349879831
0.366458335891366
0.3550000034738332
0.3704166691750288
0.35416666860692203
0.3477083349134773
0.363541669677943
0.3610416685696691
0.35437500244006515
0.3454166685696691
0.3566666692495346
0.34645833424292505
0.36541666788980365
0.3687500022351742
0.3585416688583791
0.34583333507180214
0.35291666677221656
0.37458333652466536
0.3564583342522383
0.34833333268761635
0.3504166698548943
0.33729166770353913
0.3543750010430813
0.3577083353884518
0.3704166666138917
0.3460416707675904
0.3614583336748183
0.36979166860692203
0.35791666992008686
0.35458333417773247
0.33520833496004343
0.3670833371579647
0.35833333618938923
0.3727083341218531
0.3564583349507302
0.36000000312924385
0.3747916684951633
0.35124999913387
0.3606250020675361
0.36395833524875343
0.34770833468064666
0.3610416674055159
0.3718750015832484
0.3772916686721146
0.3729166698176414
0.37020833347924054
0.3735416675917804
0.3452083361335099
0.34666666854172945
0.35770833562128246
0.3529166681692004
0.36520833475515246
0.34375
0.3485416679177433
0.3668750028591603
0.3766666669398546
0.3464583351742476
0.3481250007171184
0.34687499911524355
0.36145833577029407
0.36770833330228925
0.3695833325618878
0.36250000074505806
0.35520833381451666
0.3522916669026017
0.3606250013690442
0.3685416674707085
0.37166666868142784
0.36791666550561786
0.3820833347272128
0.35854166676290333
0.34520833543501794
0.3837500021327287
0.3560416696127504
0.3537500018719584
0.3535416710656136
0.3687500001396984
0.36166666843928397
0.3512500016950071
0.35000000055879354
0.3629166667815298
0.3416666672565043
0.3429166688583791
0.352708333870396
0.3602083327714354
0.3739583333954215
0.3620833333116025
0.3645833341870457
0.3604166666045785
0.3493750006891787
0.35437500244006515
0.3581250018905848
0.35645833518356085
0.37333333515562117
0.373541668523103
0.37166666658595204
0.3708333356771618
0.36208333540707827
0.36458333558402956
0.37854166771285236
0.3662499994970858
0.34708333504386246
0.3389583326643333
0.34729166864417493
0.36625000066123903
0.3718750006519258
0.36437500244937837
0.3647916684858501
0.37291666865348816
0.36166666727513075
0.3760416670702398
0.36645833402872086
0.35416666860692203
0.33958333381451666
0.3702083353418857
0.3741666681598872
0.35375000163912773
0.36270833504386246
0.3654166671913117
0.337708335602656
0.3485416688490659
0.3618750001769513
0.35291666933335364
0.36729166680015624
0.3516666686628014
0.3702083348762244
0.34250000142492354
0.3543750012759119
0.3493750016205013
0.37125000124797225
0.3620833351742476
0.3775000025052577
0.3647916680201888
0.37229166622273624
0.3514583359938115
0.3504166677594185
0.3716666679829359
0.3520833351649344
0.3537499993108213
0.37208333681337535
0.35312500409781933
0.3529166681692004
0.3685416674707085
0.39166666846722364
0.36625000019557774
0.3666666697245091
0.3474999996833503
0.3543750017415732
0.3566666692495346
0.37562500196509063
0.3745833341963589
0.3720833354163915
0.35999999940395355
0.36604166869074106
0.3695833352394402
0.3633333328180015
0.35937500023283064
0.3593750037252903
0.3647916673216969
0.390833335230127
0.35958333406597376
0.36187500203959644
0.3762500009033829
0.3664583342615515
0.36645833449438214
0.3635416675824672
0.3635416675824672
0.3627083348110318
0.37750000040978193
0.36479166708886623
0.36812500143423676
0.3670833345968276
0.37020833510905504
0.35583333508111537
0.3570833345875144
0.358958333497867
0.3720833350671455
0.3533333335071802
0.35479166987352073
0.3566666671540588
0.37562500173226
0.358750001527369
0.34812500001862645
0.3570833341218531
0.3608333352021873
0.36562500265426934
0.36020833463408053
0.3437500011641532
0.3824999984353781
0.3545833360403776
0.376875001238659
0.3658333339262754
0.3437500009313226
0.36500000115484
0.3652083349879831
0.37645833543501794
0.35708333435468376
0.36062500067055225
0.35270833410322666
0.36687500309199095
0.3681250005029142
0.3570833350531757
0.37187499995343387
0.3631250010803342
0.34833333478309214
0.37833333434537053
0.3662500015925616
0.376458334736526
0.347708334447816
0.37145833717659116
0.370208335807547
0.3752083359286189
0.3679166682995856
0.3708333345130086
0.35854166676290333
0.3668750021606684
0.362916667945683
0.3706250009126961
0.3562500011175871
0.3650000006891787
0.3693750014062971
0.3770833348389715
0.3695833336096257
0.3822916685603559
0.3772916679736227
0.37250000005587935
0.3558333346154541
0.35708333388902247
0.3591666666325182
0.35500000219326466
0.35687500261701643
0.36291666771285236
0.35479166614823043
0.34416666929610074
0.3447916693985462
0.3604166687000543
0.3608333335723728
0.3489583341870457
0.37625000183470547
0.35854166839271784
0.35458333464339375
0.3543750010430813
0.3666666653007269
0.3670833366923034
0.3514583338983357
0.3483333350159228
0.36250000284053385
0.36145833507180214
0.36479166871868074
0.3558333348482847
0.3593750027939677
0.3685416679363698
0.360000001383014
0.3620833340100944
0.3497916688211262
0.35750000132247806
0.38062500115484
0.36562500172294676
0.382500002393499
0.35104166925884783
0.3654166692867875
0.36833333293907344
0.372083333786577
0.35104166786186397
0.3652083359193057
0.358333335025236
0.3387500017415732
0.3768750010058284
0.36020833370275795
0.3627083345782012
0.36083333380520344
0.3768750005401671
0.3537500018719584
0.3614583353046328
0.37416666955687106
0.36458333348855376
0.3747916682623327
0.35541666904464364
0.3524999995715916
0.35791666922159493
0.3735416680574417
0.36937499954365194
0.3595833354629576
0.35145833366550505
0.3585416676942259
0.37645833496935666
0.3641666676849127
0.35354166803881526
0.3785416674800217
0.3618750018067658
0.3656250012572855
0.36895833467133343
0.3552083333488554
0.3691666666418314
0.3600000008009374
