0.24528619534138477
0.31979797915978864
0.3502020196180151
0.37548821562468404
0.39784511713066484
0.42057239136310537
0.4354882174068027
0.4500000010235141
0.46508417556984255
0.4819191911003806
0.5018518473764862
0.5045791229214331
0.518282826199676
0.527542086562725
0.5385521882110171
0.5550841758347521
0.5640740740780879
0.562255892187658
0.5696633006587173
0.5844781115801647
0.591043768206028
0.602356903480761
0.6076430985421846
0.6110774405074842
0.6181818168572705
0.6289562306018791
0.6394949519273007
0.6416835032328211
0.6508080802782618
0.6614814834161238
0.6540404058466054
0.6627272752800373
0.668417509156044
0.674444444251783
0.6699663352484655
0.6856565668125345
0.6850168361808314
0.6871380468811652
0.7014478107895514
0.7113468026874041
0.7080808089237021
0.7144107770438146
0.7182491590278317
0.7163636401446178
0.7242087553245853
0.7342087524105804
0.7302020222249658
0.7398316523041388
0.7433670030699836
0.7484175093246229
0.74845117571378
0.7519191894868408
0.7602693607108761
0.7605387159068175
0.7633670020585108
0.7642760981212963
0.7694612777594364
0.7731649845537513
0.7792592614588111
0.7850841741369228
0.7803030309050975
0.781548823371078
0.7889898979302609
0.7940404053890344
0.7963973085085551
0.7923905710981349
0.798821545008457
0.8049158237197183
0.8045791237041203
0.8085521856943766
0.8064983131909611
0.8099663305764246
0.8086195269016304
0.8178451151558848
0.8130976431297533
0.8173063975391965
0.8257575751555086
0.8144781137957717
0.8290572383187034
0.8332323233286539
0.8310774396164249
0.8310774432288276
0.8276430958449238
0.8353535346310548
0.8406060590888514
0.8348484834035238
0.8395286202430725
0.8397306372420956
0.84239057338599
0.8518855210506555
0.84690235600327
0.8476430990479209
0.8432323216187834
0.8466666647882173
0.8450841741128401
0.8531649811099274
0.8492929297264176
0.856767677899563
0.8630976424072728
0.8552188518071415
0.8616835023417617
0.8615488199272541
0.8564646460793235
0.8662289579709371
0.8644444400613959
0.8678114492483814
0.8677777774406202
0.8689898993029739
0.8744781125675548
0.8703703717751936
0.8680471356468972
0.879595960029448
0.8700336693513273
0.8788888887925581
0.8755218850241767
0.8762289568631336
0.8828282825874559
0.8775084175244726
0.876632996279784
0.8865993233642193
0.8819865319463942
0.8802356876508154
0.8834006738181066
0.8823568995552834
0.8882828246463429
0.8826936037853511
0.8826936007750155
0.8902356901554146
0.8893939407184871
0.8831313138056283
0.8866666699900771
0.8902356901554146
0.8854545433111866
0.8949831676001501
0.8957912470355178
0.8930639732967723
0.8987878765722718
0.8923232338645242
0.8967676758766174
0.9007744126849704
0.9004713796605968
0.8930639757050408
0.8974747477155743
0.8984175089633826
0.899797979629401
0.8977104359202914
0.9006734026802911
0.9070033677900681
0.8987878765722718
0.903804711621217
0.8997979802314682
0.8968350176859383
0.9095286233256562
0.9063636365562978
0.9123232316489172
0.903569024018567
0.910235690348076
0.9086868702763259
0.9090909114991775
0.9040067334367772
0.9117171740291095
0.9082154854379519
0.9139057283449654
0.9166329978692411
0.9185521939788202
0.9100336697366502
0.9149158289938262
0.917508419715997
0.9144444459616535
0.9092592633131779
0.9164309796660838
0.9107407403714729
0.9117845110218934
0.9205050492527509
0.921447814112962
0.9163636426732997
0.9210774440958043
0.9167340078739205
0.9183501697549916
0.9220875465508663
0.921582494119201
0.9212794653092972
0.9220875429384636
0.9271380516013714
0.9141750829388396
0.9255218891182331
0.9182154915549539
0.9217171747275074
0.9235690248132956
0.923063975994033
0.9230639735857645
0.9255555591197929
0.9268350227914676
0.9234343478173921
0.9261279521566449
0.9230303084007417
0.9228619565867414
0.9279124598310451
0.9263636409634292
0.9258585879296968
0.9298653247380497
0.924040406641334
0.927272729199342
0.9264983209696683
0.9302356911428047
0.9325589284752355
0.9269360303878784
0.926868690986826
0.9323232378622498
0.9333670042982005
0.9312794629973594
0.9322895654524216
0.9321548878544509
0.9292255910960111
0.9320875472492642
0.9316835090367481
0.9322895666565558
0.9303030323500585
0.9352861979995111
0.9315151554165464
0.9320202060420104
0.9314478184237625
0.9378451205263234
0.9367340104748504
0.9311111141936947
0.9382491623512422
0.9347474779745545
0.9371043780837396
0.9370707068780456
0.9406397336661213
0.9379461299289357
0.9329292966861917
0.9382491599429738
0.9426262631560817
0.9385858605606388
0.9367340098727833
0.9340404073397318
0.939158249985088
0.936902358676448
0.9412121206823022
0.9375757611159122
0.9365993268562086
0.937777781125271
0.941750841911393
0.9396633030188204
0.9402356882287999
0.9404040400428001
0.9439057232153536
0.9429966355815078
0.9407070736692409
