3.3278402920925254
2.3099163939254455
2.1914965757215867
2.1109391499047327
2.021358180527735
1.9390790366163158
1.8971985409958194
1.8352696727020572
1.7792735665735573
1.732904801465044
1.6533154899423772
1.652672605081038
1.588727886026556
1.5551451866072838
1.5252034977228954
1.4638256834010885
1.4199981340254195
1.4212184963804302
1.4116121000713773
1.359338939791978
1.3320569016716697
1.2928572610171154
1.284979887682982
1.2772319365029383
1.2415294936209014
1.2048554426491862
1.1648144481158016
1.1533639220276264
1.1297350863013604
1.0922074209560046
1.1122772814047457
1.086557054158413
1.0685850887587576
1.0517696094031286
1.0537528305342703
1.0043153804962082
1.0032587695603419
0.9973135054713548
0.9555542914554326
0.9226745764414469
0.9258366341542716
0.9055956457600449
0.9045043003679526
0.9030737214618259
0.8792359937321056
0.8318752020296424
0.8591937970633459
0.8143183197638001
0.8151381256604435
0.7969210147857666
0.7897269581303452
0.7865683662168907
0.7615700725353125
0.7503929966025882
0.7483752002619734
0.7471869497588186
0.7306445460728924
0.7211013728319996
0.6975581067981143
0.680988761511716
0.6993622972507669
0.6921371570741287
0.6627240755943337
0.6466759021836098
0.650251959610467
0.6486934537839408
0.6341302455073655
0.6175923642486033
0.6206271290177047
0.6068288458116127
0.6138277384969923
0.5992171321854447
0.6045518400091113
0.5793287657728099
0.5835352642367585
0.5710228603295605
0.560507929686344
0.5846020371624918
0.5464276749678333
0.5276606070874917
0.5373461445172628
0.5442769434114899
0.5435023313820965
0.5170054498947028
0.510159574373804
0.5273245130524491
0.5177142358187473
0.4982177597103697
0.5019595469489242
0.47685203558266764
0.48912012968400514
0.4875899538247272
0.4925639418640522
0.4856960445341438
0.4903309932260802
0.4718162619104289
0.48317511274357033
0.45518468666558315
0.44232864391924154
0.4627532417123968
0.4441602642487998
0.44949116309483844
0.4513370385675719
0.4370940321623677
0.4371965530544821
0.4271070740439675
0.4274617400434282
0.42533288941238867
0.4009244187612726
0.4151428277143324
0.422896567017141
0.39691006776058313
0.4141734305656318
0.39431298200530235
0.40044878754350877
0.4038167061528774
0.38202610265726994
0.3974887731701437
0.400623817034442
0.3732196566733447
0.38540609617425936
0.3866696220756781
0.3797594549679997
0.3787388705243968
0.3670988067834064
0.38379021711421735
0.3839821377486894
0.35917596007236324
0.3628363261620204
0.3780757115043775
0.36960688880597703
0.3632384094626013
0.37522239787410006
0.34601501021722353
0.34185032937863863
0.35437571821790753
0.33870862439425303
0.3594703853431374
0.3390624753453515
0.33231107995967674
0.32666306303005027
0.35392763729047294
0.33557091954380575
0.3362472233447162
0.32888512253159224
0.3388235138522254
0.33068097315051337
0.30578476040050234
0.33471536651404216
0.32325609254114557
0.3310666258889015
0.34242024716704783
0.3045765796695093
0.3120767731558193
0.2990535980824268
0.3168151681170319
0.3009644096547907
0.30406677361690637
0.30261740359393036
0.32009783944096226
0.3037718224405038
0.31253499093681875
0.29678996494322113
0.2820594893260436
0.27973803907933864
0.30139471319588745
0.28743510866405986
0.2866120273717726
0.2875277902742829
0.30689411918924314
0.2837109437795601
0.30101835983570174
0.29455821742915145
0.2733543963745387
0.2729099651779791
0.285894299245844
0.2749980069471128
0.28785904519485705
0.27494983691157715
0.27083890651813664
0.27278831586091207
0.2741108453936047
0.27039403054449296
0.2531075801211174
0.2909911113857019
0.26069959426167033
0.27550171375876725
0.270414379208979
0.2653749549027645
0.26375093416433143
0.2626580863890022
0.2596790793568197
0.25340665786555316
0.2653256713440924
0.25742551097364136
0.26797479014806075
0.26789976776850344
0.25419815501781423
0.2578563914455549
0.2572566189549186
0.2489060949195515
0.2652946677472856
0.25811781786909005
0.260085659496712
0.24929075341935109
0.24435913224111905
0.2511229491745583
0.2556585780899934
0.2405196154358411
0.23742940781092403
0.24449622886951525
0.24496038393540817
0.24021769450469452
0.24883262015352345
0.2426101029521287
0.24082749991705923
0.24045130971706274
0.24644415501994316
0.23396168242801318
0.24007791762400155
0.24204118730443897
0.23861275161757614
0.22616582687454995
0.2312931665266403
0.24123988737060567
0.22220473638688676
0.23018063153281357
0.22237491442097557
0.22434702365085332
0.2162669471869565
0.22991795318596292
0.23848206753080542
0.22619288211519067
0.212946783111553
0.22389467391702864
0.22570155131997485
0.23266603233236255
0.21852993363081807
0.224970021106378
0.2147387902845036
0.2209092074572438
0.22741424450368591
0.2224404409979329
0.2098172322818727
0.21408541154379795
0.21887601084179348
0.21723781435778647
0.20477905869483948
0.21176198177566433
0.21217527729694288
