0.23562289578746062
0.2970033671819802
0.3284848472385695
0.3663973067746018
0.40030303145899915
0.40262626246972516
0.4210437704818417
0.42562289641361045
0.46063972934327946
0.4613468008812028
0.47808080731016217
0.5031313137574629
0.5131313114455252
0.5186868671214941
0.5254545440577497
0.5403030316034952
0.5401010082827674
0.5621885509804042
0.558215489592215
0.5764309730794694
0.5745791254019497
0.59387205255152
0.5849158261159454
0.6021212113626075
0.6104713801783744
0.6139730618457602
0.6193266008237396
0.6201683490565328
0.6330303025968147
0.6473737389150293
0.6466329964724454
0.6418855208339114
0.6541077449466243
0.6583501666483252
0.6643097683636829
0.6785185174508528
0.6705050552734221
0.6825589248628328
0.685824914412065
0.681178452390613
0.6992255906866054
0.7106733996458728
0.7006060625567581
0.7202693615296875
0.7180134684148461
0.7160269353124831
0.727777777296124
0.7249494959609677
0.7311784480557297
0.7308080804468405
0.742760941235706
0.7475757574794268
0.7454208767775333
0.7508080794353678
0.7492929287631103
0.761952863197134
0.7554208744655956
0.7629292920382336
0.7659932645884427
0.7729292909304301
0.773501683967282
0.773939392181358
0.7777104377746582
0.7858922535722906
0.7877441078725488
0.791986528671149
0.7948821548259619
0.7916161586539914
0.7917171698628049
0.7977104379673197
0.798080806178276
0.7991919186380174
0.8069023550158799
0.8154882186591023
0.8104040399946347
0.8101346793800893
0.8177777817755034
0.8193265970307168
0.8149158256222503
0.8163299680960299
0.8199663306727554
0.8212121201284004
0.8278451164563497
0.8261279451726663
0.826060601557144
0.8209764319236832
0.8323232326844726
0.8310437660024623
0.8331313139260418
0.8435690216343812
0.8383164959724503
0.839427609636326
0.8440067310525914
0.8414814785273388
0.8457575759502373
0.8543434347769227
0.8437373740504487
0.8494276097326567
0.8505050485784357
0.8566329978933238
0.8494949497357763
0.8559595942497253
0.8582154885687009
0.8649831649028894
0.8586195285874184
0.8576430955318489
0.8642424236644398
0.8634343430249378
0.8648821512858073
0.8644107754784401
0.8657239025289362
0.8650168343023821
0.8730303000922155
0.8664646473797885
0.8718181806381302
0.8747811467960628
0.8782491569567208
0.8805050476632937
0.8821212113505662
0.8781481499623771
0.8796969712382615
0.8802020212616584
0.8788888869863568
0.8838383820321825
0.8826936025812169
0.8831649832051209
0.8849494962981252
0.8905723895689454
0.8848148138836177
0.8873400627964675
0.8773063975151139
0.8880808106576553
0.8836026926233311
0.8890909070920463
0.8909427583819688
0.8916161638317686
0.8952525233981585
0.8910774395923422
0.8946127951747239
0.8943097669668872
0.8873737358083629
0.8962962952527133
0.8982491583535166
0.8983501683581959
0.8970033694999386
0.8943771057658725
0.8980471359358894
0.8978787865301575
0.900707073283918
0.9027272727754381
0.9020538733463095
0.9031313127941556
0.9013804709068453
0.9092929309064691
0.9056902353209678
0.9101010139542397
0.9053535359074371
0.9109427651973686
0.9112457909969368
0.9101010073315013
0.9123232328530514
0.906969696584374
0.9104040403558751
0.9183501733673943
0.914713806576199
0.9091245821028044
0.9106734021745547
0.9115488228171763
0.9157575790328208
0.9169696966807047
0.9170370384900257
0.9185521915705517
0.9175420903196239
0.916700339678562
0.9207407434781393
0.9220875465508663
0.9212794629010287
0.9187542121819775
0.9212457953077374
0.9177441109310497
0.9190572427980828
0.919764311626704
0.9214478123067605
0.918686872178858
0.9275757616216486
0.9294276147177725
0.9229292983960624
0.9227946141753534
0.9230303084007417
0.921717172921306
0.9250841760876203
0.9217508447290671
0.9265319915732952
0.926531990369161
0.9282154916512846
0.930168350537618
0.92737373739782
0.9262626309587498
0.933265998507991
0.9280134728460601
0.9260942797468166
0.9292255923001453
0.9344781173600091
0.9309090983988059
0.9317845160310919
0.9323905760591681
0.9301346847505281
0.9317508442233308
0.9350168349766972
0.9304713835619917
0.9315824966238002
0.9288888904783461
0.9349494979839132
0.9340740779433587
0.9365656574567159
0.9353872068000563
0.9405387224573077
0.9363973080509841
0.9389899029876246
0.9391582523933565
0.9365319892613575
0.9365656574567159
0.9357912468187737
0.933569028522029
0.9427946125618135
0.938282832352802
0.9440067326179659
0.9403030294360537
0.9395622894017384
0.9415824943118625
0.9437373762178902
0.9399326618271645
0.9429629667840823
0.9439057244194878
0.942491585558111
0.9486195288523279
0.9418855201114308
0.9443771026351235
0.9418181813124454
0.9420538725274982
0.9414814818989147
0.9394612830094616
0.9423232337441108
0.948047135815476
0.9419191943274604
0.9414141455081978
0.9430976425758516
0.9419865307181773
0.9457912445068359
0.9445117856516982
