0.1864646462479023
0.23797979800388067
0.2738720532318558
0.3009427608263613
0.3235016818901505
0.34198653216313835
0.3686868698910029
0.38488215418777083
0.3991245789961381
0.41545454570741364
0.4277441077160113
0.4400000006261498
0.4488888885637726
0.461077441169758
0.4686195290449894
0.4764646463321917
0.4855555536771061
0.5069360263419874
0.49367003127782033
0.519191917144891
0.5253872043556638
0.5225589236225745
0.5453198651472727
0.5403366988957531
0.5519865305736812
0.5587205396156119
0.5678787887698472
0.5725925895902846
0.5816161593403479
0.5919191924610523
0.5820538690595916
0.5995622867285603
0.6032996620192672
0.6058249178558889
0.6258249156402819
0.6273737375182334
0.6360269351439043
0.636397305763129
0.6423905726635095
0.6514814809115246
0.6489562295904063
0.6570033701983365
0.653636366429955
0.6761952849349591
0.6738047145231806
0.6713468007969133
0.6809427629817616
0.6930303037768663
0.6990235682689783
0.7100673450364007
0.7030303044752642
0.7186868702522432
0.7060269358182194
0.711616165108151
0.7242424229178765
0.7287878803532533
0.7372390573674982
0.7362962943134885
0.7375757579851632
0.7531649813507543
0.7544444462265631
0.7590235682448956
0.754579120212131
0.7659595933827487
0.7605050519259289
0.7707407408290439
0.7639730638927884
0.7714814814654264
0.7763299689148412
0.7729629603299227
0.7870707084434201
0.7892929297505002
0.7892929273422318
0.7935690205506604
0.7867340066216209
0.79811447738397
0.7973737379517218
0.8071043750252387
0.8096969669515436
0.8131986507261643
0.8106397300055532
0.8134343425432841
0.8134680119427767
0.816498313889359
0.8132323213297912
0.8176094299615032
0.8178787863615787
0.8339057221557155
0.8324579120886446
0.8300000043830487
0.8319865320668076
0.8397979784493494
0.8358922558601456
0.841582492746488
0.8438720546587549
0.840303032085149
0.8436700328431949
0.8449158271153768
0.8479461314702275
0.8519191934604837
0.8477777760438244
0.851077438002885
0.8549494948049988
0.8511447816184072
0.8540067359654591
0.8560942736538973
0.8626599299787271
0.8596296280321448
0.8653198643164202
0.8676094280348884
0.86622895736887
0.8691919181081984
0.8635353518254829
0.8610437717100586
0.8679461298566876
0.876498317477679
0.8710100981924269
0.8764646450678507
0.8823905749754473
0.8749494974059288
0.8767676738777546
0.8821548843624616
0.8857912493474556
0.8861952833455018
0.8821548819541931
0.8768350132788071
0.8817508419354757
0.8890572413049563
0.8905723913751468
0.8973063940953727
0.8965319858656989
0.8917171768467835
0.8958922558360629
0.8939057227337
0.9008080820844631
0.8999326626459757
0.9016161657343007
0.8982154859436883
0.8968686882895652
0.8989898983878318
0.9013804721109795
0.8999663284330657
0.9051178452944515
0.90218855515875
0.9062962983593796
0.9072390571989194
0.9096296309220671
0.9074074096149869
0.9115151522135494
0.9172727309092127
0.9105387239745169
0.8829629650019636
0.8949494951903217
0.909865322739187
0.9128619558883436
0.9126599334707164
0.9152861972047825
0.9167003402806292
0.9129629622806202
0.9179124603367815
0.9197306422272113
0.9136700359257784
0.9194949498080244
0.916195288451031
0.9172727321133469
0.9213804735077752
0.9152861947965141
0.9173737397097578
0.9211447853030581
0.9219528611260231
0.9244444472621186
0.9258249185302041
0.9251178509057171
0.9300336723375802
0.9229629641831524
0.9289225604799058
0.9278451204299927
0.9271380485910358
0.9242760978563868
0.9260606073369884
0.935959598632774
0.9346801379714349
0.9305723929646039
0.9335353537039324
0.9358585886280946
0.9276430986144326
0.9378114481164952
0.9337710461231193
0.9324579154602205
0.9371380492894337
0.9344444473584493
0.9361952880416253
0.9364309792566781
0.9320202036337419
0.937575759911778
0.9419191901129905
0.9407744106620249
0.9376767693143903
0.9376094281071364
0.9372053868842848
0.9403703718474417
0.9389899005793562
0.9378114499226965
0.9428619519628659
0.9427609431623208
0.9423232319379093
0.9430639725742918
0.9411111094734885
0.9453872044881185
0.9446464650558702
0.9456902357062908
0.9461616127177922
0.9430303049810005
0.9471380469774959
0.9498316440919433
0.9462626245286729
0.9494949482908153
0.9532323220763543
0.9462962945302328
0.9474747487992952
0.9470370363707494
0.9463973075452478
0.9478114482128259
0.9459932633120605
0.9540740709112148
0.9516834995963357
0.9505723883407284
0.9510100989630728
0.9512457889739914
0.9522895602264789
0.9487878812683953
0.9549494915538363
0.9449158238642144
0.9494276064814944
0.9550168315569559
0.953602692093512
0.9482154870274091
0.9530302972504587
0.9496969658919056
0.9505050477355418
0.9518181790005077
0.956094271004802
0.9526262602420769
0.9543771027314543
0.9583164947201507
0.9598653129856995
0.9583164947201507
0.9547811385357019
0.9621885455015934
0.9598989853955279
