0.1903333342820406
0.18440000228583814
0.19966666765511035
0.19926666758954525
0.21093333475291728
0.21426666654646398
0.22913333475589753
0.21560000091791154
0.23780000008642674
0.23693333476781844
0.23833333469927312
0.25946666732430457
0.24600000113248824
0.259799999371171
0.25346666753292085
0.25880000047385693
0.25466666743159294
0.26840000092983246
0.27206666745245456
0.26653333321213724
0.26993333354592325
0.28853333488106725
0.2758666679263115
0.27480000019073486
0.28426666751503943
0.28299999982118607
0.29193333491683005
0.2892000003159046
0.2956000001728535
0.29913333281874654
0.29086666733026506
0.30773333393037317
0.3068000020086765
0.3130000001192093
0.2929999997466803
0.31133333414793013
0.2972666655480862
0.30406666681170463
0.31133333340287206
0.3076666674017906
0.3158666677772999
0.31886666640639305
0.30793333396315575
0.3198666661977768
0.3260666671395302
0.3203333339095116
0.3243999995291233
0.3300666669011116
0.3140666656196117
0.3200000011175871
0.3254666665196419
0.32833333298563955
0.33913333371281623
0.3308666677772999
0.3299999994039535
0.3401333336532116
0.3404000003635883
0.34006666705012323
0.3384666675329208
0.32760000124573707
0.34919999927282336
0.3438666670024395
0.3571333335340023
0.3480666673183441
0.3554666671156883
0.3626000003516674
0.3592000003159046
0.34153333351016046
0.340866666585207
0.34153333455324175
0.3561333337426186
0.3562666670978069
0.35426666647195815
0.3647333335876465
0.3510000002384186
0.35259999945759773
0.36233333438634874
0.3661999998986721
0.350799999833107
0.3673999997973442
0.34960000082850456
0.3602000005543232
0.36039999887347224
0.36006666779518126
0.36153333336114885
0.36200000047683717
0.3535333336889744
0.3671333341300487
0.3561333329975605
0.3580666670203209
0.3723333339393139
0.3690000012516975
0.36246666699647906
0.3788666684925556
0.37953333273530004
0.3703333351016045
0.37100000083446505
0.37746666729450223
0.36626666866242885
0.37206666693091395
0.381066666841507
0.36693333387374877
0.3934000004827976
0.38499999955296516
0.3815333342552185
0.37713333308696745
0.381000000834465
0.38753333434462545
0.3907333344221115
0.4001333335042
0.3960666657984257
0.3953333322703838
0.39200000107288363
0.3970000012218952
0.4007333327829838
0.3972666662931442
0.38799999982118605
0.3977999995648861
0.4113333331048489
0.3985333345830441
0.39553333282470704
0.40413333430886267
0.39753333389759066
0.407600000500679
0.39793333381414414
0.4049999991059303
0.40499999970197675
0.3909333331882954
0.4091333332657814
0.4072000007331371
0.4146666677296162
0.42493333339691164
0.401333334594965
0.40300000056624413
0.41566666826605797
0.4062666666507721
0.43286666452884676
0.42173333182930944
0.3956666675209999
0.4155333325266838
0.4249333339929581
0.4112666670978069
0.41273333176970484
0.4008000008761883
0.4062666667997837
0.42020000129938123
0.4157999984920025
0.4136666649580002
0.4280000016093254
0.4173333339393139
0.41046666756272315
0.4132666678726673
0.41480000168085096
0.4200666680932045
0.4111999990046024
0.4166000008583069
0.4035333335399628
0.41726666554808617
0.42953333392739296
0.41846666812896727
0.4198666678369045
0.42020000129938123
0.42519999980926515
0.42080000147223473
0.4266666665673256
0.42940000087022784
0.4176000009477139
0.42406666666269305
0.4401333346962929
0.433533333837986
0.44653333246707916
0.4309333339333534
0.4457999993860722
0.4418666660785675
0.4313333341479301
0.43866666734218596
0.4404666678607464
0.4297999995946884
0.43259999975562097
0.43566666573286056
0.4359999996423721
0.42726666629314425
0.4182666662335396
0.4307999999821186
0.4236666661500931
0.4625999999046326
0.4258666682243347
0.4352000001072884
0.45006666630506514
0.42506666779518126
0.4264000001549721
0.44106666684150697
0.43326666578650475
0.42933333218097686
0.43953333258628846
0.4456666660308838
0.4346666678786278
0.42293333262205124
0.44846666753292086
0.4318666660785675
0.4558000004291534
0.43806666746735573
0.44233333319425583
0.4392000000178814
0.43480000004172326
0.45673333257436755
0.43793333306908605
0.4354666665196419
0.4406000006198883
0.4465333342552185
0.4422666642069817
0.4517333361506462
0.45000000089406966
0.4406000006198883
0.4602666676044464
0.4529333321750164
0.4552666671574116
0.44833333402872083
0.4422666661441326
0.4538666658103466
0.4454666668176651
0.4652666676044464
0.44686666667461394
0.45193333327770235
0.4550666664540768
0.44399999976158144
0.44646666780114175
0.454733332246542
0.4382000030577183
0.44873333543539046
0.4469999995827675
0.44746666491031645
0.43880000084638593
0.47800000131130216
0.45400000005960467
0.4697333334386349
0.45106666699051856
0.4519999998807907
0.4660666659474373
0.46286666780710223
0.47800000190734865
0.45006666749715807
0.46446666687726973
0.46366666749119756
0.4521333345770836
0.47640000060200693
0.46906666666269303
0.4624666647613049
0.44926666617393496
0.48086666941642764
0.45660000130534173
0.4548000019788742
0.4698666694760323
0.4667333346605301
0.4672666674852371
0.4625333322584629
0.4612000009417534
0.4634666654467583
0.4573333325982094
0.46553333088755605
0.4605333340167999
0.47020000010728835
0.45346666499972343
0.4671333345770836
0.4612666654586792
0.46820000156760216
0.4669999974966049
0.46706666976213457
0.4520666691660881
0.4888000011444092
0.45526666671037674
0.4784666696190834
0.4748000010848045
0.4844666653871536
0.4631333351135254
0.4678666666150093
0.46980000019073487
0.4727333350479603
0.4700666669011116
0.4883999998867512
0.47060000121593476
0.4596666659414768
0.46679999977350234
0.47653333336114884
0.4592666667699814
0.4733333322405815
0.46706666618585585
0.4619999988377094
0.46860000133514407
0.4627333319187164
0.4659333348274231
0.4634666645526886
0.470666666328907
0.4727333319187164
0.49253333657979964
0.4654000000655651
0.45806666791439055
0.4645333325862884
0.46493333637714385
0.4828666654229164
0.482133332490921
0.48799999952316286
0.4692000004649162
0.47513333305716515
0.4802666670084
0.47166666865348816
0.47633333593606947
0.4794666673243046
0.4658666650950909
0.47340000078082084
0.4742000013589859
0.47193333476781846
0.4879999992251396
0.47339999824762347
0.4691333344578743
0.46553333252668383
0.4831333324313164
0.4829333317279816
0.48059999793767927
0.4823999997973442
0.475199997574091
0.47186666637659075
0.4611333319544792
0.4776000002026558
0.48546666637063024
0.48780000060796735
0.4786666664481163
0.47833333164453506
0.46920000061392786
0.47479999989271165
0.47893333315849307
0.4753333330154419
0.48413333237171174
0.48186666533350947
0.46566666543483737
0.47133333414793016
0.4931333318352699
0.48913333281874655
0.48166666641831396
0.48986666679382324
0.4755333334207535
0.4975333297252655
0.4762666666507721
0.4870000007748604
0.4941999986767769
0.4703999975323677
0.491133331656456
0.4915333315730095
0.47093333333730697
0.4876666656136513
0.49873333364725114
0.4928666678071022
0.47759999811649323
0.48253333270549775
0.4938666644692421
0.48973333433270455
0.5003333315253258
0.48693333461880683
0.4874666638672352
0.4887333330512047
0.49606666445732117
0.47046666592359543
0.48493333280086515
0.5015999990701675
0.5085999989509582
0.48246666744351385
0.4848000007867813
0.4910666677355766
0.48999999940395356
0.4898000007867813
0.48993333280086515
0.5009333333373069
0.47766666650772094
0.5071333327889442
0.4859999993443489
0.4823999987542629
0.48059999823570254
0.4879999998211861
0.4979999992251396
0.4889333325624466
0.4949333342909813
0.4895999988913536
0.4870666664838791
0.5026666659116745
0.5003999999165535
0.48400000125169756
0.4989999975264072
0.4888666668534279
0.49919999718666075
0.4884666666388512
0.48326666593551637
0.48066666632890703
0.4813333323597908
0.48919999569654465
0.4939333312213421
0.5055333343148232
0.4853999984264374
0.49973333239555356
0.4944666653871536
0.49920000016689303
0.505199998319149
0.486800000667572
0.5166666650772095
0.4965333345532417
0.4968666663765907
0.5019999992847443
0.5020666667819023
0.47806666553020477
0.4974666664004326
0.48259999811649323
0.5128000018000602
0.4979333338141441
0.490599998831749
0.5054666644334793
0.500733333081007
0.4984666657447815
0.49953333407640454
0.4991999962925911
0.5015999989211559
0.49793333262205125
0.4965999984741211
0.5080000013113022
0.49173333182930945
0.501800000667572
0.5018000012636185
0.47933333456516264
0.49459999829530715
0.4876666656136513
0.5037333330512047
0.5047999972105026
0.4990666636824608
0.5180000013113022
0.4849999998509884
0.4960666663944721
0.49073333412408826
0.5122000005841255
0.5016000008583069
0.4935333341360092
0.49713333636522294
0.49800000071525574
0.48920000046491624
0.48833333343267443
0.49886666744947433
0.5138666662573814
0.5019333320856094
0.49493333488702773
0.5011999976634979
0.4933333322405815
0.501199999153614
0.4924666675925255
0.4882666659355164
0.5021999996900558
0.505533332824707
0.5083999997377395
0.4983333319425583
0.480200001001358
0.5109999999403954
0.5081333309412003
0.5089333334565163
0.495600001513958
0.5167999988794327
0.49700000166893005
0.5078000012040138
0.5060666665434838
0.5172666698694229
0.5004666659235955
0.4899333330988884
0.4964000019431114
0.5054000008106232
0.5055333319306373
0.5184666666388512
0.513133333325386
0.5090666636824608
0.5073999986052513
0.5265333342552185
0.5158000004291534
0.5069999983906746
0.5014666673541069
0.49413333341479304
0.5098000013828278
0.5120000015199184
0.5082000005245209
0.5248666676878929
0.5078666666150093
0.5127333322167397
0.49393333196640016
0.5041333337128162
0.4924000015854835
0.5099333328008652
0.5132666659355164
0.5054000011086464
0.4972000001370907
0.5272666642069817
0.4991999986767769
0.5175999991595746
0.5247333329916001
0.5208000001311303
0.5163333335518837
0.5253333333134651
0.5104666672646999
0.528866667598486
0.5169333335757256
0.5158666661381721
0.5051999992132187
0.5144666655361653
0.4906666651368141
0.5065333315730095
0.5219333329796791
0.516599999666214
0.5054666674137116
0.5150666677951813
0.49813333302736285
0.5026666679978371
0.5150666636228561
0.5283333343267441
0.5135999992489815
0.5096666663885117
0.513666664659977
0.5303333342075348
0.5193999978899956
0.5103333345055581
0.5072000020742417
0.49099999785423276
0.5293333345651626
0.5090000009536744
0.5171999993920326
0.509333330988884
0.5262666669487953
0.5232000008225441
0.5163999998569488
0.5137333363294602
0.5212000003457069
0.510533330142498
0.5147999995946884
0.5145333318412304
0.5122666671872139
0.5146666672825814
0.5212000003457069
0.5110000005364418
0.5036666664481163
0.5434000000357628
0.513133333325386
0.5112666669487953
0.5202666670084
0.5161333315074443
0.5227999988198281
0.5157333308458328
0.5254666662216186
0.5214666643738747
0.5150666651129723
0.49486666679382324
0.5151333358883857
0.4995999988913536
0.5298666670918465
0.523199999332428
0.5129333326220512
0.49853333294391633
0.5284666648507118
0.5163333335518837
0.5195999974012375
0.513200000077486
0.520333331823349
0.5198666688799858
0.5187333312630653
0.513933333158493
0.5421999956667424
0.5152666658163071
0.5295333307981491
0.5062666684389114
0.5272666677832604
0.5139999997615814
0.5221999993920327
0.5210666662454605
0.5266666674613952
0.5336000025272369
0.5113999968767167
0.5229333326220512
0.5229999998211861
0.521866669356823
0.5232666674256324
0.5180666673183442
0.5212000000476837
0.5370666661858559
0.5210666674375534
0.5141333320736885
0.5197333332896232
0.5249999982118606
0.536866667419672
0.5270666652917861
0.5122666658461094
0.5202666667103767
0.5153999993205071
0.5132666665315628
0.5227333319187164
0.5128000006079674
0.5210666641592979
0.5212666669487953
0.5222666677832604
0.5288666653633117
0.5269999971985817
0.5256666648387909
0.5336000007390976
0.5334666633605957
0.5234000006318092
0.5360666653513908
0.513266666829586
0.52273333132267
0.5147999992966652
0.5285333344340324
0.5277999976277351
0.5116666650772095
0.5228666663169861
0.5106666657328606
0.5146666687726974
0.5166666689515114
0.5178666654229164
0.5380666661262512
0.5194666677713394
0.5387333303689956
0.5388666662573814
0.5345333310961723
0.504799997806549
0.5233333343267441
0.5279999995231628
0.5196666660904884
0.5312666663527489
0.516533332169056
0.5116000002622605
0.5242666646838188
0.5172666668891907
0.5276000028848649
0.5133333343267441
0.5259333336353302
0.5186000025272369
0.5390000024437904
0.522399998307228
0.5303999996185302
0.5303333312273025
0.5237333318591118
0.5330666682124138
0.5317333319783211
0.5371999976038933
0.5182000002264977
0.5200000014901162
0.5288666647672653
0.5454666677117348
0.5313999989628791
0.5239333325624466
0.535533332824707
0.5353999975323677
0.5333333314955234
0.5231333318352699
0.5060666671395302
0.5195999985933304
0.5272000008821487
0.5220666655898094
0.5438666653633117
0.5442000031471252
0.5247999987006188
0.5440666657686234
0.5425333362817765
0.5259333324432373
0.5303999976813794
0.5231999996304512
0.5203999996185302
0.5269333323836327
0.5350666669011116
0.5263999956846237
0.5348000007867814
0.5416666665673255
0.5254000002145767
0.5436666655540466
0.5388666641712189
0.5369333320856094
0.5319333317875862
0.5389333337545394
0.5346666663885117
0.511866663992405
0.5356666648387909
0.5385333341360092
0.5370000001788139
0.5216666665673256
0.5321999970078468
0.5269333323836327
0.521533332914114
0.5295999994874001
0.5315333345532417
0.5260666680335998
0.5254000002145767
0.539066666662693
0.5269999998807907
0.5385999983549118
0.5431333300471306
0.5521333333849907
0.5411999988555908
0.5423333305120468
0.5365333339571953
0.5400000029802322
0.5316000005602837
0.537466666996479
0.5250666669011116
0.5322666653990745
0.5349333333969116
0.5273333358764648
0.5446666660904884
0.5434000000357628
0.5470666664838791
0.5317333331704139
0.5278666651248932
0.5269333350658417
0.5215333339571953
0.543533333837986
0.5319999971985817
0.5408000007271767
0.5331333322823048
0.5355999988317489
0.537066664993763
0.5263999995589256
0.5360666644573212
0.5281999999284744
0.5476000006496906
0.5326666641235351
0.5355333334207535
0.5442666664719582
0.5288666668534279
0.5238666662573814
0.545799999833107
0.5413333362340927
0.5519999992847443
0.539599997997284
0.5421999999880791
0.5462666660547256
0.545333334505558
0.5435999989509582
0.533999999165535
0.5411333340406418
0.533933331668377
0.5404666659235954
0.5424666652083396
0.5267333349585533
0.5474666683375835
0.5246000021696091
0.5414666667580604
0.5319999995827674
0.5301333335042
0.5399999988079071
0.5498666641116142
0.5379999986290932
0.5537333315610886
0.531866665482521
0.5334000009298324
0.5384666666388511
0.544133332669735
0.5370666688680649
0.5403333351016044
0.5413333316147327
0.5356666684150696
0.5387333339452743
0.5415999993681908
0.5337333330512046
0.5330666661262512
0.5519999986886979
0.5484000012278557
0.5361333322525025
0.5221333330869675
0.5473333352804184
0.5415333342552185
0.5368000003695488
0.5421999981999397
0.5198000013828278
0.542133332490921
0.5321999993920327
0.5336666673421859
0.5389333316683769
0.5331333330273629
0.5431333330273628
0.5375999990105629
0.5358000001311303
0.5505333286523819
0.5577999982237816
0.5561333301663399
0.5540666651725769
0.5396666651964188
0.5341333305835724
0.5359999990463257
0.5486666679382324
0.5267999988794326
0.5341333323717117
0.5462666681408882
0.5361333337426185
0.5367333322763443
0.5422666653990745
0.5535999986529351
0.5431999987363816
0.5455333313345909
0.5511333331465721
0.5377333331108093
0.5306666654348373
0.5343999972939492
0.5485333296656608
0.5535999989509582
0.5454000002145767
0.5563999989628792
0.5386000016331672
0.5333999988436698
0.5653333342075348
0.5244000026583672
0.5473999974131584
0.5483999997377396
0.5359333330392837
0.5452000007033349
0.5379999995231628
0.5483999967575073
0.5305999991297722
0.5511999994516372
0.5132000005245209
0.5405333334207535
0.5387333351373672
0.5387333339452743
0.5421333339810371
0.5425999987125397
0.5464666670560837
0.555866664648056
0.5416000011563301
0.5454666641354561
0.545466665327549
0.5439333316683769
0.5358666670322418
0.5468000015616417
0.5348666653037071
0.5435333329439164
0.5473333325982094
0.5591333362460137
0.5576666644215584
0.5590666657686234
0.5537999993562699
0.5437999984622002
0.5561333331465721
0.5561999970674515
0.532466666996479
0.5504666709899902
0.550866667330265
0.5587999975681305
0.5437333336472512
0.5503333312273025
0.5493999987840652
0.5519333326816559
0.5356000012159348
0.5378666645288468
0.5460666662454605
0.5512666663527489
0.5481333330273628
0.5514666673541069
0.5473333317041397
0.5527999994158744
0.549400001168251
0.5406666648387909
0.5559999975562095
0.5476666650176049
0.5547333338856697
0.5346666663885117
0.5438666647672653
0.5336666652560234
0.5637333324551582
0.5435333326458931
0.5572666665911674
0.5532666650414467
0.5543333306908608
0.5459333339333534
0.5756666684150695
0.5499999988079071
0.5551999986171723
0.5531333318352699
0.5544666658341885
0.5509333318471908
0.5460666680335998
0.5506666681170463
0.5423999977111816
0.5493333300948143
0.5564666652679443
0.5525333353877068
0.5508000016212463
0.5376666674017906
0.5459999975562095
0.5456000018119812
0.558466665148735
0.5494666650891304
0.5422666653990745
0.5498000001907348
0.5477999979257584
0.5479333332180977
0.5551999986171723
0.5364000014960766
0.5406666669249535
0.5604000011086464
0.5674666631221771
0.5490666648745537
0.5548666658997535
0.5472666656970978
0.5376666676998139
0.5353333321213722
0.5575333306193352
0.5421333342790604
0.5572666671872138
0.5518000009655952
0.5490666654706001
0.5440000003576279
0.5557333317399025
0.5532000026106835
0.5330000016093254
0.5582666662335396
0.54200000166893
0.5623333314061165
0.5551333341002465
0.5439999997615814
0.5543333330750465
0.5454666656255722
0.5485333335399628
0.5469333347678185
0.5510666626691818
0.5546000009775162
0.5439999967813491
0.5481999972462654
0.5610666665434837
0.5723333302140236
0.5586666655540466
0.5564666646718979
0.5442000010609627
0.5303333303332329
0.5582666683197022
0.5746666651964187
0.5375333300232887
0.5490666663646698
0.5584666684269906
0.5464666652679443
0.5658666652441025
0.5603333356976509
0.5460666662454605
0.555933330655098
0.5625999990105629
0.5494666641950607
0.5699333322048187
0.5380000010132789
0.5643999969959259
0.5433999979496003
0.5533333322405816
0.5458666670322418
0.5540666651725769
0.5520666655898094
0.5572000023722649
0.5751999995112419
0.5532666656374932
0.553466663658619
0.5531999987363815
0.5455333346128464
0.5471999973058701
0.5607999986410142
0.5527999991178513
0.5546000003814697
0.5679333326220513
0.5525999999046326
0.5659999969601631
0.5585333335399628
0.5561999979615212
0.5585333335399628
0.5544000008702278
0.5589999994635582
0.5609999996423721
0.5649999982118606
0.5651333341002465
0.5624666655063629
0.5655333355069161
0.5553333333134651
0.5287333303689956
0.5530666646361351
0.5412000006437302
0.5674000003933907
0.5627999997138977
0.5524666652083396
0.5554000002145767
0.5742666652798653
0.5503999987244605
0.5520666670799256
0.5687333330512047
0.5546000015735626
0.5556666684150696
0.5673999992012978
0.563266666829586
0.5419333311915397
0.5595333334803582
0.5625999963283539
0.5625333338975906
0.5576000007987022
0.5576666630804539
0.5511333313584328
0.5490666669607163
0.5630666664242745
0.5635333347320557
0.5526666665077209
0.5689999988675117
