0.3103999993801117
0.37093333327770234
0.4258133330345154
0.4536533308029175
0.46208000016212464
0.4933866674900055
0.49434666633605956
0.5067733328342438
0.5123733348846435
0.5294933302402496
0.5328533329963684
0.5361066656112671
0.5467733347415924
0.5470933330059051
0.5510933337211609
0.5651199972629547
0.5620799989700317
0.5756266646385193
0.5764800004959106
0.5814933326244355
0.5788799986839295
0.5764266653060913
0.5933333325386048
0.5956266655921936
0.5875733301639557
0.5845333323478699
0.5893866639137268
0.6098133316040039
0.6016533336639405
0.6031999990940095
0.608106663942337
0.6076799974441528
0.618666666507721
0.6158399984836579
0.6124266653060914
0.6065066637992859
0.6137066669464112
0.6266133332252503
0.628853331565857
0.6360533311367035
0.6412799990177155
0.6361066665649414
0.631946667432785
0.6371733334064483
0.6445333342552185
0.6338133330345154
0.6432533330917358
0.6405333290100098
0.6323733329772949
0.6409600009918213
0.6509866650104523
0.6452266669273377
0.6527466652393341
0.6611199996471405
0.6507733323574066
0.6560533313751221
0.6719466681480408
0.6587733335494995
0.6607999999523163
0.6680533337593079
0.6639999990463257
0.669066665172577
0.6674133322238922
0.6568533322811126
0.6739733333587646
0.6746133348941803
0.6643733325004577
0.6782400026321411
0.6850133337974549
0.6746133353710174
0.6669866681098938
0.6707733345031738
0.6844266648292542
0.670666666507721
0.6699199988842011
0.6782933311462402
0.6827733364105225
0.6843200030326844
0.6812266693115234
0.680853334903717
0.6834666681289673
0.6887999992370606
0.6925333352088928
0.6945599994659424
0.6838400006294251
0.69210666680336
0.6995200009346009
0.689973333120346
0.7021333322525024
0.6968533318042756
0.694506668806076
0.691253333568573
0.701599999666214
0.703573335647583
0.6906133351325989
0.698720000743866
0.6960533328056335
0.7025600028038025
0.714720003604889
0.7067200012207031
0.7094933323860169
0.7124800000190735
0.7170666651725769
0.7059733347892762
0.7064533314704895
0.7094400005340576
0.714933334827423
0.7129599967002869
0.7113599996566773
0.7106666684150695
0.7143466687202453
0.7147200012207031
0.7119466655254364
0.7120000007152557
0.7190400009155273
0.7165333354473113
0.7141866669654846
0.7217599964141845
0.7265066676139832
0.7131199998855591
0.7235199999809265
0.7147733321189881
0.72
0.7239466681480408
0.7217599983215333
0.727946665763855
0.7262399997711182
0.734666666507721
0.7227733316421509
0.7312533311843872
0.7241600050926208
0.7243733329772949
0.7198933320045471
0.7321066670417785
0.7174400019645691
0.7321599988937378
0.7381866669654846
0.728640001296997
0.7416533312797546
0.7383999996185303
0.7254933323860169
0.7382400012016297
0.735199996471405
0.7366400027275085
0.7276799993515015
0.7359999990463257
0.7414399981498718
0.7398399972915649
0.7441066627502442
0.734826666355133
0.7391466665267944
0.7401600008010865
0.7306666665077209
0.7330133314132691
0.7484800019264222
0.7324800024032593
0.7410666651725769
0.7361066646575928
0.7388800005912781
0.7333333325386048
0.7419200010299682
0.7433066658973694
0.7522666630744934
0.7560533332824707
0.7463466658592224
0.7459733328819275
0.7450133337974548
0.741600001335144
0.7529600019454956
0.7510933332443237
0.7436266655921936
0.7548266656398773
0.7442666673660279
0.7499200000762939
0.7425066676139832
0.7480533347129822
0.7418666672706604
0.7421333322525024
0.7529066643714905
0.752799997806549
0.7517866673469543
0.7598399991989135
0.7526933312416076
0.7593600020408631
0.7603733320236206
0.7502933320999146
0.7508266677856446
0.7653866682052612
0.7547199983596802
0.7507199988365173
0.7598933329582215
0.763946669101715
0.7488533329963684
0.7538666672706604
0.7670400004386901
0.7564266653060913
0.7584533357620239
0.7558933353424072
0.7523733348846435
0.7677866654396057
0.7541333322525025
0.7573866667747498
0.7566400027275085
0.7590933337211608
0.7654933319091797
0.7634133315086364
0.7694933338165283
0.7671999998092651
0.7615466666221619
0.7678933334350586
0.7684799990653992
0.7658666667938232
0.7667733325958251
0.7708266673088073
0.7668799991607667
0.7733866662979126
0.7618133335113525
0.7700799984931945
0.7641600017547607
0.7807466650009155
0.7649600009918213
0.765386664390564
0.7724799976348877
0.7713600001335144
0.7776533350944519
0.7718399991989136
0.7758933339118957
0.780479998588562
0.7733333311080932
0.7739199995994568
0.7686933331489563
0.7611733312606812
0.7706133337020874
0.7661866660118103
0.7782933340072632
0.7879999990463257
0.7683199996948242
0.7688533372879028
0.7730666642189026
0.7630933341979981
0.776586667060852
0.7753600020408631
0.7697066659927368
0.7759999990463257
0.7698666677474976
0.7773866686820984
0.7693866672515869
0.7767999987602234
0.7789333338737487
0.7747199993133544
0.7772266669273377
0.769493332862854
0.771946669101715
0.7802666668891907
0.7852799987792969
0.7751466646194458
0.775306667804718
0.7783466696739196
0.7824000005722046
0.7846933312416077
0.7697599987983703
0.7790933327674866
0.7772799997329712
0.7849600019454956
0.7798399991989136
0.782399998664856
0.7822933316230773
0.7873066658973694
0.7884799981117249
0.7943466653823853
0.791253333568573
0.7881599988937378
0.7876266665458679
0.7918933334350586
0.7874666657447815
0.7864533319473267
0.7914666666984558
0.782506667137146
0.78421333360672
0.7844266638755798
0.7829333329200745
0.7836799993515015
0.7812266669273377
0.7829866662025452
0.78389333152771
0.7888533334732055
0.7868266668319702
0.7882133345603943
0.7865066680908203
0.7818666653633117
0.7908266663551331
0.7876799988746643
0.7862933344841003
0.7924799995422364
0.785973331451416
0.7909866662025452
0.790346667766571
0.7896533341407775
0.7826133341789245
0.7916266689300537
0.7841599998474121
