4.616123514175415
1.8326737833023072
1.6829716930389405
1.585022614479065
1.5598658895492554
1.4712754945755004
1.4604111442565917
1.4337848739624024
1.422140308380127
1.3628454637527465
1.355664656162262
1.345791889667511
1.3314125399589538
1.304620351791382
1.3049758577346802
1.2627316241264344
1.2781294384002686
1.2340690484046937
1.2255806818008423
1.2143554096221925
1.2255199785232544
1.2132917652130126
1.1806866507530211
1.1776594500541686
1.2007835941314697
1.1897330265045165
1.1874643788337707
1.1347303466796874
1.1520540208816528
1.1501761236190795
1.1391625652313233
1.1232273917198181
1.1134376001358033
1.1210172281265258
1.1120557918548584
1.1274538526535034
1.116460328578949
1.0751765685081482
1.072690110206604
1.0588166995048522
1.044696391582489
1.0458404951095581
1.0734360427856446
1.042910656929016
1.0301446599960327
1.0517957739830017
1.0463047199249267
1.0482642550468444
1.0602350778579712
1.0403661856651305
1.0198700242042542
1.0180794830322266
1.001668532371521
0.9841132993698121
1.0059401707649231
0.9938246407508851
0.9559712872505188
0.9853634471893311
0.975962607383728
0.9624291849136353
0.9687157549858093
0.9562875342369079
0.9506700754165649
0.9795571272373199
0.945230360507965
0.9423383393287659
0.9687527282238007
0.924327642917633
0.9182805395126343
0.938432062625885
0.9466254196166992
0.9456641364097595
0.9189579138755798
0.9413873300552368
0.957519953250885
0.9266860837936401
0.9245120396614075
0.8963751769065857
0.9091422338485717
0.9097154681682587
0.9161931622028351
0.8959234962463379
0.8872991065979003
0.8718754849433898
0.9005141043663025
0.8887505502700805
0.8689439454078675
0.8928378822803498
0.864128499507904
0.8692046060562134
0.8721003057956696
0.8837830460071564
0.8556198303699494
0.8503238680362701
0.8921508946418762
0.8585137717723846
0.8688231248855591
0.8454192659854889
0.8286044099330903
0.8395995862483978
0.8315590629577637
0.8343019804954529
0.820170948266983
0.8424987730979919
0.8375808458328247
0.8331447801589966
0.8183899457454682
0.8194468226432801
0.8114173841476441
0.833225594997406
0.8247390646934509
0.8081404528617859
0.8372518513202667
0.8247170975208282
0.7984638910293579
0.8039137065410614
0.817461368560791
0.8018557314872742
0.7892843799591065
0.8297821772098541
0.7903108596801758
0.8172572803497314
0.8002614178657532
0.7877993528842926
0.7992444996833801
0.7835110366344452
0.7833312492370605
0.7583015813827515
0.7876309003829957
0.7672319064140319
0.7859078304767608
0.7842542023658753
0.7938993220329285
0.7718327777385712
0.7994334776401519
0.7653492395877838
0.752870948791504
0.7712910735607147
0.7368100550174713
0.7460392858982087
0.7799775240421295
0.7452071416378021
0.7694960601329803
0.7551061177253723
0.7706955599784852
0.7553340132236481
0.7356542725563049
0.7448930184841156
0.7262051997184753
0.7631957292556762
0.7406538791656494
0.7380299949645996
0.7660478229522705
0.7598519022464753
0.7140534009933471
0.7641129047870636
0.736328578710556
0.7523910729885102
0.7417505459785462
0.754381733417511
0.7368521873950958
0.7314193286895752
0.7122227027416229
0.7012570116519928
0.7249646780490875
0.7167751379013062
0.7273888146877289
0.7309540946483613
0.6974827654361725
0.715186716079712
0.7187807772159577
0.7032241537570953
0.7277246396541596
0.7167636127471924
0.7249134209156036
0.7165645909309387
0.7185224034786224
0.7319455802440643
0.6969646911621094
0.6963086539506912
0.7058752999305725
0.6891998462677001
0.6996401069164276
0.6779224755764007
0.6697967543601989
0.7217089397907257
0.7066894047260285
0.6716175758838654
0.6976233308315277
0.7171999213695526
0.6739736831188202
0.6683347060680389
0.6996029307842254
0.6971553156375885
0.6566030123233795
0.6886058146953583
0.6895228476524353
0.6841291906833649
0.6964761254787445
0.6572075662612915
0.6872326669692993
0.6751759140491486
0.694941088438034
0.6820453643798828
0.6559985854625702
0.6687104704380036
0.6556042308807373
0.6582852318286896
0.6706817326545715
0.6627899353504181
0.6607522614002228
0.6631342942714691
0.6630233948230744
0.6489765923023224
0.650418226480484
0.6443093719482422
0.6696903402805329
0.6513949730396271
0.6699888417720795
0.6293557953834533
0.6567645111083984
0.6625801377296447
0.6441267268657684
0.6379255919456482
0.6374237794876099
0.6427284624576569
0.6376585743427277
0.6264630068540573
0.6423466641902924
0.6291619083881378
0.6536408565044403
0.6830677740573883
0.6437397856712341
0.6550461139678955
0.6222302978038787
0.5984804089069367
0.6557510735988616
0.6526846120357513
0.6370343537330627
0.6629425332546234
0.624303730726242
0.6324323756694794
0.6507708126306534
0.6367568001747131
0.6495772883892059
0.6229935986995697
0.6424081699848175
0.6241468102931976
0.6184966435432434
0.6275405175685883
0.6301093606948852
0.6496298217773437
0.6461507649421692
0.6181067092418671
0.6076248676776886
0.6223006448745727
0.6294635927677155
0.6170560891628265
0.6169171503782273
0.6137432742118836
0.6431770303249359
0.6255248750448227
0.6350340654850006
0.6103937994241715
0.6214473509788513
0.6247972023487091
0.6141111443042755
0.5978422904014588
0.6036895854473114
0.5842654900550842
0.5862782170772552
0.6051344602108002
0.5966815507411957
0.5843594607114792
0.6012157925367355
0.5988594398498536
0.5940868139266968
0.6104142718315124
0.6045700694322587
0.6062206189632415
0.6099228534698486
0.613792638540268
0.6010530004501343
0.6120707681179046
0.6096422114372253
0.5865603680610657
0.5909879863262176
0.5994738054275512
0.600757786989212
0.6160687506198883
0.5909110046625138
0.5991115715503693
0.5918448677062988
0.581078845858574
0.596998129606247
0.5902967786788941
0.5826608579158783
0.5810933759212494
0.610839304447174
0.590203665137291
0.6027590754032135
