3.2282867431640625
3.0769243240356445
2.8449208736419678
2.7235288619995117
2.6882617473602295
2.666010618209839
2.5798211097717285
2.400681495666504
2.5956437587738037
2.4100613594055176
2.346442937850952
2.29263973236084
2.350029230117798
2.6111583709716797
2.1689934730529785
2.316744327545166
1.9725391864776611
1.8957570791244507
2.1454336643218994
2.095097303390503
2.2784836292266846
2.061112880706787
2.0612897872924805
2.088094472885132
1.8992621898651123
1.9665822982788086
1.8294047117233276
1.9820226430892944
1.974958062171936
1.9887737035751343
2.111062526702881
1.806755781173706
1.951265573501587
1.8085808753967285
1.9509963989257812
1.85435950756073
1.65338134765625
1.9027785062789917
1.9896291494369507
1.6910597085952759
1.803586483001709
1.7592356204986572
1.6043734550476074
1.5415754318237305
1.7800792455673218
1.698625087738037
1.6341111660003662
2.078937530517578
1.6418323516845703
1.8267419338226318
1.6992350816726685
1.7490997314453125
1.8792014122009277
1.906509518623352
1.630144715309143
1.797701120376587
1.7469651699066162
1.8929756879806519
1.6403783559799194
1.799590826034546
1.5800817012786865
1.6989669799804688
1.6536864042282104
1.6257439851760864
1.6582915782928467
1.6641268730163574
1.4586031436920166
1.5070303678512573
1.6763973236083984
1.7030811309814453
1.3234951496124268
1.784675121307373
1.8316292762756348
1.601947546005249
1.738570213317871
1.550873875617981
1.7048012018203735
1.6281371116638184
1.6876590251922607
1.5274527072906494
1.701843023300171
1.6677258014678955
1.7586257457733154
1.5568203926086426
1.6394520998001099
1.5440491437911987
1.7316901683807373
1.4929503202438354
1.475587248802185
1.4931259155273438
1.4971652030944824
1.5552129745483398
1.5078603029251099
1.5655155181884766
1.2907048463821411
1.6903775930404663
1.7860294580459595
1.512695074081421
1.958211898803711
1.6593434810638428
1.2479559183120728
1.595628261566162
1.2737165689468384
1.567927360534668
1.4733668565750122
1.6327507495880127
1.472041130065918
1.6323515176773071
1.52608323097229
1.6143958568572998
1.345007300376892
1.6261037588119507
1.5404815673828125
1.3933194875717163
1.4018826484680176
1.4366891384124756
1.3540629148483276
1.471027135848999
1.4344234466552734
1.4118462800979614
1.3839775323867798
1.482907772064209
1.447304606437683
1.281893014907837
1.598070502281189
1.4330267906188965
1.5534589290618896
1.4370501041412354
1.2186377048492432
1.6718754768371582
1.4550862312316895
1.37201726436615
1.3780848979949951
1.588254451751709
1.4625866413116455
1.3204357624053955
1.3430397510528564
1.3664056062698364
1.5268089771270752
1.341007947921753
1.265984296798706
1.4465570449829102
1.512993335723877
1.4616477489471436
1.2139697074890137
1.356818437576294
1.2621023654937744
1.5068848133087158
1.4479310512542725
1.312727451324463
1.4934462308883667
1.2793244123458862
1.3110499382019043
1.2973008155822754
1.636086344718933
1.5539219379425049
1.2731469869613647
1.6205369234085083
1.2314807176589966
1.0683327913284302
1.2354938983917236
1.1918911933898926
1.4238977432250977
1.742763638496399
1.0920273065567017
1.6917142868041992
1.4742732048034668
1.4467699527740479
1.338830828666687
1.4498317241668701
1.4084155559539795
1.3942142724990845
1.624495506286621
1.6173937320709229
1.3887393474578857
1.479971170425415
1.520487666130066
1.382731556892395
1.2460869550704956
1.4693206548690796
1.374772310256958
1.6224780082702637
1.451643705368042
1.1998897790908813
1.1980762481689453
1.3138158321380615
1.4200975894927979
1.3254129886627197
1.2173280715942383
1.374474287033081
1.263654351234436
1.3654992580413818
1.3094284534454346
1.3767598867416382
1.1491118669509888
1.198144555091858
1.3987666368484497
1.3063758611679077
1.3884750604629517
1.286495327949524
1.4803402423858643
1.5870704650878906
1.4282214641571045
1.4572826623916626
1.3190103769302368
1.2095177173614502
1.499380111694336
1.4042034149169922
1.308030605316162
1.1875202655792236
1.3096168041229248
1.3308148384094238
1.401445746421814
1.4222075939178467
1.3786029815673828
1.1394003629684448
1.1320219039916992
1.2435688972473145
1.5014190673828125
1.2894206047058105
1.3950139284133911
1.2994766235351562
1.3903868198394775
1.202931523323059
1.243727207183838
1.2966042757034302
1.159210443496704
1.2074915170669556
1.252594232559204
1.1323189735412598
1.2479075193405151
1.2778652906417847
1.2291054725646973
1.3642661571502686
1.3052083253860474
1.2673499584197998
1.2056728601455688
0.9647071361541748
1.28165864944458
1.305728793144226
1.3154914379119873
1.2663341760635376
1.329451322555542
1.0897161960601807
1.1525447368621826
1.2623412609100342
1.3053570985794067
1.1650537252426147
1.1990245580673218
1.1313114166259766
1.1427977085113525
1.455601453781128
1.039881706237793
1.1789486408233643
1.1271013021469116
1.3121728897094727
1.3177586793899536
1.2457925081253052
1.2386019229888916
1.1185725927352905
1.2030878067016602
1.2221465110778809
1.1638375520706177
1.3057606220245361
1.1798954010009766
1.101867437362671
1.2340588569641113
1.2900609970092773
1.0055674314498901
0.956840991973877
1.1654530763626099
1.1280605792999268
1.0653871297836304
1.166799783706665
1.1942766904830933
1.1989928483963013
1.2747726440429688
1.3358142375946045
1.0360252857208252
1.2702510356903076
1.0650659799575806
1.1222152709960938
1.0501089096069336
1.0602530241012573
1.2157505750656128
1.129807472229004
1.1451719999313354
1.145783543586731
1.228279948234558
1.125783920288086
1.274347186088562
1.0321500301361084
1.1838657855987549
1.4694433212280273
1.0648595094680786
1.0666804313659668
1.150028109550476
1.2278625965118408
1.1752150058746338
1.6470986604690552
1.303147315979004
1.351789951324463
1.2942042350769043
1.0636863708496094
1.2903498411178589
1.1015024185180664
1.179129958152771
1.1714849472045898
1.2109830379486084
1.1319410800933838
0.9944794178009033
1.1720322370529175
1.1715753078460693
1.1022526025772095
1.2509329319000244
1.1684895753860474
1.1826919317245483
0.9705618619918823
1.1926003694534302
1.2255258560180664
0.9849857091903687
1.097992181777954
1.3887724876403809
1.3052304983139038
1.2189801931381226
1.1179981231689453
1.1031126976013184
1.249167561531067
1.173276662826538
0.978967010974884
1.1854422092437744
1.2084240913391113
1.043280839920044
1.1213759183883667
1.1582674980163574
1.0471340417861938
1.2075178623199463
1.4825141429901123
1.1457699537277222
1.3823672533035278
1.155578374862671
1.290708065032959
1.2193509340286255
1.0568673610687256
1.0353916883468628
1.0857259035110474
1.1394606828689575
1.521073818206787
1.2373900413513184
1.2984274625778198
1.1760282516479492
1.2352160215377808
1.031307578086853
1.128440499305725
1.2267990112304688
1.1283011436462402
1.2072539329528809
0.9854553937911987
1.3747180700302124
1.034989833831787
1.2142868041992188
1.1455566883087158
1.2283189296722412
1.0529212951660156
1.2437763214111328
1.096304178237915
1.1266309022903442
1.257075548171997
1.1612838506698608
1.0645099878311157
1.1490585803985596
1.1995704174041748
1.0744510889053345
1.1373870372772217
1.1177102327346802
1.1721339225769043
1.229164481163025
1.2192506790161133
0.8650729060173035
1.1942028999328613
1.154127836227417
0.9842382669448853
1.0886292457580566
1.0486643314361572
1.021784782409668
1.1722476482391357
0.9080244302749634
0.9511013031005859
1.0921730995178223
1.1369314193725586
1.094545602798462
1.0780020952224731
0.8989781141281128
1.0893266201019287
1.1506383419036865
1.1548702716827393
0.8989100456237793
1.2165495157241821
0.9187341928482056
1.0463453531265259
0.9179090261459351
1.3246129751205444
1.1151344776153564
1.0922515392303467
1.1902093887329102
1.177534580230713
1.286694884300232
0.9465744495391846
1.2573907375335693
1.2262628078460693
1.2092031240463257
1.1299118995666504
1.0412293672561646
1.0873619318008423
1.409961462020874
1.0364190340042114
1.1308108568191528
1.060351848602295
1.0291417837142944
1.238821029663086
1.0101720094680786
1.0351160764694214
1.3507599830627441
1.3738794326782227
1.0154736042022705
1.0317437648773193
1.020816445350647
1.0778363943099976
1.2464444637298584
1.2099754810333252
1.042072057723999
1.0162925720214844
0.9265753030776978
1.06333589553833
0.9225632548332214
1.1923500299453735
1.1093807220458984
1.0894749164581299
0.9910815954208374
0.9366806745529175
1.1798841953277588
1.014533519744873
1.0186372995376587
1.1707607507705688
1.029812216758728
0.8903495073318481
1.1322705745697021
1.1126439571380615
1.0398499965667725
1.1101312637329102
1.0437216758728027
0.9024328589439392
1.0063011646270752
1.5603960752487183
1.0561691522598267
1.1174564361572266
1.095393180847168
1.1487950086593628
1.1465139389038086
1.2263612747192383
1.0781582593917847
0.9805738925933838
1.0325225591659546
1.0170987844467163
1.0657414197921753
1.1182037591934204
0.9646985530853271
1.1194286346435547
1.0199779272079468
1.0474334955215454
1.1540684700012207
1.036862850189209
1.2839136123657227
0.8704923391342163
0.9283702373504639
0.9992637038230896
1.03898024559021
1.2567076683044434
1.0261669158935547
1.038285493850708
1.076188325881958
0.9686861038208008
1.2237104177474976
1.0029940605163574
0.9196062088012695
0.9806996583938599
0.9632960557937622
1.0801414251327515
1.3795568943023682
1.1952751874923706
0.9725333452224731
1.1664797067642212
0.9899038076400757
1.04190993309021
0.9359154105186462
1.2309898138046265
1.0089614391326904
1.2301983833312988
1.0348761081695557
0.9917234182357788
0.9548317193984985
1.0461925268173218
1.0660568475723267
1.0159025192260742
0.8051732182502747
1.0088942050933838
1.0216199159622192
1.1598803997039795
1.0699551105499268
1.0595495700836182
1.0341174602508545
0.9931250810623169
0.9212934970855713
0.9968429803848267
1.0127041339874268
1.089105486869812
0.9460222721099854
1.1465802192687988
0.9977134466171265
1.014216423034668
0.9589800834655762
1.0321495532989502
1.0295441150665283
0.966411828994751
0.8980774283409119
1.0652472972869873
1.2109447717666626
0.9821920394897461
0.8952439427375793
1.2908960580825806
1.0028164386749268
1.079854965209961
0.923409640789032
0.917259931564331
1.2613067626953125
1.0367025136947632
0.9655205011367798
0.8529753684997559
1.0615581274032593
0.8642612099647522
0.8790339827537537
0.9415750503540039
1.169926404953003
0.8390745520591736
0.9128488302230835
0.9947495460510254
0.9078552722930908
0.8770502805709839
0.9351058006286621
0.9584537744522095
0.9376189708709717
0.9569142460823059
0.936481237411499
1.0125951766967773
0.9960883259773254
1.1932218074798584
0.8856725692749023
1.0416024923324585
0.9844925403594971
1.0549025535583496
0.9542233347892761
0.9639861583709717
1.1304906606674194
0.9253361821174622
1.0085283517837524
1.067854881286621
0.9198851585388184
0.8958383798599243
0.9825592041015625
0.8769249320030212
0.9238854646682739
1.0960749387741089
0.9259916543960571
0.8624567985534668
0.9024876356124878
0.9834979772567749
1.0062979459762573
1.2378625869750977
1.0503740310668945
0.9797310829162598
1.0794649124145508
1.123445749282837
0.9495431184768677
1.0162065029144287
1.0562459230422974
1.076686978340149
1.338734745979309
0.9526159763336182
0.990434467792511
0.9987789392471313
0.94447922706604
0.970026969909668
1.199130654335022
1.1353611946105957
1.0023225545883179
0.979532778263092
0.9772552251815796
0.9162375926971436
1.0230751037597656
1.01719331741333
1.0682587623596191
0.9447503089904785
0.9269022941589355
0.9326871633529663
1.0221067667007446
0.9280890822410583
1.2251169681549072
0.9857940673828125
0.9844755530357361
0.992163896560669
1.0446555614471436
1.0332318544387817
1.0435150861740112
1.044511318206787
0.8825722336769104
1.244836449623108
1.0218236446380615
1.1329121589660645
0.9581038951873779
0.8677284717559814
1.063082218170166
1.0131765604019165
1.0980688333511353
1.155466079711914
0.9897907972335815
0.807895302772522
0.8886709809303284
1.0513612031936646
1.080435037612915
1.1840331554412842
1.034510612487793
0.9874545335769653
1.0538228750228882
1.0032936334609985
1.001814842224121
1.0750389099121094
1.0316604375839233
0.9811971187591553
1.0100539922714233
0.9664143323898315
0.9765191674232483
0.9895716309547424
0.9587095975875854
0.8969899415969849
0.9956686496734619
0.8085932731628418
0.9772780537605286
0.9607139825820923
1.0557880401611328
0.8782206773757935
1.0689301490783691
1.138623595237732
0.9508730173110962
0.9670326113700867
0.966423511505127
0.9492165446281433
0.9162997007369995
0.8989689350128174
0.9755702018737793
1.0117669105529785
0.9968125820159912
1.0423412322998047
1.0316271781921387
0.9072906374931335
0.8665952682495117
0.9621848464012146
0.9583753943443298
0.9270166754722595
0.977373480796814
1.300086498260498
1.2213120460510254
1.0206966400146484
0.9716459512710571
1.0531201362609863
0.9217893481254578
0.8830792903900146
1.06196928024292
1.0712639093399048
0.8807873725891113
0.8207632303237915
0.9873660802841187
0.9409950971603394
1.0683941841125488
1.0064743757247925
0.9891374111175537
0.9933274388313293
0.8628729581832886
0.8965907692909241
1.1225587129592896
0.9270988702774048
0.7933791875839233
1.1642688512802124
0.8461676836013794
0.8960089683532715
1.1413230895996094
0.920578122138977
0.9347604513168335
0.9058965444564819
1.0621838569641113
0.8529649972915649
0.8865046501159668
0.911106526851654
0.9525232911109924
1.069225549697876
1.073297381401062
0.8476443290710449
0.993034839630127
0.9842082262039185
0.9208964705467224
0.8016761541366577
1.0047045946121216
0.9059735536575317
0.9323784708976746
1.1694608926773071
0.8719973564147949
1.0602411031723022
0.8608912229537964
0.7385510802268982
1.289046287536621
0.9393441677093506
1.0389187335968018
0.8942921757698059
0.8063699007034302
1.087783694267273
0.9307582378387451
0.9936690926551819
1.036806583404541
0.8904683589935303
0.8731533288955688
0.9037736654281616
1.021435260772705
0.8677592277526855
1.123576045036316
0.9621917009353638
0.9659528732299805
1.012291669845581
0.9744579792022705
0.881231427192688
0.9569188356399536
1.0160013437271118
0.9723021388053894
1.0407196283340454
1.035439133644104
0.8752118349075317
0.8810205459594727
1.0632282495498657
0.9055197834968567
0.8569117784500122
1.0944024324417114
0.9573314189910889
1.0979028940200806
0.9251977205276489
0.8861512541770935
0.9705444574356079
0.904681921005249
1.0308749675750732
0.9549447298049927
0.9455738067626953
0.9424546360969543
0.9322815537452698
0.9188320636749268
0.8521264791488647
0.923734188079834
0.9634808301925659
0.9866415858268738
0.9308211207389832
0.8585036993026733
1.1099295616149902
1.0804702043533325
0.9234968423843384
1.0116493701934814
0.9270055294036865
1.0374107360839844
0.8078144192695618
0.9166344404220581
0.9102603197097778
0.9326484203338623
0.942878782749176
1.0127623081207275
1.0119454860687256
1.0438138246536255
1.037166953086853
1.0003914833068848
0.9395556449890137
0.8092650771141052
0.9689273834228516
1.1994709968566895
0.8764471411705017
1.0370707511901855
0.9729883670806885
0.9500085115432739
0.8497806787490845
0.9729042053222656
0.8196595311164856
0.9939805269241333
0.881190836429596
0.9406414031982422
0.9150822758674622
0.8456690311431885
0.9850906133651733
0.8034747838973999
0.8905213475227356
0.9330785870552063
0.9286810755729675
1.0042349100112915
0.9750656485557556
0.926247775554657
0.9354791641235352
0.8409674167633057
0.9167643785476685
0.8958597779273987
0.9720940589904785
0.9276176691055298
0.9234946370124817
1.0073418617248535
0.9818888902664185
1.0127503871917725
0.8852165937423706
0.9231812953948975
0.8402696251869202
1.0058027505874634
0.7964115142822266
0.9188534021377563
0.9533795118331909
0.8867324590682983
0.7891656160354614
1.0506153106689453
0.8516290187835693
0.8226938247680664
0.8991676568984985
0.7922428846359253
0.9205679893493652
0.8233517408370972
0.8486089706420898
1.0355875492095947
0.9025620222091675
0.8393421173095703
0.9477955102920532
0.8313307166099548
1.0274714231491089
0.8950837850570679
0.8476881980895996
0.840317964553833
0.7975646257400513
0.7983371019363403
0.8672069311141968
1.0938283205032349
0.8159502744674683
0.9113000631332397
0.8214458227157593
0.9029710292816162
0.9781888723373413
0.7745206952095032
0.946265697479248
1.0147531032562256
0.8506165146827698
0.866237998008728
1.016303300857544
0.8999243974685669
0.924085259437561
0.8314027190208435
0.8415472507476807
0.8776458501815796
0.9786921739578247
0.8801844120025635
0.8945653438568115
0.952254056930542
0.7961984872817993
0.8917499780654907
0.896971583366394
1.0660830736160278
0.8672041893005371
0.923189640045166
0.8629611730575562
1.0432286262512207
0.7409510612487793
0.7903499007225037
0.9918776750564575
1.0795197486877441
0.7955359220504761
0.9946780204772949
0.9238028526306152
0.9743796586990356
0.9691468477249146
0.9443642497062683
0.8338724970817566
1.0333313941955566
0.8731690645217896
0.8397312164306641
0.9618867635726929
0.9291104078292847
0.9583752155303955
0.8247475624084473
0.9097442626953125
0.9053957462310791
1.0092356204986572
0.8139493465423584
0.9011877775192261
0.8943940997123718
0.8499196767807007
0.9812225103378296
0.7653745412826538
0.8890392184257507
0.8871824145317078
0.7571687698364258
0.9318068027496338
0.8446230292320251
0.7927918434143066
0.9360013604164124
0.9477585554122925
0.8777683973312378
1.0878347158432007
0.9291462898254395
0.8064060211181641
1.0108927488327026
0.852409839630127
0.9625567197799683
0.8408432006835938
1.0222141742706299
1.029094934463501
0.9004613757133484
0.9189857244491577
0.8751661777496338
0.9376944899559021
1.0370945930480957
0.8114299774169922
0.9032728672027588
0.9262378215789795
0.8960253000259399
0.9065237045288086
0.8047493696212769
1.0798084735870361
0.858741044998169
0.7865739464759827
0.7791030406951904
0.7899569272994995
0.9675166010856628
0.7934209108352661
1.0429190397262573
0.7953288555145264
0.9207043647766113
0.88279789686203
0.9177588224411011
0.919528603553772
0.9707877039909363
1.0574357509613037
0.8112175464630127
0.7873654365539551
0.8611009120941162
0.8686568140983582
0.8858644962310791
0.8877381086349487
0.9172815084457397
0.9177471995353699
0.9789721965789795
0.9490468502044678
0.9024661779403687
1.0617749691009521
0.8460795283317566
0.7959058284759521
0.8444554805755615
0.9334861040115356
0.8605150580406189
0.9669150114059448
1.0627734661102295
0.9176678657531738
0.8473420143127441
1.0212241411209106
1.0748287439346313
0.9379062652587891
0.935539722442627
0.8863577842712402
0.8173511028289795
0.8988001942634583
0.8598301410675049
0.9790278077125549
1.0383940935134888
0.9426196813583374
0.8771024942398071
0.9958480596542358
0.8562186360359192
0.9799777269363403
0.8941429853439331
0.9924606680870056
0.7818832397460938
0.844826340675354
0.9901456832885742
0.9359004497528076
0.7918375730514526
0.9605048894882202
0.8289408087730408
0.9245063066482544
0.8456178903579712
0.8304893970489502
0.802619993686676
1.043158769607544
0.8227795362472534
1.0073503255844116
0.8328038454055786
0.8410271406173706
1.0290873050689697
0.8163885474205017
1.0038139820098877
0.9998461008071899
0.8092156052589417
1.040753722190857
0.9726132154464722
0.788962721824646
0.9196582436561584
0.9030166864395142
0.8997757434844971
0.7901880741119385
0.8504525423049927
0.8604742288589478
0.8827288150787354
0.8902299404144287
0.9115794897079468
0.8379871845245361
0.9771291613578796
0.8300071954727173
0.9607572555541992
0.9904024004936218
1.0151681900024414
0.8809143304824829
0.9410640001296997
0.7833142280578613
0.9107144474983215
1.1721186637878418
0.8674070239067078
1.0622577667236328
0.8992844820022583
0.7977163791656494
0.8800517320632935
0.8701344132423401
0.9567986726760864
0.9741009473800659
0.9718798398971558
0.8679721355438232
0.7514994740486145
1.0026732683181763
0.8580324649810791
0.8833489418029785
0.9462441205978394
1.18259596824646
0.8295861482620239
0.8442572355270386
0.7443127632141113
0.8434228897094727
0.7940523624420166
0.7500472068786621
0.8652975559234619
0.7763967514038086
0.9162081480026245
0.8016604781150818
1.0046435594558716
1.0106768608093262
0.9893075227737427
0.9276463985443115
0.8436365723609924
1.1158287525177002
0.859020471572876
0.8619368672370911
0.8712948560714722
0.9270010590553284
1.0352256298065186
0.8486200571060181
0.7843011617660522
0.8749841451644897
0.9507701396942139
0.8577398061752319
0.9351798295974731
0.9046019315719604
0.9330000281333923
0.8360252380371094
0.7643896341323853
0.9038249850273132
0.7965559959411621
0.8093686699867249
1.012320876121521
0.8828821182250977
0.9323897361755371
0.779043436050415
0.8065434694290161
0.970960259437561
0.7882363796234131
0.8411259651184082
0.8617970943450928
1.027830958366394
0.7791177034378052
0.7940030097961426
0.7918115854263306
0.8221779465675354
0.8673924803733826
0.7923250794410706
0.8228539228439331
0.9632679224014282
0.7481249570846558
0.8866432309150696
0.8307706713676453
0.8911176919937134
0.8169444799423218
0.9282439947128296
0.8671141862869263
1.0256205797195435
0.8230818510055542
0.9629535675048828
0.8950802087783813
0.7820546627044678
0.925426185131073
0.780453085899353
0.8895880579948425
0.8770171403884888
0.9844436049461365
0.7783403396606445
0.9113243818283081
0.9730996489524841
0.8002485036849976
0.8986293077468872
0.8477643728256226
0.9571061134338379
0.9415842294692993
0.9171850681304932
1.1968804597854614
0.9058098793029785
1.0271782875061035
0.8665014505386353
0.7807710766792297
0.9781848788261414
0.9113544225692749
0.8938097953796387
0.7945853471755981
0.8867475390434265
0.8893300890922546
0.7582273483276367
0.8380733728408813
0.979992151260376
0.8205403089523315
0.9707285165786743
0.8323742151260376
0.930396556854248
0.8598373532295227
0.7941560745239258
0.811890721321106
0.9010265469551086
1.03025484085083
0.8366221189498901
0.9294558763504028
0.8526219129562378
0.9169088006019592
0.7803162336349487
0.8833155035972595
0.9451769590377808
1.0029945373535156
0.9652446508407593
0.957008957862854
0.8206639885902405
0.8787878751754761
0.9068527221679688
0.9895349740982056
0.7802349328994751
0.789866030216217
0.8000280857086182
0.8331204056739807
0.9585392475128174
0.8401030898094177
0.9119943976402283
1.0362290143966675
0.9319966435432434
0.8555580973625183
1.004992961883545
0.7792165279388428
0.7586785554885864
0.8760384321212769
0.9036822319030762
0.8190879821777344
0.907853364944458
0.8049366474151611
0.8145179152488708
0.9503459930419922
0.8677295446395874
0.875241756439209
0.8432893753051758
1.0087206363677979
0.8446205854415894
0.7433015704154968
0.9452675580978394
0.8878650665283203
0.8479794859886169
1.0234934091567993
1.0815174579620361
0.7536731958389282
0.7971471548080444
0.9525490999221802
0.8133625388145447
0.7764164209365845
0.9007960557937622
0.8733174800872803
0.9306026697158813
0.9790992736816406
0.8508421182632446
0.870344877243042
0.83176589012146
0.9200402498245239
0.7745715379714966
0.9490879774093628
0.8158109188079834
0.9080575704574585
0.7687089443206787
0.8947467803955078
0.9430212378501892
0.8046720027923584
0.7595946192741394
0.7935973405838013
0.8357757925987244
0.8538943529129028
0.8314416408538818
0.9244974851608276
0.8494893312454224
1.0146315097808838
0.912957489490509
0.8560976982116699
0.7983258366584778
0.8746861219406128
0.8051729202270508
0.8521115779876709
0.9273993968963623
0.8070866465568542
0.7793128490447998
0.900432288646698
0.8481201529502869
0.8060286045074463
0.8421513438224792
0.897294819355011
0.8159152269363403
0.8838292360305786
0.8731768131256104
0.7729799747467041
0.8643143177032471
0.8721849918365479
0.7455278635025024
0.9361308813095093
0.95655357837677
0.8243023157119751
0.7689849138259888
0.8755925893783569
0.738175630569458
0.867617130279541
0.7913769483566284
0.8559972643852234
0.8648502826690674
0.7788267135620117
0.8067526817321777
0.9088090658187866
0.8827579021453857
0.9544692039489746
0.9723361730575562
1.0491364002227783
0.8753108978271484
0.7945960760116577
0.8509728908538818
0.8891944289207458
0.7577968835830688
0.9500082731246948
0.7171477675437927
0.824889063835144
0.7089924812316895
0.8163472414016724
0.7846440076828003
0.7740902900695801
0.830706000328064
0.8374912738800049
1.1289727687835693
0.8253864049911499
0.9844790101051331
0.9821816682815552
0.956218957901001
0.9524596929550171
0.8532238602638245
0.8686750531196594
0.8364182710647583
1.011728286743164
0.8770284056663513
0.7197669744491577
0.8699313998222351
0.7530655860900879
0.8013234734535217
0.790406346321106
0.7596245408058167
0.9369924664497375
0.8624897003173828
0.7499171495437622
0.8484355211257935
0.7956434488296509
0.9669691324234009
0.7480759024620056
0.8344486355781555
0.9342190027236938
0.7882801294326782
0.8682354092597961
0.8519229888916016
0.8433467745780945
0.7878468632698059
0.7437859773635864
0.8393552303314209
0.8884246945381165
0.8987640142440796
0.9050147533416748
0.8510257005691528
0.744173526763916
0.9896407127380371
0.8442795276641846
0.9782714247703552
0.8384103775024414
0.7678419947624207
0.8285950422286987
0.7773313522338867
0.8635959029197693
0.7775745391845703
0.7000798583030701
1.0135304927825928
0.7844575643539429
0.9227747321128845
0.8579168319702148
0.7844913601875305
0.905913233757019
0.8275684118270874
0.823072075843811
0.8793193101882935
0.729218065738678
0.9003446102142334
0.8834755420684814
0.8258078098297119
1.0287914276123047
1.081093192100525
0.6950926184654236
0.8079620003700256
0.7785810828208923
0.7951818704605103
0.7175149917602539
0.8993529677391052
0.7713487148284912
0.7777912020683289
0.7634903192520142
0.8997113108634949
0.8664189577102661
0.9089770913124084
0.7822546362876892
0.8373808860778809
0.8150241374969482
0.8137850165367126
0.7511914968490601
0.6963499784469604
0.8035104870796204
0.8795097470283508
0.8093012571334839
0.9123443365097046
0.8170708417892456
0.7512025833129883
1.001274585723877
1.0155448913574219
0.7792708873748779
0.876861572265625
0.8544016480445862
0.9789251089096069
0.8065536618232727
0.8821472525596619
0.9482722282409668
0.8439830541610718
0.8461211919784546
0.7604823112487793
0.8189854621887207
0.8297265768051147
0.9481896162033081
0.7650676965713501
0.7842879295349121
0.6826976537704468
0.916306734085083
0.8891644477844238
0.7834510803222656
0.9223406314849854
0.8726284503936768
0.8486167192459106
0.7962422370910645
0.8069875240325928
0.7590221166610718
0.8625887036323547
0.7179359197616577
0.8516362905502319
0.8587601184844971
0.9438338279724121
0.8733970522880554
0.9623623490333557
0.9190673232078552
0.8001957535743713
0.8787146806716919
0.7405755519866943
1.0165871381759644
0.8158247470855713
0.8556833267211914
1.0186285972595215
0.8190327882766724
0.7959234714508057
0.7718308568000793
0.7931828498840332
0.8536219596862793
0.7755165100097656
0.7914912104606628
0.9038187265396118
0.8939446210861206
0.91621333360672
0.8612816333770752
0.8398228883743286
0.7858166098594666
0.8313413858413696
0.9047837853431702
0.7701451778411865
0.77117919921875
0.7522908449172974
0.8213831186294556
1.0758006572723389
0.797610878944397
0.8837877511978149
0.829288125038147
0.9124585390090942
0.8533290028572083
0.8611748218536377
0.8737845420837402
0.7992478609085083
0.7630610466003418
0.7943754196166992
0.7854740023612976
0.8667335510253906
0.8470022678375244
0.9158031344413757
0.7845785021781921
0.7473704814910889
0.881844162940979
0.9058723449707031
1.0454139709472656
0.9539534449577332
0.7856511473655701
0.9380215406417847
0.9928101301193237
0.7266695499420166
0.9006521701812744
0.8538511991500854
0.6935654878616333
0.7470775842666626
0.8147194385528564
0.9330963492393494
0.8085042834281921
0.8904577493667603
0.8786357641220093
0.7864021062850952
0.7661601305007935
0.8851187229156494
0.7268616557121277
0.8849015831947327
0.802268385887146
0.8168230056762695
0.8850528001785278
0.8362780809402466
0.865386426448822
0.7839248776435852
0.7992734313011169
0.8529829978942871
0.8634852170944214
0.9908492565155029
0.8561971187591553
0.875089704990387
0.8276177644729614
0.7346793413162231
0.7926907539367676
0.7501198053359985
0.7744908332824707
0.9191155433654785
0.878218412399292
0.7546297311782837
0.6782333850860596
0.8634036779403687
0.9015685319900513
0.8463387489318848
0.8067770004272461
0.7895742654800415
0.8605518341064453
0.7842865586280823
0.6622712016105652
0.7068428993225098
0.8367246389389038
0.9140315651893616
0.8133366107940674
0.8100788593292236
0.8016408085823059
0.6909065246582031
0.8581339120864868
0.912018895149231
0.772379994392395
0.9440006017684937
0.9630395174026489
0.7779321670532227
0.7794424295425415
0.9316260814666748
0.8735235929489136
0.8436638116836548
0.8165196776390076
0.865700900554657
0.8553580641746521
0.8247967958450317
0.7579429149627686
0.8337975740432739
0.7445858716964722
0.8249354958534241
0.784195065498352
0.9070016145706177
0.7735937833786011
0.8840916752815247
0.801385223865509
0.7702927589416504
0.8036428689956665
0.728839635848999
0.7873854637145996
0.8397328853607178
0.8036473989486694
0.8715277910232544
0.7363711595535278
0.8410273790359497
0.7342466711997986
0.7083019614219666
0.7186943292617798
0.8498642444610596
0.78962641954422
0.8913499116897583
0.8124005794525146
0.7133829593658447
0.7612501382827759
0.7649589776992798
0.8233963847160339
0.732404887676239
0.8272829055786133
0.9227280020713806
0.7824941873550415
0.8023626804351807
1.2284966707229614
0.804449737071991
0.819516658782959
0.7960795164108276
0.72560715675354
0.7534222602844238
0.934313952922821
0.7182127237319946
0.8086127042770386
0.8586193323135376
0.7694776058197021
0.7836765646934509
0.8254077434539795
0.7326631546020508
0.7880597114562988
0.7861007452011108
0.813459038734436
0.8153938055038452
0.9092480540275574
0.9058340787887573
0.8994734287261963
0.8363866806030273
0.8240646123886108
0.8627818822860718
0.7184350490570068
0.8829201459884644
0.7215287685394287
0.9871461391448975
0.8126904368400574
0.7272853851318359
0.9090105891227722
0.8199197053909302
0.786991536617279
0.7285133600234985
0.763427734375
0.7464050054550171
0.8452380895614624
0.7574974298477173
0.9032105803489685
0.764147937297821
0.7513570785522461
0.7923303842544556
0.8033264875411987
0.73094642162323
1.0310876369476318
0.7747244238853455
0.8838008642196655
0.7690397500991821
0.8823214769363403
0.8118769526481628
0.8166619539260864
0.8807462453842163
0.7887773513793945
0.7875794172286987
0.679290771484375
0.8664489984512329
0.7882329821586609
0.833870530128479
0.7809963226318359
0.7779372930526733
0.7498682141304016
0.8015886545181274
0.7646994590759277
0.8193869590759277
0.6866572499275208
0.7471051216125488
0.7597594261169434
0.7922295331954956
0.79295814037323
0.8249145746231079
0.8615906834602356
0.8514221906661987
0.8064947128295898
0.7611385583877563
0.8221734762191772
0.704102098941803
0.8022044897079468
0.837559700012207
0.8113725185394287
0.7646185159683228
0.8386346101760864
0.816699743270874
0.7962859869003296
0.8929736614227295
0.7999528646469116
0.8225625157356262
0.8164358139038086
0.8394449949264526
0.8614296317100525
0.9481879472732544
0.7792966365814209
0.8155257701873779
0.7577359676361084
0.8539564609527588
0.7880526185035706
0.7305792570114136
0.7856153249740601
0.7891553640365601
0.8253905773162842
0.8117350339889526
0.8858945369720459
0.8089704513549805
0.8428676128387451
0.8188560009002686
0.9467219114303589
0.6981006860733032
0.694727897644043
0.7249982953071594
0.7732405662536621
0.8768106698989868
0.7361677885055542
0.7996182441711426
0.9375346899032593
0.819496214389801
0.8826642632484436
0.8472515940666199
0.8355088233947754
0.8445510268211365
0.9167983531951904
0.6676154732704163
0.7972714900970459
0.763550877571106
0.8181470632553101
0.8036566376686096
0.8346582651138306
0.8457494974136353
0.8223176002502441
0.9454332590103149
0.9065305590629578
0.8284659385681152
0.7533349990844727
0.8520954847335815
0.7995513677597046
0.8104653358459473
0.6308226585388184
0.8379535675048828
0.9515794515609741
0.8358100652694702
1.0122401714324951
0.7969045042991638
0.9099793434143066
0.7833367586135864
0.8972140550613403
0.9090625047683716
0.804882287979126
0.7698734998703003
0.9172184467315674
0.8043941855430603
0.9162546992301941
0.8142603635787964
0.9741882681846619
0.8696281909942627
0.91700679063797
0.8512428998947144
0.8079665899276733
0.740201473236084
0.8567291498184204
1.0072219371795654
0.8217394351959229
0.8141895532608032
0.8985581398010254
0.728600025177002
0.7357771992683411
0.8642789125442505
0.7506551146507263
0.8906642198562622
0.753771185874939
0.784031867980957
0.8429124355316162
0.8766180276870728
0.7489479780197144
0.7746790051460266
0.8454315662384033
0.9944348335266113
0.7753848433494568
0.8494276404380798
0.8577852249145508
0.7414746284484863
0.9319256544113159
0.7432295680046082
0.8737406730651855
0.8888353109359741
0.8467985391616821
0.845421552658081
0.8741486072540283
0.804477334022522
0.9411442875862122
0.8293627500534058
0.7968482971191406
0.7703224420547485
0.8260421752929688
0.9257321357727051
0.8254919648170471
0.8311305046081543
0.8097209930419922
0.8025295734405518
0.9979122877120972
0.9039331674575806
0.8099457621574402
0.8322940468788147
0.7240207195281982
0.9394919872283936
0.7771494388580322
0.7979781031608582
0.9032351970672607
0.9125480651855469
0.7957046031951904
0.8854159116744995
0.7356271743774414
0.9057098627090454
0.7763509154319763
0.8800485730171204
1.03605318069458
0.7223346829414368
0.8620315790176392
0.7607605457305908
0.7184571027755737
0.9252718687057495
0.8777451515197754
0.8383359313011169
0.7645777463912964
0.7029435634613037
0.784652590751648
0.8394611477851868
0.8789932727813721
0.7914596796035767
0.7567072510719299
0.7857137322425842
0.8191864490509033
0.738290548324585
0.7417360544204712
0.7138943672180176
0.7548900246620178
0.8437342643737793
0.820572018623352
1.0018376111984253
0.8302013278007507
0.793946385383606
0.7591409683227539
0.774756669998169
0.6798851490020752
0.829477071762085
0.8967522382736206
0.8539947271347046
0.7342844009399414
0.8344520926475525
0.7775719165802002
0.7600651979446411
0.7789610624313354
0.7567896842956543
0.7838448286056519
0.8404841423034668
0.8073979020118713
0.8091830015182495
0.8071213960647583
0.884700357913971
0.7069923281669617
0.7531187534332275
0.7028641700744629
0.7639200687408447
0.8252843618392944
0.8173943758010864
0.6919968128204346
0.6858752965927124
0.8487118482589722
0.6828265190124512
0.7670966982841492
0.7890586853027344
0.785496711730957
0.814609944820404
0.8403208255767822
0.8817318677902222
0.8498638868331909
0.7741869688034058
0.8986255526542664
0.8866797685623169
0.7740318179130554
0.7178914546966553
0.7946196794509888
0.8115884065628052
0.8611320853233337
0.7825194597244263
0.6940760612487793
0.7793446779251099
0.9348663687705994
0.7935481071472168
0.7336270213127136
0.7802908420562744
0.8090326189994812
0.8167329430580139
0.9132346510887146
0.8479709625244141
0.830790638923645
0.7982563972473145
0.7058252096176147
0.7006332278251648
0.6298396587371826
0.7139838337898254
0.7564427256584167
0.6882452964782715
0.7049787640571594
0.9862606525421143
0.7306813597679138
0.8174178600311279
0.9587401151657104
0.7359890937805176
0.8083723783493042
0.8044203519821167
0.7993354797363281
0.7316163778305054
0.7453463077545166
0.8749644756317139
0.7745431661605835
0.6762608289718628
0.6994258761405945
0.815532922744751
0.9159180521965027
0.81832355260849
0.7299765348434448
0.8048425912857056
0.7737746238708496
0.761485755443573
0.7710158228874207
1.0953375101089478
0.7719385623931885
0.9188872575759888
0.8020283579826355
0.7189899682998657
0.7062463760375977
0.8167111277580261
0.7989943027496338
0.6919203996658325
0.8563603758811951
0.7342774271965027
0.7986514568328857
0.642880916595459
0.6687517762184143
0.8285635709762573
0.7102973461151123
1.0215504169464111
0.6906523704528809
0.8272546529769897
0.7751733064651489
0.7734242677688599
0.7971837520599365
0.7988445162773132
0.862155020236969
0.947547197341919
0.9186632037162781
0.77828049659729
0.8313976526260376
0.7292333841323853
0.7171808481216431
0.7396203279495239
0.8731496930122375
0.6876575946807861
0.7511667013168335
0.7671717405319214
0.7656974792480469
0.9036706686019897
0.7977935075759888
0.7618812918663025
0.767274022102356
0.76319420337677
0.7371208667755127
0.8205814361572266
0.7031900882720947
0.6492336988449097
0.7260300517082214
0.6932894587516785
0.8712463974952698
0.904819905757904
0.82221519947052
0.8072954416275024
0.8063365817070007
0.7827752828598022
0.7703903913497925
0.8031290173530579
0.8582978248596191
0.8833650946617126
0.7924749255180359
0.8080653548240662
0.7550512552261353
0.8818494081497192
0.7835372686386108
0.7313515543937683
0.7206604480743408
0.7188342213630676
0.7742270231246948
0.7072600722312927
0.7116290926933289
0.7701410055160522
0.9047568440437317
0.7599968910217285
0.905981183052063
0.8255617618560791
0.8478313684463501
0.7161757349967957
0.7422531247138977
0.8051023483276367
0.824609637260437
0.7586085796356201
0.8641990423202515
0.937186598777771
0.7387351393699646
0.7017829418182373
0.7241402268409729
0.868353009223938
0.9691392183303833
0.7906274795532227
0.7727978825569153
0.7594506740570068
0.6979475617408752
0.8079597353935242
0.8179030418395996
0.8183382749557495
0.7383667826652527
0.8877576589584351
0.7411419153213501
0.9697990417480469
0.7780411243438721
0.8203819990158081
0.7619842886924744
0.7385586500167847
0.836711049079895
0.800169825553894
0.9351998567581177
0.7436449527740479
0.8057788610458374
0.7975499629974365
0.8488520383834839
0.7185126543045044
0.7775042653083801
0.8166121244430542
0.7254629135131836
0.7636610269546509
0.8159964084625244
0.784538745880127
0.8048065900802612
0.7129452228546143
0.8433235883712769
0.7327088713645935
0.7951480150222778
0.7807876467704773
0.9239393472671509
0.8011581897735596
0.718899667263031
0.7210238575935364
1.0071167945861816
0.7761540412902832
0.6609675288200378
0.9063569903373718
0.6497398614883423
0.8188052177429199
0.7937400937080383
0.9842973947525024
0.7300500273704529
0.8736157417297363
0.7102711200714111
0.819368839263916
0.7370847463607788
0.959871768951416
0.6710364818572998
0.6551979184150696
0.8619697093963623
0.8742082118988037
0.8314801454544067
0.7729871273040771
0.8133716583251953
0.8256076574325562
0.7712600231170654
0.7054394483566284
0.7741498351097107
0.7385199069976807
0.8267694711685181
0.8603197932243347
0.8889773488044739
0.761276125907898
0.8321461081504822
0.7280431985855103
0.7380875945091248
0.8150068521499634
0.8241355419158936
0.8469570279121399
0.7248513698577881
0.699391782283783
0.679131269454956
0.8856215476989746
0.6975637674331665
0.8374407291412354
0.885167121887207
0.7485910058021545
0.8390083909034729
0.8417015075683594
0.7584331035614014
0.8798692226409912
0.857653796672821
0.8036378026008606
0.890868067741394
0.7581038475036621
0.8211911916732788
0.7924594879150391
0.7864100337028503
0.7369809150695801
0.9872564077377319
0.7937848567962646
0.8031868934631348
0.6942046880722046
0.7136679887771606
0.7223914861679077
0.6813621520996094
0.8389155864715576
0.7674657106399536
0.7191641330718994
0.7968688011169434
0.8052273988723755
0.7896180152893066
0.7832784652709961
0.7563225030899048
0.7402300834655762
0.7641465663909912
0.7680610418319702
0.6627271771430969
0.6913385391235352
0.8613237142562866
0.9588865041732788
0.9681130051612854
0.8918543457984924
0.6953911781311035
0.8037106990814209
0.7659409046173096
0.8141951560974121
0.7498756647109985
0.7616738080978394
0.7811794281005859
0.7540427446365356
0.6982448101043701
0.7589103579521179
0.8405025005340576
0.6812040209770203
0.8217202425003052
0.7228716015815735
0.8419072031974792
0.7352668046951294
0.8575345277786255
0.7186076641082764
0.7991984486579895
0.7682444453239441
0.7928866744041443
0.7040011882781982
0.706721842288971
0.905560314655304
0.7896666526794434
0.8206254243850708
0.7020187973976135
0.779608964920044
0.8691840767860413
0.817602276802063
0.7347688674926758
0.7439759969711304
0.7531701326370239
0.8524658679962158
0.8449510931968689
0.8439488410949707
0.791638970375061
0.7370486259460449
0.7020930051803589
0.8052695989608765
0.8026032447814941
0.8182705044746399
0.8748745918273926
0.7220379114151001
0.7422592639923096
0.7856919765472412
0.8343576192855835
0.9326720237731934
0.8570975065231323
0.7225388884544373
0.7266703844070435
0.9737739562988281
0.7035707235336304
0.8343808650970459
0.6810365915298462
0.7546138167381287
0.7555335164070129
0.800236701965332
0.7347397804260254
0.7464873194694519
0.7421842217445374
0.7596604824066162
0.8214476108551025
0.7526867389678955
0.7417330741882324
0.729706883430481
0.7817729115486145
0.7572339773178101
0.8878438472747803
0.7528696060180664
0.8758234977722168
0.8427978754043579
0.7194631099700928
0.7678486108779907
0.6965154409408569
0.8040904998779297
0.7073047161102295
0.9714127779006958
0.8495684862136841
0.73187255859375
0.678000271320343
0.780544102191925
0.9374904632568359
0.707872748374939
0.6774700284004211
0.7754197120666504
0.706782341003418
0.7006881237030029
0.7679607272148132
0.8059556484222412
0.7209632396697998
0.8357447385787964
0.7470722198486328
0.7820889353752136
0.7507978677749634
0.8069406747817993
0.9322478771209717
0.8899930119514465
0.7267704010009766
0.8892443180084229
0.759232223033905
0.8600507974624634
0.8592270612716675
0.6921185851097107
0.8498790264129639
0.9609845876693726
0.7299232482910156
0.6966222524642944
0.8806781768798828
0.80785071849823
0.7520556449890137
0.6960121393203735
0.8197133541107178
0.7227648496627808
0.7343989014625549
0.7324572801589966
0.839512825012207
0.8107609748840332
0.8700687885284424
0.9187718033790588
0.8847556114196777
0.8180311918258667
0.8286658525466919
0.7183055877685547
0.8744898438453674
1.039408564567566
0.7828363180160522
0.7675555944442749
0.7815588116645813
0.7495366334915161
1.0063691139221191
0.7348597645759583
0.8198517560958862
0.7389864921569824
0.789738655090332
0.8318545818328857
0.8316667079925537
0.8196825981140137
0.7377734184265137
0.8081613779067993
0.7978096008300781
0.8258782625198364
0.8741075992584229
0.7271725535392761
0.7529096603393555
0.7185767889022827
0.8207431435585022
1.0440318584442139
0.8599228858947754
0.8105933666229248
0.9194391965866089
0.7198508381843567
0.9045641422271729
0.7464337348937988
0.6984408497810364
0.8446021676063538
0.8152117729187012
0.8408198356628418
0.7353119850158691
0.7553878426551819
0.8628623485565186
0.8806926012039185
0.8007502555847168
0.6513969898223877
0.7266160249710083
0.9073477983474731
0.7906777858734131
0.7772698402404785
0.7180638909339905
0.7756260633468628
0.7414661645889282
0.8085529804229736
0.8000468015670776
0.6590632200241089
0.804887056350708
0.8328989148139954
0.8893442153930664
0.735426664352417
0.6933351755142212
0.7815225124359131
0.7125598192214966
0.8346046209335327
0.7525261640548706
0.7766788005828857
0.6933314800262451
0.7717612385749817
0.7302898168563843
1.0879653692245483
0.6813436150550842
0.7837084531784058
0.8406745195388794
0.812850832939148
0.7761214971542358
0.8102490901947021
0.8215223550796509
0.8291551470756531
0.6868861317634583
0.6610882878303528
0.8094722032546997
0.674639105796814
0.835490882396698
0.8030694723129272
0.7630428075790405
0.7802243232727051
0.7428973317146301
0.7251935005187988
0.6944653987884521
0.8022024035453796
0.7982038259506226
0.8141933679580688
0.847384512424469
0.7447538375854492
0.7470052242279053
0.6831793785095215
0.7063153982162476
0.7491744756698608
0.7787411212921143
0.8463488221168518
0.75807124376297
0.7985865473747253
0.8525412082672119
0.7689480185508728
0.7523040771484375
0.8174320459365845
0.7007405757904053
0.7645364999771118
0.851829469203949
0.7360013723373413
0.8646257519721985
0.8083457946777344
0.8071551322937012
0.7101526260375977
0.8655266761779785
0.7545128464698792
0.8005993962287903
0.7514363527297974
0.794122040271759
0.7803245186805725
0.7176321148872375
0.7824207544326782
0.8590686321258545
0.7292873859405518
0.7464807629585266
0.7487626671791077
0.7633233666419983
0.6479156017303467
0.8210409879684448
0.7699240446090698
0.8605722188949585
0.7812638282775879
0.7256077527999878
0.7751938104629517
0.8522148728370667
0.86952805519104
0.7786074876785278
0.8491804599761963
0.9715370535850525
0.7222715616226196
0.7015341520309448
0.7854540348052979
0.808479905128479
0.7704181671142578
0.7542872428894043
0.7217837572097778
0.757766604423523
0.7474405765533447
0.739754855632782
0.7892789840698242
0.7869275212287903
0.9528242349624634
0.7191762924194336
0.790076732635498
0.6642196774482727
0.7649893760681152
0.7848267555236816
0.8200130462646484
0.731918454170227
0.8980488181114197
1.0570462942123413
0.7091773748397827
0.9020391702651978
0.7573278546333313
0.6974325776100159
0.6454084515571594
0.7294344902038574
0.8498149514198303
0.7381062507629395
1.0989116430282593
0.7605280876159668
0.7882322072982788
0.7805411219596863
0.7430902719497681
0.8762593269348145
0.7872110605239868
0.8345155715942383
0.7464770078659058
0.7703104615211487
0.7553191184997559
0.9122170209884644
0.7329428195953369
0.938717246055603
0.7040267586708069
0.8248604536056519
0.6605241298675537
0.8199001550674438
0.6624842882156372
0.7238409519195557
0.857745349407196
0.7873303294181824
0.7110782861709595
0.7579892873764038
0.7156099677085876
0.709998607635498
0.7514456510543823
0.8101234436035156
0.9469357132911682
0.8563474416732788
0.7673991322517395
0.7932298183441162
0.8069813251495361
0.7440930604934692
0.9317246675491333
0.7494069337844849
0.7383260726928711
0.7649321556091309
0.7740692496299744
0.6973111033439636
0.7640506625175476
0.7513130903244019
0.8220555782318115
0.7503910064697266
0.6708840131759644
0.6934933662414551
0.907884955406189
0.6437892913818359
0.8417755365371704
0.7588832378387451
0.8720999956130981
0.7776502370834351
0.8354332447052002
0.8424854278564453
0.7512004375457764
0.6365062594413757
0.7327261567115784
0.8138505220413208
0.7377843856811523
0.702974259853363
0.7595391273498535
0.736918568611145
0.7175723314285278
0.8668757677078247
0.7855492830276489
1.0057260990142822
0.6731123924255371
0.7507206201553345
0.8043591976165771
0.8480459451675415
0.8152749538421631
0.8366837501525879
0.8155409097671509
0.8428457975387573
0.8188492655754089
0.7771494388580322
0.6971297264099121
0.7257744073867798
0.7811458110809326
0.825729489326477
0.7127223014831543
0.7280426025390625
0.7218188047409058
0.7399263381958008
0.7656306028366089
0.7935954928398132
0.7958414554595947
0.7526476979255676
0.7804340720176697
0.6974173784255981
0.7429389953613281
0.6672860980033875
0.8870037198066711
0.6810818910598755
0.771186113357544
0.771075427532196
0.7380247116088867
0.7167260646820068
0.8988736867904663
0.6870191097259521
0.8131405115127563
0.7272919416427612
0.7868392467498779
0.7397861480712891
0.6823927760124207
0.7423086166381836
0.7055586576461792
0.736308217048645
0.865174412727356
0.7547287940979004
0.6476292014122009
0.7043853998184204
0.7529914975166321
0.8334200382232666
0.8184458017349243
0.7097111344337463
0.8312397003173828
0.739078164100647
1.035033106803894
0.801310658454895
0.7276297807693481
0.8683953881263733
0.7565149664878845
0.8770384788513184
0.7875389456748962
0.7238584756851196
0.7703266143798828
0.7310450077056885
0.7263930439949036
0.7640655040740967
0.8931097984313965
0.6857883930206299
0.6837930679321289
0.7273773550987244
0.8529947400093079
0.8012360334396362
0.8683704733848572
0.7815126180648804
0.7327605485916138
0.6614663600921631
0.8259751796722412
0.7470705509185791
0.8385534286499023
0.7692215442657471
0.7523406744003296
0.7959076166152954
0.918166995048523
0.7857362031936646
0.8173266649246216
0.7057439088821411
0.8034998178482056
0.7818763852119446
0.769074559211731
0.7223098278045654
0.7814778089523315
0.7354874610900879
0.7292318344116211
0.7491254806518555
0.7499736547470093
0.7747211456298828
0.721095085144043
0.7575560212135315
0.7012795209884644
0.764313280582428
0.7947922348976135
0.7001804113388062
0.7948787808418274
0.8790497779846191
0.7250332832336426
0.7839199900627136
0.8136547803878784
0.7665851712226868
0.7931832075119019
0.8334455490112305
0.8265429735183716
0.732702374458313
0.7318277955055237
0.7729084491729736
0.7359782457351685
0.7685219049453735
0.7529358863830566
0.6944742798805237
0.7577453851699829
0.7198763489723206
0.8243207335472107
0.7783949375152588
0.7694041132926941
0.6896083354949951
0.8910912275314331
0.827594518661499
0.7696347236633301
0.7418348789215088
0.749305009841919
0.6524755358695984
0.6806875467300415
0.7082122564315796
0.8085669279098511
0.692049503326416
0.7397208213806152
0.7650078535079956
0.7818478345870972
0.7819667458534241
0.7936776876449585
0.8166756629943848
0.7095438241958618
0.7849574089050293
0.8874656558036804
0.7567074298858643
0.6842526197433472
0.7103002071380615
0.643447756767273
0.680925726890564
0.7004947066307068
0.8686966896057129
0.7141520380973816
0.8078734874725342
0.759540855884552
0.9102072715759277
0.6925773620605469
0.8375491499900818
0.7432740926742554
0.667427659034729
0.7676504850387573
0.6829567551612854
0.7879047393798828
0.8876075744628906
0.6815471649169922
0.7144257426261902
0.6951521635055542
0.7322075366973877
0.7583273649215698
0.8351923227310181
0.739444375038147
0.7568128108978271
0.6892696022987366
0.7178629040718079
0.7796623706817627
0.7030621767044067
0.7494857311248779
0.7676416635513306
0.7152923345565796
0.7326515913009644
0.8167906999588013
0.8273788690567017
0.778597891330719
0.7352004051208496
0.7120071053504944
0.6957065463066101
0.7363763451576233
0.7414872050285339
0.694393515586853
0.7941321134567261
0.8369840383529663
0.9054186940193176
0.7151291370391846
0.7826529741287231
0.7528173923492432
0.7921546697616577
0.7923296093940735
0.8484691977500916
0.7327190637588501
0.7926191091537476
0.839751124382019
0.6818753480911255
0.746518611907959
0.7699520587921143
0.7560615539550781
0.8214659094810486
0.7830774784088135
0.727867841720581
0.7920650243759155
0.7886934876441956
0.7387794852256775
0.7604530453681946
0.7368417978286743
0.7409464120864868
0.7924563884735107
0.6897794604301453
0.7429124116897583
0.6469900608062744
0.8611333966255188
0.8718771934509277
0.7459300756454468
0.7566585540771484
0.9022125601768494
0.8312166929244995
0.7900208234786987
0.8527665734291077
0.7315463423728943
0.8145722150802612
0.6817619800567627
0.8222872018814087
0.8150699138641357
0.7916991710662842
0.6273648142814636
0.7707095146179199
0.6821476221084595
0.710509181022644
0.8261667490005493
0.6983335018157959
0.7895340323448181
0.8173942565917969
0.8325332403182983
0.7920659780502319
0.756047248840332
0.7248839139938354
0.6928499341011047
0.6660468578338623
0.7145386338233948
0.6688687801361084
0.8432905673980713
0.8191022276878357
0.6438699960708618
0.7020658254623413
0.7024897336959839
0.9396970868110657
0.8707757592201233
0.9384385943412781
0.7967120409011841
0.7136828899383545
0.7766228914260864
0.7642403841018677
0.7888468503952026
0.9553320407867432
0.7951055765151978
0.6838840246200562
0.7235788106918335
0.7579517960548401
0.6972604990005493
0.7484114170074463
0.7730233073234558
0.7597867846488953
0.8441892862319946
0.802056074142456
0.6707531213760376
0.8963115215301514
0.9227216243743896
0.7135618925094604
0.7523749470710754
0.8731117248535156
0.7681078910827637
0.7635012865066528
0.974086582660675
0.8836675882339478
0.8591737747192383
0.7249271273612976
0.6853395700454712
0.9089406132698059
0.954418420791626
0.7256002426147461
0.7445478439331055
0.8455671072006226
0.7183352708816528
0.8168894052505493
0.8941469192504883
0.8086064457893372
0.9552658796310425
0.7392960786819458
0.6744502782821655
0.7597290873527527
0.6519295573234558
0.7925567030906677
0.7343584299087524
0.833953320980072
0.7473838925361633
0.7470771074295044
0.8236575126647949
0.8798344135284424
0.7114206552505493
0.7260736227035522
0.7376089096069336
0.7306642532348633
0.7160100936889648
0.785392165184021
0.8538201451301575
0.8986106514930725
0.7343651056289673
0.7396973371505737
0.803842306137085
0.6812564134597778
0.6933512687683105
0.7553019523620605
0.6891587376594543
0.8512377738952637
0.7705352902412415
0.7519469261169434
0.7855247259140015
0.7305270433425903
0.7929402589797974
0.8099899291992188
0.6925613880157471
0.8428606986999512
0.7352534532546997
0.7737855911254883
0.8299092054367065
0.7632637023925781
0.8062310218811035
0.7617572546005249
0.8248827457427979
0.7030924558639526
0.8386732339859009
0.8648117780685425
0.7246290445327759
0.8055415749549866
0.6651087403297424
0.6749535202980042
0.7124037742614746
0.9364057183265686
0.6590027809143066
0.7553614377975464
0.729421854019165
0.7849487662315369
0.8800894021987915
0.684363842010498
0.6877952814102173
0.7204540371894836
0.7424492239952087
0.7747302055358887
0.7287415862083435
0.7288178205490112
0.7141962051391602
0.790888786315918
0.9341248273849487
0.8530738353729248
0.862231433391571
0.7396961450576782
0.7957130670547485
0.8782486319541931
0.7225968837738037
0.9941583275794983
0.7034106254577637
0.7030805945396423
0.7889643907546997
0.7225119471549988
0.9079245328903198
0.6968324780464172
0.792975902557373
0.788480281829834
0.79530268907547
0.763819694519043
0.7698578834533691
0.7156925201416016
0.7902742624282837
0.690632164478302
0.7706719636917114
0.929132342338562
0.6822884678840637
0.694952666759491
0.7347905039787292
0.7275210618972778
0.7986403107643127
0.8719355463981628
0.7147895097732544
0.7369441986083984
0.851333737373352
1.055910348892212
0.7137289643287659
0.8298255205154419
0.6936905384063721
0.7999844551086426
0.7981990575790405
0.6072731614112854
0.737888514995575
0.8025493621826172
0.7407476902008057
0.7602277994155884
0.7301731705665588
0.8008079528808594
0.790532112121582
0.7566350698471069
0.7860468029975891
0.7227820158004761
0.6969016790390015
0.6917160749435425
0.772693395614624
0.6940255761146545
0.653030276298523
0.7562161684036255
0.7139250040054321
0.7778797149658203
0.6766785383224487
0.6868053674697876
0.7034757137298584
0.8014672994613647
0.75453782081604
0.677194356918335
0.7369821071624756
0.7336114645004272
0.6768476963043213
0.7251501679420471
0.6998850703239441
0.8188464641571045
0.8451234102249146
0.7423379421234131
0.8424238562583923
0.6769793033599854
0.7343922853469849
0.703406810760498
0.9436591863632202
0.7357064485549927
0.8146220445632935
0.7548185586929321
0.8471535444259644
0.7278865575790405
0.7074583768844604
0.6742735505104065
0.7192478179931641
0.7765889167785645
0.6715150475502014
0.7737069129943848
0.7675976753234863
0.727916955947876
0.6569496989250183
0.7170122861862183
0.6121759414672852
0.7103773355484009
0.654278576374054
0.764459490776062
0.7752519845962524
0.7633495330810547
0.8834517002105713
0.7149684429168701
0.6798016428947449
0.7300944328308105
0.7717568874359131
0.7323111891746521
0.7174177169799805
0.8282918334007263
0.7715184092521667
0.6939553022384644
0.7064913511276245
0.7165392637252808
0.695164680480957
0.736301064491272
0.837810754776001
0.6349169015884399
0.6760663390159607
0.7116461992263794
0.7259218692779541
0.8137145042419434
0.7094489336013794
0.6873828172683716
0.9672839641571045
0.856590747833252
0.7846736907958984
0.6918126940727234
0.7363566160202026
0.7481610774993896
0.8124781847000122
1.1491769552230835
0.7598923444747925
0.7378612756729126
0.7055007219314575
0.8239750862121582
0.819603443145752
0.7187716960906982
0.6469018459320068
0.7561502456665039
0.8695400953292847
0.7023952603340149
0.6822235584259033
0.8230565786361694
0.7745503187179565
0.6930919885635376
0.7272689938545227
0.7927066087722778
0.7702800035476685
0.784813404083252
0.6981569528579712
0.7721468210220337
0.7666783332824707
0.7017982006072998
0.8511685729026794
0.6939198970794678
0.6717144250869751
0.7376223802566528
0.7511954307556152
0.6812237501144409
0.8086990118026733
0.6928708553314209
0.776094913482666
0.8683062791824341
0.7369814515113831
0.8378801345825195
0.8481153249740601
0.7667958736419678
0.7745487689971924
0.7181090116500854
0.6997936964035034
0.7559552192687988
0.7568031549453735
0.6841350793838501
0.8168867826461792
0.8224462270736694
0.6348679661750793
0.7201979756355286
0.647129237651825
0.8080283999443054
0.7818936109542847
0.8014974594116211
0.6989690661430359
0.6895260810852051
0.7056078910827637
0.743048906326294
0.6978403329849243
0.821671187877655
0.8216166496276855
0.7664735317230225
0.8007017970085144
0.7946473360061646
0.8124740123748779
0.672264575958252
0.7281107902526855
0.794968843460083
0.6356115937232971
0.7579730153083801
0.7437514066696167
0.7307913303375244
0.7916915416717529
0.7153176069259644
0.6895195841789246
0.7627172470092773
0.7969685792922974
0.7731579542160034
0.8381834626197815
0.7861232757568359
0.8220183849334717
0.6633043885231018
0.7783078551292419
0.821982204914093
0.7145119905471802
0.7318483591079712
0.6382975578308105
0.7635719776153564
0.7515555620193481
0.8097586631774902
0.6673908829689026
0.8331199288368225
0.66142338514328
0.6915811896324158
0.6762183904647827
0.7136356830596924
0.7482657432556152
0.7415790557861328
0.7275146245956421
0.7384066581726074
0.6315018534660339
0.7028477191925049
0.7281571626663208
0.8044571280479431
0.9475263953208923
0.7483760118484497
0.7150497436523438
0.730377733707428
0.841062068939209
0.6996781826019287
0.7906924486160278
0.7188807725906372
0.7941992282867432
0.7718889713287354
0.7047380208969116
0.7018892168998718
0.6568165421485901
0.768364429473877
0.7778233885765076
0.6877617835998535
0.7425400018692017
0.7031145095825195
0.7110475897789001
0.7173551321029663
0.7117091417312622
0.7708547711372375
0.6737324595451355
0.66731858253479
0.7052240967750549
0.7203030586242676
0.6984069347381592
0.6495176553726196
0.7436032295227051
0.9042813777923584
0.8492851853370667
0.7252398729324341
0.7462051510810852
0.8672292828559875
0.7988784909248352
0.8174929022789001
0.7042242288589478
0.6903854608535767
0.8617364168167114
0.8392784595489502
0.7249538898468018
0.7952922582626343
0.7460354566574097
0.7137447595596313
0.7348697185516357
0.8788082599639893
0.847933828830719
0.7522350549697876
0.8754146695137024
0.7984858751296997
0.7549839019775391
0.7420181035995483
0.671493411064148
0.6824104189872742
0.8029295206069946
0.748664915561676
0.7016987800598145
0.7519420385360718
0.7101259827613831
0.9246993064880371
0.7415735721588135
0.7068547010421753
0.8430041074752808
0.6674128770828247
0.8050050735473633
0.749793291091919
0.7380450963973999
0.6422073841094971
0.7912558317184448
0.7024463415145874
0.7683387994766235
0.7511497735977173
0.925714373588562
0.7490228414535522
0.84820556640625
0.694225013256073
0.7070471048355103
0.6839718818664551
0.6667525768280029
0.6360982060432434
0.9223688840866089
0.6925332546234131
0.9083012342453003
0.7158524990081787
0.9359791874885559
0.7314246296882629
0.7476706504821777
0.7407187223434448
0.6452113389968872
0.8424704074859619
0.7152329683303833
0.7700875997543335
0.851183295249939
0.6997227668762207
0.8655127286911011
0.6449618935585022
0.7877739667892456
0.7358443737030029
0.7024957537651062
0.6180014610290527
0.7114561796188354
0.6947664618492126
0.6866048574447632
0.7447172403335571
0.8247127532958984
0.8547660708427429
0.6761728525161743
0.7302618026733398
0.6590492129325867
0.7209669947624207
0.6988464593887329
0.726060152053833
0.757544755935669
0.8560082316398621
0.6774017214775085
0.7742271423339844
0.6857258081436157
0.7836179733276367
0.8517768979072571
0.7895020246505737
0.7178493738174438
0.6978983879089355
0.7381178736686707
0.6945157051086426
0.6909700632095337
0.8041257858276367
0.7530447244644165
0.7377567291259766
0.8411645293235779
0.6374263763427734
0.72426438331604
0.8463514447212219
0.8918700814247131
0.7445552349090576
0.8088951110839844
0.661141037940979
0.7362082004547119
0.6748443245887756
0.6753638982772827
0.7600667476654053
0.7140612602233887
0.6681671142578125
0.6729472875595093
0.7573270797729492
0.7710989713668823
0.6645321846008301
0.7583963871002197
0.7631676197052002
0.7702784538269043
0.8551784753799438
0.7318510413169861
0.6456472873687744
0.6816980242729187
0.7698681354522705
0.6852003931999207
0.6402715444564819
0.6760268211364746
0.8813899755477905
0.7228837013244629
0.726083517074585
0.7629352807998657
0.7080068588256836
0.6577421426773071
0.6614747047424316
0.7178120613098145
0.7615280151367188
0.7777464389801025
0.6876677870750427
0.7085184454917908
0.6652417182922363
0.7779213190078735
0.6940635442733765
0.779777467250824
0.7034662961959839
0.7312735915184021
0.8188709020614624
0.6840704679489136
0.7052691578865051
0.6993343830108643
0.6912161111831665
0.6802641749382019
0.7386635541915894
0.6617163419723511
0.7597348690032959
0.7467347383499146
0.6875259876251221
0.6755043864250183
0.6742037534713745
0.77483731508255
0.7111850380897522
0.7056795358657837
0.6823164224624634
0.7628470659255981
0.6964753270149231
0.8573448657989502
0.7834360599517822
0.6981310844421387
0.788025975227356
0.7417442202568054
0.844171941280365
0.770775318145752
0.8138106465339661
0.734167218208313
0.7610191106796265
0.7307488918304443
0.7158728837966919
0.6812647581100464
0.7700666189193726
0.7924824953079224
0.6334357857704163
0.7586159706115723
0.793883204460144
0.7411423921585083
0.639096200466156
0.7358831763267517
0.6854982972145081
0.6909843683242798
0.7928466796875
0.8116878271102905
0.726417064666748
0.6178963780403137
0.8099291324615479
0.6239514946937561
0.7260465621948242
0.7717514038085938
0.8158477544784546
0.7057806849479675
0.8121868371963501
0.6894947290420532
0.8119411468505859
0.7243028879165649
0.73863285779953
0.7707103490829468
0.6586678624153137
0.7756627202033997
0.7009774446487427
0.750321090221405
0.7884281873703003
0.6974337697029114
0.7807658314704895
0.6759549379348755
0.783252477645874
0.8626676797866821
0.6851556301116943
0.6507590413093567
0.7037774324417114
0.7506270408630371
0.6805771589279175
0.7108674049377441
0.6788501739501953
1.1497864723205566
0.7393726110458374
0.7976981401443481
0.6968789100646973
0.7886637449264526
0.7658260464668274
0.7098949551582336
0.7476587295532227
0.7313024997711182
0.7202565670013428
0.7312192916870117
0.6500318646430969
0.8625977039337158
0.7348895072937012
0.6708396673202515
0.7328678369522095
0.6479685306549072
0.718646764755249
0.7707729339599609
0.7350467443466187
0.6901564598083496
0.758695662021637
0.7333120107650757
0.7112026214599609
0.9349778890609741
0.6811893582344055
0.8628329038619995
0.7764760851860046
0.7013258337974548
0.7522702217102051
0.7212522029876709
0.6813274025917053
0.7889189720153809
0.7821152806282043
0.7698262929916382
0.6787339448928833
0.7494440078735352
0.6956865191459656
0.7186287641525269
0.7881102561950684
0.7239766120910645
0.7613847255706787
0.861869215965271
0.7213483452796936
0.684566855430603
0.6990087628364563
0.8499394655227661
0.7123709917068481
0.7330024242401123
0.7973792552947998
0.7264106273651123
0.7316799759864807
0.7719286680221558
0.6609786748886108
0.7010182738304138
0.6904977560043335
0.7869963645935059
0.9211134314537048
0.6414827704429626
0.7920816540718079
0.7741774320602417
0.7036631107330322
0.7322794795036316
0.7018195390701294
0.8063673973083496
0.7771128416061401
0.7055788040161133
0.6556479930877686
0.7236546277999878
0.8856170177459717
0.8312029242515564
0.6984362006187439
0.8378164768218994
0.7464707493782043
0.6490125060081482
0.7374399900436401
0.6896334886550903
0.6923536658287048
0.6942140460014343
0.7248998880386353
0.6750869154930115
0.6820361614227295
0.7698391675949097
0.8008519411087036
0.8108457326889038
0.7665458917617798
0.7524096369743347
0.7163296341896057
0.6677417755126953
0.7501088380813599
0.6552647352218628
0.7537645101547241
0.7092567086219788
0.7118085026741028
0.7260030508041382
0.6922701001167297
0.9642775058746338
0.6396478414535522
0.7624503374099731
0.7446542978286743
0.6873992085456848
0.6890075206756592
0.7378503084182739
0.742023229598999
0.7641994953155518
0.6962205171585083
0.7205770015716553
0.7418897151947021
0.7457529306411743
0.8223975896835327
0.7598190307617188
0.7878119945526123
0.6878522634506226
0.6904994249343872
0.7565854787826538
0.6680406928062439
0.7767263650894165
0.8282525539398193
0.7377668619155884
0.7042840719223022
0.8580005168914795
0.7204169631004333
0.6785408854484558
0.7596287727355957
0.6475299596786499
0.7436846494674683
0.6819010972976685
0.743118405342102
0.6808298826217651
0.6904004812240601
0.709210991859436
0.7368885278701782
0.7159407138824463
0.6760317087173462
0.7435517311096191
0.6466150283813477
0.7992886304855347
0.8188497424125671
0.7135453224182129
0.7797589302062988
0.6586156487464905
0.7020580768585205
0.6943536400794983
0.6909394264221191
0.7019882798194885
0.6856468915939331
0.6705068945884705
0.7810426950454712
0.6542203426361084
0.6468873023986816
0.7687740325927734
0.811692476272583
0.7524654865264893
0.757285475730896
0.7680530548095703
0.6477750539779663
0.7005771398544312
0.6809619069099426
0.6861079335212708
0.782363772392273
0.8143218755722046
0.6351823806762695
0.7352165579795837
0.7901167273521423
0.7062371373176575
0.6878470778465271
0.7154743075370789
0.7855434417724609
0.749935507774353
0.651394248008728
0.7110859751701355
0.6750363111495972
0.7023104429244995
0.8931213617324829
0.6173903942108154
0.759852409362793
0.629519522190094
0.757972240447998
0.7327361106872559
0.8320228457450867
0.7652790546417236
0.7619267106056213
0.735512912273407
0.6912851333618164
0.7987241744995117
0.729832649230957
0.687709391117096
0.6426090002059937
0.7225210666656494
0.7375823855400085
0.7957949638366699
0.7312738299369812
0.791619062423706
0.7345682382583618
0.7175146341323853
0.72889244556427
0.7645691633224487
0.6815463304519653
0.7215324640274048
0.818488597869873
0.6800514459609985
0.7294089794158936
0.6350852251052856
0.7462525963783264
0.6483500003814697
0.7343043088912964
0.7323199510574341
0.6878939867019653
0.7399036884307861
0.6764522790908813
0.6313445568084717
0.8197300434112549
0.7662929892539978
0.6951983571052551
0.673303484916687
0.6775178909301758
0.6555867195129395
0.7011581659317017
0.7477002143859863
0.7498562932014465
0.6819919943809509
0.6236237287521362
0.7968513369560242
0.834097146987915
0.7230489253997803
0.7731111645698547
0.737797200679779
0.6573110222816467
0.7593457698822021
0.7298862338066101
0.7437875270843506
0.7881901264190674
0.6786907911300659
0.746821939945221
0.7247770428657532
0.7137625217437744
0.7152422666549683
0.6956660747528076
0.8635279536247253
0.7374763488769531
0.664134681224823
0.6934553384780884
0.6629366278648376
0.6648499965667725
0.6802974343299866
0.7904379963874817
0.6864267587661743
0.7048237323760986
0.6771960258483887
0.7915267944335938
0.6650630235671997
0.7469882965087891
0.8026453256607056
0.7347588539123535
0.7207056283950806
0.6405375003814697
0.6631131172180176
0.834262490272522
0.7104708552360535
0.6525386571884155
0.6858580708503723
0.7754747867584229
0.6509853005409241
0.6899393796920776
0.7682768702507019
0.677980363368988
0.8012062907218933
0.6929553747177124
0.7741776704788208
0.6906258463859558
0.7270862460136414
0.8375043869018555
0.6467903852462769
0.6729457378387451
0.7612550258636475
0.7166720032691956
0.8014833927154541
0.813843846321106
0.8847990036010742
0.7132592797279358
0.6733828186988831
0.6713123917579651
0.7816874980926514
0.6824663281440735
0.7056122422218323
0.6960544586181641
0.8222929239273071
0.7289600372314453
0.7207015752792358
0.7115436792373657
0.7790816426277161
0.6528326869010925
0.6926082372665405
0.8488599061965942
0.6916372776031494
0.7023710012435913
0.8787404298782349
0.6955941915512085
0.6166747808456421
0.6367291212081909
0.7797154188156128
0.7936638593673706
0.76468425989151
0.6473699808120728
0.696189284324646
0.7112457156181335
0.7035220861434937
0.7264631986618042
0.7205336093902588
0.747341513633728
0.7550246715545654
0.7129905223846436
0.6806429028511047
0.6711680293083191
0.6874050498008728
0.8516409397125244
0.6479071378707886
0.7005185484886169
0.6824101209640503
0.6832541227340698
0.6727941036224365
0.6167081594467163
0.7043976783752441
0.6622185707092285
0.7685890197753906
0.6469433307647705
0.7247611284255981
0.7164353132247925
0.7393238544464111
0.7471685409545898
0.8361022472381592
0.7471129894256592
0.724974513053894
0.8041956424713135
0.7475583553314209
0.7448764443397522
0.7307316064834595
0.8339723348617554
0.722432017326355
0.8786561489105225
0.7705023884773254
0.7179588079452515
0.7461939454078674
0.7405948638916016
0.6402603983879089
0.7947192192077637
0.746134877204895
0.748163104057312
0.7873504757881165
0.7304172515869141
0.7951065301895142
0.8958765864372253
0.6503961086273193
0.789289653301239
0.6853671073913574
0.6616732478141785
0.7651158571243286
0.698167085647583
0.6736105680465698
0.6877779960632324
0.7760882377624512
0.8022829294204712
0.6779271364212036
0.7212442755699158
0.6690130233764648
0.7062636017799377
0.6481996178627014
0.7219065427780151
0.6633710265159607
0.7237545251846313
0.7453365325927734
0.656177282333374
0.5998960137367249
0.7950226068496704
0.6247053146362305
0.7617982625961304
0.6618136763572693
0.7450871467590332
0.6488769054412842
0.7414573431015015
0.8145537376403809
0.7514607906341553
0.7650809288024902
0.6704910397529602
0.7158616781234741
0.6986637115478516
0.7196862101554871
0.7524844408035278
0.8024968504905701
0.749692440032959
0.6471015214920044
0.7338787913322449
0.7139558792114258
0.7412557601928711
0.7215213775634766
0.7837889194488525
0.6943386793136597
0.6971754431724548
0.6488132476806641
0.6298410892486572
0.6996446847915649
0.7460416555404663
0.7268888354301453
0.6758805513381958
0.745404064655304
0.6785276532173157
0.7422583103179932
0.6908195614814758
0.7030135989189148
0.6959599852561951
0.6037929058074951
0.7076149582862854
0.7814693450927734
0.7077032327651978
0.7482188940048218
0.7180101871490479
0.7595570087432861
0.7018508911132812
0.6912869811058044
0.7084687948226929
0.7637487649917603
0.7627179026603699
0.6805495619773865
0.6906386613845825
0.6572809815406799
0.7620977759361267
0.7249685525894165
0.7050937414169312
0.6883481740951538
0.6349323987960815
0.748049259185791
0.7283624410629272
0.7248973846435547
0.7445269227027893
0.6486225724220276
0.625504732131958
0.7481009364128113
0.7154015302658081
0.6419692039489746
0.7322365045547485
0.8023371696472168
0.6890853643417358
0.7869992256164551
0.6542513370513916
0.7487738728523254
0.749853253364563
0.67523592710495
0.7121947407722473
0.7459661364555359
0.6721053123474121
0.680153489112854
0.7244105935096741
0.7814062833786011
0.6365259885787964
0.6821895837783813
0.7676173448562622
0.8085781335830688
0.6037234663963318
0.687828779220581
0.8672460913658142
0.7034806609153748
0.703235387802124
0.7011462450027466
0.7745972275733948
0.7401408553123474
0.6802127361297607
0.616625189781189
0.7030248641967773
0.798211395740509
0.6946322321891785
0.7758176326751709
0.7859750986099243
0.7584211826324463
0.6622976064682007
0.7676326036453247
0.6593162417411804
0.709649920463562
0.6705960631370544
0.6885555982589722
0.6953886151313782
0.7858545184135437
0.7840194702148438
0.7004374265670776
0.6564596891403198
0.7563657164573669
0.7843461036682129
0.7047154903411865
0.705176591873169
0.7360430955886841
0.688187837600708
0.6939941644668579
0.679203450679779
0.6557859778404236
0.7187759280204773
0.6962282657623291
0.7438474893569946
0.7277834415435791
0.7074471116065979
0.7346481084823608
0.8105804920196533
0.7735692262649536
0.7131932377815247
0.9143415689468384
0.7949790358543396
0.7216105461120605
0.6340325474739075
0.7997452020645142
0.7432496547698975
0.7980459928512573
0.7983314394950867
0.7338930368423462
0.7601924538612366
0.6943719387054443
0.6549223065376282
0.763923168182373
0.7072107195854187
0.6941253542900085
0.719562292098999
0.6614564061164856
0.8148605227470398
0.7092709541320801
0.7887954711914062
0.7266339063644409
0.9297325015068054
0.6452666521072388
0.7468006610870361
0.7125604152679443
0.6774265170097351
0.7251477241516113
0.8173933029174805
0.7873320579528809
0.6343038082122803
0.8149386048316956
0.6792198419570923
0.8421541452407837
0.7312531471252441
0.7435886859893799
0.6843262910842896
0.6842783689498901
0.7672374248504639
0.7134537696838379
0.721829891204834
0.7304520606994629
0.8897894620895386
0.7746341228485107
0.8770312666893005
0.7958856225013733
0.6653470396995544
0.7525409460067749
0.7366220951080322
0.7716895341873169
0.765007495880127
0.8050364255905151
0.750827968120575
0.6162008047103882
0.7772752046585083
0.7449543476104736
0.775901198387146
0.6333760023117065
0.7380796670913696
0.669333815574646
0.6830353736877441
0.6893666982650757
0.8593020439147949
0.6884819269180298
0.8231353759765625
0.8377876281738281
0.5962560176849365
0.7360758781433105
0.6741026639938354
0.7162054181098938
0.7153208255767822
0.7464643716812134
0.665808916091919
0.7937744855880737
0.70639967918396
0.6908649206161499
0.6836190223693848
0.8856723308563232
0.686514139175415
0.633867084980011
0.6720806360244751
0.6902178525924683
0.7280604839324951
0.8200881481170654
0.7157061100006104
0.7301152944564819
0.7135814428329468
0.8076668381690979
0.6866249442100525
0.6822296977043152
0.8469632267951965
0.771186351776123
0.6868152618408203
0.6771295070648193
0.7769206166267395
0.7562068700790405
0.6604596376419067
0.7819122076034546
0.7617809772491455
0.6621475219726562
0.7087000608444214
0.6941543221473694
0.7031049132347107
0.8220269680023193
0.6649811267852783
0.7141686677932739
0.72981858253479
0.7438464164733887
0.7485480904579163
0.7385258674621582
0.8058955669403076
0.786210298538208
0.7915464043617249
0.7942025661468506
0.6164127588272095
0.7896835803985596
0.7457680702209473
0.6761512756347656
0.7017552256584167
0.8060041666030884
0.7261146306991577
0.7038952112197876
0.6925622224807739
0.7305488586425781
0.6254127025604248
0.7370083332061768
0.6586143970489502
0.703743040561676
0.7686989307403564
0.7861194014549255
0.8265038728713989
0.8059561252593994
0.8962590098381042
0.7208455801010132
0.799037516117096
0.6664205193519592
0.6664882898330688
0.8460386991500854
0.7717791795730591
0.7173006534576416
0.7937445640563965
0.7348616719245911
0.7485557794570923
0.6847703456878662
0.6597806215286255
0.8392607569694519
0.8709261417388916
0.6734094619750977
0.7622824907302856
0.7844928503036499
0.6528118848800659
0.7650901079177856
0.7359757423400879
0.8320120573043823
0.7927573323249817
0.6367059946060181
0.6911380290985107
0.7761685252189636
0.8173823952674866
0.6642041802406311
0.915197491645813
0.718278169631958
0.6922628879547119
0.7110702395439148
0.6608589887619019
0.7473476529121399
0.7322127223014832
0.7891257405281067
0.7556402683258057
0.737389087677002
0.6778075695037842
0.6586634516716003
0.736518144607544
0.6494013667106628
0.7147523760795593
0.8183483481407166
0.7968260049819946
0.7344050407409668
0.6940575838088989
0.6958100199699402
0.743069052696228
0.745177149772644
0.8080739974975586
0.6917469501495361
0.6964080333709717
0.8334803581237793
0.817299485206604
0.6726185083389282
0.6905502676963806
0.7964789867401123
0.7175045013427734
0.682909369468689
0.6496850848197937
0.6745837330818176
0.7186866998672485
0.7563145160675049
0.7254610061645508
0.6980311274528503
0.8615792989730835
0.700189471244812
0.7265064716339111
0.6697525978088379
0.8058372139930725
0.6799894571304321
0.777733325958252
0.7003664970397949
0.6348576545715332
0.6049768328666687
0.7417078018188477
0.6450993418693542
0.6853532195091248
0.7480096817016602
0.8755625486373901
0.7271013259887695
0.7434785962104797
0.7558958530426025
0.6509803533554077
0.7483434677124023
0.6313227415084839
0.6097007989883423
0.744146466255188
0.7099117040634155
0.7189846634864807
0.7214385271072388
0.7528678178787231
0.7401814460754395
0.8550653457641602
0.9775000810623169
0.7870118618011475
0.6718537211418152
0.7787227630615234
0.6451979279518127
0.7417793273925781
0.7547214031219482
0.7788183689117432
0.7155508399009705
0.7065039873123169
0.6680764555931091
0.7455065250396729
0.704668402671814
0.759103000164032
0.6319242715835571
0.6707642078399658
0.682337760925293
0.6519491076469421
0.703200101852417
0.6632304787635803
0.7825706005096436
0.7787076234817505
0.6721698641777039
0.8016052842140198
0.7753463983535767
0.7357827425003052
0.6971645355224609
0.8096231818199158
0.7155539989471436
0.62180095911026
0.7060130834579468
0.6955108642578125
0.7322995662689209
0.720771074295044
0.8626948595046997
0.8015248775482178
0.7039870619773865
0.7643760442733765
0.7061958312988281
0.7791695594787598
0.709391713142395
0.6636958122253418
0.7301244735717773
0.725250244140625
0.7502225637435913
0.6360235810279846
0.745814323425293
0.7765129804611206
0.725359320640564
0.9403803944587708
0.7060418128967285
0.742362380027771
0.7625695466995239
0.7981171011924744
0.7206581234931946
0.6522302627563477
0.735015332698822
0.8223050832748413
0.6522232890129089
0.6820204854011536
0.8040182590484619
0.919090211391449
0.7590019702911377
0.7758821845054626
0.7680652141571045
0.731536865234375
0.6695594191551208
0.8216108679771423
0.7182890176773071
0.7639096975326538
0.6576589941978455
0.7023516893386841
0.7108502388000488
0.6714032292366028
0.6857843399047852
0.6893026828765869
0.700901448726654
0.7638070583343506
0.7339438199996948
0.6564504504203796
0.6774537563323975
0.6475293040275574
0.7184829711914062
0.6374672651290894
0.6850945949554443
0.7407047152519226
0.7720546722412109
0.7301626205444336
0.6663775444030762
0.7153379917144775
0.7885816097259521
0.7212437391281128
0.6923899054527283
0.715096116065979
0.7157601118087769
0.6372413039207458
0.759581446647644
0.7463027834892273
0.6820319294929504
0.7762950658798218
0.6977834701538086
0.7630256414413452
0.6589148044586182
0.7373673915863037
0.7520090937614441
0.7115235328674316
0.6242474317550659
0.6848031282424927
0.7611725926399231
0.7503408193588257
0.7966285347938538
0.7139490246772766
0.6700732707977295
0.6602465510368347
0.6602023839950562
0.6490660905838013
0.6678117513656616
0.6647821664810181
0.6033957600593567
0.6698154807090759
0.6105800867080688
0.7373160123825073
0.6933225393295288
0.7147953510284424
0.638411819934845
0.7677201628684998
0.681223452091217
0.7013972401618958
0.9190755486488342
0.7555811405181885
0.6836255788803101
0.7244294881820679
0.7521438598632812
0.6842883825302124
0.7252508997917175
0.7035820484161377
0.8397324085235596
0.7223798036575317
0.770076334476471
0.6299830079078674
0.6961666345596313
0.7272270917892456
0.6780540347099304
0.7690417766571045
0.6920021176338196
0.7201489806175232
0.7399039268493652
1.0147974491119385
0.7438108921051025
0.6925703287124634
0.743512749671936
0.8009759783744812
0.6292316317558289
0.7011945247650146
0.6810485124588013
0.6578057408332825
0.741598904132843
0.6275661587715149
0.7835171818733215
0.7378936409950256
0.7523598074913025
0.7063262462615967
0.7387822866439819
0.8181767463684082
0.6913418769836426
0.7955714464187622
0.7192983627319336
0.7476732730865479
0.7447658181190491
0.7858404517173767
0.6876397132873535
0.7219959497451782
0.6792433261871338
0.9195172786712646
0.7781939506530762
0.6540392637252808
0.7550367116928101
0.7058861255645752
0.7127090692520142
0.786888599395752
0.7851535081863403
0.694098949432373
0.691877543926239
0.67563796043396
0.7413273453712463
0.7759809494018555
0.6701483130455017
0.7115980386734009
0.6821268796920776
0.8580368757247925
0.7165441513061523
0.6980723142623901
0.724937379360199
0.7393926382064819
0.6771084070205688
0.6520125865936279
0.8687899112701416
0.6633040308952332
0.6960858106613159
0.7723897695541382
0.7500773668289185
0.6398400068283081
0.7009387016296387
0.7577570080757141
0.7154474258422852
0.8895831108093262
0.7066483497619629
0.7069113850593567
0.6918191909790039
0.6778938174247742
1.0726734399795532
0.695853590965271
0.795269787311554
0.7514386177062988
0.8130642175674438
0.7015311121940613
0.6825408935546875
0.7017634510993958
0.6617878079414368
0.6400867104530334
0.6314535140991211
0.6772750616073608
0.6329054236412048
0.7061811089515686
0.8103586435317993
0.6840965747833252
0.7489722967147827
0.7916790843009949
0.6495568156242371
0.7585387825965881
0.7099034786224365
0.7890105247497559
0.6469041705131531
0.7817986011505127
0.6149404644966125
0.6751316785812378
0.672571063041687
0.8079147338867188
0.7270857095718384
0.6637241840362549
0.7127238512039185
0.665008544921875
0.6749731302261353
0.7854737043380737
0.6787204146385193
0.7312381267547607
0.7013862133026123
0.7499620318412781
0.6278603672981262
0.7274969816207886
0.751413881778717
0.6535117030143738
0.7566714286804199
0.7607967853546143
0.7204897999763489
0.6633507013320923
0.891146719455719
0.6340633630752563
0.6729523539543152
0.6287174820899963
0.6677756309509277
0.7048933506011963
0.6323533058166504
0.7751288414001465
0.7710602283477783
0.7398440837860107
0.7976566553115845
0.635799765586853
0.6970008611679077
0.7110203504562378
0.7584934234619141
0.6402688026428223
0.6820724606513977
0.7848021984100342
0.6382260322570801
0.7801335453987122
0.7965759634971619
0.7632309794425964
0.7212436199188232
0.703927755355835
0.7311323881149292
0.7200925350189209
0.67457115650177
0.860432505607605
0.7350689172744751
0.7113186717033386
0.7098323106765747
0.7458229064941406
0.8486629724502563
0.6257627606391907
0.6979848146438599
0.8167005777359009
0.7522695064544678
0.5848795771598816
0.6853073835372925
0.7295044660568237
0.778203547000885
0.6790996789932251
0.7089453935623169
0.7613766193389893
0.7274669408798218
0.6679803133010864
0.7280069589614868
0.7360014319419861
0.7737135291099548
0.7526267766952515
0.86301589012146
0.7294820547103882
0.7442755699157715
0.6454532742500305
0.6984182000160217
0.7044864892959595
0.7977349758148193
0.7062472105026245
0.6819736957550049
0.7135463953018188
0.6919224262237549
0.7317538261413574
0.8131977915763855
0.799346923828125
0.7227990627288818
0.6887968182563782
0.6451056003570557
0.7864928245544434
0.6671561002731323
0.7797641158103943
0.6841784715652466
0.6835508942604065
0.7238559722900391
0.6617507934570312
0.6415116786956787
0.7286123037338257
0.7006536722183228
0.751109778881073
0.6691854000091553
0.6801342964172363
0.8122930526733398
0.7271878719329834
0.6564867496490479
0.7070760726928711
0.7941420078277588
0.7981793880462646
0.7563184499740601
0.676215648651123
0.6974825859069824
0.6753045916557312
0.6898158192634583
0.7058272361755371
0.6696559190750122
0.6631462574005127
0.6986157894134521
0.7699514627456665
0.6242246031761169
0.7253587245941162
0.6680008172988892
0.727474570274353
0.6537606716156006
0.68108069896698
0.7001652121543884
0.7519598007202148
0.6727599501609802
0.6709970235824585
0.6592656373977661
0.7317401766777039
0.7278828024864197
0.6372961401939392
0.721619725227356
0.7229288816452026
0.718630313873291
0.7609980702400208
0.649847686290741
0.7714661359786987
0.7310928106307983
0.65372633934021
0.6833474636077881
0.6943285465240479
0.7825843691825867
0.6744186282157898
0.7061082124710083
0.7628920078277588
0.6798834204673767
0.7005453109741211
0.7378988265991211
0.7254226207733154
0.7831094264984131
0.7246667742729187
0.8111233711242676
0.6416569948196411
0.7599726915359497
0.7319812774658203
0.6075646281242371
0.6758564710617065
0.7879892587661743
0.6753487586975098
0.7473511695861816
0.6622238159179688
0.7600189447402954
0.8140755891799927
0.7991756200790405
0.6700373888015747
0.8680428266525269
0.7805413007736206
0.6436727643013
0.7230100631713867
0.6742933392524719
0.6535977125167847
0.6385038495063782
0.7237235307693481
0.7389105558395386
0.7007084488868713
0.7257297039031982
0.7083236575126648
0.6905789375305176
0.6982950568199158
0.7073218822479248
0.7425163388252258
0.6672215461730957
0.7312666177749634
0.6940670013427734
0.7757081985473633
0.7657042741775513
0.7196074724197388
0.7457380890846252
0.8230082988739014
0.6407067775726318
0.6765287518501282
0.6386111974716187
0.6628507375717163
0.6729680895805359
0.7377520203590393
0.6672757863998413
0.6831766366958618
0.8177849054336548
0.742161750793457
0.81290602684021
0.718326210975647
0.6903624534606934
0.7889949679374695
0.7758925557136536
0.66623854637146
0.7174100279808044
0.7138205766677856
0.6825639605522156
0.7087677717208862
0.8032076358795166
0.6735175848007202
0.6219846606254578
0.6478143930435181
0.6217719316482544
0.7641370296478271
0.8015440702438354
0.675977885723114
0.6737915277481079
0.7096022367477417
0.7341756224632263
0.6703544855117798
0.732142984867096
0.679381251335144
0.7836245894432068
0.6871769428253174
0.6440731287002563
0.6623641848564148
0.6928544044494629
0.8177977800369263
0.6421276330947876
0.7464497685432434
0.7320983409881592
0.7283297777175903
0.6913423538208008
0.6765487194061279
0.6048362255096436
0.7585630416870117
0.7500841617584229
0.7603802680969238
0.661992073059082
0.7475309371948242
0.6626529693603516
0.6842265725135803
0.7148679494857788
0.7770978212356567
0.66680908203125
0.6802771091461182
0.769411563873291
0.7231063842773438
0.6434135437011719
0.639969527721405
0.7136926651000977
0.6714752912521362
0.6441551446914673
0.7212871313095093
0.7152716517448425
0.7480587959289551
0.6174987554550171
0.771283745765686
0.7317498922348022
0.6592774391174316
0.7211246490478516
0.8646184206008911
0.7186236381530762
0.6844936609268188
0.7324434518814087
0.6881768703460693
0.7427903413772583
0.7495485544204712
0.7419687509536743
0.801673948764801
0.7061600685119629
0.6327798962593079
0.7842071056365967
0.6641994714736938
0.7393319606781006
0.630416214466095
0.8005414009094238
0.666641891002655
0.7024350166320801
0.6873375177383423
0.7725123167037964
0.6353248953819275
0.7475986480712891
0.8093926310539246
0.6955361366271973
0.7587333917617798
0.6798478364944458
0.6753370761871338
0.6839974522590637
0.6452716588973999
0.8501131534576416
0.7533955574035645
0.7270492315292358
0.6939973831176758
0.7791274189949036
0.6798934936523438
0.6255055069923401
0.8217262625694275
0.8221359252929688
0.7050819396972656
0.6768660545349121
0.74489426612854
0.6527373790740967
0.6912468671798706
0.7411987781524658
0.7246921062469482
0.8708609342575073
0.6440435647964478
0.770869791507721
0.6926999092102051
0.8849644064903259
0.6689893007278442
0.7167391777038574
0.7753376960754395
0.780398964881897
0.6267389059066772
0.7335043549537659
0.6281931400299072
0.8083595037460327
0.7803796529769897
0.831782341003418
0.6961339712142944
0.6924057006835938
0.738286018371582
0.773632287979126
0.7218050956726074
0.8425641059875488
0.6948607563972473
0.7932580709457397
0.648017942905426
0.6973199844360352
0.6554532051086426
0.6776105165481567
0.7931869029998779
0.7687902450561523
0.6760908365249634
0.6994194388389587
0.6288116574287415
0.6996649503707886
0.8230334520339966
0.7069693803787231
0.7065203189849854
0.7206908464431763
0.6391440629959106
0.6942290663719177
0.766295313835144
0.6722559928894043
0.6519505977630615
0.6580439209938049
0.725110650062561
0.7411612272262573
0.6929788589477539
0.6351597309112549
0.7147074937820435
0.7157686948776245
0.7760966420173645
0.6421282887458801
0.6644814014434814
0.7266511917114258
0.6727554798126221
0.7344783544540405
0.73748779296875
0.7386081218719482
0.743189811706543
0.6654143333435059
0.6663634181022644
0.7478896379470825
0.6997236013412476
0.7694277763366699
0.6726032495498657
0.6780831813812256
0.6964929103851318
0.6421669721603394
0.688549280166626
0.6305835247039795
0.6506228446960449
0.6910350322723389
0.8291686773300171
0.6685279011726379
0.8760472536087036
0.7519328594207764
0.625984787940979
0.6220016479492188
0.6964057683944702
0.7157613039016724
0.6420472860336304
0.7405877113342285
0.7519062757492065
0.6470352411270142
0.630257248878479
0.7399039268493652
0.6844695806503296
0.7668168544769287
0.6272304654121399
0.6532270312309265
0.6820077300071716
0.6641693711280823
0.6804448962211609
0.7604143023490906
0.7152220606803894
0.6827194690704346
0.7640891075134277
0.6884921789169312
0.7089972496032715
0.6793961524963379
0.7491079568862915
0.6759618520736694
0.8025041818618774
0.6293705105781555
0.7054460048675537
0.6922332644462585
0.6707368493080139
0.7050213813781738
0.7294261455535889
0.6657061576843262
0.8305087685585022
0.7265224456787109
0.7702213525772095
0.7821153402328491
0.7265788316726685
0.6591622829437256
0.6601877212524414
0.7522735595703125
0.7227535247802734
0.8118177652359009
0.7330363988876343
0.6127855777740479
0.7603982090950012
0.6900962591171265
0.8009965419769287
0.6413501501083374
0.7119160890579224
0.7345967888832092
0.7471150159835815
0.5936433672904968
0.6607499122619629
0.6524882316589355
0.8381162881851196
0.7099124193191528
0.6159981489181519
0.6859990358352661
0.7419331669807434
0.7101761102676392
0.6647685766220093
0.72955322265625
0.7062952518463135
0.6742353439331055
0.6381847858428955
0.7191729545593262
0.6353039145469666
0.7081422209739685
0.6454501152038574
0.6721323728561401
0.7551236152648926
0.7715839147567749
0.6726376414299011
0.7938750982284546
0.68204665184021
0.8620830774307251
0.6632691621780396
0.7454351186752319
0.7361754775047302
0.8005009889602661
0.7391680479049683
0.7383819818496704
0.7193549871444702
0.6952641010284424
0.7923139333724976
0.6911980509757996
0.7667747735977173
0.6886357069015503
0.7105531692504883
0.6962498426437378
0.6081024408340454
0.7558364272117615
0.7035632133483887
0.6064112186431885
0.6475871205329895
0.8075149059295654
0.6906799674034119
0.7190163135528564
0.7147524356842041
0.6692821979522705
0.7142906188964844
0.7442327737808228
0.8797999620437622
0.6480822563171387
0.6441395878791809
0.6931517124176025
0.6421379446983337
0.6657614707946777
0.7465180158615112
0.7598905563354492
0.6974539756774902
0.6642193794250488
0.6462768316268921
0.8875020146369934
0.7135125398635864
0.7301163673400879
0.7260441184043884
0.7092732191085815
0.7373591065406799
0.6868164539337158
0.6892818212509155
0.7934305667877197
0.6346529126167297
0.6831722259521484
0.6812409162521362
1.0711619853973389
0.771759033203125
0.66769939661026
0.6760786175727844
0.7446483373641968
0.8303629755973816
0.6740425825119019
0.723015308380127
0.8305829167366028
0.8580373525619507
0.8412748575210571
0.7697595357894897
0.7787237167358398
0.6462579369544983
0.7360535860061646
0.8083077669143677
0.7854033708572388
0.7006087899208069
0.7572784423828125
0.9346714019775391
0.7832577228546143
0.7228243947029114
0.7187347412109375
0.6397393941879272
0.7118473052978516
0.7592262029647827
0.7019529938697815
0.7139245271682739
0.6179420948028564
0.6846174001693726
0.698326587677002
0.6395890712738037
0.661810576915741
0.6995429992675781
0.6413908004760742
0.618511974811554
0.720412015914917
0.6967752575874329
0.7662708759307861
0.5793117880821228
0.7184963226318359
0.8107583522796631
0.644031822681427
0.7016429305076599
0.7578532695770264
0.7219594717025757
0.7313008308410645
0.6749249696731567
0.7254315614700317
0.9068072438240051
0.6638251543045044
0.5984418988227844
0.7296892404556274
0.6322987675666809
0.6931663751602173
0.64786696434021
0.7633007764816284
0.7111847400665283
0.7673469185829163
0.7421841621398926
0.6700887680053711
0.7107527852058411
0.677320122718811
0.6425665616989136
0.6519549489021301
0.7302714586257935
0.7252246141433716
0.7287147045135498
0.7189973592758179
0.7026969194412231
0.6394331455230713
0.6218771934509277
0.7801798582077026
0.6491329669952393
0.7004504799842834
0.8288617134094238
0.6604816913604736
0.8038435578346252
0.6847233772277832
0.843281626701355
0.6620651483535767
0.7411842942237854
0.6928214430809021
0.655766487121582
0.7888119220733643
0.8363385200500488
0.7592185735702515
0.6868619918823242
0.7041811943054199
0.7104772925376892
0.7264619469642639
0.6706220507621765
0.7276714444160461
0.6751093864440918
0.7426800727844238
0.6933666467666626
0.7060625553131104
0.7319222688674927
0.781967282295227
0.7393239736557007
0.6766741871833801
0.7558529376983643
0.6181104183197021
0.7183012366294861
0.7976285815238953
0.7128546237945557
0.752632200717926
0.6081901788711548
0.667980432510376
0.6324118971824646
0.7119033932685852
0.6625339984893799
0.6626113653182983
0.6343351602554321
0.7331230044364929
0.6859649419784546
0.631193220615387
0.7100862860679626
0.7989438772201538
0.6289358139038086
0.6284818649291992
0.721312940120697
0.6611513495445251
0.6907851696014404
0.674912691116333
0.6547141671180725
0.6844714879989624
0.6767695546150208
0.8084386587142944
0.7627343535423279
0.7377421259880066
0.6136972904205322
0.6876617670059204
0.6248530149459839
0.7644573450088501
0.6986757516860962
0.659851610660553
0.6643214225769043
0.6227930784225464
0.6848371028900146
0.7102993726730347
0.6709822416305542
0.6811704635620117
0.691368818283081
0.5931414365768433
0.7543189525604248
0.7968469262123108
0.9160593748092651
0.7008751630783081
0.6581729650497437
0.7163848876953125
0.6617584228515625
0.7911267280578613
0.6306090354919434
0.6936560869216919
0.7705950140953064
0.7070017457008362
0.6819720268249512
0.6792218685150146
0.7928891181945801
0.7746607065200806
0.6894309520721436
0.6516438722610474
0.7301324605941772
0.6884746551513672
0.6732572913169861
0.7836554050445557
0.6137335300445557
0.7077630758285522
0.679811954498291
0.6860742568969727
0.7020031809806824
0.7494956254959106
0.6593735218048096
0.6566270589828491
0.7840359210968018
0.8656837940216064
0.6405622959136963
0.6254355907440186
0.6076776385307312
0.7024081349372864
0.7107460498809814
0.6250760555267334
0.7147221565246582
0.7676746845245361
0.7631934285163879
0.7168805599212646
0.7879139184951782
0.638502836227417
0.6435953974723816
0.713356614112854
0.5963634252548218
0.6561757922172546
0.7247065305709839
0.7066054940223694
0.6934561729431152
0.6683316230773926
0.6809693574905396
0.6822959184646606
0.6676333546638489
0.6381732821464539
0.6568057537078857
0.6102403998374939
0.6705458164215088
0.6865860819816589
0.7008582353591919
0.6931968927383423
0.7491567730903625
0.7338079810142517
0.8555073738098145
0.7040001153945923
0.7609367966651917
0.6595209836959839
0.7841706275939941
0.6375888586044312
0.61063551902771
0.6876606941223145
0.6606460809707642
0.6731468439102173
0.7227956056594849
0.6975588798522949
0.7338857650756836
0.6988128423690796
0.6482868194580078
0.7468324899673462
0.664040207862854
0.6552317142486572
0.7404544949531555
0.7698497772216797
0.6452939510345459
0.6052667498588562
0.742539644241333
0.6874531507492065
0.6867703199386597
0.7711017727851868
0.669499397277832
0.6649067401885986
0.815515398979187
0.6764338612556458
0.6751842498779297
0.6835030317306519
0.7726864814758301
0.6994704604148865
0.7910375595092773
0.7066471576690674
0.6443950533866882
0.7173989415168762
0.8203016519546509
0.8337353467941284
0.7555416226387024
0.7732992768287659
0.6648595333099365
0.734900712966919
0.711651623249054
0.7056097984313965
0.6637892127037048
0.6858901977539062
0.7170770168304443
0.9086688756942749
0.6124746799468994
0.7402799129486084
0.7326067686080933
0.7290366888046265
0.8390882611274719
0.6958514451980591
0.642335057258606
0.7194216251373291
0.7348145246505737
0.7072286605834961
0.6693156361579895
0.6325507164001465
