3.035346691054527
1.8386207806943642
1.7346791522671479
1.6503458601055723
1.5720658073521623
1.5379992169563217
1.503953101659062
1.4797571933630742
1.4354376154716568
1.382829780530448
1.3917143712140092
1.3395956887139215
1.3096467190318637
1.2497211140815658
1.2382006633161293
1.2685936611108106
1.2139787035759049
1.1954665731902074
1.2054903820307568
1.1677123783814787
1.1791453620400092
1.1138631701469421
1.146246935984101
1.1153504691942773
1.0964515997905924
1.1221375489475751
1.0698298324238171
1.0259292300301368
1.0459063366206005
1.0085159750899884
1.0013886726263799
1.0009848222588047
1.008586413932569
0.9660728013876713
0.9791453661340656
0.9491767160820238
0.9631942787555733
0.9499269446941337
0.9226464099354215
0.9338592923048771
0.9399221671952142
0.9004647075527846
0.8814789613690039
0.9042068990794095
0.8765262302124139
0.8719727216344891
0.8698138913722954
0.8296234463200425
0.839576942752106
0.8368949851002356
0.8030701592715099
0.8249641078891177
0.8192023842623739
0.8080458773507012
0.7985899330991687
0.7873916213560586
0.7656303346157074
0.7904206499306843
0.7526716800651165
0.7683277446212191
0.7558627327283224
0.7083939232609489
0.7304970610021341
0.7520328955818908
0.7444978377433739
0.7134790396449542
0.7075918807525827
0.695124831163522
0.7212749834012504
0.7039476633071899
0.6847612978232027
0.6794544353027536
0.6692798616308154
0.6631678514408342
0.6891395076356753
0.6425098301184298
0.6586256728629873
0.6843261679615638
0.63800802285021
0.616729280563316
0.6302512366362293
0.6469675576446032
0.6244084422636513
0.628559433751636
0.628160596495927
0.6329040816335967
0.585976620214154
0.5994240165960909
0.6192047288923552
0.5898573297743845
0.5699873914321264
0.5788197080896358
0.5749336685797181
0.5810103476649583
0.5360163635376728
0.5851263590533324
0.5517825622751256
0.5655857648211297
0.5576257934473982
0.5651841667866466
0.5279292991065015
0.5428882780099156
0.5160058470386447
0.535268277832956
0.5520793070094754
0.5314727064334985
0.5144485102759467
0.514069778148574
0.5005961358547211
0.5067757000826826
0.5033637664534829
0.5202644006772474
0.5166496193469173
0.4936459284238141
0.4867373742539473
0.5318694701700499
0.49390488622164486
0.46933978901366996
0.5065047223158557
0.4915560967091358
0.4852777894097145
0.4660088373254044
0.4700416416832895
0.4683133628633287
0.4572814159622096
0.4434083120690452
0.45068950981202754
0.4510677447824767
0.4688706354360388
0.449342096092725
0.444492727969632
0.45760740324704335
0.4384769850006007
0.44640796202601807
0.4368373089366489
0.44961921810501754
0.4296249178322879
0.43204494588302844
0.4432563435549688
0.4368991061593547
0.4410692332970976
0.44008777614193734
0.40171617028689144
0.411299842927191
0.41224548235686137
0.4040516461386825
0.4304145195267417
0.41332415769798586
0.432545306255119
0.3990395063101643
0.41746219601294005
0.40099434750248686
0.40315942059863696
0.40271808131776676
0.38579394705969877
0.3953116059754834
0.3729410305468723
0.38995909751063645
0.39598791632387376
0.3943076270698297
0.4020746306638525
0.4148942251699139
0.37153031759791905
0.38589319436237063
0.38825846591381113
0.3808367902582342
0.37103065539791125
0.3904079725646009
0.37974130505263204
0.3689487164068704
0.370611918845562
0.3792110356417569
0.3845488964909255
0.3692242796673919
0.3664218327312758
0.3614842923301639
0.35856806840559446
0.3714499345632515
0.35413582683211625
0.3479904059057284
0.3339452019544563
0.38265539254202985
0.36591732614871225
0.3674419362737675
0.3517351948251628
0.35532071855333114
0.3389619277282195
0.36297443057551526
0.3485261388499327
0.34880908947400374
0.346502287971853
0.319015307859941
0.33411857666391315
0.3436675314048324
0.34062207843920195
0.3366629354881518
0.33457330862681073
0.3365687888981116
0.33216938225909914
0.3294245313213329
0.32694752318690523
0.33698445995046633
0.3657089741242052
0.3471339971128136
0.3391583613825567
0.33093684392445016
0.324005868398782
0.32107955262516485
0.32150939076837864
0.30510785490876496
0.29993619310735453
0.32211036709221924
0.3177355503795123
0.32032306025726626
0.2967899607287513
0.318983350438301
0.30873936595338763
0.3262023582602992
0.30533696274564726
0.3194910838748469
0.3101932734552056
0.31351317420150293
0.32917931502816655
0.31538180118859416
0.29273674162951385
0.3130466475932285
0.2892724122814458
0.30686081825482725
0.307135584905292
0.3080696454177601
0.31520472572307395
0.2968912229242951
0.29349294252166847
0.29261357563011575
0.2981266914443536
0.30876014110716904
0.28726450662420255
0.3077219449962028
0.3016075383533131
0.2826587183005882
0.2740109763813741
0.3034037364402203
0.28758907754613894
0.29246237874031067
0.3044536274791968
0.27495801125210945
0.2919833826446774
0.28885533028479776
0.2825595346665142
0.27463936715415027
