0.32875420935828276
0.38902357024977907
0.4279461292305378
0.4489562294699929
0.48202020230919423
0.4875420861774021
0.4975757589845946
0.5096296291760724
0.5211447811487949
0.5438383847776086
0.5391245776354664
0.5561616176908667
0.5620202030798401
0.5884848498936855
0.5964983153824854
0.5742760902703411
0.597710436642772
0.6018855231578903
0.5995286194363025
0.6116498320391683
0.6086868670853701
0.6276094296363869
0.6232996616098616
0.6254545453220907
0.6366329966771482
0.6294949482185672
0.6447138054804369
0.6554882177198776
0.6496296272133336
0.6652525238918535
0.6677441076196805
0.6640404038357012
0.6681481479394316
0.6762962961437726
0.6742760918357156
0.6852525261917499
0.6780471344186803
0.6847138031564578
0.6938720550199952
0.6898989912235376
0.6849831655772045
0.6971717175811228
0.7061952858260183
0.6942760932325113
0.7063973058353771
0.710841751459873
0.706060609432182
0.7200673427244629
0.7167676759488655
0.7195959596922903
0.7316498310879024
0.7272053848613392
0.7293602697777025
0.7302356904203241
0.7307744110473479
0.7344107730220063
0.7435016812700214
0.7325252535367253
0.7466666662331783
0.7435016872906925
0.7519191918951093
0.7640404044979751
0.7475420880799342
0.7470707056498287
0.7545454532209069
0.7602020195036223
0.7643097645104534
0.7655218845666057
0.7571043769518534
0.7657239063821658
0.7735353533667747
0.7741414133948509
0.7750841782550619
0.7818181833835564
0.7707070720316184
0.7847138053238994
0.7806734009222551
0.7751515110333761
0.7826936010158423
0.7902356891921072
0.7869360278351138
0.7865993272174489
0.7926599311106133
0.791784512274193
0.790033671591017
0.786127942981142
0.8055892267612496
0.8020875417824948
0.7897643097723374
0.8023569042032416
0.8100336705795442
0.8081481468797934
0.8065993262059761
0.8028282836230114
0.8237037056624287
0.8073400686485599
0.8156902356581255
0.814343436197801
0.8152861938332067
0.8138720549718298
0.8241077468852804
0.818181816977684
0.8266666712182941
0.8214814831512143
0.8205387176889362
0.8207407395044962
0.8274747494495276
0.8315151508408364
0.8305723901950952
0.8318518550709041
0.8336700339509984
0.8263973051851446
0.8267340070069439
0.8361616158726239
0.8358922570642798
0.8271380476277284
0.8364309776913036
0.8478114478515856
0.83138047023253
0.835892257666347
0.8383164959724503
0.8478114532701897
0.8478787890588394
0.8467340071996053
0.8503703709804651
0.8511784498137657
0.8501010109679867
0.8502356903721587
0.8447811434967349
0.8491582491181113
0.8542760953758702
0.8506397297888091
0.8573737385297062
0.8572390561151986
0.8540740753665115
0.8496969709492693
0.8599326610565186
0.8602020228751982
0.8580471403671034
0.854410773575908
0.85656565668607
0.8570370415244439
0.868821549897242
0.8680808086587926
0.8647138079007467
0.8675420898379702
0.860538722288729
0.8637710412343343
0.8575757603452663
0.8679461286525534
0.8605387204825276
0.8678787892515009
0.8680808074546583
0.8713804718219873
0.8746127967882638
0.8695622911356916
0.8793265988128354
0.8732659943176039
0.871649833640667
0.8729292924958046
0.8660606067590039
0.86713804620685
0.879461281227343
0.8727946130916325
0.8773737387223677
0.8762962980703874
0.8783838423815641
0.8729292973123416
0.8762962980703874
0.881144784315668
0.8813468031208924
0.8766329998921867
0.8762289568631336
0.8824915849801266
0.8811447813053324
0.8828282861998586
0.8828956237947098
0.8821548825562603
0.8886868688795302
0.8900336731563915
0.8943434345601785
0.8754882174308853
0.8791245794055438
0.8810101037073617
0.8844444468767956
0.8835016850269202
0.8905723895689454
0.8811447801011981
0.8878787888420953
0.8861952857537703
0.8927946126822269
0.9024915839686538
0.8961616158485413
0.8904377131751089
0.8915151532250222
0.8937373751341694
0.8959595976453839
0.8953535364131735
0.8919191932437396
0.8958249182412119
0.8956902376329056
0.8896296325356069
0.8817508425375428
0.8874747494254449
0.8902356943698845
0.8964983170682733
0.8974410795202159
0.8988552213919283
0.9012121239093819
0.9038383864393138
0.9030303051977446
0.8957575782380923
0.9002020196481184
0.8958922600505328
0.90828282784934
0.8973737389150293
0.9007407402751422
0.8955555576266665
0.9040404058466054
0.898653198372234
0.9000673396418793
0.8989899013981675
0.8949494939861875
0.9010101014917548
0.9079461308440777
0.9004040396574772
0.9078114526440398
0.9017508433322714
0.9041077440435236
0.9026936045800796
0.8995959626303779
0.9063299659526709
0.9071380477963071
0.9079461302420105
0.9078787896368239
0.9008080802782618
0.9098989921386795
0.9028282839842517
0.9058585889411696
0.911986535245722
0.9182491585461781
0.906262628959887
0.9105723939760767
0.9061952877526331
0.9041750870569788
0.9146801341663707
0.9094949521199621
0.9087542120856468
0.911380471003176
0.913468017120554
