0.29784511797355884
0.35925925846653756
0.3973737375603782
0.40572390667717867
0.43905724088350934
0.44673400906601335
0.46814814781901815
0.492121210604003
0.4989898975449379
0.5156228963774864
0.519999997784393
0.5228956230361053
0.5396633006707586
0.5422222219934367
0.5396632982624902
0.5744107723838151
0.5630303028256002
0.5618855215684332
0.5850505040149496
0.5735353538484285
0.5880808095739345
0.5905050520945077
0.6013468031329338
0.6068686854959738
0.6232996631150294
0.6077441088478974
0.624309760452521
0.6221548806537281
0.6142087521577122
0.627407403606357
0.6367003348740664
0.6447811454835565
0.6356902351283064
0.6525252515619452
0.6526599291599158
0.6535353534149401
0.6665993230511443
0.6667340066697862
0.6623569028546111
0.6688888894789147
0.6696296277070286
0.676902359483218
0.6784511789529011
0.6781144792383368
0.6946801356594972
0.6992592600860981
0.6999999995183463
0.7017508402015223
0.7049831669740002
0.7045117815335592
0.7065993276509371
0.6918518540233073
0.7033670038887949
0.7106397326546486
0.7186531990465491
0.7203367003286728
0.7183164990309513
0.7185185208465114
0.7259932666113882
0.7282828315339908
0.7237710441001738
0.7243097605127277
0.7237037016887857
0.7301010086078836
0.732053872310754
0.7408754217504251
0.7378451216100442
0.7468686880487384
0.7508417512431289
0.7466666668352454
0.7486868705412354
0.7494276093714165
0.7594612788672399
0.7541414156104579
0.7588552176350295
0.7505723888223822
0.7511784530649281
0.7705723920253792
0.7571043763497863
0.7791919226598258
0.7621548820023585
0.7808080785202257
0.7752188552509655
0.7722558927054357
0.7830976410345598
0.7780471359840547
0.7715824920721729
0.7783838396120553
0.7804040372973741
0.7841077434896219
0.7773737329425234
0.7901683485869205
0.7719865332950245
0.7849158241291239
0.7925252541147098
0.7847811411125492
0.8008754187160068
0.8060606067830866
0.799797980472295
0.8042424230864553
0.8025589224063989
0.7927272741240684
0.8060606049768853
0.8059259261747803
0.8035690242593939
0.8154882186591023
0.8132659925354851
0.8015488205534039
0.8184511781942965
0.8091582511410569
0.8081481462777264
0.8097643105670659
0.8036363612521779
0.8243771056936244
0.8262626263830397
0.8185185236160202
0.8151515156331689
0.8210101001190416
0.8250505087351558
0.8289562259057556
0.816161613271694
0.8148821544165563
0.8389225547963922
0.8348821534050835
0.8331313121198404
0.8343434339821941
0.842693602797961
0.8255218851445901
0.8327272714990558
0.8369023583152078
0.8392592626388626
0.8344781151925674
0.8414141445448904
0.8415488245511296
0.8457912447476628
0.8397306408544983
0.8306397320044161
0.8459932647570215
0.8443771052842188
0.8486195278890205
0.8362962976850644
0.8483501672744751
0.846936027208964
0.8451851841175195
0.8575084197400796
0.8517171698387223
0.8557575796589707
0.8534006735291144
0.8503703697763308
0.8568350197088839
0.8543434341748556
0.8454545447320649
0.8418855233625933
0.857104379119295
0.8397306402524313
0.8585858573817243
0.8536026917322718
0.8519865340656705
0.8548821566080806
0.8558249148455533
0.852592590481344
0.8556902354413812
0.8664646467777214
0.857845117347409
0.8571043761089595
0.8640404042571482
0.8619528605480387
0.8651178467153299
0.8682828292702184
0.8680134674515387
0.8647811454955978
0.8657912467465256
0.8629629642072351
0.8739393961550009
0.8648484873049187
0.8694949517346392
0.870303031170007
0.8783164975619075
0.8756228974371245
0.8709764318032698
0.8719191912448767
0.8657912479506599
0.8750841774121679
0.8705723881721497
0.8760942774589615
0.8779798023628466
0.8736026955373359
0.8752861968194595
0.8676094280348884
0.8787878817982144
0.8764983186818133
0.8855892269298283
0.8731986513041486
0.8859259233330236
0.8828956237947098
0.8793266024252381
0.8851851893193794
0.8855218875287759
0.8895622913283531
0.8826262649863658
0.8847138050830725
0.886195283947569
0.8837710420290629
0.8884848506763728
0.8935353551248107
0.8888215512940378
0.8876094276254828
0.8838383850425181
0.8919191932437396
0.8833670020103455
0.886734011197331
0.8939393957455953
0.889696969528391
0.8917845162478361
0.8801346800544045
0.8955555576266665
0.8929292926884661
0.8924579156769646
0.8989225595888465
0.8947474799975
0.8955555552183979
0.8963636382661685
0.8906397349906691
0.8987878819908759
0.8956902358267043
0.8931313120957577
0.9009427614886352
0.8902356931657502
0.8989899020002345
0.8983164983566361
0.8969696994983789
0.902020205150951
0.8927946150904954
0.9027609439811322
0.8962963024775187
0.8989225595888465
0.9020202033447496
0.8971043776984167
0.8975084183192013
0.8980471419565605
0.8954882188276811
0.904781147687122
0.8997306420345499
0.8957575770339581
0.9102356939604788
0.8977104389306271
0.9086195308752735
0.9088888908877517
0.8977777783316795
0.9005387226740519
