0.3045333345234394
0.2801333332061768
0.29600000247359276
0.3185333339869976
0.32493333503603933
0.33359999969601634
0.30013333417475224
0.35066666826605797
0.331600000411272
0.35093333542346955
0.3480000002682209
0.3625333357602358
0.35213333249092105
0.36440000027418135
0.35920000180602074
0.3541333343088627
0.3524000019580126
0.3677333326637745
0.3868000005185604
0.3717333346605301
0.37840000122785566
0.36746666714549064
0.3762666675448418
0.38080000162124633
0.3766666683554649
0.37226666674017905
0.3608000011742115
0.3921333356201649
0.38853333473205565
0.38546666771173477
0.38306666746735574
0.38680000066757203
0.3841333371400833
0.3896000012755394
0.386000000834465
0.40746666863560677
0.39093333467841146
0.42040000066161154
0.42906666710972785
0.3827999994903803
0.4056000003218651
0.4111999998986721
0.4018666671216488
0.41773333385586736
0.3890666680037975
0.4133333341777325
0.41600000113248825
0.42173333540558816
0.4292000024020672
0.3997333337366581
0.4154666669666767
0.435600001513958
0.41586666733026506
0.43240000009536744
0.4170666664838791
0.4470666691660881
0.41266666784882544
0.41906666800379755
0.4397333341836929
0.42466666832566263
0.41493333339691163
0.43280000030994414
0.42373333498835564
0.4433333350718021
0.43786666721105577
0.42826666876673697
0.44226666644215584
0.45493333250284196
0.44533333465456965
0.4474666690826416
0.43213333413004873
0.4300000025331974
0.43986666843295097
0.4215999999642372
0.4577333329617977
0.4518666672706604
0.4442666654288769
0.4417333354055881
0.44080000087618826
0.4388000014424324
0.45639999955892563
0.44160000085830686
0.4558666677772999
0.44293333441019056
0.4749333345890045
0.46933333471417427
0.4616000007092953
0.4492000024020672
0.45506666526198386
0.4589333337545395
0.45546666711568834
0.46040000081062316
0.4584000024199486
0.46720000222325325
0.45640000224113464
0.4664000017940998
0.4743999992311001
0.45560000255703925
0.45466666743159295
0.46653333485126497
0.4760000030696392
0.4677333351969719
0.46506667003035546
0.46026666641235353
0.45306666985154154
0.47160000041127204
0.4664000014960766
0.4963999995589256
0.4793333362042904
0.48266666650772094
0.4829333333671093
0.5069333346188069
0.49760000184178355
0.48320000305771826
0.4633333358168602
0.4932000002264976
0.49093333452939986
0.4669333359599113
0.46226666897535323
0.503466667085886
0.48493333518505094
0.49866666704416274
0.49093333676457407
0.4761333341896534
0.4984000016748905
0.48386666670441625
0.5030666664242744
0.48506666779518126
0.5120000013709068
0.5013333369791507
0.49120000094175337
0.5142666691541672
0.5125333344936371
0.4910666677355766
0.5082666675746441
0.5162666699290276
0.4939999993145466
0.4961333337426186
0.5008000013232231
0.500533334761858
0.5070666670799255
0.5028000015020371
0.5002666680514812
0.48626666724681855
0.480533332824707
0.508800001591444
0.5006666661798954
0.511733336597681
0.5110666666924953
0.5076000007987023
0.5055999991297722
0.5092000018060208
0.4926666696369648
0.5266666661202908
0.508933334350586
0.5141333323717118
0.5020000016689301
0.509466669857502
0.5181333357095719
0.4992000013589859
0.506666669100523
0.5092000015079975
0.503866667598486
0.516933334171772
0.5242666694521904
0.5238666678965092
0.5249333323538303
0.5173333355784416
0.5109333342313767
0.524800001680851
0.5369333326816559
0.5225333355367183
0.5210666683316231
0.5052000005543232
0.511466665416956
0.5146666696667671
0.530933332592249
0.5231999987363816
0.51186666816473
0.5330666667222976
0.5258666691184044
0.5186666648089886
0.5466666680574417
0.528400000333786
0.5216000017523765
0.5138666673004627
0.5462666687369346
0.515733335018158
0.5313333360850812
0.5160000021755695
0.5196000000834465
0.5091999994218349
0.5438666681945324
0.5324000029265881
0.5209333334863185
0.5108000014722347
0.5410666698217392
0.535066667497158
0.5268000014126301
0.5408000007271767
0.537866667509079
0.5113333316147327
0.5069333370029926
0.5373333342373371
0.5277333328127861
0.542933332324028
0.519200000166893
0.507466666251421
0.5261333359777928
0.5334666678309441
0.508400000333786
0.5335999986529351
0.5253333331644535
0.5129333342611789
0.5452000014483929
0.5510666683316231
0.533200002014637
0.5362666667997837
0.5514666667580604
0.5585333335399628
0.5236000022292138
0.5190666665136814
0.5380000001192093
0.5077333354949951
0.5440000021457672
0.5524000039696694
0.5274666675925255
0.5541333335638047
0.5481333348155022
0.5406666676700115
0.5329333363473415
0.5234666676819324
0.5354666674137115
0.5326666657626629
0.5321333348751068
0.5169333364069462
0.5462666663527489
0.5510666653513908
0.5426666697859764
0.537866667509079
0.5301333336532116
0.5508000013232232
0.5528000009059906
0.5242666675150395
0.5294666659832
0.5412000006437302
0.5468000011146068
0.5628000010550022
0.530000000745058
0.5589333337545395
0.5548000007867813
0.542666667997837
0.5596000012755394
0.565200001001358
0.5554666671156884
0.5424000018835068
0.5625333340466022
0.5665333326160907
0.5437333351373672
0.5669333335757255
0.5586666665971279
0.5563999998569489
0.567733334004879
0.5573333337903023
0.5565333339571953
0.5480000001192092
0.543333336263895
0.5562666648626328
0.5644000023603439
0.5809333342313766
0.5451999995112419
0.5545333349704742
0.5696000027656555
0.5309333343803883
0.5550666700303555
0.5439999997615814
0.5481333354115486
0.5677333346009255
0.5573333369195461
0.5394666683673859
0.5380000011622905
0.5680000016093254
0.5857333302497864
0.5582666635513306
0.5565333317220211
0.5537333366274834
0.5501333343982696
0.5669333356618881
0.5578666676580906
0.5682666671276092
0.5563999992609024
0.5717333319783211
0.5789333342015743
0.5624000012874604
0.5497333347797394
0.5199999989569187
0.5809333322942257
0.5461333337426185
0.5629333344101906
0.530000000745058
0.5513333332538605
0.561733333170414
0.5643999999761582
0.5486666697263718
0.5752000001072883
0.5597333335876464
0.5808000013232231
0.5573333334922791
0.5586666677892208
0.5549333319067955
0.5577333331108093
0.5601333338022232
0.5541333368420601
0.579200000166893
0.5829333353042603
0.5386666697263718
0.559600000679493
0.5518666675686836
0.5921333363652229
0.5711999997496605
0.5701333352923393
0.549200000166893
0.5342666670680046
0.5618666686117649
0.566533333659172
0.5608000020682812
0.5563999995589256
0.5709333339333534
0.5581333354115486
0.5561333364248275
0.5777333334088326
0.5796000020205975
0.587333333492279
0.5886666670441627
0.5841333359479904
0.5788000014424324
0.5801333341002465
0.5879999995231628
0.5806666684150695
0.5831999994814396
0.5782666662335396
0.5721333353221416
0.568400001078844
0.5592000010609627
0.5828000020980835
0.5721333348751068
0.5669333353638649
0.5688000014424324
0.5693333366513252
0.5912000027298927
0.5695999999344349
0.5845333334803581
0.5765333303809166
0.5585333326458931
0.5536000017821788
0.5549333323538304
0.5531999999284745
0.5774666686356068
0.5605333323776722
0.5656000030040741
0.5824000017344951
0.5633333365619183
0.581599999666214
0.5675999997556209
0.5473333340883255
0.5694666670262813
0.6057333347201347
0.5546666660904884
0.5674666693806648
0.5854666647315026
0.5737333324551582
0.5644000014662742
0.5666666674613953
0.561466665416956
0.5724000030755997
0.5881333348155021
0.5957333338260651
0.566533333659172
0.5625333362817764
0.5634666675329209
0.597999999821186
0.5661333325505257
0.5609333342313767
0.5870666667819023
0.572799998819828
0.5573333328962327
0.564133330732584
0.5710666677355767
0.6014666660130024
0.5785333335399627
0.5738666680455208
0.5874666672945023
0.5758666703104973
0.5866666677594184
0.5676000031828881
0.573866665661335
0.5868000021576881
0.5886666661500931
0.5904000025987625
0.5664000019431115
0.572800001502037
0.5945333346724511
0.5811999988555908
0.5736000007390976
0.5934666657447815
0.5881333340704441
0.5764000004529953
0.5589333349466323
0.5856000024080277
0.5870666688680649
0.5835999992489814
0.5994666653871537
0.5888000017404557
0.5730666686594487
0.59
0.5914666685461998
0.6127999991178512
0.6005333361029624
0.6029333359003067
0.594933332502842
0.5528000023961067
0.5800000011920929
0.5690666653215886
0.5806666696071625
0.5984000036120415
0.6006666699051857
0.5827999982237816
0.5826666699349881
0.5817333327233791
0.5677333337068557
0.5765333360433579
0.5866666686534882
0.594266666173935
0.5826666671037674
0.5946666669845581
0.5879999995231628
0.5811999982595444
0.6013333314657211
0.5801333323121071
0.5909333366155625
0.61826666533947
0.5961333346366883
0.5838666680455208
0.5969333317875862
0.5778666651248932
0.6074666661024094
0.5825333358347415
0.5979999995231629
0.5735999995470047
0.5827999970316887
0.5889333322644233
0.5798666717112064
0.5816000002622604
0.5969333343207837
0.5772000031173229
0.581200000345707
0.5869333356618881
0.598133334517479
0.5826666671037674
0.5826666688919068
0.5884000024199486
0.610533335506916
0.5802666652202606
0.5950666683912277
0.5633333337306976
0.5960000006854534
0.5798666705191136
0.5986666674911976
0.587466663569212
0.5938666658103466
0.5780000025033951
0.6008000010251999
0.5824000000953674
0.5877333343029022
0.6329333366453648
0.5869333362579345
0.5866666653752327
0.6106666654348374
0.5834666685760022
0.5914666666090489
0.5793333321809768
0.5981333312392235
0.599333335608244
0.5860000020265579
0.5956000004708767
0.5940000002086162
0.5656000012159348
0.5786666655540467
0.6001333320140838
0.6107999999821186
0.5806666649878025
0.5850666680932045
0.5994666677713394
0.6063999992609024
0.6037333327531814
0.5808000004291535
0.5848000001907349
0.5931999996304512
0.5897333338856697
0.587466666996479
0.6046666647493839
0.5964000017940998
0.5754666689038277
0.5909333315491676
0.6106666666269303
0.6133333349227905
0.6157333362102508
0.6006666693091393
0.6065333330631256
0.5890666687488556
0.6028000047802925
0.5884000024199486
0.5802666661143303
0.5756000001728535
0.5971999998390675
0.5886666682362557
0.5822666630148887
0.5860000012814999
0.5929333341121673
0.599866665750742
0.5965333321690559
0.5958666709065438
0.6033333340287208
0.6017333334684372
0.6059999997913837
0.6020000025629997
0.5896000006794929
0.6038666728138924
0.6053333365917206
0.5996000015735626
0.5658666664361953
0.6162666679918766
0.6057333332300187
0.6094666662812233
0.5937333336472511
0.6382666665315628
0.621466666162014
0.5937333315610885
0.6010666680335999
0.585333332568407
0.6065333366394043
0.5898666673898697
0.618533334583044
0.5954666656255722
0.6099999994039536
0.5850666674971581
0.5827999991178513
0.6026666641235352
0.6026666697859764
0.624933336675167
0.5998666658252477
0.604266668856144
0.5920000025629997
0.6058666652441025
0.6041333332657814
0.6153333359956741
0.6117333328723907
0.5941333332657814
0.5937333357334137
0.5905333343148231
0.5859999991953373
0.5776000040769577
0.6325333344936371
0.617333336174488
0.5938666650652885
0.5861333324015141
0.5993333341181278
0.5904000025987625
0.6194666701555253
0.6056000018119811
0.5912000018358231
0.6137333336472511
0.5908000004291535
0.6264000001549721
0.6252000012993812
0.6201333314180374
0.5863999974727631
0.602266665995121
0.6350666689872742
0.605333331823349
0.5840000030398369
0.6052000004053116
0.5704000011086464
0.6216000005602836
0.5852000039815902
0.6145333316922188
0.5988000011444092
0.6087999986112118
0.607466665506363
0.6330666661262512
0.6071999993920326
0.6239999970793724
0.6002666690945625
0.5857333374023438
0.6096000003814698
0.600933333337307
0.6070666688680649
0.6033333316445351
0.6175999996066094
0.6332000029087067
0.5904000028967857
0.6162666657567024
0.6044000001251697
0.604133331477642
0.5953333351016045
0.6160000032186508
0.6221333330869675
0.6378666654229164
0.5838666656613349
0.6028000000119209
0.6014666673541069
0.6098666685819626
0.6014666640758515
0.5942666698992253
0.6106666681170464
0.613866671025753
0.6137333390116692
0.5825333341956138
0.6003999999165535
0.5947999998927116
0.6126666641235352
0.6142666682600975
0.5899999991059304
0.5780000008642674
0.6164000001549721
0.6093333366513253
0.6180000028014183
0.6156000000238419
0.598533333837986
0.6068000018596649
0.6017333321273327
0.6238666704297066
0.602266666740179
0.6353333365917205
0.5876000005006791
0.6111999997496604
0.589733335673809
0.6269333350658417
0.5766666668653488
0.6158666676282882
0.6123999997973442
0.598133337944746
0.5917333367466927
0.6125333315134048
0.6053333330154419
0.5986666670441627
0.5942666667699814
0.6312000015377999
0.6014666673541069
0.6264000007510185
0.6056000009179116
0.6088000011444091
0.6056000030040741
0.6110666677355766
0.6250666692852974
0.6137333357334137
0.608266668021679
0.6295999979972839
0.6272000020742416
0.6216000011563301
0.5961333347856999
0.6058666673302651
0.597199999988079
0.6105333366990089
0.618133337199688
0.6449333301186562
0.6026666671037674
0.6238666671514511
0.6168000000715256
0.6485333347320557
0.6058666679263115
0.6215999999642372
0.6124000003933907
0.6117333327233792
0.6258666697144508
0.6133333319425582
0.6167999991774559
0.5902666676044465
0.6150666692852974
0.6085333359241486
0.6122666677832603
0.6178666660189629
0.6086666664481163
0.621199996471405
0.6416000017523765
0.6252000007033348
0.6041333346068859
0.6181333351135254
0.5917333340644837
0.6230666664242744
0.6218666663765907
0.6173333328962326
0.6110666698217392
0.6234666672348976
0.6120000010728837
0.6118666669726371
0.6238666677474975
0.6134666666388512
0.6369333335757256
0.631200003772974
0.6199999991059303
0.6259999993443489
0.5999999967217445
0.6082666693627834
0.604266668856144
0.6200000014901161
0.6144000005722046
0.633200002014637
0.6291999989748001
0.6192000007629395
0.6284000021219254
0.6089333347976208
0.6310666653513909
0.6291999980807305
0.6134666678309441
0.6114666694402695
0.640533335506916
0.621866666674614
0.6016000008583069
0.6282666662335396
0.608133333325386
0.621733333915472
0.6070666670799255
0.6074666678905487
0.6385333326458931
0.6257333341240883
0.6315999993681908
0.6381333336234093
0.6140000014007092
0.6170666679739952
0.5998666675388813
0.6157333336770534
0.5949333354830741
0.6218666633963585
0.6193333312869072
0.608933337032795
0.6002666674554348
0.6193333351612091
0.604399999678135
0.6094666683673858
0.6354666692018509
0.6245333340764045
0.6206666669249534
0.6084000033140182
0.6062666690349579
0.6093333321809768
0.615466668009758
0.593066668510437
0.609333333671093
0.6190666688978672
0.6332000032067299
0.6165333324670792
0.6044000017642975
0.6321333360671997
0.6113333341479301
0.6417333328723908
0.6458666649460792
0.62733333542943
0.633333335518837
0.6376000034809113
0.6068000003695488
0.6115999999642372
0.6309333327412605
0.6326666666567325
0.6233333337306977
0.638800003528595
0.6273333349823952
0.6209333330392838
0.6305333325266838
0.6300000005960464
0.6301333323121071
0.6252000033855438
0.6186666664481163
0.6241333332657814
0.624933333992958
0.628666667342186
0.6422666677832604
0.6266666679084301
0.6293333357572556
0.6038666665554047
0.6314666682481765
0.6346666687726974
0.6224000006914139
0.6400000002980232
0.6157333347201347
0.614933332502842
0.6366666635870933
0.6156000009179116
0.6218666690587997
0.6177333363890648
0.6182666662335395
0.6403999984264374
0.6343999996781349
0.6285333339869976
0.6246666689217091
0.6195999991893768
0.6289333328604698
0.6241333377361298
0.6429333338141441
0.6167999988794327
0.614266667664051
0.6421333335340023
0.6091999998688697
0.6036000017821789
0.6230666700005532
0.6068000015616417
0.6277333343029022
0.628133333325386
0.6190666672587395
0.6249333341419697
0.6162666691839696
0.6262666660547257
0.628133334517479
0.6326666656136513
0.6615999999642372
0.6174666702747345
0.6233333370089531
0.6277333354949951
0.6366666656732559
0.614933333992958
0.6217333367466926
0.637200001180172
0.633733334839344
0.6161333337426186
0.6576000025868416
0.6390666681528091
0.6002666673064232
0.6214666682481765
0.625066666007042
0.6199999979138374
0.6197333315014839
0.6120000022649765
0.613200001269579
0.6305333346128463
0.6087999993562698
0.6357333356142044
0.6093333372473717
0.6216000017523765
0.6086666671931744
0.6256000021100044
0.6441333362460137
0.632933335006237
0.6001333367824554
0.621599999666214
0.6256000006198883
0.6308000016212464
0.6233333367109298
0.6373333355784416
0.6248000013828278
0.6292000034451485
0.6366666689515114
0.6380000022053719
0.6230666664242744
0.6149333338439464
0.6263999998569488
0.6216000019013882
0.6009333327412605
0.6290666687488556
0.6232000014185906
0.6026666650176048
0.6160000011324882
0.6401333376765251
0.6305333352088929
0.6104000002145767
0.6266666689515114
0.6328000015020371
0.6124000003933907
0.6473333337903022
0.6585333332419395
0.6241333341598511
0.6152000001072884
0.6278666666150093
0.6317333355545998
0.6160000023245812
0.6182666671276092
0.6256000003218651
0.6205333316326141
0.613600001335144
0.6308000022172928
0.6386666668951512
0.6320000031590461
0.6273333337903023
0.6257333329319954
0.5986666652560234
0.6218666684627533
0.624933336675167
0.6262666690349579
0.6357333341240883
0.6413333323597908
0.6200000011920929
0.6198666650056839
0.6158666697144508
0.6359999960660935
0.6409333339333534
0.641333332657814
0.6190666660666466
0.6038666689395904
0.6293333345651626
0.6346666678786278
0.6197333347797394
0.645866665840149
0.6338666653633118
0.6235999990999699
0.6408000007271767
0.6497333323955536
0.6296000015735627
0.6413333335518837
0.6306666696071624
0.6549333354830742
0.629866663813591
0.6387999984622001
0.6406666681170463
0.6160000023245812
0.6422666680812835
0.6308000019192695
0.6156000006198883
0.6302666652202606
0.6492000019550324
0.6322666668891906
0.6418666663765907
0.6286666694283486
0.616800000667572
0.634533334672451
0.6362666669487953
0.6260000029206276
0.6473333340883255
0.6306666684150696
0.6198666658997536
0.6224000000953674
0.6338666677474976
0.6618666660785675
0.6366666641831398
0.6490666672587395
0.614399998486042
0.6429333359003067
0.6169333350658417
0.6444000047445297
0.6214666670560837
0.6273333370685578
0.6226666700839997
0.628933334350586
0.6438666680455207
0.6418666690587997
0.6557333329319954
0.6574666675925255
0.6374666681885719
0.6041333338618279
0.635066670179367
0.6342666685581207
0.6120000004768371
0.6504000034928322
0.6341333323717118
0.621866666674614
0.6417333346605301
0.6267999996244907
0.6253333333134651
0.6378666691482067
0.6357333353161811
0.6438666677474976
0.6294666662812233
0.6327999988198281
0.6412000012397766
0.6569333332777023
0.6226666671037674
0.6512000027298928
0.6221333315968514
0.6476000022888183
0.653999999165535
0.6442666673660278
0.6596000012755394
0.6265333333611488
0.6274666687846184
0.6354666686058045
0.628000002503395
0.6125333324074745
0.6297333335876465
0.6291999995708466
0.6373333355784416
0.6441333365440368
0.6386666667461395
0.6409333351254464
0.64240000218153
0.632533333748579
0.6622666683793068
0.6505333316326142
0.6373333355784416
0.6458666673302651
0.6349333357810975
0.6273333337903023
0.6268000003695487
0.6498666661977768
0.636933334171772
0.6582666671276093
0.6426666659116745
0.634533331990242
0.6346666660904884
0.6335999998450279
0.6557333332300186
0.6462666645646096
0.6483999991416931
