25.316268463134765
2.9349963557720185
1.8749751794338225
1.729902116060257
1.6730590105056762
1.6194710099697114
1.627284963130951
1.5668563520908356
1.5647066473960876
1.5359551727771759
1.5381195628643036
1.527691742181778
1.5417634224891663
1.5234763205051423
1.5221883678436279
1.5248182129859924
1.5252586925029754
1.5047253501415252
1.4759047257900237
1.4962861609458924
1.4950279152393342
1.495877316594124
1.4798700726032257
1.4817563903331756
1.475671547651291
1.492429586648941
1.5117977273464203
1.472479692697525
1.4827650856971741
1.4745664989948273
1.4824789261817932
1.4812417244911193
1.4823677217960358
1.4666343891620637
1.478617228269577
1.449940755367279
1.4774903082847595
1.4200045120716096
1.4142798966169357
1.4837806046009063
1.4431212508678437
1.434837280511856
1.438922291994095
1.4243849563598632
1.4644920492172242
1.4170056283473969
1.4183097559213638
1.4070990854501724
1.3938923186063767
1.43506245970726
1.4257519245147705
1.374853212237358
1.424057103395462
1.3997285771369934
1.421330137848854
1.3815374153852462
1.4107628238201142
1.4187547290325164
1.374115601181984
1.411844596862793
1.4085784196853637
1.3996784591674805
1.4072534877061844
1.3784104889631272
1.3989262622594834
1.3890598237514495
1.3742696416378022
1.3461141794919969
1.3764331525564193
1.361083105802536
1.3875720018148423
1.3968251383304595
1.3779559123516083
1.4030485129356385
1.3642620128393173
1.3574008560180664
1.3709676849842072
1.3643529403209687
1.374573103785515
1.3832835686206817
1.3499216997623444
1.3786418783664702
1.351953850388527
1.367224982380867
1.3152148014307021
1.3231264382600785
1.3351551580429077
1.35959918320179
1.3706948530673981
1.3476775372028351
1.352274425625801
1.351652512550354
1.357552962899208
1.3403745716810227
1.354795510172844
1.333924241065979
1.3036419755220414
1.3549311345815658
1.349592494368553
1.328701269030571
1.3149035942554474
1.33980834543705
1.3368119210004807
1.3505243396759032
1.3592889833450317
1.3175202095508576
1.3344914853572845
1.2737637704610825
1.3073062658309937
1.3054215908050537
1.3075204569101333
1.2644336819648743
1.2807223469018936
1.300375766158104
1.3230272310972213
1.2974377554655074
1.2895259660482408
1.3298293268680572
1.3601513534784317
1.2750351375341415
1.297994288802147
1.2807687306404114
1.2957033538818359
1.3147147184610366
1.2599481415748597
1.299794028401375
1.2817498594522476
1.2925607138872146
1.259104835987091
1.285035601258278
1.2785211902856828
1.2443574464321137
1.2524316906929016
1.3127754074335098
1.2575474029779434
1.251166449189186
1.2749720484018325
1.2740776228904724
1.2744296115636826
1.2729478096961975
1.2509961020946503
1.272462967634201
1.2581220108270645
1.280962135195732
1.308824737071991
1.2499814689159394
1.2686073189973832
1.2547427648305893
1.2448025816679
1.2513242030143739
1.258171208500862
1.248522487282753
1.280327245593071
1.240014083981514
1.236362291574478
1.2424933522939683
1.2638494139909744
1.254057478904724
1.228233926296234
1.2759011530876159
1.2628645241260528
1.2551599323749543
1.2506930440664292
1.2548449015617371
1.2312283092737197
1.2313722229003907
1.2204311019182206
1.2318576484918595
1.2508744472265243
1.2216804188489914
1.2108056819438935
1.2322612917423248
1.2409518039226533
1.2614366543292999
1.2482831168174744
1.2284758764505386
1.198885680437088
1.225356133580208
1.2417193460464477
1.2024173384904862
1.228113369345665
1.2410699999332429
1.1830906391143798
1.2146556866168976
1.213086284995079
1.2498727399110794
1.1652124387025833
1.2258338248729705
1.2087794947624206
1.2249066215753555
1.225071879029274
1.238357612490654
1.1861657321453094
1.2042484343051911
1.216783026456833
1.257594078183174
1.1901041185855865
1.2036842602491378
1.2302767699956894
1.1696132594347
1.1949224716424942
1.2334278112649917
1.2527320981025696
1.1947322654724122
1.2350258535146714
1.181251392364502
1.2258334720134736
1.235204332470894
1.2153649908304214
1.207191219329834
1.2479334497451782
1.2046426546573639
1.201147848367691
1.229596945643425
1.1748076146841049
1.163612940311432
1.1961870962381362
1.2010846686363221
1.1707513701915742
1.1572574770450592
1.2082739448547364
1.221324725151062
1.1905777835845948
1.2475982677936555
1.18408411860466
1.15039519906044
1.197962485551834
1.1623776024580001
1.176499844789505
1.1969982230663299
1.2053214228153228
1.2345246136188508
1.1883759361505508
1.2077375912666322
1.2128130835294724
1.2239553546905517
1.1806646126508713
1.157886692881584
1.187736297249794
1.201934119462967
1.2058117562532424
1.160126423239708
1.148036642074585
1.2191369867324828
1.2128614228963852
1.1785684680938722
1.1715066862106323
1.1451337444782257
1.2035214602947235
1.1700727438926697
1.1544764363765716
1.1801421332359314
1.1547083157300948
1.1452286869287491
1.1793992805480957
1.182364062666893
1.1590777498483658
1.144003450870514
1.1861946928501128
1.1340330398082734
1.1488395643234253
1.1542854112386705
1.137222928404808
1.1575883781909944
1.1500133711099625
1.1751328265666963
1.1759940654039382
1.1587175965309142
1.1506189012527466
1.0990277493000031
1.1732017832994461
1.154697112441063
1.133231885433197
1.1943706250190735
1.1648775774240494
1.1707272571325302
1.1815108007192612
1.1258531409502028
1.1535275655984878
1.1971316850185394
1.1986419671773911
1.1288451260328294
1.0933362317085267
1.1648942494392396
1.1648677277565003
1.143675297498703
1.177384575009346
1.1446666687726974
1.161325779557228
1.1354535931348801
1.151337732076645
1.1298033431172372
1.103823616504669
1.142608988881111
1.166572886109352
1.2117230945825577
1.1096843284368516
1.1855074560642243
1.144959774017334
1.207356504201889
1.170014703273773
1.158070518374443
1.1489932757616044
1.1830631387233734
1.124562891125679
1.147152682542801
1.111529205441475
1.138674436211586
1.1605554348230362
1.151721135377884
1.1481857419013977
1.146023342013359
1.167153121829033
1.1102340286970138
1.100030243396759
1.1667870843410493
1.1499667888879777
1.158833755850792
1.0704173511266708
1.1366534316539765
1.1299400210380555
1.1662508249282837
1.194659765958786
1.1505094289779663
1.1306987792253493
1.1327384108304976
1.1505406212806701
1.116631572842598
1.131954355239868
1.157310246825218
1.1122858566045761
1.1001894706487656
1.0958637028932572
1.092531920671463
1.1097157311439514
1.09585343003273
1.1079089218378066
1.089435693025589
1.100872323513031
1.097034995853901
1.1184411770105362
1.1340891581773758
1.1266689592599868
1.1616677284240722
1.1123191010951996
1.1447321718931198
1.129708132147789
1.1352148365974426
1.1243946605920792
1.0695766097307204
1.132242049574852
1.1028611981868743
1.102726584672928
1.1468922168016433
1.1463088709115983
1.1554087173938752
1.156569060087204
1.1138493087887764
1.1504945081472397
1.1480688107013703
1.0973954612016679
1.134930250644684
1.1118212020397187
1.1415618479251861
1.1752113455533981
1.1296304488182067
1.0582618135213853
1.1630783206224442
1.1279061472415923
1.1086729323863984
1.114049206674099
1.1130666553974151
1.1392623609304429
1.1402677315473557
1.119974180459976
1.1111561697721482
1.0992905563116073
1.1283465135097503
1.1237011551856995
1.140692756175995
1.0802334260940551
1.1253317347168923
1.1444733583927154
1.0879797375202178
1.1264017009735108
1.1430392366647721
1.13507273375988
1.1132273745536805
1.0717896050214768
1.1018124747276306
1.1275261968374253
1.0953931164741517
1.1062621641159058
1.078898288011551
1.1186435961723327
1.112296296954155
1.0993034249544145
1.0954697254300116
1.0695189452171325
1.1285788768529892
1.1231294840574264
1.0758161443471908
1.114505894780159
1.118199416399002
1.0684595304727553
1.1017301765084266
1.1059331518411637
1.1519300216436386
1.093169348835945
1.0901310437917708
1.0982493877410888
1.0787584871053695
1.0803692686557769
1.1287461137771606
1.1013661444187164
1.088342170715332
1.0393606334924699
1.0781791150569915
1.0785902601480484
1.0848386895656585
1.1531340858340264
1.103568069934845
1.0955137199163436
1.1032955414056778
1.0619085597991944
1.0663656079769135
1.1129032731056214
1.0891929426789284
1.0983427649736404
1.128491073846817
1.0984866070747374
1.0921876847743988
1.07248822838068
1.0915550291538239
1.0950300818681717
1.0896405708789825
1.1140852731466293
1.0517269849777222
1.0938316094875336
1.0815653771162033
1.0387996536493302
1.0562144070863724
1.101235625743866
1.0701516222953797
1.100597957968712
1.0443729269504547
1.0956194871664047
1.0842161166667938
1.1037040591239928
1.0956174236536027
1.102888633608818
1.0989911398291587
1.097146766781807
1.0730561143159867
1.10672369658947
1.097722190618515
1.0811055594682693
1.0586511194705963
1.1021041011810302
1.087693886756897
1.0810731744766235
1.0593404704332352
1.1034396833181381
1.064385415315628
1.13491858959198
1.0772215163707732
1.1078926199674606
1.0780603784322738
1.0930701053142549
1.0780422139167785
1.0988101530075074
1.0677789041399957
1.1043798610568047
1.0980165499448775
0.9940865671634674
1.104324815273285
1.0793269103765488
1.0384223687648773
1.084150933623314
1.0889807093143462
1.1111775410175324
1.0547512167692183
1.072756532728672
1.090346200466156
1.0790816199779512
1.0819518607854843
1.1313899260759355
1.117881401181221
1.0617427414655685
1.064509094953537
1.1054038053750992
1.0939715242385863
1.0684277772903443
1.0737175887823105
1.0522041130065918
1.099647176861763
1.0995400956273078
1.0672704142332077
1.0773264887928962
1.0869023364782333
1.065576960146427
1.061900497674942
1.1237757700681685
1.0886408114433288
1.0452676779031753
1.0536914587020874
1.0294951152801515
1.067940976023674
1.0380882769823074
1.0822594958543776
1.0619563907384872
1.091417972445488
1.102657618522644
1.1123216241598128
1.063928138613701
1.0806197446584702
1.0897447204589843
1.0929988813400269
1.089509420990944
1.0593379372358322
1.0716688281297684
1.0554321441054344
1.0637569203972816
1.0530045783519746
1.0624000191688538
1.064339134991169
1.0933024823665618
1.0482996767759323
1.0568245542049408
1.0670896875858307
1.1320432448387145
1.0263018065690994
1.0355385911464692
1.0502102732658387
1.0791085869073869
0.985850812792778
1.021286705136299
1.0636930072307587
1.065093930363655
1.0976282131671906
1.0602156400680542
1.0742886340618134
1.0416792684793472
1.0743471378087996
1.0411042004823685
1.1026090741157533
1.0811691957712173
1.0496776229143143
1.0683933407068253
1.0166526752710343
1.0542161560058594
1.0586966636776924
1.0732099878787995
1.0481119394302367
1.057471645474434
1.0476115101575851
1.0313402658700943
1.0638218253850937
1.0729351729154586
1.0791679447889329
1.098778508901596
1.0985482829809188
1.0090554934740066
1.0303518605232238
1.0676249223947525
1.0944276344776154
1.0711832803487777
1.0908136892318725
1.0343994039297104
1.0470231223106383
1.0737823313474655
1.0339936083555221
1.0648332196474075
1.0077325773239136
1.0054720890522004
1.0194542706012726
1.0896342968940735
1.055784161090851
0.9922381108999252
1.0684717816114426
1.0932654941082
1.0752971059083938
1.1307483416795732
1.0196229273080826
1.0790430653095244
1.030155757367611
1.0715341556072235
1.0395136272907257
1.0409315577149392
1.004141271710396
1.0487671959400178
1.0297067487239837
1.060548574924469
1.088564926981926
1.0647890424728395
1.0649376964569093
1.0370226055383682
1.0530848181247712
1.0254116296768188
0.9961005038022995
1.0580534294247628
1.0336018887162208
1.0541093811392783
1.0480726981163024
1.0619624668359757
1.0201995867490767
1.0176154881715775
0.9970824959874153
1.095048257112503
1.0669709658622741
1.0641320943832397
1.0344011688232422
1.0580742827057839
1.072847391963005
1.019332326054573
1.0164879977703094
1.0300430449843407
1.0963270145654678
1.0617469620704652
1.073509597182274
1.038949765563011
1.0345587450265885
1.0913014474511147
1.110453577041626
1.0297227692604065
1.0420959764719009
1.018062380552292
1.0397897440195083
1.0611921906471253
1.0444308823347093
1.0356383642554283
1.0190469497442245
1.0571488863229752
0.9952151787281036
1.0866111135482788
1.0408657228946685
1.0817423713207246
1.0089600270986556
1.091977843940258
1.0270206931233405
1.0355138045549392
1.0740650087594985
1.0795203706622123
1.0466572526097297
1.038780428171158
1.0680817472934723
1.0610622876882554
0.9912637895345688
1.0644598889350891
1.0035925331711768
1.0562726759910583
1.036381611227989
1.0440456771850586
1.0405497312545777
1.018460066616535
1.0340062874555587
1.037785555422306
1.004588218331337
0.9935751926898956
1.003082122504711
1.065934856534004
1.041112820506096
1.0689337784051895
1.0320771300792695
1.0084388768672943
0.9646263071894645
1.0677785721421242
1.0184792566299439
1.0245419520139694
0.987644416987896
1.0492874014377593
1.0094001960754395
1.0484953331947326
1.0567722260951995
1.0110524463653565
1.045361160635948
1.027474514245987
1.0689514046907425
1.0223960983753204
1.0393035811185838
1.049555687904358
1.0381111359596253
1.0373823148012162
1.027528006732464
0.9847994154691696
1.0001394635438918
1.0612197202444076
1.0323129481077193
1.0696752715110778
1.007162503004074
1.0229589119553566
1.0257172727584838
1.0411990651488303
1.0016416874527931
1.0427199721336364
1.0364235377311706
0.9927600473165512
1.023417529463768
0.9764037698507309
1.0060059493780136
1.02337721824646
1.00610469520092
1.0600421690940858
1.0440504121780396
1.038802148103714
1.0274869358539582
1.0457728242874145
1.0183531260490417
0.9936935937404633
1.0211282366514205
0.994509083032608
1.047902552485466
0.9997846698760986
0.9992701518535614
1.0323376244306564
1.023337366580963
0.9693168786168098
1.01478701710701
1.0582668352127076
0.9939851692318916
1.0582123988866805
1.0160240650177002
1.0362510988116265
1.0541406077146531
0.9824062395095825
1.0164993780851364
0.9860466143488884
0.9838706818223
1.0381414842605592
1.035712212920189
1.050106001496315
1.0283750256896018
1.0559420937299728
1.0093641451001167
1.0292508399486542
1.0420648562908172
1.057423532307148
1.0296963027119637
1.0527367240190506
1.028891745209694
1.0036069828271865
1.0150032156705857
1.009471463561058
1.0363968148827554
1.0506353306770324
1.0482260757684707
1.0320260089635849
1.0783378913998605
1.0469249147176742
1.0206432461738586
0.9854974740743637
1.0426359593868255
1.0559267687797547
0.994886848628521
1.0341609418392181
0.9617052841186523
0.9764241713285446
1.0041915905475616
0.9997903877496719
0.9839037463068963
1.0423022615909576
1.0434080052375794
0.9882117277383804
0.9841116106510163
1.0071252235770225
0.9753160431981087
0.9976383152604104
0.9951980474591255
1.0082809880375863
1.0074345481395721
1.005780684351921
1.0001884153485299
1.0225736463069917
1.0142974644899367
1.003846728503704
1.0076653242111206
0.9756403625011444
1.0153955912590027
0.9988896310329437
1.047679055929184
0.9976073774695396
0.9904794579744339
1.0236922264099122
0.9774057531356811
1.0358456790447235
1.0228708028793334
0.9974091163277626
1.0312047734856606
1.011570276618004
1.0248750314116477
1.0137581196427345
0.9762934446334839
0.9976452872157097
0.9935526898503304
1.0091516387462616
1.020921511054039
1.010846946835518
1.01338972479105
0.9765148469805718
1.0351194655895233
1.025608646273613
0.9753209006786346
1.0382683670520783
1.0411943969130517
1.012987897694111
1.0171961426734923
1.005323166847229
1.0047771993279457
1.0270312649011613
1.0095548751950263
1.024661355316639
0.9951488599181175
1.0125837603211403
0.9909646153450012
0.9358978247642518
1.0211876350641251
1.0166817849874497
1.010338283777237
0.9996194219589234
1.0098181718587875
1.0084160590171813
0.979765017926693
0.993912615776062
1.0273711508512497
0.936113121509552
0.9808264291286468
1.057500061392784
1.008698945045471
0.9999661043286323
1.0122485834360122
1.0265768843889236
1.0172820222377776
1.0274934339523316
0.9904207539558411
1.0427564454078675
0.9794526064395904
1.0484671866893769
1.0089968687295914
1.0588018846511842
1.0054564276337623
0.9573888182640076
0.9956929010152816
1.0635221523046494
1.0056266689300537
0.9890555608272552
1.0043982118368149
1.0003567397594453
0.9871197068691253
1.0029391556978227
0.9963298019766808
0.9937047827243805
0.9832434067130089
0.9962528496980667
1.015933400094509
1.0091322112083434
1.0109617775678634
1.0321767109632491
0.9950070923566818
1.016469228863716
1.0371933484077454
1.0175810453295708
0.9720377472043037
0.9984592127799988
1.0357994386553764
1.00434552192688
0.9927049481868744
1.0277409952878953
0.95536257147789
0.9366094678640365
0.9977923429012299
1.0089129877090455
1.0102817007899285
0.9999109706282616
1.044306993484497
1.007338780760765
1.0173833227157594
1.0348698300123216
1.0330533349514008
1.002332376241684
0.9793970566987992
1.0017970177531241
1.0073994639515877
1.0050503945350646
1.052122849225998
1.004691376686096
1.0289590927958487
1.012578849196434
0.9932085704803467
0.9854507926106453
1.004171947836876
1.0229137337207794
1.0089178168773651
0.9888739949464798
0.9766175502538681
0.9753504276275635
1.0238559645414353
1.034150863289833
0.9937576994299888
1.0048936042189598
1.015617142021656
0.9667042264342308
1.0121175307035446
1.0307018411159516
0.9710200187563897
0.9435721957683563
1.0001897129416466
0.9772838997840881
0.9956157064437866
0.9280814945697784
0.9871480348706245
0.9741345351934433
0.9708462208509445
1.02899886906147
0.972983401119709
0.9996994107961654
1.0248834025859832
0.9957953703403473
0.9653524413704873
0.9859581342339516
0.989521837234497
0.9871697598695754
1.033873076736927
0.9947057843208313
0.9823724198341369
1.0017198890447616
0.9624436694383621
0.9922839736938477
1.026857271194458
1.0077924537658691
0.984509260058403
0.9338314205408096
0.9897379478812218
0.967089791893959
1.0304308018088342
0.9744672712683677
1.0193759992718696
0.963897341787815
1.0353690400719642
1.0031575044989587
1.005110587477684
1.002967156767845
0.9864416974782944
0.976568443775177
0.9330625224113465
0.9463429141044617
0.9841078463196754
1.0449851524829865
0.9869473135471344
0.9846751829981804
1.032328406572342
0.9445056280493737
0.9837176540493965
1.0133008828759194
0.9641344693303108
0.9868312308192253
1.0095067071914672
0.96277213960886
0.9891679802536965
0.9785215610265732
1.0026830396056174
0.9973441123962402
0.9605062347650528
0.9397913110256195
1.0009554919600487
0.9659006679058075
1.0101463055610658
0.9751250010728836
0.9462620654702186
0.9611119228601456
0.940548614859581
0.9917537069320679
0.9950151550769806
0.9962363016605377
1.0003910800814628
1.0236582118272781
1.0011338329315185
1.0038371241092683
0.9864863637089729
0.9645178043842315
0.9841927090287208
0.9851543721556664
0.9723869016766549
0.9983206072449684
0.9365969550609589
0.9524651762843132
0.9989102375507355
0.9721334356069565
0.9833928328752518
0.989354592859745
1.0022481128573417
0.9433941900730133
0.9842944324016571
0.9467549213767051
0.9668949174880982
0.9853711318969727
0.9861919304728508
0.9817979067564011
0.947281297147274
0.9662957245111465
0.9581146317720414
