8.41816222283148
2.2634707150920743
2.0555899816174663
1.9752838140533817
1.920007175014865
1.859989095118738
1.8172513525332175
1.7573700710650413
1.7412844963612095
1.7316260030192714
1.6812261746775718
1.6653308253134451
1.6032361695843358
1.5669345548076015
1.5875637079438856
1.5700234934206931
1.5510434777505937
1.548181704936489
1.5378716338065364
1.5458472563374428
1.4797749086733787
1.466364624519502
1.4884043571449095
1.468982548963639
1.4225918054580688
1.4536713342512808
1.445447622287658
1.4229438910561223
1.4245042651891708
1.403450777453761
1.3923030423541223
1.3892645326352888
1.3994075593448454
1.37970436676856
1.3353820577744515
1.344894508200307
1.3306918576840432
1.3270599539241483
1.3589400581775173
1.3504563762295632
1.3291234542285242
1.3356177403080849
1.3019820163326878
1.3040990776592685
1.2930015224602915
1.322798919773871
1.3189842335639461
1.2752768132955796
1.239187273287004
1.2686635010665464
1.256605083423276
1.2728574117345195
1.2463955023596365
1.251582533121109
1.248822031001891
1.2336241732681952
1.22408635049097
1.2177644126838254
1.2088383282384565
1.2213731302369026
1.2011071679092222
1.2016244790246409
1.182515185206167
1.2390853397307857
1.1799413119592974
1.180081772227441
1.1816899862981611
1.1927496334237437
1.1673393182216152
1.1636654941305038
1.1419998614057418
1.165253458003844
1.127230302460732
1.1513391468794114
1.144920027063739
1.0905197719412465
1.1142296685326485
1.1305273064682562
1.1087869996986082
1.1573999105922637
1.108634275774802
1.1043412469087108
1.103329538337646
1.1039592080539273
1.098085337588864
1.1095387661649334
1.1072354177313466
1.0802713031730344
1.085987156917972
1.0931822897926453
1.0652661563888672
1.0557791186917214
1.103398218270271
1.0653033439190156
1.0777963789240006
1.0790641831774865
1.067966147776573
1.0925310162767288
1.0823292905284512
1.0607259384086054
1.066000608186568
1.0386881011147653
1.0539404269187682
1.0401627589618005
1.026902260318879
1.0223040220237547
1.0379024993988775
1.0454822317246468
1.029572664249328
1.0280523280943594
1.0361181709074205
1.0292783115179307
1.0112656970177927
1.0123901218175888
1.0175876925068517
1.0289078792256694
1.0617184139067126
0.9865929147889537
1.0309622590580294
0.9870529088281816
0.9949816148127278
1.01941419176517
1.0085329370152565
0.9848165026595516
0.99776383609541
1.0113028643592712
1.0003889909675043
0.9867118241325501
0.9641579120389877
0.9869102076176675
0.9887238159295051
0.9435307902674521
0.9683222362110692
0.9607810464597517
0.9886579076128621
0.9814632977208784
0.9861664488430946
0.9790183445138316
0.9463820875652375
0.9884529445440539
0.9586531702549227
0.9444841675219997
0.9190409620923381
0.9208756387233734
0.9326065139424417
0.9511140565718373
0.9597103211187548
0.9286325386454982
0.9450383979466653
0.9540831999432656
0.9410825342901291
0.9390094289856572
0.9410161049135269
0.9313345902389095
0.9305755462377302
0.9513747932449463
0.9243759421571609
0.9346737813565039
0.923684918592053
0.9165840684886901
0.909067839384079
0.9279070597502493
0.9447257379370351
0.9231886834867539
0.8964154109839471
0.9250430258051041
0.9354404057225874
0.9040438018498882
0.9282670554614836
0.9100915010898344
0.8958556575159873
0.9072816540156642
0.9210679035994315
0.9200237926936918
0.9120450995622142
0.9156222679922658
0.9302207750658835
0.8831789522401748
0.921394903813639
0.8870583349658597
0.8642544323398221
0.8929895782662977
0.900225325938194
0.9068625151149688
0.8947986345137319
0.8800732916401278
0.8812941274335307
0.8658811498072839
0.8772864755122892
0.8641610035011845
0.8685457139245926
0.8592442913401511
0.8637482480656716
0.8533086060516296
0.8654187066901115
0.8640724021580911
0.8768186535566084
0.8502692993610136
0.8715311832004978
0.8717089975553174
0.8716081750969733
0.8541058229823266
0.8564626081816612
0.8430862965122345
0.8469134823929879
0.8449196935661377
0.8863017208153202
0.8487078323960304
0.8669988200549157
0.8471535898504718
0.8223300222908297
0.8578612145877653
0.848859021740575
0.8531331645865594
0.8453168133574147
0.844598638434564
0.8458550743037655
0.8341695007777983
0.8224851727004974
0.85113723047318
0.821923523660629
0.8311356262814614
0.8127031633930821
0.8073476937509352
0.8479684201940414
0.8097745473346403
0.8164528723685972
0.8356262503131744
0.8184899327255064
0.8192376292520954
0.8158981747204258
0.8332852365509156
0.8376434815506781
0.8089779165963973
0.8213569144568136
0.8070071570334896
0.8375498330400836
0.8294634232597966
0.8021934652520765
0.8371809653697475
0.8056336602857036
0.8350242804135045
0.8136143761296426
0.8280118417836004
0.8111883382643422
0.8253102715938322
0.8265647378660017
0.8304976864207175
0.82288554743413
0.807042077664406
0.8106641581942958
0.8231134818446252
0.8106035792058514
0.8089126862825886
0.7978725298758476
0.8070627359613296
0.8050896292251926
0.7806113057078854
0.7858394091167757
0.783134761837221
0.805026981138414
0.7904861706399149
0.7923765062324463
0.7837308974516007
0.7937584322306418
0.7987014185036382
0.8054070020875623
0.8096681357391419
0.7898602387116801
0.7659862517349182
0.7951843971686978
0.7712245895977943
0.7783834720330853
0.7758709149014565
0.778141513466835
0.813867021952906
0.7592633861687875
0.7807750661046274
0.7979288562651603
0.7713920310620339
0.7824212752522961
0.7624025349655459
0.7640049294117959
0.7847605698531673
0.7851215701910758
0.7617705622988362
0.7765741831352634
0.7667614495561969
0.76256413565528
0.7851175627400798
0.7679392407017369
0.7753525890650288
0.7952087052887485
0.7750621012622311
0.765406962604292
0.7960772355717998
0.7744300646647331
0.76668431057084
0.7507384001247345
0.7785859672773269
0.7692658199417975
0.7622475859618956
0.7446654580773846
0.7566893768887366
0.7703013891173948
0.7817551154763468
0.7548421671794306
0.7767104405549264
0.760120157272585
0.7542399107929199
0.7579129871822172
0.7439357652779548
0.7392971566127192
0.7605602601843495
0.7270880562643851
0.751273240293226
0.7346596311657659
0.7453933430294837
0.7648535546275878
0.7465983086055324
0.7613053381923707
0.7562829395455699
0.729307912049755
0.7605123474232612
0.7567019755801847
0.7492160390942327
0.7463401774725607
0.7171055866825965
0.7453091038811591
0.748244576636822
0.7352757715890484
0.7596779655544988
0.7300700792862523
0.7173635411647058
0.7485960858964151
0.7430689197874838
0.7425151416851629
0.7426616472582663
0.7540049742787115
0.7293312953364465
0.7451019371228833
0.732563090180197
0.7395004324855343
0.7453141690742585
0.7257369929744352
0.7271842151399581
0.74995101147121
0.7353020142162999
0.7436378052638423
0.7341562853224816
0.7431737465723869
0.7491469013114129
0.7153466372720657
0.7282265578546832
0.7222440858041087
0.7159829187777734
0.7329069508179542
0.7287715947435748
0.7259834459231745
0.7538190508081067
0.7323569777992464
0.7197080168031877
0.7226263577899625
0.7109375550381599
0.7180495805317356
0.7399604911765745
0.7102980628128974
0.7447995831889491
0.7114809165077824
0.7202270831311902
0.7321506488707757
0.7252016492909
0.7284166207236629
0.7410256569423983
0.7147671551473679
0.7166286331991996
0.7329797888955762
0.7084348369990626
0.6985223615361799
0.7204714616940867
0.7285222514502464
0.7246818972691413
0.6863057288912034
0.703486539663807
0.7082013970901889
0.7070485468833677
0.6965176686644554
0.7257883442986396
0.7186912101122641
0.7034917680486557
0.7082554469666174
0.6999060956220473
0.6930708671289105
0.706896698282611
0.7026975467320411
0.704595890737349
0.6898106769207986
0.7092621465844493
0.7312778239288638
0.6964441984891891
0.7017110665479014
0.7001540458971455
0.6818148291880085
0.6897431453389506
0.6924516388004825
0.6824146119817611
0.6909636412897417
0.7203967725076983
0.6845326341928974
0.6920531858359614
0.6906533279726582
0.682697466063884
0.7071138033943791
0.6875729604113486
0.6746861514064574
0.6895785670607321
0.707782982818542
0.698549616240686
0.7081733355599065
0.6878779701167538
0.6839815491149502
0.6731945622351861
0.680134620637663
0.6857960543805554
0.7002658053271232
0.689361323031687
0.6590350419282913
0.6607165810081267
0.6813164548047127
0.6945527049322282
0.6948342102189218
0.7018893678342143
0.7064054269463785
0.6909254561028173
0.688713626755822
0.6692326398145768
0.6918135588207552
0.6827625399155002
0.6986658469803871
0.6910852953310935
0.6742484069639637
0.6500765152515904
0.6636338587249478
0.6683239347992405
0.6732707980179018
0.6732258508282323
0.6572286005943052
0.6851573617708299
0.6647661104798317
0.6765949238211878
0.638188309246494
0.6782457407924437
0.6741002254909084
0.6961188559089938
0.6638483253698195
0.6815824604803516
0.6759129452609247
0.6820254583031901
0.6621021181344986
0.6617310809031609
0.691328123452202
0.6770981619915655
0.6720556208202916
0.6622941977074069
0.6735927248674054
0.6638207998006574
0.6699998458066294
0.6619023305754508
0.6924679505248224
0.6700147323070034
0.66514888429834
0.6748675107955933
0.6784358462018352
0.6714932151859806
0.6829408106784667
0.6667045861963303
0.6587541418210152
0.69007892209676
0.6709279968373237
0.696372909170966
0.6691548391695945
0.6903891710023726
0.6539185364400187
0.6627750242910078
0.6572280526161194
0.664191669994785
0.6442874025913977
0.6747235816813284
0.684646277658401
0.6725136738631033
0.6573821339876421
0.6649956280185331
0.6679689218440363
0.6661536397953187
0.6589528430373438
0.6602336761932219
0.6792416632656129
0.6262981788285317
0.6685671517925877
0.6355476843253258
