3.078536033630371
2.969654083251953
2.8060805797576904
2.600191593170166
2.379570245742798
2.1777536869049072
2.0982470512390137
2.148698329925537
2.2485337257385254
1.8444808721542358
1.922214150428772
1.9234241247177124
1.8071110248565674
1.7466623783111572
1.5742164850234985
1.4630671739578247
1.523657202720642
1.7374789714813232
1.5277873277664185
1.4527496099472046
1.5039312839508057
1.604133129119873
1.3853667974472046
1.3862873315811157
1.3457057476043701
1.3929874897003174
1.3416357040405273
1.3182311058044434
1.2824376821517944
1.2841731309890747
1.2447646856307983
1.301703691482544
1.1621649265289307
1.1997334957122803
1.2370820045471191
1.5020437240600586
1.3098876476287842
1.1842491626739502
1.238814353942871
1.1500937938690186
1.2854177951812744
1.1079646348953247
1.3271358013153076
1.1799935102462769
1.2217985391616821
1.090444564819336
1.2022180557250977
1.2893197536468506
1.17535400390625
1.286299705505371
1.134793996810913
1.1299415826797485
1.1027969121932983
1.1804062128067017
1.1200058460235596
1.3533101081848145
1.0333505868911743
1.0855242013931274
1.1794288158416748
1.391750693321228
1.1111972332000732
1.092167615890503
1.074501633644104
1.016292929649353
1.0517306327819824
1.1490120887756348
0.9415628910064697
1.0584954023361206
0.996719241142273
1.1655447483062744
0.9706271886825562
1.1014978885650635
1.1607946157455444
1.04660964012146
0.9082659482955933
0.9647082090377808
0.9170463681221008
1.0151503086090088
1.0712757110595703
0.9858053922653198
1.0957224369049072
1.0440665483474731
0.8575092554092407
0.8943988084793091
0.9775785207748413
1.052667260169983
1.161934733390808
1.082037091255188
0.9055034518241882
0.872217059135437
1.0873987674713135
0.9375749230384827
0.9215242266654968
0.9105646014213562
0.8897660970687866
1.0186799764633179
0.936877965927124
0.9753499031066895
0.9194719195365906
1.0261589288711548
0.888324499130249
1.0592783689498901
1.0437662601470947
0.965691089630127
0.9988772869110107
0.8352773189544678
1.003861665725708
0.9706446528434753
0.9093291759490967
0.8870503306388855
0.9006034731864929
0.9383002519607544
0.8815768361091614
0.9876339435577393
0.9943240284919739
0.898557722568512
0.8898853063583374
0.9326823949813843
0.8852344155311584
0.8518792390823364
0.9148880243301392
0.8990877866744995
0.8592473268508911
1.0412698984146118
0.8965546488761902
0.8513330221176147
0.8743826150894165
1.008253812789917
0.8705187439918518
0.8906028866767883
0.9123695492744446
0.8307554125785828
0.9055112600326538
0.9400745630264282
0.9253120422363281
0.9520551562309265
0.9398007392883301
0.8398827910423279
0.89300537109375
0.8032567501068115
0.8885869979858398
0.9214715957641602
0.9574182629585266
0.8386120796203613
0.8126262426376343
0.9094767570495605
0.8351764678955078
0.8296799659729004
1.104124665260315
0.8414345383644104
0.8073884844779968
0.810807466506958
0.8123898506164551
0.8679059743881226
0.7571349740028381
0.8243545293807983
0.8358181715011597
0.906116247177124
0.8704582452774048
0.8987856507301331
0.7594759464263916
0.8306284546852112
0.8316826820373535
0.8878942728042603
0.8407689332962036
0.8195573091506958
0.8559120893478394
0.8792544603347778
0.7953879833221436
0.855378270149231
0.8354966640472412
0.8208555579185486
0.8223465085029602
0.8274228572845459
0.8482074737548828
0.889933705329895
0.8216233253479004
0.7808283567428589
0.8148308992385864
0.8262327909469604
0.9122744798660278
0.7489001750946045
0.8972086906433105
0.9273138046264648
0.7098427414894104
0.7481720447540283
0.9050335884094238
0.8496167659759521
0.7931177616119385
0.8301726579666138
0.7833155393600464
0.9050667881965637
0.7606844902038574
0.8037817478179932
0.8107835054397583
0.780394434928894
0.7546321749687195
0.8114158511161804
0.8630824089050293
0.7878463268280029
0.8447239398956299
0.8131892681121826
0.8346899151802063
0.8497146964073181
0.819625735282898
0.9535348415374756
0.8346513509750366
0.7613983750343323
0.7210193276405334
0.8415486812591553
0.7978450059890747
0.834744930267334
0.912916898727417
0.8006243109703064
0.8031443357467651
0.8015052080154419
0.7842447757720947
0.8633910417556763
0.7740710973739624
0.719710111618042
0.827724814414978
0.8109747767448425
0.7805481553077698
0.771782636642456
0.8618859052658081
0.8208891153335571
0.8697727918624878
0.8199323415756226
0.8099632263183594
0.7190917730331421
0.9040801525115967
0.7696312665939331
0.7443889379501343
0.7752576470375061
0.8068198561668396
0.8526813983917236
0.7801510095596313
0.8266386389732361
0.8228620290756226
0.7269059419631958
0.7632766962051392
0.8124312162399292
0.795873761177063
0.7656489610671997
0.7562047243118286
0.7538149356842041
0.7327922582626343
0.7716991305351257
0.7801351547241211
0.7891810536384583
0.8914164900779724
0.896919846534729
0.719851553440094
0.702070951461792
0.7823272943496704
0.7649804353713989
0.7867392301559448
0.7697064876556396
0.8315020203590393
0.8513500094413757
0.8216067552566528
0.7282206416130066
0.7546486258506775
0.7576484680175781
0.7805736064910889
0.7358408570289612
0.768139123916626
0.8168416023254395
0.7579762935638428
0.7498704791069031
0.8134682178497314
0.8390107154846191
0.7774580717086792
0.711320161819458
0.7516653537750244
0.8216943144798279
0.6978157758712769
0.7924249172210693
0.7139123678207397
0.7144913673400879
0.7524718046188354
0.7842966318130493
0.7666059732437134
0.7126249074935913
0.7964058518409729
0.7502766251564026
0.8426055312156677
0.7242709398269653
0.6657687425613403
0.7236088514328003
0.7233400344848633
0.7812035083770752
0.6743402481079102
0.6993491649627686
0.7473608255386353
0.8126663565635681
0.707939624786377
0.6753771901130676
0.7849684953689575
0.7293272018432617
0.7298184633255005
0.7268879413604736
0.6498140096664429
0.7472531199455261
0.7715803980827332
0.7555370330810547
0.7535327672958374
0.7270082235336304
0.7081043720245361
0.8116830587387085
0.7681087255477905
0.701545238494873
0.7347452640533447
0.7980751991271973
0.7105768322944641
0.725043535232544
0.7213138341903687
0.7662274837493896
0.6641882658004761
0.6214094758033752
0.7271769046783447
0.7736594080924988
0.733038067817688
0.7246034145355225
0.737726092338562
0.7072641849517822
0.683876633644104
0.7221341133117676
0.7192241549491882
0.746605634689331
0.7485643625259399
0.6866345405578613
0.7763792276382446
0.6953152418136597
0.7041381597518921
0.7467185258865356
0.7817800045013428
0.7074115872383118
0.7474565505981445
0.7358061075210571
0.6970983743667603
0.7551916837692261
0.7423931956291199
0.7739819288253784
0.72593754529953
0.7390953898429871
0.8038421273231506
0.6834126114845276
0.8127694725990295
0.7166318297386169
0.8038598895072937
0.7720656394958496
0.7512379884719849
0.7041128873825073
0.7153926491737366
0.7070095539093018
0.7199429869651794
0.6922645568847656
0.8112202882766724
0.7293331027030945
0.8439964652061462
0.7630144953727722
0.7957167625427246
0.6909894347190857
0.7381513118743896
0.7183032035827637
0.8009499907493591
0.7044472694396973
0.7351332902908325
0.6815007925033569
0.799615740776062
0.7470561861991882
0.7153283357620239
0.6950185894966125
0.6992764472961426
0.7571979761123657
0.6567013263702393
0.7638339996337891
0.6659990549087524
0.7498694062232971
0.7155693173408508
0.6924391984939575
0.7648711204528809
0.7430052757263184
0.7105997800827026
0.710214376449585
0.7157049775123596
0.6892373561859131
0.7547528147697449
0.7487080097198486
0.7417519688606262
0.6826686859130859
0.7605673670768738
0.7494463920593262
0.7622138857841492
0.7797660827636719
0.7155068516731262
0.6989647150039673
0.7401845455169678
0.7657133340835571
0.670623242855072
0.7572462558746338
0.7795368432998657
0.636713981628418
0.7516260147094727
0.6808563470840454
0.7184612154960632
0.7431612610816956
0.7102031707763672
0.675919771194458
0.7666529417037964
0.6872669458389282
0.6605266332626343
0.712356686592102
0.6768527030944824
0.7567024827003479
0.6950005292892456
0.7399692535400391
0.6551199555397034
0.6907986402511597
0.6905181407928467
0.6782355308532715
0.7370096445083618
0.6860506534576416
0.7435596585273743
0.6421850919723511
0.7113690376281738
0.7112562656402588
0.6524479389190674
0.6844884157180786
0.65141761302948
0.7065386772155762
0.6856774687767029
0.6510979533195496
0.6514970064163208
0.6814188957214355
0.6515010595321655
0.7192306518554688
0.8265641927719116
0.7384333610534668
0.6884390115737915
0.6859310269355774
0.6407854557037354
0.6778188347816467
0.7102200388908386
0.6582378149032593
0.6692149639129639
0.7106550931930542
0.7066819667816162
0.74506676197052
0.7944589853286743
0.6977797746658325
0.6673641204833984
0.6900548338890076
0.7653219699859619
0.6843212842941284
0.6822501420974731
0.8098143339157104
0.6645123362541199
0.6947935819625854
0.7341986298561096
0.7494866847991943
0.6780491471290588
0.7262553572654724
0.770300030708313
0.6590939164161682
0.6528633236885071
0.783053994178772
0.8021319508552551
0.7403775453567505
0.7049314379692078
0.7225023508071899
0.6841703653335571
0.6373777389526367
0.7188130021095276
0.7521300315856934
0.6806784272193909
0.7054505348205566
0.7721906900405884
0.7835206985473633
0.703016996383667
0.6862235069274902
0.657343327999115
0.7398728132247925
0.6634703278541565
0.6861406564712524
0.7261546850204468
0.7135274410247803
0.6562583446502686
0.695953369140625
0.669572114944458
0.7336900234222412
0.6497043967247009
0.646422803401947
0.7151888608932495
0.7404780387878418
0.6991320848464966
0.7840758562088013
0.7203692197799683
0.7405731081962585
0.7134124040603638
0.6717551350593567
0.7772847414016724
0.6869630813598633
0.6952471137046814
0.7485508918762207
0.663989782333374
0.7560399770736694
0.6160271167755127
0.6495293378829956
0.6176714301109314
0.7664964199066162
0.7001568078994751
0.678636908531189
0.7346888780593872
0.7321319580078125
0.7058311700820923
0.7369900941848755
0.7673041224479675
0.6608049869537354
0.7355935573577881
0.6578977108001709
0.6369796991348267
0.648231029510498
0.647264838218689
0.6477307677268982
0.638154149055481
0.7530357837677002
0.6898896098136902
0.7404459118843079
0.7139571905136108
0.6366944313049316
0.6778861284255981
0.690142810344696
0.7071067690849304
0.6805209517478943
0.6401752233505249
0.711337685585022
0.6297399401664734
0.6657899022102356
0.6838901042938232
0.6472764611244202
0.6899214386940002
0.6523715853691101
0.7604416608810425
0.7118374109268188
0.6328039765357971
0.6311280727386475
0.6196945905685425
0.7689909934997559
0.7098985910415649
0.6602696180343628
0.6202683448791504
0.6521891355514526
0.6891045570373535
0.6474089622497559
0.6770769953727722
0.7531376481056213
0.6732127666473389
0.6732837557792664
0.7297290563583374
0.6764546036720276
0.6394680142402649
0.6624343395233154
0.6541236639022827
0.7373597621917725
0.639274537563324
0.6762834191322327
0.6723146438598633
0.6968834400177002
0.6775544285774231
0.6400837898254395
0.6783322095870972
0.713016152381897
0.6888349652290344
0.7208832502365112
0.6475108861923218
0.7096428871154785
0.6966124773025513
0.6736260056495667
0.7012308835983276
0.66571444272995
0.6906768679618835
0.6563087105751038
0.6391890048980713
0.7449994087219238
0.671315610408783
0.6373937129974365
0.617095947265625
0.7203420400619507
0.6957921981811523
0.6798945665359497
0.653164803981781
0.618075966835022
0.632387638092041
0.7764813899993896
0.6691787242889404
0.6420624256134033
0.7314709424972534
0.6254125833511353
0.6865275502204895
0.675463080406189
0.6755430698394775
0.6774075031280518
0.670668363571167
0.6728411912918091
0.7352778911590576
0.6583914756774902
0.650836169719696
0.660812258720398
0.7155774235725403
0.7103442549705505
0.6604430675506592
0.6359330415725708
0.7026915550231934
0.6879037618637085
0.6664730310440063
0.6486876010894775
0.654971718788147
0.6708042025566101
0.6847299337387085
0.634533166885376
0.7033185958862305
0.7138628959655762
0.7443753480911255
0.6431816220283508
0.6714187860488892
0.6748151779174805
0.679479718208313
0.730915904045105
0.7055652141571045
0.6281976699829102
0.7183047533035278
0.6378416419029236
0.6514940857887268
0.6307671070098877
0.6270868182182312
0.6487179398536682
0.6824264526367188
0.6765664219856262
0.6526339054107666
0.639917254447937
0.6472778916358948
0.6954140067100525
0.6578341722488403
0.6628845930099487
0.6646854877471924
0.69743812084198
0.7384576797485352
0.6316321492195129
0.7127946615219116
0.6133519411087036
0.716519832611084
0.6761016845703125
0.6709237098693848
0.6364896297454834
0.7370530366897583
0.5724494457244873
0.6351689100265503
0.6933009028434753
0.6810694932937622
0.6425386667251587
0.7002167701721191
0.6939529180526733
0.7315843105316162
0.6843018531799316
0.675806999206543
0.6931838989257812
0.6652151346206665
0.6418834924697876
0.6089271306991577
0.6627506613731384
0.7219278812408447
0.6880491375923157
0.6606131196022034
0.6511659026145935
0.6838773488998413
0.680978000164032
0.6354670524597168
0.7021840214729309
0.6479086875915527
0.6615285277366638
0.6340641379356384
0.6463164687156677
0.6396874785423279
0.6959881782531738
0.6314524412155151
0.6558828353881836
0.648493766784668
0.6592618227005005
0.6679491400718689
0.6825876235961914
0.7447640299797058
0.6329230070114136
0.6742695569992065
0.6147348880767822
0.7711091041564941
0.6519601941108704
0.6423090696334839
0.7496359348297119
0.6956900358200073
0.7361704111099243
0.6798346638679504
0.6100319027900696
0.6339402794837952
0.7039042115211487
0.7538391351699829
0.6979163885116577
0.6504776477813721
0.7182734608650208
0.650804340839386
0.6784239411354065
0.6855069398880005
0.624707043170929
0.6628378629684448
0.684256374835968
0.712337851524353
0.6845749616622925
0.6293473243713379
0.6657776832580566
0.6795850992202759
0.6068235039710999
0.6388363838195801
0.6404732465744019
0.6298331618309021
0.6775757074356079
0.6799371242523193
0.655754566192627
0.5999155640602112
0.686066210269928
0.655384361743927
0.6121116876602173
0.6992290616035461
0.6704344153404236
0.6750531792640686
0.640850305557251
0.5793430805206299
0.6496091485023499
0.7084343433380127
0.6887184381484985
0.693541407585144
0.6127935647964478
0.6276702880859375
0.626347541809082
0.651573896408081
0.6784597635269165
0.6229953765869141
0.721744954586029
0.6976493000984192
0.6508892774581909
0.6306630373001099
0.668605387210846
0.6503704190254211
0.6638292670249939
0.6515763998031616
0.620089054107666
0.698847234249115
0.7274618148803711
0.624135434627533
0.6372607946395874
0.6685659885406494
0.6471142768859863
0.6486375331878662
0.801928699016571
0.7400524616241455
0.6244572401046753
0.7156676054000854
0.6555286645889282
0.6217418313026428
0.7430459260940552
0.6835366487503052
0.6199994087219238
0.684085488319397
0.6695547103881836
0.6682404279708862
0.6405191421508789
0.6223689317703247
0.6952362060546875
0.7025917768478394
0.6128414273262024
0.6568539142608643
0.6126151084899902
0.6379984021186829
0.6416453123092651
0.6272764205932617
0.630602240562439
0.7309497594833374
0.6076579689979553
0.7298007011413574
0.655426025390625
0.6696099042892456
0.6395320892333984
0.668972909450531
0.7081022262573242
0.6160556077957153
0.6799174547195435
0.6195458769798279
0.6413975358009338
0.6236889362335205
0.6461831331253052
0.6593335866928101
0.6494499444961548
0.6839573979377747
0.697264552116394
0.6317297220230103
0.6480602622032166
0.6189279556274414
0.6994931101799011
0.5939451456069946
0.6528828144073486
0.6306449770927429
0.6464396119117737
0.6488370895385742
0.6767879724502563
0.6142666339874268
0.632169783115387
0.6856057047843933
0.6432400941848755
0.6027910709381104
0.7443157434463501
0.677086591720581
0.6731315851211548
0.6590327620506287
0.632332444190979
0.6180167198181152
0.6451827883720398
0.5747455358505249
0.6504746675491333
0.7667511701583862
0.6611734628677368
0.7142987251281738
0.6078859567642212
0.6582152247428894
0.6257873773574829
0.6378532648086548
0.6907073259353638
0.6436849236488342
0.6515513062477112
0.6848909854888916
0.635757327079773
0.6602953672409058
0.6545422673225403
0.6523041725158691
0.6231825947761536
0.6739556789398193
0.6727211475372314
0.5922775268554688
0.5948326587677002
0.6781062483787537
0.7148352861404419
0.6356463432312012
0.6810320615768433
0.672720193862915
0.6497003436088562
0.6812418103218079
0.6759210228919983
0.6749846935272217
0.6222127079963684
0.6315839290618896
0.6437361240386963
0.7011023163795471
0.6452277302742004
0.6084519028663635
0.5888441801071167
0.665104866027832
0.6741175651550293
0.6570339202880859
0.6368557214736938
0.6416534185409546
0.6717169880867004
0.6770418286323547
0.6318564414978027
0.6096875071525574
0.6023313403129578
0.6073540449142456
0.6192938089370728
0.6198622584342957
0.7000828981399536
0.6512769460678101
0.6629884839057922
0.608428418636322
0.6505281925201416
0.6267597079277039
0.6433731913566589
0.6705922484397888
0.647402286529541
0.6157187223434448
0.6350175142288208
0.6229600310325623
0.622622549533844
0.6341164112091064
0.6071632504463196
0.6211333274841309
0.6788029670715332
0.6303755044937134
0.6645856499671936
0.660774827003479
0.6172324419021606
0.6194149255752563
0.6182850003242493
0.5943942070007324
0.7226887941360474
0.7025892734527588
0.632422685623169
0.6073113679885864
0.6413978338241577
0.6323661208152771
0.6409470438957214
0.6390286087989807
0.6574981212615967
0.6159358620643616
0.6042656898498535
0.6063176989555359
0.6476686596870422
0.6329992413520813
0.6006271243095398
0.6902621388435364
0.6613691449165344
0.6225086450576782
0.622582197189331
0.5658054351806641
0.6425374746322632
0.6395307779312134
0.617002010345459
0.6438100337982178
0.6351848840713501
0.648173451423645
0.6740061044692993
0.6682772040367126
0.6567413806915283
0.6559666991233826
0.5829654932022095
0.6007105112075806
0.6543939113616943
0.6483407616615295
0.6524497866630554
0.6613577604293823
0.6302707195281982
0.6123940944671631
0.6588268280029297
0.6374831199645996
0.5924690961837769
0.6498748064041138
0.6365513801574707
0.6518659591674805
0.6839181184768677
0.6812558174133301
0.6567879915237427
0.5905078649520874
0.5761538147926331
0.6444236636161804
0.6608585119247437
0.6259873509407043
0.60267573595047
0.618580162525177
0.6142287254333496
0.6542686223983765
0.6219300627708435
0.6573699712753296
0.6268618702888489
0.5555363893508911
0.6275587677955627
0.6387114524841309
0.7082010507583618
0.6454751491546631
0.5860739946365356
0.6509042978286743
0.6166676878929138
0.5737924575805664
0.6892651319503784
0.6908994913101196
0.6792044639587402
0.6102513074874878
0.594160795211792
0.5938537120819092
0.7106524705886841
0.5940765738487244
0.6262245178222656
0.5801352262496948
0.6333784461021423
0.6209479570388794
0.6586938500404358
0.6751933693885803
0.7003987431526184
0.6321991086006165
0.6139416098594666
0.6022640466690063
0.6698664426803589
0.6114746928215027
0.6507841348648071
0.604153037071228
0.5891624689102173
0.6495507955551147
0.6189846992492676
0.6727709770202637
0.6136143207550049
0.6286267042160034
0.6372517347335815
0.6425985097885132
0.6794905662536621
0.634161651134491
0.5842835903167725
0.6756473779678345
0.5579620599746704
0.6651837825775146
0.6214313507080078
0.6652402877807617
0.578266441822052
0.6319660544395447
0.6328939199447632
0.5751868486404419
0.6129930019378662
0.6522002220153809
0.593979001045227
0.575921356678009
0.6951485872268677
0.6145834922790527
0.5917538404464722
0.6472203135490417
0.5919004082679749
0.6283696293830872
0.6594513654708862
0.593355119228363
0.6599449515342712
0.6445220112800598
0.6146742105484009
0.6025345325469971
0.5922632217407227
0.6727924346923828
0.5662257671356201
0.6477056741714478
0.5595952868461609
0.6263911724090576
0.6306259036064148
0.6011791825294495
0.6663916707038879
0.6023619174957275
0.5944482088088989
0.5889136791229248
0.5563809871673584
0.6188632249832153
0.6989363431930542
0.5879484415054321
0.6362324357032776
0.668706476688385
0.5995662212371826
0.5840513706207275
0.6327793598175049
0.7215545773506165
0.6092564463615417
0.7412517070770264
0.5729504227638245
0.6626161932945251
0.645871102809906
0.6097862720489502
0.6334962844848633
0.6445388197898865
0.6780073046684265
0.6424799561500549
0.6256551146507263
0.6430327892303467
0.6641526222229004
0.648560643196106
0.6244770288467407
0.6123919486999512
0.6514317989349365
0.6420267820358276
0.6037881374359131
0.6123092174530029
0.6273978352546692
0.6304832696914673
0.6684553623199463
0.5699359774589539
0.5967711806297302
0.6087918877601624
0.6154309511184692
0.6285819411277771
0.6278967261314392
0.6108430624008179
0.6341622471809387
0.6339315176010132
0.6041178703308105
0.6043113470077515
0.6097755432128906
0.5994710922241211
0.6598207950592041
0.6285679936408997
0.6165133714675903
0.6346960663795471
0.5931193232536316
0.6191187500953674
0.6525850296020508
0.6236497759819031
0.6095352172851562
0.6098145842552185
0.6884213089942932
0.614395260810852
0.590835452079773
0.5905970335006714
0.6072486639022827
0.6203804016113281
0.6570628881454468
0.6208533048629761
0.6085735559463501
0.5952470898628235
0.6244270205497742
0.6890584230422974
0.5857019424438477
0.6175463199615479
0.6590956449508667
0.5957609415054321
0.5739433765411377
0.5988818407058716
0.6041985154151917
0.6273869276046753
0.6287569403648376
0.6108211278915405
0.6283467411994934
0.6121456027030945
0.6071460247039795
0.5772827863693237
0.5986576080322266
0.6561238169670105
0.6006708741188049
0.701427698135376
0.6085748672485352
0.5967709422111511
0.6736930012702942
0.5988874435424805
0.6469144821166992
0.6448850035667419
0.6339385509490967
0.64559006690979
0.6193550229072571
0.6860161423683167
0.6124815940856934
0.590221643447876
0.6128221750259399
0.5809078812599182
0.5896650552749634
0.6278349757194519
0.6532043218612671
0.5732948780059814
0.6470017433166504
0.5918984413146973
0.6820195913314819
0.6705083847045898
0.6104491949081421
0.636729896068573
0.6119846105575562
0.6177651882171631
0.5753592848777771
0.5980908870697021
0.7735974788665771
0.6201019287109375
0.6301602125167847
0.6265967488288879
0.6682276725769043
0.5879424810409546
0.6313737630844116
0.6475303769111633
0.6264285445213318
0.6125787496566772
0.6513927578926086
0.596394419670105
0.5653908848762512
0.6013075113296509
0.6320971846580505
0.5920677781105042
0.5825345516204834
0.6872457265853882
0.6962523460388184
0.5645296573638916
0.5803945064544678
0.6016484498977661
0.554149329662323
0.5634161233901978
0.6263243556022644
0.7256691455841064
0.6297581195831299
0.6242201328277588
0.620927631855011
0.6388756632804871
0.6779128313064575
0.5623228549957275
0.5929731130599976
0.6854343414306641
0.5801248550415039
0.6171794533729553
0.6726932525634766
0.5803987979888916
0.6284628510475159
0.6262021064758301
0.5809364318847656
0.616226315498352
0.5769671201705933
0.5732337832450867
0.6349753737449646
0.6347498893737793
0.5891506671905518
0.632378339767456
0.6011362671852112
0.6455113887786865
0.5817734599113464
0.6452042460441589
0.6024909019470215
0.5690791606903076
0.6272064447402954
0.5799815654754639
0.5998273491859436
0.6450011730194092
0.5797300338745117
0.6019169688224792
0.6446464657783508
0.5995513200759888
0.6509112119674683
0.5899845957756042
0.5905345678329468
0.5996814370155334
0.589077353477478
0.6203175783157349
0.6151440739631653
0.6086926460266113
0.5851678848266602
0.6227135062217712
0.6098343729972839
0.652596652507782
0.5901958346366882
0.6224852800369263
0.6071150898933411
0.6069633960723877
0.6631613969802856
0.6278966665267944
0.6936943531036377
0.5998631715774536
0.6140872836112976
0.5628083348274231
0.6451437473297119
0.607528805732727
0.658112645149231
0.6519901752471924
0.6058990955352783
0.5996884703636169
0.6131324172019958
0.6170122623443604
0.6164374947547913
0.6936690807342529
0.6311960816383362
0.6099008321762085
0.5723634958267212
0.7129044532775879
0.554564356803894
0.6569544076919556
0.6171501874923706
0.6095048189163208
0.6232660412788391
0.6927253007888794
0.7134096622467041
0.6218475103378296
0.5931073427200317
0.5895191431045532
0.5704705119132996
0.592022716999054
0.6666480302810669
0.5644919872283936
0.5919713973999023
0.6514564156532288
0.6364797949790955
0.6533738970756531
0.6414322257041931
0.659094512462616
0.5518351793289185
0.6059905290603638
0.623039186000824
0.6457067728042603
0.5758296251296997
0.7003467082977295
0.5664159655570984
0.5946203470230103
0.6150595545768738
0.6064636707305908
0.5934724807739258
0.6659702062606812
0.5826717615127563
0.6365231871604919
0.5705215334892273
0.6103376150131226
0.6143878102302551
0.6677207946777344
0.5999168157577515
0.6433019042015076
0.5998420715332031
0.6123217940330505
0.5983406901359558
0.5930319428443909
0.6072035431861877
0.6001216769218445
0.5763221383094788
0.6096237897872925
0.5919508337974548
0.6477229595184326
0.6017371416091919
0.5927436351776123
0.6055507063865662
0.6385449171066284
0.5706347227096558
0.6644289493560791
0.62993323802948
0.6799976825714111
0.6267675757408142
0.663520336151123
0.6134150624275208
0.5984286665916443
0.6021566390991211
0.6518946886062622
0.6341352462768555
0.598463237285614
0.610649824142456
0.6156858801841736
0.575653076171875
0.6243346929550171
0.5990132093429565
0.5906895399093628
0.5917261838912964
0.5949313044548035
0.5988414287567139
0.5825161933898926
0.6576540470123291
0.6475456953048706
0.6946427226066589
0.6093882918357849
0.6848618388175964
0.6081176996231079
0.5722041726112366
0.5911056995391846
0.6430827975273132
0.566494882106781
0.6373505592346191
0.6434531807899475
0.5938763618469238
0.5834101438522339
0.6408044695854187
0.6379587650299072
0.5983291864395142
0.5879169702529907
0.6321605443954468
0.5696396827697754
0.6169469952583313
0.6186319589614868
0.6230503916740417
0.6240951418876648
0.5664726495742798
0.5853301286697388
0.5828255414962769
0.5897234082221985
0.6432830095291138
0.6255221366882324
0.6099241971969604
0.6543000936508179
0.5911067128181458
0.6294086575508118
0.6372647285461426
0.5522770285606384
0.5782167315483093
0.5840035676956177
0.5930014848709106
0.6256319284439087
0.6126490831375122
0.5685548782348633
0.69474196434021
0.6161178350448608
0.5740529298782349
0.6299375295639038
0.5699918270111084
0.5675246119499207
0.6140981912612915
0.6154391765594482
0.5488842725753784
0.5944322347640991
0.6171363592147827
0.6934248208999634
0.5823028087615967
0.5840957760810852
0.5895997285842896
0.6489287614822388
0.5757879614830017
0.6512669324874878
0.6425879597663879
0.6377100944519043
0.6089680194854736
0.5793592929840088
0.6060422658920288
0.6729662418365479
0.6239923238754272
0.6595420241355896
0.6107368469238281
0.5818968415260315
0.672458827495575
0.6285196542739868
0.5993099212646484
0.5943389534950256
0.5929623246192932
0.6584893465042114
0.5731394290924072
0.5990081429481506
0.6171863079071045
0.6229772567749023
0.6237779259681702
0.6041524410247803
0.5688002705574036
0.6896606683731079
0.5935578942298889
0.6030222177505493
0.598558247089386
0.6004892587661743
0.6382434368133545
0.540769636631012
0.5841965079307556
0.6089178323745728
0.634672999382019
0.6075751781463623
0.6434755921363831
0.5670216679573059
0.6004965901374817
0.6405555009841919
0.5783861875534058
0.6155904531478882
0.5536249876022339
0.6136844754219055
0.6610397100448608
0.6231807470321655
0.5979219675064087
0.6104515790939331
0.6015076041221619
0.6770881414413452
0.5654176473617554
0.566125214099884
0.6157796382904053
0.6068660616874695
0.6486470699310303
0.6275434494018555
0.5815471410751343
0.5868691205978394
0.6057223677635193
0.5705525279045105
0.6025267839431763
0.6461085081100464
0.6159406304359436
0.6100260615348816
0.6401935815811157
0.5680578947067261
0.606704592704773
0.6351906657218933
0.5866691470146179
0.5941520929336548
0.6523627042770386
0.6498664021492004
0.6760070323944092
0.5756219029426575
0.5929762125015259
0.5977494716644287
0.6743489503860474
0.6329805850982666
0.5689274072647095
0.5892103910446167
0.5741653442382812
0.6085638999938965
0.6191302537918091
0.603420615196228
0.5893869400024414
0.6190962791442871
0.5971430540084839
0.5829125642776489
0.5692316293716431
0.6036760807037354
0.579050600528717
0.5761644840240479
0.5652661323547363
0.6076638698577881
0.6478880643844604
0.5509151816368103
0.5854796767234802
0.6043752431869507
0.6097352504730225
0.6365259885787964
0.6209927797317505
0.598753035068512
0.5831305980682373
0.593704342842102
0.586813747882843
0.6147632598876953
0.5944012403488159
0.595445990562439
0.6334946155548096
0.5639049410820007
0.593513548374176
0.5790490508079529
0.6327292919158936
0.6208938360214233
0.5833189487457275
0.6244043707847595
0.5670828819274902
0.5769602656364441
0.5930283665657043
0.5488175749778748
0.5990362763404846
0.5661486387252808
0.6197589635848999
0.6492049694061279
0.6020848155021667
0.6300073862075806
0.6290320754051208
0.5592939853668213
0.6061317920684814
0.6326804757118225
0.5745770335197449
0.5791481137275696
0.6144752502441406
0.5884066820144653
0.5987038016319275
0.6261531114578247
0.6058284640312195
0.6374636888504028
0.5804886817932129
0.5814252495765686
0.5688496828079224
0.5742355585098267
0.5876588821411133
0.5858274698257446
0.5919445753097534
0.5863059759140015
0.6212544441223145
0.54837566614151
0.6239351034164429
0.5835712552070618
0.6215196847915649
0.5847047567367554
0.6733914613723755
0.570344865322113
0.5951980948448181
0.6158424615859985
0.5895437002182007
0.6046463251113892
0.5638797879219055
0.583874523639679
0.6165239810943604
0.6403868198394775
0.6258041858673096
0.6044849157333374
0.593072772026062
0.5825943350791931
0.5853387713432312
0.5839933156967163
0.5645755529403687
0.6154434680938721
0.6072889566421509
0.5754809975624084
0.5697631239891052
0.5771747827529907
0.5905961990356445
0.5925889015197754
0.5685912370681763
0.5732656717300415
0.6036974787712097
0.6143925189971924
0.5834411382675171
0.5992734432220459
0.5619050860404968
0.5750810503959656
0.5970581769943237
0.5621865391731262
0.5938541293144226
0.5885376930236816
0.5867642164230347
0.5700528025627136
0.58549565076828
0.59747314453125
0.5842053294181824
0.5605384707450867
0.5608450174331665
0.616811215877533
0.6213954091072083
0.6772977709770203
0.5892177820205688
0.544931948184967
0.5833276510238647
0.5684189796447754
0.6600691676139832
0.5992323160171509
0.6204173564910889
0.6390320658683777
0.5793280601501465
0.6099058985710144
0.610744059085846
0.6064006090164185
0.578624963760376
0.5952200889587402
0.5688632130622864
0.6042150855064392
0.6630352735519409
0.6031308770179749
0.6053428649902344
0.5899658799171448
0.5790562629699707
0.623040497303009
0.5827359557151794
0.5906054973602295
0.6405714154243469
0.599383533000946
0.6347967386245728
0.6061713099479675
0.5976377725601196
0.5824834108352661
0.5347773432731628
0.5604404211044312
0.6091452836990356
0.6036978363990784
0.5725511908531189
0.5802143216133118
0.6209357380867004
0.5696315765380859
0.6050152778625488
0.5573729276657104
0.5774129629135132
0.6333605051040649
0.6178537607192993
0.591343104839325
0.5561925172805786
0.5764386057853699
0.5796625018119812
0.5520288944244385
0.572468638420105
0.6019873023033142
0.5971524715423584
0.6658172011375427
0.5720147490501404
0.5671589374542236
0.5898259282112122
0.5970243215560913
0.5960440635681152
0.5661424994468689
0.5863358378410339
0.5620180368423462
0.573634922504425
0.5761991143226624
0.5984089374542236
0.5708478093147278
0.5510271787643433
0.606040358543396
0.5850224494934082
0.5762549042701721
0.5861557722091675
0.5796153545379639
0.5773580074310303
0.553184986114502
0.6300329566001892
0.5989964604377747
0.5537338256835938
0.6168648600578308
0.6104395389556885
0.6156519651412964
0.6433981657028198
0.5871995687484741
0.5570186376571655
0.6089234352111816
0.5937873721122742
0.5722143650054932
0.6111864447593689
0.6014710664749146
0.606446385383606
0.5739438533782959
0.6193879246711731
0.6002925038337708
0.5578229427337646
0.6843194365501404
0.581921398639679
0.5712993144989014
0.5922071933746338
0.5434379577636719
0.6476294994354248
0.5999689102172852
0.5701712965965271
0.5735856890678406
0.5855539441108704
0.6102488040924072
0.5814894437789917
0.564452052116394
0.594817578792572
0.5699563026428223
0.6133708953857422
0.5569800138473511
0.5895322561264038
0.6345618963241577
0.5418931245803833
0.5837412476539612
0.5701613426208496
0.5838733315467834
0.5690368413925171
0.558853805065155
0.6219103336334229
0.6109021306037903
0.5675618648529053
0.6027039289474487
0.5807026624679565
0.5383396744728088
0.598301351070404
0.6100709438323975
0.5730778574943542
0.6093115210533142
0.6055825352668762
0.5873270034790039
0.5962032675743103
0.5920772552490234
0.6576818823814392
0.6076014041900635
0.6206018924713135
0.5771463513374329
0.5937415361404419
0.5550020337104797
0.5803356766700745
0.5610214471817017
0.6350998878479004
0.5915573835372925
0.5888869762420654
0.6573171019554138
0.610950231552124
0.5427795648574829
0.5353936553001404
0.5775542855262756
0.6558173894882202
0.5893600583076477
0.599236249923706
0.6067556142807007
0.6552944779396057
0.5684388875961304
0.5346114635467529
0.5559105277061462
0.6481647491455078
0.5830270051956177
0.6105095148086548
0.589004397392273
0.5797877907752991
0.5720381140708923
0.6847166419029236
0.5908340215682983
0.5847741365432739
0.5627076625823975
0.5938738584518433
0.6158466339111328
0.5775304436683655
0.6223431825637817
0.6017467975616455
0.5705623030662537
0.6211109161376953
0.6206506490707397
0.5822341442108154
0.581963300704956
0.5677154064178467
0.6428898572921753
0.6164771914482117
0.554550051689148
0.5945342779159546
0.6001943349838257
0.6567109823226929
0.6173694133758545
0.5695896148681641
0.5931901931762695
0.5953636169433594
0.5887635350227356
0.5767881274223328
0.5996385216712952
0.6132916808128357
0.5767554044723511
0.6292094588279724
0.5462123155593872
0.6303536295890808
0.6681749224662781
0.5648647546768188
0.5708078145980835
0.5995484590530396
0.5548511743545532
0.6450791954994202
0.6101477146148682
0.6732073426246643
0.5453694462776184
0.6120509505271912
0.6032852530479431
0.654720664024353
0.5364110469818115
0.5425819158554077
0.5630725026130676
0.5627058148384094
0.6075600981712341
0.6313120126724243
0.5939080715179443
0.5792471170425415
0.5659146904945374
0.6260069608688354
0.6055672764778137
0.6255812644958496
0.6016768217086792
0.5769582390785217
0.5755555033683777
0.5771998167037964
0.6171015501022339
0.579892098903656
0.5835866332054138
0.5944170951843262
0.6678589582443237
0.6419135332107544
0.5825788974761963
0.6016659140586853
0.5722993016242981
0.5949951410293579
0.5794773101806641
0.591451108455658
0.5650876760482788
0.5578677654266357
0.5357428789138794
0.5818104147911072
0.6262587308883667
0.6154636144638062
0.6190818548202515
0.5562744736671448
0.584316074848175
0.5412095189094543
0.603539764881134
0.6027529835700989
0.5852054357528687
0.5714878439903259
0.5715577006340027
0.5734121799468994
0.5830472707748413
0.6264561414718628
0.5759544968605042
0.6037517786026001
0.5910747051239014
0.6219315528869629
0.5582339763641357
0.5723003149032593
0.6047650575637817
0.5987631678581238
0.5869277119636536
0.6076043248176575
0.5664424896240234
0.5722850561141968
0.5953078269958496
0.5936718583106995
0.6271480321884155
0.6011751890182495
0.5991463661193848
0.5575640201568604
0.5669163465499878
0.6119206547737122
0.6182135343551636
0.5679627060890198
0.6062144637107849
0.5968068242073059
0.597976803779602
0.6235166788101196
0.5542407035827637
0.5214582681655884
0.5937515497207642
0.5856116414070129
0.5946495532989502
0.6141031980514526
0.5821731090545654
0.5543556809425354
0.5592249631881714
0.5860073566436768
0.5778722763061523
0.6199008226394653
0.5807791352272034
0.5572500824928284
0.5553129315376282
0.6196025609970093
0.5496392846107483
0.5718386173248291
0.594248354434967
0.5900353193283081
0.5638176202774048
0.600865364074707
0.5747371315956116
0.560058057308197
0.5602010488510132
0.6182098984718323
0.5423582196235657
0.6031733155250549
0.5869830846786499
0.5289508104324341
0.5679158568382263
0.6522694826126099
0.5976243615150452
0.559350848197937
0.5593850612640381
0.5677690505981445
0.6059876680374146
0.6143549680709839
0.6039355993270874
0.6023052930831909
0.581911563873291
0.6081831455230713
0.6139962077140808
0.5494674444198608
0.549593985080719
0.5980783700942993
0.5647333264350891
0.6335064768791199
0.6083595156669617
0.6245940327644348
0.5369651317596436
0.5669623613357544
0.5625762939453125
0.5677495002746582
0.6221173405647278
0.5431810617446899
0.5648062825202942
0.5765029788017273
0.5871395468711853
0.5622706413269043
0.5784518122673035
0.6265119314193726
0.5620014667510986
0.6504604816436768
0.5567604303359985
0.5847256779670715
0.5687364339828491
0.6239756345748901
0.6098108887672424
0.5787574052810669
0.5701888203620911
0.5662477612495422
0.5804215669631958
0.5858793258666992
0.5327534675598145
0.5267785787582397
0.5814598798751831
0.5895436406135559
0.6090192794799805
0.5689892172813416
0.642090380191803
0.5548222064971924
0.5803991556167603
0.6220753192901611
0.5830309987068176
0.6045349836349487
0.572656512260437
0.5972884893417358
0.5635863542556763
0.5794220566749573
0.5446897149085999
0.5801173448562622
0.5795683264732361
0.6116997003555298
0.5738207697868347
0.5899748206138611
0.5912706851959229
0.598418653011322
0.6130101680755615
0.6166908144950867
0.5723804831504822
0.5229957699775696
0.5903288125991821
0.5482320785522461
0.5789145231246948
0.6100199222564697
0.5502585768699646
0.6027135252952576
0.6411799192428589
0.5312322974205017
0.5442607998847961
0.6079044342041016
0.6101923584938049
0.5463447570800781
0.6006451845169067
0.5326493978500366
0.5897684097290039
0.6180298328399658
0.5457603335380554
0.6169605255126953
0.582422137260437
0.5730130076408386
0.5569431781768799
0.617239773273468
0.5666404962539673
0.591790497303009
0.6583585739135742
0.581626832485199
0.6084798574447632
0.5583749413490295
0.5607943534851074
0.5838015079498291
0.6156406402587891
0.6159437298774719
0.6023826599121094
0.5690431594848633
0.62679123878479
0.5856218338012695
0.5728439092636108
0.5574218034744263
0.5732454061508179
0.5203344821929932
0.5928525328636169
0.5826869606971741
0.5824848413467407
0.5782983303070068
0.5393891334533691
0.6155149936676025
0.5887564420700073
0.6229367256164551
0.5879273414611816
0.5693992972373962
0.5645040273666382
0.531429648399353
0.5728651285171509
0.5735867619514465
0.5475826859474182
0.5413845181465149
0.5753190517425537
0.5686616897583008
0.5850778818130493
0.6052641272544861
0.5742408633232117
0.6048113703727722
0.5665849447250366
0.5783268213272095
0.5703459978103638
0.5591802000999451
0.5513948202133179
0.6241521835327148
0.5709529519081116
0.5511085391044617
0.5469678640365601
0.5340006351470947
0.5862247943878174
0.5808448791503906
0.551222026348114
0.5550497174263
0.5737816095352173
0.5652650594711304
0.5771269202232361
0.6005874872207642
0.5644122958183289
0.538774311542511
0.5972455739974976
0.5778878331184387
0.5429071187973022
0.5729500651359558
0.5954341888427734
0.545730710029602
0.6242857575416565
0.616330623626709
0.5350938439369202
0.525516927242279
0.5815407633781433
0.5678255558013916
0.5465847849845886
0.5864849090576172
0.5881771445274353
0.5591412782669067
0.6003573536872864
0.5574949979782104
0.6049625277519226
0.5530061721801758
0.5494531393051147
0.6144466996192932
0.5886716246604919
0.5747655034065247
0.5580334067344666
0.5739407539367676
0.5640329718589783
0.6077020168304443
0.5755367279052734
0.5646610260009766
0.5594218373298645
0.6358463168144226
0.607363760471344
0.557147204875946
0.6482467651367188
0.5571327209472656
0.5587488412857056
0.5944324731826782
0.639265775680542
0.5662721395492554
0.5304657220840454
0.5707137584686279
0.5549910068511963
0.5368179082870483
0.6052847504615784
0.5442574620246887
0.5696312785148621
0.5691730976104736
0.5847811698913574
0.563179612159729
0.5574341416358948
0.5690247416496277
0.5690507292747498
0.6022086143493652
0.5854631066322327
0.5905932784080505
0.5454220771789551
0.5531467199325562
0.6337208151817322
0.5832242965698242
0.550357460975647
0.6124907732009888
0.5789438486099243
0.5499963760375977
0.5753297805786133
0.5895245671272278
0.5359923243522644
0.595194935798645
0.5547390580177307
0.580933153629303
0.5972299575805664
0.6111497282981873
0.6154115796089172
0.5997452139854431
0.560107946395874
0.5643145442008972
0.5917453765869141
0.5694088935852051
0.5893332362174988
0.5727478265762329
0.5576278567314148
0.5780967473983765
0.5835461616516113
0.5445222854614258
0.6422806978225708
0.5528922080993652
0.5844100117683411
0.5566475987434387
0.5801718831062317
0.5401170253753662
0.5322909355163574
0.5398198366165161
0.6312806606292725
0.6142269372940063
0.5499215126037598
0.5638573169708252
0.5445570945739746
0.5612630844116211
0.5626654624938965
0.5567013025283813
0.543578028678894
0.582633376121521
0.6061975955963135
0.5926249027252197
0.5463196039199829
0.5819575786590576
0.585829496383667
0.5709272027015686
0.5812172293663025
0.5400031208992004
0.5477362871170044
0.6023743748664856
0.5656813383102417
0.5918655395507812
0.6259068250656128
0.6079623103141785
0.6138348579406738
0.5403492450714111
0.5975098609924316
0.5557740926742554
0.5670971274375916
0.5556911826133728
0.5414866209030151
0.6328092813491821
0.6001567244529724
0.5803343057632446
0.5250750780105591
0.5482767820358276
0.583338737487793
0.5638519525527954
0.5527565479278564
0.610741376876831
0.6095706224441528
0.5917209386825562
0.6038010120391846
0.5435135960578918
0.5906068682670593
0.5849089026451111
0.6239209175109863
0.5412909984588623
0.5462391376495361
0.5300388932228088
0.5391879081726074
0.5874388217926025
0.5773139595985413
0.5576894879341125
0.6161916255950928
0.5492108464241028
0.573884904384613
0.6430331468582153
0.6206443905830383
0.5622978210449219
0.6056268215179443
0.5849433541297913
0.5748499631881714
0.5545498132705688
0.6211467385292053
0.6479457020759583
0.6188448667526245
0.5184530019760132
0.5513033270835876
0.5520875453948975
0.5623292922973633
0.6109170913696289
0.5808590650558472
0.5426855087280273
0.5372084975242615
0.5363326668739319
0.5653806924819946
0.6073881983757019
0.5506823062896729
0.5794550180435181
0.5756094455718994
0.5608996748924255
0.6233529448509216
0.5509585738182068
0.5635843873023987
0.5834699273109436
0.6050053834915161
0.6120867729187012
0.5854529142379761
0.5921750664710999
0.5732263922691345
0.5947595834732056
0.5737703442573547
0.5854393839836121
0.603135883808136
0.5292776823043823
0.5510561466217041
0.6106552481651306
0.5959644317626953
0.5527408123016357
0.5672455430030823
0.5834622383117676
0.5349588394165039
0.5771476626396179
0.5596277713775635
0.6098442077636719
0.58745276927948
0.6007351279258728
0.5490899682044983
0.5450187921524048
0.5875223278999329
0.5704392194747925
0.579236626625061
0.5779421925544739
0.537779688835144
0.5976124405860901
0.5646600127220154
0.5554032325744629
0.6315568685531616
0.5416956543922424
0.5748447179794312
0.5297943353652954
0.5547611117362976
0.6351513862609863
0.5743330717086792
0.6186686158180237
0.5870057344436646
0.5669885873794556
0.5877559781074524
0.6583137512207031
0.5791629552841187
0.5308613181114197
0.5656981468200684
0.5885254144668579
0.5762590765953064
0.5504029989242554
0.5904871225357056
0.5244867205619812
0.6222466230392456
0.5703353881835938
0.5786002278327942
0.537808895111084
0.6160765886306763
0.555530846118927
0.567406415939331
0.594287633895874
0.596725344657898
0.5933862924575806
0.5757910013198853
0.5877739191055298
0.607832670211792
0.5851098895072937
0.6293370723724365
0.5575004816055298
0.5351678729057312
0.5693911910057068
0.5598772764205933
0.5319619178771973
0.5569853782653809
0.5988200902938843
0.5495219230651855
0.5657106637954712
0.5389782190322876
0.5687477588653564
0.611720085144043
0.5432007312774658
0.5845255851745605
0.5544113516807556
0.5993244051933289
0.5630990266799927
0.5457726716995239
0.5114578604698181
0.583576500415802
0.6069546341896057
0.5715806484222412
0.5704846382141113
0.5631144046783447
0.5555309653282166
0.5526379346847534
0.5967341661453247
0.5675067901611328
0.5488948822021484
0.5405928492546082
0.5879234075546265
0.5534588694572449
0.5810953378677368
0.607597827911377
0.5913640260696411
0.5292994379997253
0.5454378128051758
0.5795501470565796
0.6094689965248108
0.5584384202957153
0.5497250556945801
0.5558397769927979
0.5328778028488159
0.5783172249794006
0.5575911998748779
0.5455052852630615
0.5791068077087402
0.5862745642662048
0.5192403197288513
0.5858769416809082
0.5344595909118652
0.5921565294265747
0.5979330539703369
0.5808453559875488
0.557668924331665
0.562705397605896
0.5967615842819214
0.5959492921829224
0.5518955588340759
0.6086265444755554
0.5586485862731934
0.6154643297195435
0.6296946406364441
0.522267758846283
0.5813150405883789
0.5622626543045044
0.5391810536384583
0.5546965599060059
0.5498793125152588
0.5566991567611694
0.6194194555282593
0.5435705184936523
0.5741093158721924
0.5530393123626709
0.5815442800521851
0.6049880385398865
0.58495032787323
0.6213153600692749
0.5473490953445435
0.5755961537361145
0.5265913009643555
0.5517374277114868
0.5542379021644592
0.5773454904556274
0.6005375385284424
0.5951346158981323
0.5575661063194275
0.5663059949874878
0.5616787672042847
0.5772093534469604
0.5508124828338623
0.589418888092041
0.5647265911102295
0.5797951221466064
0.5829926133155823
0.5521689057350159
0.6096546649932861
0.5704376697540283
0.6543950438499451
0.5791136026382446
0.5802017450332642
0.5653865933418274
0.5330342054367065
0.5548048615455627
0.5538046956062317
0.5604605078697205
0.5399662256240845
0.5277825593948364
0.5539968013763428
0.6454910039901733
0.5513796806335449
0.676591694355011
0.5417264699935913
0.5593059659004211
0.5847161412239075
0.5906559824943542
0.5656269788742065
0.5874350666999817
0.5194450616836548
0.5421631336212158
0.5603424906730652
0.5501178503036499
0.5571962594985962
0.5877580046653748
0.6002180576324463
0.5381472110748291
0.546076238155365
0.5485015511512756
0.5349743962287903
0.5612307190895081
0.5790740847587585
0.5970174074172974
0.609579861164093
0.5608554482460022
0.510438859462738
0.5690312385559082
0.5471991300582886
0.5671311616897583
0.5360825061798096
0.5326974391937256
0.573639452457428
0.5673338770866394
0.546688973903656
0.6046415567398071
0.5295331478118896
0.507705807685852
0.5849635601043701
0.5596014261245728
0.547761857509613
0.5660933256149292
0.605453372001648
0.5688636302947998
0.575244128704071
0.5461032390594482
0.5440809726715088
0.6241950988769531
0.6294523477554321
0.5395673513412476
0.5908138751983643
0.6422857046127319
0.5483076572418213
0.52350914478302
0.5939401984214783
0.5605633854866028
0.5745953321456909
0.599085807800293
0.5772335529327393
0.5741782188415527
0.5704724788665771
0.5366124510765076
0.6232880353927612
0.5459839701652527
0.51451176404953
0.5844776630401611
0.5219494104385376
0.5380595922470093
0.598527193069458
0.5552992224693298
0.6075884103775024
0.5684861540794373
0.5636144876480103
0.5699084997177124
0.5811049938201904
0.5552737712860107
0.5565177202224731
0.5680325627326965
0.6117517352104187
0.5435806512832642
0.5519123077392578
0.5709331631660461
0.5796862840652466
0.5646955370903015
0.5678131580352783
0.5457680225372314
0.5602605938911438
0.5720453858375549
0.5521524548530579
0.5381823778152466
0.5472879409790039
0.575706958770752
0.5519310832023621
0.5936082005500793
0.6033082008361816
0.6244651079177856
0.5828930735588074
0.5682311654090881
0.5581440925598145
0.6200188398361206
0.6011642217636108
0.589323878288269
0.5607683062553406
0.6084469556808472
0.541036069393158
0.5436177253723145
0.6047675013542175
0.5655580759048462
0.6556768417358398
0.5763509273529053
0.5348349809646606
0.5415002703666687
0.5493913888931274
0.5700594782829285
0.5809988379478455
0.6061245799064636
0.5762286186218262
0.6262537837028503
0.5633829236030579
0.5928853154182434
0.5497711896896362
0.5744565725326538
0.572437047958374
0.5711459517478943
0.558936357498169
0.6018679141998291
0.569471001625061
0.5259867310523987
0.5569112300872803
0.5700926184654236
0.5387099385261536
0.5276235342025757
0.5798288583755493
0.5485473871231079
0.5802586078643799
0.5959415435791016
0.5879650115966797
0.5368893146514893
0.5198347568511963
0.57784503698349
0.6064715385437012
0.5364425182342529
0.5637689232826233
0.6215997934341431
0.5999388098716736
0.5586591958999634
0.5474532842636108
0.6387802362442017
0.5810993313789368
0.5536648035049438
0.5961418151855469
0.5634905695915222
0.5346354842185974
0.5270999670028687
0.5759209394454956
0.5579315423965454
0.5560731291770935
0.6013626456260681
0.5599285960197449
0.5615621209144592
0.5732678771018982
0.6299964189529419
0.5645303130149841
0.6137828230857849
0.575537383556366
0.562605619430542
0.5941765308380127
0.5434226393699646
0.5789667963981628
0.6399075388908386
0.5996830463409424
0.5217316746711731
0.5468399524688721
0.5756272077560425
0.5499046444892883
0.5768048167228699
0.5728940963745117
0.566831111907959
0.5666912794113159
0.5708120465278625
0.5870540738105774
0.5742194652557373
0.533659040927887
0.5765405893325806
0.56964111328125
0.5732231140136719
0.5715046525001526
0.5574901103973389
0.5845599174499512
0.5999094247817993
0.5528140664100647
0.5614491701126099
0.5408546924591064
0.5592904090881348
0.5523236989974976
0.533282995223999
0.6251956224441528
0.5446787476539612
0.58961021900177
0.5743253231048584
0.6684548258781433
0.5588498115539551
0.6002783179283142
0.5847117900848389
0.6005924344062805
0.5741782188415527
0.5613071322441101
0.5631609559059143
0.6077064275741577
0.596065104007721
0.5618569850921631
0.5822129249572754
0.5808385610580444
0.5627331137657166
0.5588207840919495
0.599624752998352
0.5545384883880615
0.5503405332565308
0.5837097764015198
0.5417488217353821
0.5713181495666504
0.5441057682037354
0.5225683450698853
0.578231155872345
0.5858975648880005
0.5728563666343689
0.5391868352890015
0.537009596824646
0.5406893491744995
0.531613826751709
0.6512718796730042
0.5505384206771851
0.6081041097640991
0.5541949272155762
0.540629506111145
0.5454381108283997
0.5922061800956726
0.5738637447357178
0.5650314092636108
0.5630227327346802
0.505907416343689
0.5759915113449097
0.5273609757423401
0.5790157318115234
0.5998362302780151
0.5178644061088562
0.5495074987411499
0.5818647146224976
0.5455549359321594
0.5389292240142822
0.565022885799408
0.5768181681632996
0.5633910894393921
0.5689713954925537
0.5929061770439148
0.5543906688690186
0.5340490937232971
0.5828390121459961
0.5683066844940186
0.5579541325569153
0.5630167722702026
0.5794744491577148
0.552659273147583
0.6305925846099854
0.562192440032959
0.5505958199501038
0.6003786325454712
0.5506399273872375
0.548994779586792
0.5294097065925598
0.5427188873291016
0.5592029094696045
0.5334274768829346
0.5971329808235168
0.5837746858596802
0.5322281718254089
0.5583372116088867
0.5914808511734009
0.6636162996292114
0.5516035556793213
0.6101181507110596
0.5921570062637329
0.516618013381958
0.5928184986114502
0.5158796310424805
0.5841495990753174
0.5629656314849854
0.5712944269180298
0.5763498544692993
0.5439780354499817
0.5668009519577026
0.5219287872314453
0.5305266976356506
0.5877237319946289
0.5494426488876343
0.5303379893302917
0.5592701435089111
0.5071291923522949
0.5622803568840027
0.5346490144729614
0.5573007464408875
0.5269742608070374
0.6116300225257874
0.5783334970474243
0.5494498610496521
0.5663361549377441
0.570911169052124
0.5969977974891663
0.5940910577774048
0.5756895542144775
0.6049477458000183
0.5752659440040588
0.5603318810462952
0.6107118129730225
0.5622974634170532
0.568295955657959
0.5565800070762634
0.5587062835693359
0.5649862885475159
0.5753457546234131
0.5934607982635498
0.5574450492858887
0.5768060684204102
0.5707956552505493
0.575569212436676
0.5791448950767517
0.5268226861953735
0.5824804306030273
0.5408726930618286
0.5634521245956421
0.5459278225898743
0.5370163917541504
0.5321792364120483
0.5640119314193726
0.5395772457122803
0.5290875434875488
0.5344237089157104
0.5277480483055115
0.5350818634033203
0.5785037279129028
0.5741539001464844
0.5625064969062805
0.5842278003692627
0.5430554747581482
0.533187210559845
0.5487520098686218
0.5477925539016724
0.5434996485710144
0.5503421425819397
0.5339561700820923
0.570655882358551
0.5598715543746948
0.5481982827186584
0.5494164824485779
0.5654808282852173
0.6299434900283813
0.5771657824516296
0.5508573055267334
0.5406633615493774
0.551517903804779
0.5599896311759949
0.5288650393486023
0.5966008305549622
0.5334539413452148
0.5284011960029602
0.5673592686653137
0.5964574217796326
0.5656887888908386
0.588860034942627
0.5222216844558716
0.5683659315109253
0.5961853265762329
0.6357381343841553
0.5368999242782593
0.5844069719314575
0.5362218022346497
0.5152761936187744
0.5822045803070068
0.5302927494049072
0.5982768535614014
0.5986617803573608
0.6013072729110718
0.5942166447639465
0.5483359098434448
0.5356249809265137
0.5359364748001099
0.523896336555481
0.5096154808998108
0.5520740151405334
0.6014953255653381
0.5614959597587585
0.5887886881828308
0.5361275672912598
0.5496326088905334
0.527374804019928
0.5884565114974976
0.529276967048645
0.492617130279541
0.574721097946167
0.6308594942092896
0.5933813452720642
0.5415350794792175
0.5639556646347046
0.6107761859893799
0.5508033633232117
0.5808865427970886
0.5582064390182495
0.5835519433021545
0.5435710549354553
0.6018571257591248
0.6274807453155518
0.5480923652648926
0.5992408990859985
0.5216347575187683
0.5999131202697754
0.5593007802963257
0.562100350856781
0.5846389532089233
0.5364584922790527
0.5654193162918091
0.5587810277938843
0.622628927230835
0.5769259929656982
0.529552698135376
0.5367485284805298
0.584673285484314
0.5680663585662842
0.5818309783935547
0.560761570930481
0.569526731967926
0.5728827118873596
0.5581967830657959
0.5282862186431885
0.5775519013404846
0.5837675929069519
0.5852276682853699
0.5647944211959839
0.5320767760276794
0.5065942406654358
0.5326721668243408
0.5470627546310425
0.5963372588157654
0.5488080382347107
0.5540849566459656
0.5516777038574219
0.5389584898948669
0.5436446070671082
0.5309259295463562
0.5397943258285522
0.6026779413223267
0.5319093465805054
0.5163788795471191
0.5627238750457764
0.5501373410224915
0.5597400069236755
0.5371547341346741
0.5202465653419495
0.5954400300979614
0.5508100986480713
0.5774720907211304
0.5878515243530273
0.5364617109298706
0.5509536862373352
0.553464949131012
0.637529194355011
0.5313000679016113
0.5825517177581787
0.5709576606750488
0.5781010985374451
0.5200031995773315
0.5489075779914856
0.5258834958076477
0.5411831140518188
0.5485891103744507
0.5741692185401917
0.5282332897186279
0.5410445928573608
0.5700135231018066
0.6376900672912598
0.5895756483078003
0.5895710587501526
0.6006379723548889
0.5424476861953735
0.5682699680328369
0.5864004492759705
0.5286675691604614
0.57077956199646
0.5209746956825256
0.5577026009559631
0.5773142576217651
0.5394859313964844
0.5641043186187744
0.5786076784133911
0.5479589700698853
0.5405514240264893
0.5320549607276917
0.5333849787712097
0.5585326552391052
0.5211608409881592
0.5510505437850952
0.5356249213218689
0.5783565044403076
0.5235555768013
0.5709236264228821
0.5519558191299438
0.5434858798980713
0.6656539440155029
0.5700632929801941
0.6019211411476135
0.5505392551422119
0.5255491137504578
0.6097522974014282
0.5260440707206726
0.5657034516334534
0.546311616897583
0.5353901386260986
0.5402864217758179
0.5425642728805542
0.5842229127883911
0.5307515859603882
0.5432063937187195
0.5310453772544861
0.5501303672790527
0.5543901920318604
0.5264217257499695
0.5965244174003601
0.578216552734375
0.5450068712234497
0.5661348700523376
0.5223904252052307
0.5799462795257568
0.5592907667160034
0.5702356696128845
0.5855523347854614
0.5601367354393005
0.5496259331703186
0.5668004751205444
0.549378514289856
0.6595649719238281
0.5562736988067627
0.5401925444602966
0.5408628582954407
0.5415799617767334
0.6333543062210083
0.5536463260650635
0.5444378852844238
0.50946444272995
0.5471943616867065
0.5912343263626099
0.5092729330062866
0.5646321177482605
0.5670153498649597
0.5354470014572144
0.5561254620552063
0.5388704538345337
0.5263972878456116
0.5326432585716248
0.5633894205093384
0.5659036636352539
0.5839962959289551
0.5692474842071533
0.5707440376281738
0.5404965877532959
0.5972310900688171
0.5496574640274048
0.5315804481506348
0.5471274852752686
0.5445482730865479
0.5575822591781616
0.5565714836120605
0.5358386635780334
0.5410981178283691
0.5439183712005615
0.5402291417121887
0.5239422917366028
0.501796305179596
0.5301766395568848
0.5228193402290344
0.5335639119148254
0.5293192267417908
0.5827913880348206
0.5340996980667114
0.5764171481132507
0.5927922129631042
0.5187432765960693
0.5892922878265381
0.5563187003135681
0.5273869037628174
0.6195082664489746
0.517034649848938
0.5114424228668213
0.6054956912994385
0.5655255317687988
0.5525436401367188
0.5453360080718994
0.5833218097686768
0.6108583211898804
0.5511910319328308
0.5328298807144165
0.552061915397644
0.5520949363708496
0.5917194485664368
0.5659286975860596
0.5222857594490051
0.5580419301986694
0.5678688287734985
0.6270030736923218
0.5882757902145386
0.5590797066688538
0.5765330195426941
0.5775547027587891
0.5340991020202637
0.5538819432258606
0.5929433703422546
0.5397608876228333
0.5375876426696777
0.5491701364517212
0.5483207106590271
0.5507065057754517
0.5892122983932495
0.6039412617683411
0.5605817437171936
0.5689785480499268
0.5775365829467773
0.5638694763183594
0.5241632461547852
0.5869978666305542
0.5542982816696167
0.5660211443901062
0.5724270939826965
0.5434040427207947
0.5469890236854553
0.5976084470748901
0.5335778594017029
0.5260777473449707
0.5809539556503296
0.5304390788078308
0.5546545386314392
0.5759658813476562
0.5568659901618958
0.57989901304245
0.551469087600708
0.5391982793807983
0.5603312253952026
0.5592002868652344
0.5616637468338013
0.524836540222168
0.5778921246528625
0.5715090036392212
0.5467275381088257
0.5245676040649414
0.5037186741828918
0.5724309682846069
0.5473132133483887
0.5874860286712646
0.5679696798324585
0.5685285925865173
0.5276932120323181
0.558523416519165
0.5715603828430176
0.5397888422012329
0.5627864003181458
0.5488617420196533
0.5441808700561523
0.6089555621147156
0.5579279065132141
0.5598590970039368
0.5301206111907959
0.6181113719940186
0.550796389579773
0.5595470070838928
0.6166337728500366
0.5633872151374817
0.5876380801200867
0.5755086541175842
0.574386715888977
0.6167981624603271
0.5652878284454346
0.5469025373458862
0.5310161709785461
0.5258011817932129
0.617482602596283
0.5692303776741028
0.5705657601356506
0.5555875301361084
0.5988882184028625
0.514772891998291
0.5220652222633362
0.5899412631988525
0.5867162942886353
0.6004738211631775
0.5551817417144775
0.5756136775016785
0.6069129109382629
0.5974739789962769
0.5944327116012573
0.6340718269348145
0.585624098777771
0.5501551628112793
0.54678875207901
0.5958088636398315
0.5589269399642944
0.5609033107757568
0.6320412158966064
0.5783692002296448
0.5496566295623779
0.5598576068878174
0.5498942732810974
0.5750066041946411
0.5351442098617554
0.5645036101341248
0.5514228343963623
0.5219698548316956
0.5979598760604858
0.5995200276374817
0.5645097494125366
0.5559000968933105
0.5545961856842041
0.5385992527008057
0.537524402141571
0.5136579275131226
0.5947821736335754
0.5286695957183838
0.6130969524383545
0.5641295909881592
0.5445667505264282
0.5361471176147461
0.5301120281219482
0.5355074405670166
0.5065178871154785
0.5712818503379822
0.5501482486724854
0.5203869342803955
0.5456410646438599
0.6212459802627563
0.5274598598480225
0.597539484500885
0.5385624170303345
0.5579347610473633
0.5789713859558105
0.5450505018234253
0.5119854807853699
0.5376335382461548
0.5251349210739136
0.5530380010604858
0.5301503539085388
0.5013859272003174
0.5051133632659912
0.5568782091140747
0.5706881284713745
0.5895048379898071
0.534626841545105
0.5977662801742554
0.5322524309158325
0.5435709953308105
0.5820464491844177
0.5487936735153198
0.540696382522583
0.5628821849822998
0.5574462413787842
0.5299651026725769
0.5823739171028137
0.5440491437911987
0.5839092135429382
0.5336024761199951
0.6118413805961609
0.5474064350128174
0.5127533078193665
0.5381125211715698
0.5316504240036011
0.5608443021774292
0.5773084163665771
0.5407813191413879
0.5486513376235962
0.5913808941841125
0.5428082942962646
0.5808400511741638
0.5422098636627197
0.5323842167854309
0.535340428352356
0.5601357817649841
0.5389807820320129
0.5946518182754517
0.56802898645401
0.5485261678695679
0.5759132504463196
0.5445589423179626
0.5735806822776794
0.592162013053894
0.5316149592399597
0.539979100227356
0.5773248672485352
0.5436272621154785
0.5391623973846436
0.5198230147361755
0.5234816670417786
0.5593690872192383
0.5673315525054932
0.5524618029594421
0.5387495160102844
0.5408717393875122
0.514610767364502
0.5402722358703613
0.5931628942489624
0.5238535404205322
0.5257476568222046
0.5584042072296143
0.5564181804656982
0.6011619567871094
0.5746651291847229
0.6134338974952698
0.5566354393959045
0.5215244293212891
0.5324579477310181
0.5776506662368774
0.5905306339263916
0.5517036318778992
0.5467225909233093
0.5461404323577881
0.5458077192306519
0.5761315822601318
0.5326310992240906
0.5885428786277771
0.5616973042488098
0.5657451748847961
0.5237654447555542
0.508573055267334
0.6171532869338989
0.5677427053451538
0.5677599906921387
0.5532392263412476
0.5114107131958008
0.5383227467536926
0.5345427989959717
0.5444018840789795
0.5614950656890869
0.5167405605316162
0.5523049831390381
0.589260995388031
0.528854489326477
0.5708059072494507
0.5233558416366577
0.5907697677612305
0.5594557523727417
0.5257943868637085
0.567474901676178
0.5374501347541809
0.5756044983863831
0.5275728702545166
0.5453875064849854
0.5417478084564209
0.5618671178817749
0.5440982580184937
0.5524500608444214
0.5317404866218567
0.5495794415473938
0.5236482620239258
0.5560901165008545
0.5251761674880981
0.533944308757782
0.5393269062042236
0.5118169784545898
0.5571781992912292
0.5153295397758484
0.5447920560836792
0.5189892649650574
0.52076256275177
0.6137450337409973
0.5741114020347595
0.5429779887199402
0.5945700407028198
0.5226263999938965
0.5390520691871643
0.5320895314216614
0.5874027013778687
0.5807734131813049
0.5577600002288818
0.5395081043243408
0.5319349765777588
0.5350052118301392
0.547636866569519
0.5394372344017029
0.5350086092948914
0.5972006320953369
0.5366973876953125
0.5192499756813049
0.5596985220909119
0.5481769442558289
0.5466775894165039
0.5473139882087708
0.5688261985778809
0.5635205507278442
0.5660375356674194
0.5674928426742554
0.5149178504943848
0.531363844871521
0.5395892858505249
0.541533350944519
0.5779750347137451
0.5280370712280273
0.6188785433769226
0.5240027904510498
0.5075123310089111
0.5273965001106262
0.543069064617157
0.5480613112449646
0.5551340579986572
0.6189672946929932
0.5436415672302246
0.5528491735458374
0.5445564389228821
0.5679455995559692
0.5703473091125488
0.6036436557769775
0.5539118051528931
0.517995297908783
0.5333499908447266
0.6080098152160645
0.5265513062477112
0.5465536117553711
0.573788046836853
0.5597179532051086
0.5253834128379822
0.5508524179458618
0.5429936647415161
0.5191287994384766
0.5610620379447937
0.5290195941925049
0.5700170993804932
0.594232439994812
0.6046023964881897
0.5394623279571533
0.5878292322158813
0.5447214245796204
0.5239832401275635
0.5702780485153198
0.5300445556640625
0.5125347971916199
0.5581464171409607
0.5405305624008179
0.5281492471694946
0.5236998200416565
0.5595516562461853
0.5269495248794556
0.58100426197052
0.553909957408905
0.5432747602462769
0.596553385257721
0.5613347291946411
0.5405579805374146
0.590306282043457
0.5497391223907471
0.5271565914154053
0.549241304397583
0.5087094306945801
0.6062319278717041
0.5615721940994263
0.5002341270446777
0.537001371383667
0.5389889478683472
0.5573705434799194
0.5404530167579651
0.6323009729385376
0.5308780670166016
0.5294845700263977
0.5377069711685181
0.5792075395584106
0.5935910940170288
0.5738365650177002
0.5787849426269531
0.49656835198402405
0.5609409809112549
0.5566508769989014
0.5577546954154968
0.5450018048286438
0.5224097371101379
0.546042263507843
0.5201243758201599
0.547643780708313
0.5437737703323364
0.5747736692428589
0.5541808009147644
0.5300652980804443
0.5446455478668213
0.5589691400527954
0.5821317434310913
0.5326107144355774
0.5610589385032654
0.6235622763633728
0.522723376750946
0.5453035235404968
0.519644021987915
0.5371890068054199
0.5871354937553406
0.5381477475166321
0.5771291851997375
0.5714498162269592
0.528968334197998
0.4912281930446625
0.5623020529747009
0.5347312688827515
0.5806468725204468
0.5526906847953796
0.5246123671531677
0.5419715642929077
0.5494268536567688
0.5473698973655701
0.5670292377471924
0.5441246032714844
0.5245358943939209
0.5118738412857056
0.5368312001228333
0.49580711126327515
0.5713133215904236
0.4912649691104889
0.5486279726028442
0.5373406410217285
0.5781887173652649
0.5305353999137878
0.545625627040863
0.5188539028167725
0.5482527017593384
0.5559609532356262
0.5267266631126404
0.5241112112998962
0.5424329042434692
0.5577253699302673
0.5912258625030518
0.5625680685043335
0.5228002667427063
0.5253199338912964
0.575650691986084
0.5570905208587646
0.5775555968284607
0.6138895750045776
0.549076497554779
0.5310571193695068
0.5585487484931946
0.5767750144004822
0.5296744704246521
0.5633165240287781
0.5384724736213684
0.525982141494751
0.5270417928695679
0.5571897029876709
0.5724488496780396
0.5293538570404053
0.5410583019256592
0.5556290149688721
0.5582208037376404
0.5232429504394531
0.5506932139396667
0.518862783908844
0.5067400932312012
0.5752286911010742
0.5279033184051514
0.525122880935669
0.4908289909362793
0.5495247840881348
0.5181109309196472
0.5514543056488037
0.6106666922569275
0.5592708587646484
0.5480337738990784
0.5288218855857849
0.5519413948059082
0.5201110243797302
0.5325859785079956
0.5449661612510681
0.5059159398078918
0.5356900095939636
0.5185971260070801
0.5671032071113586
0.5648265480995178
0.5909400582313538
0.5393809080123901
0.566436767578125
0.5207250714302063
0.5865497589111328
0.5314511060714722
0.5650797486305237
0.6534385681152344
0.5238282084465027
0.5049842000007629
0.5896311402320862
0.5343006253242493
0.5241816639900208
0.5130017995834351
0.5935067534446716
0.5517034530639648
0.5482251048088074
0.5360303521156311
0.5791371464729309
0.5380399823188782
0.5542455315589905
0.5356289744377136
0.5826941728591919
0.5656431317329407
0.5125339031219482
0.535763144493103
0.5513349175453186
0.5583029985427856
0.5835947394371033
0.5182177424430847
0.5880982279777527
0.5559581518173218
0.5850270986557007
0.5908529758453369
0.5092023611068726
0.551809549331665
0.5492203235626221
0.5703277587890625
0.5303534269332886
0.5660228729248047
0.5394122004508972
0.5731150507926941
0.5315282940864563
0.5781458616256714
0.5330672264099121
0.5102403163909912
0.5382314324378967
0.550898015499115
0.584098219871521
0.5432156920433044
0.5297239422798157
0.5419449210166931
0.5685130953788757
0.5306795239448547
0.573916494846344
0.6142575740814209
0.5767881870269775
0.5247333645820618
0.5446255207061768
0.6125848889350891
0.524406909942627
0.5688023567199707
0.5788930654525757
0.5416001081466675
0.5330348014831543
0.5580177307128906
0.6042380332946777
0.5191419124603271
0.5619964599609375
0.5186272263526917
0.5481003522872925
0.5339249968528748
0.5306563973426819
0.549842894077301
0.5248867273330688
0.5377879738807678
0.541976273059845
0.5475386381149292
0.5002601146697998
0.5237811207771301
0.5619909763336182
0.5655115246772766
0.5456383228302002
0.525748610496521
0.5808046460151672
0.527734637260437
0.5604761838912964
0.56778484582901
0.5613029599189758
0.558545708656311
0.5301604270935059
0.5488591194152832
0.5465570688247681
0.5318328142166138
0.5751379132270813
0.5672804117202759
0.5720342397689819
0.5371034145355225
0.5842838287353516
0.5443087220191956
0.5206000208854675
0.5877342820167542
0.5346466302871704
0.5423370599746704
0.5189158916473389
0.5637862086296082
0.5563219785690308
0.5399202108383179
0.5495256185531616
0.535671055316925
0.5049206018447876
0.5386474132537842
0.5420075058937073
0.5867646932601929
0.5388531684875488
0.5386865139007568
0.5790013670921326
0.5354355573654175
0.5979155898094177
0.5296903848648071
0.5674117803573608
0.5427539944648743
0.515148937702179
0.5399050712585449
0.5095341801643372
0.5195547938346863
0.5180593729019165
0.49417996406555176
0.5369195938110352
0.5297814607620239
0.5906363725662231
0.5211645364761353
0.5428788661956787
0.5049125552177429
0.549137532711029
0.5391126871109009
0.581449031829834
0.5106552243232727
0.5222072601318359
0.5465430021286011
0.581706166267395
0.5382179617881775
0.5517393946647644
0.5168864727020264
0.5501593351364136
0.5063831210136414
0.5035218596458435
0.5116968154907227
0.5081678628921509
0.5580378770828247
0.528442919254303
0.5871893167495728
0.5881469249725342
0.5424460172653198
0.5960242748260498
0.5353366136550903
0.5805070400238037
0.5401054620742798
0.5301603078842163
0.5517705082893372
0.543865442276001
0.49925026297569275
0.6133013963699341
0.5095429420471191
0.5617282390594482
0.5374224185943604
0.5789285898208618
0.5323588252067566
0.5652655959129333
0.5048182606697083
0.5097371935844421
0.5829201936721802
0.5230886340141296
0.563747763633728
0.4999907612800598
0.5222916603088379
0.5429891347885132
0.5798279047012329
0.567987322807312
0.5290561318397522
0.5328173637390137
0.5592324137687683
0.5229031443595886
0.521908164024353
0.5536743998527527
0.5571420192718506
0.5321749448776245
0.5206306576728821
0.5216782689094543
0.5187439918518066
0.5481400489807129
0.51329505443573
0.5330056548118591
0.5329902768135071
0.525669276714325
0.5316202044487
0.5550810098648071
0.5505672693252563
0.5543582439422607
0.5567285418510437
0.5466675758361816
0.5153260827064514
0.5287240743637085
0.5350409746170044
0.5655837059020996
0.5061399936676025
0.5392065644264221
0.5349975824356079
0.5570194125175476
0.5239775776863098
0.5044315457344055
0.5265606641769409
0.5355046987533569
0.5146892070770264
0.5918385982513428
0.5760798454284668
0.5502277612686157
0.5233889222145081
0.5632296204566956
0.5348142385482788
0.5276963114738464
0.5095140337944031
0.5287571549415588
0.5473583340644836
0.5853707194328308
0.5376973152160645
0.5176329016685486
0.5946444272994995
0.5246432423591614
0.540041446685791
0.5297392010688782
0.5768040418624878
0.5240271091461182
0.5179402828216553
0.596138596534729
0.5864291191101074
0.5760313272476196
0.5366935729980469
0.5341889262199402
0.5608565807342529
0.5239853262901306
0.53387451171875
0.515252947807312
0.5461753010749817
0.5698457360267639
0.532651424407959
0.5464491844177246
0.512457013130188
0.5386818051338196
0.5178916454315186
0.5276629328727722
0.5324589610099792
0.513251781463623
0.5488114356994629
0.5093923211097717
0.5176486968994141
0.5748538970947266
0.5337140560150146
0.5743815898895264
0.5618035793304443
0.5531125664710999
0.6278960704803467
0.5454238653182983
0.5663320422172546
0.5210403203964233
0.5606566667556763
0.5569351315498352
0.5203654170036316
0.5452375411987305
0.5963894128799438
0.5810807943344116
0.5822935104370117
0.5570310354232788
0.5472526550292969
0.505023717880249
0.5348866581916809
0.5365844964981079
0.5448552370071411
0.5180056691169739
0.5098044872283936
0.5238430500030518
0.5423364639282227
0.5549262762069702
0.5124397277832031
0.5304123759269714
0.5395160913467407
0.5070503950119019
0.604926586151123
0.5520279407501221
0.598297119140625
0.5292136669158936
0.5367068648338318
0.5382312536239624
0.5545504689216614
0.5215011835098267
0.544698178768158
0.5153768062591553
0.5304715633392334
0.5031836032867432
0.555232048034668
0.5342965126037598
0.5864381194114685
0.5351271629333496
0.50249183177948
0.5264607071876526
0.5447287559509277
0.5620633959770203
0.5093538165092468
0.5559697151184082
0.5476266145706177
0.5443751215934753
0.5510426163673401
0.5571513175964355
0.5235375761985779
0.5083844661712646
0.5315202474594116
0.5630763173103333
0.5349420309066772
0.6051255464553833
0.5695526599884033
0.5305266380310059
0.5043498277664185
0.5167437195777893
0.518384575843811
0.5503913760185242
0.5483525395393372
0.5166224837303162
0.5065757036209106
0.5155686736106873
0.5134361982345581
0.5439595580101013
0.5743451714515686
0.5797997713088989
0.5407693982124329
0.5232278108596802
0.5578945875167847
0.5449226498603821
0.6062537431716919
0.5620070099830627
0.5393357276916504
0.5131475329399109
0.5578963160514832
0.5447353720664978
0.5035889744758606
0.557230532169342
0.5462726354598999
0.5442273616790771
0.5528644323348999
0.5352134704589844
0.559906542301178
0.5178243517875671
0.5336859226226807
0.5261836647987366
0.5557065010070801
0.577103316783905
0.5474021434783936
0.5152137279510498
0.5625247359275818
0.5573735237121582
0.5350679755210876
0.5457768440246582
0.5234872698783875
0.5149913430213928
0.5536553263664246
0.518360435962677
0.528174638748169
0.5317693948745728
0.5286732912063599
0.5946388244628906
0.539398729801178
0.5404325127601624
0.5296032428741455
0.5392687916755676
0.5213260650634766
0.5583541989326477
0.5340307354927063
0.5536785125732422
0.5253557562828064
0.5786784887313843
0.5233715772628784
0.5247746109962463
0.558233380317688
0.5350191593170166
0.5698722004890442
0.5124659538269043
0.5342541933059692
0.5288141369819641
0.532590925693512
0.5650879144668579
0.5355843901634216
0.5032094717025757
0.5496854186058044
0.554857611656189
0.5477444529533386
0.5264166593551636
0.5543115139007568
0.5183488726615906
0.5470173358917236
0.5347229838371277
0.5465322136878967
0.5252511501312256
0.513468325138092
0.5164690017700195
0.5303444266319275
0.5521926879882812
0.4988183379173279
0.5271862745285034
0.5402611494064331
0.5438390970230103
0.5093498229980469
0.5453574657440186
0.5255118608474731
0.5172990560531616
0.5355398654937744
0.5664096474647522
0.5140418410301208
0.5162964463233948
0.5252207517623901
0.5747084617614746
0.5874258875846863
0.5164607763290405
0.5434249639511108
0.5185235738754272
0.5394052267074585
0.5594087839126587
0.5359280705451965
0.5181264281272888
0.5956122279167175
0.5231478214263916
0.5293447375297546
0.6430460810661316
0.563836932182312
0.5352569818496704
0.5283898711204529
0.501009464263916
0.5439143180847168
0.5412411093711853
0.5136610865592957
0.5711987018585205
0.5138871669769287
0.5856471061706543
0.5285355448722839
0.510509729385376
0.5230273008346558
0.5515233278274536
0.5403710007667542
0.5767266750335693
0.5432969331741333
0.5119880437850952
0.5556842684745789
0.5315725207328796
0.5461137294769287
0.5396122932434082
0.5385533571243286
0.4891020655632019
0.5807064771652222
0.5578810572624207
0.5264798402786255
0.5690745115280151
0.5220727920532227
0.5670095682144165
0.5555992722511292
0.5057281851768494
0.5318344831466675
0.555696964263916
0.5417501926422119
0.5079140663146973
0.521023690700531
0.5559149980545044
0.5218586921691895
0.526095449924469
0.5050406455993652
0.5222962498664856
0.5311338901519775
0.5399429798126221
0.5224323272705078
0.5178670883178711
0.500576913356781
0.5118729472160339
0.5150971412658691
0.5267264246940613
0.5245274305343628
0.5464829206466675
0.6072855591773987
0.5331141948699951
0.5728634595870972
0.541823148727417
0.5594898462295532
0.5380477905273438
0.5331881642341614
0.5048487782478333
0.5971499681472778
0.5136669874191284
0.5309138894081116
0.512294352054596
0.5360366106033325
0.5545374155044556
0.6062721014022827
0.5158751010894775
0.5221854448318481
0.5072619318962097
0.5125479698181152
0.5163905024528503
0.6081539392471313
0.5453499555587769
0.571992814540863
0.5368449091911316
0.5604559183120728
0.5207265615463257
0.5251191854476929
0.565270185470581
0.5468961596488953
0.5589150190353394
0.5425996780395508
0.5991401076316833
0.5158491134643555
0.5383912324905396
0.5119907855987549
0.534263551235199
0.5309455394744873
0.5441109538078308
0.5593267679214478
0.5076892971992493
0.5703030824661255
0.5607208609580994
0.6002938747406006
0.508410632610321
0.5838349461555481
0.5355349779129028
0.5475448966026306
0.5515259504318237
0.5728027820587158
0.5708478689193726
0.5607432126998901
0.5195329189300537
0.5302125811576843
0.5693158507347107
0.5342708826065063
0.5541262030601501
0.545077383518219
0.5209692716598511
0.532651960849762
0.5380685329437256
0.555001437664032
0.5892448425292969
0.5494243502616882
0.5472230911254883
0.5362327694892883
0.5294404625892639
0.5333849787712097
0.5215021371841431
0.5198811292648315
0.5224628448486328
0.5310208201408386
0.5281709432601929
0.5325285196304321
0.5874282121658325
0.5232716202735901
0.5581998229026794
0.5605129599571228
0.5179949402809143
0.5151468515396118
0.5391417145729065
0.5361039638519287
0.5576591491699219
0.5121796131134033
0.5184179544448853
0.5109115839004517
0.534644603729248
0.5056077837944031
0.5322308540344238
0.565658688545227
0.5861435532569885
0.5590195655822754
0.5223934650421143
0.550373911857605
0.5561830401420593
0.5553144812583923
0.5503790378570557
0.576239287853241
0.5223414301872253
0.532322347164154
0.5279258489608765
0.5316357016563416
0.6024866104125977
0.5443615913391113
0.5286994576454163
0.5430737733840942
0.5493888258934021
0.5419560670852661
0.5436744093894958
0.5215357542037964
0.5168783068656921
0.5404800176620483
0.5317167043685913
0.5332446694374084
0.5133754014968872
0.5381490588188171
0.5797480940818787
0.4979013502597809
0.521379292011261
0.5432493686676025
0.5440647006034851
0.5566762685775757
0.47601622343063354
0.5165948867797852
0.5499318242073059
0.5233151912689209
0.5170930027961731
0.5446498990058899
0.5269106030464172
0.5467976331710815
0.5685566663742065
0.5103708505630493
0.539170503616333
0.5609906911849976
0.5186898112297058
0.5552260875701904
0.5161141753196716
0.5754013657569885
0.551884651184082
0.5467548966407776
0.5801129341125488
0.5650701522827148
0.5391132831573486
0.6042722463607788
0.5309227705001831
0.5549073815345764
0.5703805088996887
0.5186349153518677
0.5357193350791931
0.6142971515655518
0.5382323265075684
0.5480247735977173
0.5245789289474487
0.5123867392539978
0.5440182685852051
0.5328602194786072
0.5745225548744202
0.5445224046707153
0.5166880488395691
0.5392034649848938
0.5351324677467346
0.5467592477798462
0.5562908053398132
0.5599697828292847
0.5647602081298828
0.5360758304595947
0.5616110563278198
0.5147542953491211
0.5144856572151184
0.5274779796600342
0.5052684545516968
0.5880218148231506
0.5409315824508667
0.49532219767570496
0.5215770602226257
0.5460644364356995
0.5585420727729797
0.5147079825401306
0.5214038491249084
0.4965439438819885
0.5626669526100159
0.5491572618484497
0.5443432927131653
0.5337936878204346
0.5237086415290833
0.5193479061126709
0.5326491594314575
0.5445870161056519
0.5524085164070129
0.49424704909324646
0.5785264372825623
0.5289565920829773
0.5334888696670532
0.5404751300811768
0.5078994035720825
0.5096467137336731
0.5499712228775024
0.5189806222915649
0.5188755393028259
0.5847752094268799
0.5599921941757202
0.5435740351676941
0.5461205244064331
0.5292882323265076
0.5369691848754883
0.5302778482437134
0.5028220415115356
0.5373519062995911
0.628853440284729
0.4963134825229645
0.5502932071685791
0.5429719686508179
0.5145309567451477
0.5234625935554504
0.559736967086792
0.5185405015945435
0.5368632078170776
0.48826637864112854
0.5093981027603149
0.5419981479644775
0.5112901329994202
0.5896011590957642
0.533829391002655
0.5144903063774109
0.6033979654312134
0.5048150420188904
0.4977058172225952
0.5336257219314575
0.48633503913879395
0.512291431427002
0.5156249403953552
0.5370292663574219
0.5031490325927734
0.5469561815261841
0.546068012714386
0.5423847436904907
0.5453736186027527
0.571387529373169
0.5074700713157654
0.5595125555992126
0.5440716743469238
0.5106843113899231
0.5489608645439148
0.5742577314376831
0.5480405688285828
0.529267430305481
0.523953914642334
0.5516237020492554
0.5395293831825256
0.552216649055481
0.5202181935310364
0.5207101702690125
0.5382169485092163
0.5495747327804565
0.5963393449783325
0.5089109539985657
0.5058525800704956
0.5483545064926147
0.5038470029830933
0.49814751744270325
0.5668028593063354
0.5232475996017456
0.532401442527771
0.5752090215682983
0.5208652019500732
0.5623506903648376
0.5332638621330261
0.5272818803787231
0.5665518641471863
0.529664933681488
0.530404806137085
0.6034645438194275
0.5470941662788391
0.5319386124610901
0.5501570105552673
0.5188502073287964
0.5566273927688599
0.552444577217102
0.59599769115448
0.5516950488090515
0.5431419014930725
0.5169784426689148
0.6139112710952759
0.5334188938140869
0.5783295035362244
0.5351524353027344
0.5228192210197449
0.5268529653549194
0.5226048231124878
0.47528350353240967
0.5519843697547913
0.5210509300231934
0.5176233053207397
0.5237817764282227
0.5146148204803467
0.5432316660881042
0.5678192973136902
0.5584683418273926
0.5337637662887573
0.5988901853561401
0.525458812713623
0.534974992275238
0.5330474972724915
0.5379379391670227
0.5185925364494324
0.507454514503479
0.5693569183349609
0.49962663650512695
0.5871621370315552
0.5712690353393555
0.5666546821594238
0.5393762588500977
0.5254789590835571
0.5328173041343689
0.5050061941146851
0.5284038782119751
0.5542072057723999
0.5706724524497986
0.5128019452095032
0.5232758522033691
0.5438520908355713
0.529689610004425
0.5934548377990723
0.5050011277198792
0.5552276968955994
0.5368356108665466
0.514927327632904
0.5483758449554443
0.5604854226112366
0.5450852513313293
0.5157597064971924
0.5612186193466187
0.5207849740982056
0.5340490937232971
0.5165749192237854
0.529516339302063
0.5307915806770325
0.5902174115180969
0.5221184492111206
0.5801795125007629
0.5746666789054871
0.563026487827301
0.5410295724868774
0.548084020614624
0.5304735898971558
0.5450794100761414
0.5301900506019592
0.5324476361274719
0.5164000988006592
0.5403854250907898
0.5058155059814453
0.5267007350921631
0.5377658605575562
0.5624728798866272
0.5648359060287476
0.5172293186187744
0.5532246828079224
0.5130797624588013
0.4940103590488434
0.5694614052772522
0.5147684812545776
0.518913984298706
0.5196887850761414
0.5464725494384766
0.5450130701065063
0.5130851864814758
0.5545921325683594
0.5274832248687744
0.5477029085159302
0.5102488994598389
0.5496713519096375
0.5506069660186768
0.5583084225654602
0.5117813348770142
0.5498630404472351
0.5765297412872314
0.55384761095047
0.5230125188827515
0.501213014125824
0.5590581893920898
0.5013352632522583
0.5607369542121887
0.5215938091278076
0.5057778358459473
0.5384520888328552
0.5169517397880554
0.5185906291007996
0.5144641995429993
0.5558445453643799
0.5341375470161438
0.560897171497345
0.5572537183761597
0.5078823566436768
0.534669041633606
0.6095281839370728
0.5540770292282104
0.5312274694442749
0.5319722294807434
0.5408870577812195
0.550140380859375
0.5162287950515747
0.5143973231315613
0.5276256203651428
0.5328965187072754
0.5116204619407654
0.547181248664856
0.527519941329956
0.5311031937599182
0.5377313494682312
0.5139617919921875
0.5269548892974854
0.5504125952720642
0.5212510824203491
0.52252596616745
0.5279112458229065
0.5221750736236572
0.5456125140190125
0.5180498361587524
0.5218482613563538
0.5327577590942383
0.528308093547821
0.4988265633583069
0.5252883434295654
0.5370216965675354
0.5104465484619141
0.5893648266792297
0.5433922410011292
0.5038454532623291
0.5473492741584778
0.5417911410331726
0.5226009488105774
0.5075857639312744
0.5105777978897095
0.6027569770812988
0.5131517648696899
0.5323956608772278
0.540736198425293
0.5244024991989136
0.5377243757247925
0.5013989210128784
0.5225897431373596
0.5109678506851196
0.5084992051124573
0.5297464728355408
0.5570890307426453
0.5740166902542114
0.4977385103702545
0.5407904982566833
0.5110390186309814
0.5389584302902222
0.5631365776062012
0.5860974192619324
0.5168436765670776
0.5287760496139526
0.5205653309822083
0.5256959199905396
0.5336521863937378
0.6116589307785034
0.509728193283081
0.5218440294265747
0.5325127840042114
0.509948194026947
0.5084249377250671
0.49875593185424805
0.5062358379364014
0.5769196152687073
0.5435687303543091
0.5054332613945007
0.523798406124115
0.510093092918396
0.5350346565246582
0.5105037689208984
0.4856061637401581
0.5668638944625854
0.5588412284851074
0.5881280303001404
0.5868162512779236
0.5799586772918701
0.5348081588745117
0.5513874292373657
0.5322112441062927
0.5079754590988159
0.5405496954917908
0.5448130369186401
0.5194991827011108
0.5979405641555786
0.5259841680526733
0.5492038726806641
0.5085576176643372
0.5016659498214722
0.501137912273407
0.6329907774925232
0.5091131925582886
0.5438488721847534
0.535569429397583
0.5225065350532532
0.5492600202560425
0.5640771985054016
0.5092020630836487
0.5553348064422607
0.5229663252830505
0.5164583921432495
0.5499845743179321
0.5528503656387329
0.4984346032142639
0.552692174911499
0.5514336228370667
0.5181280374526978
0.5244792103767395
0.5540767908096313
0.5452783107757568
0.4786398708820343
0.507070004940033
0.5545086860656738
0.4959719181060791
0.5162306427955627
0.5237988233566284
0.5263628959655762
0.5550298094749451
0.5220019221305847
0.5305412411689758
0.5457767248153687
0.5107816457748413
0.527221143245697
0.5053877830505371
0.5098475813865662
0.5213878750801086
0.5752755999565125
0.5408207178115845
0.5467245578765869
0.5206568241119385
0.5606169104576111
0.5929397940635681
0.5364417433738708
0.5164980292320251
0.5151239633560181
0.5377763509750366
0.5426697731018066
0.51666659116745
0.5380144715309143
0.5090000629425049
0.5058411359786987
0.5193202495574951
0.5191491842269897
0.5045487880706787
0.5230916142463684
0.5570704936981201
0.6006361246109009
0.5475110411643982
0.5304363965988159
0.5128428936004639
0.5061319470405579
0.5307736396789551
0.5490853190422058
0.49505895376205444
0.5640531778335571
0.5176610350608826
0.5074123740196228
0.6051729321479797
0.5778810977935791
0.49914994835853577
0.5852174758911133
0.5937886238098145
0.566844642162323
0.5238541960716248
0.5435738563537598
0.5254278182983398
0.543114423751831
0.532334566116333
0.5372428894042969
0.5038298964500427
0.5634918212890625
0.4862957000732422
0.5352430939674377
0.5131303071975708
0.5246546268463135
0.5313752889633179
0.5282873511314392
0.5353730320930481
0.5562942624092102
0.549562931060791
0.5127144455909729
0.5993785858154297
0.5324360132217407
0.5059495568275452
0.5178638696670532
0.5514020919799805
0.5516853332519531
0.5464452505111694
0.5479370355606079
0.4985887110233307
0.5336376428604126
0.5104261636734009
0.5095299482345581
0.49172812700271606
0.5201414823532104
0.5153200626373291
0.49798858165740967
0.5192115902900696
0.523888885974884
0.5082505345344543
0.5334792137145996
0.561738908290863
0.5204405188560486
0.5154548287391663
0.5335695147514343
0.5185396075248718
0.549366295337677
0.5063696503639221
0.4998168349266052
0.569398045539856
0.5514744520187378
0.5363080501556396
0.5254527926445007
0.5541630983352661
0.5363133549690247
0.5606029033660889
0.5043219327926636
0.5431168675422668
0.5550307631492615
0.5619595050811768
0.5363181829452515
0.5459420084953308
0.52436363697052
0.5141806602478027
0.5538933873176575
0.5195717215538025
0.5491081476211548
0.552059531211853
0.5226296186447144
0.5590910911560059
0.5032240152359009
0.550398588180542
0.5457882881164551
0.5329121351242065
0.5733774900436401
0.5371863842010498
0.5846658945083618
0.54606693983078
0.5250223875045776
0.5454596877098083
0.5516833066940308
0.5264602899551392
0.5277872681617737
0.5755102038383484
0.5505123138427734
0.5488907098770142
0.5386748909950256
0.5341376066207886
0.5326976776123047
0.5531742572784424
0.5293824076652527
0.5932527780532837
0.5040914416313171
0.5852919816970825
0.5320501327514648
0.5290440917015076
0.4985801577568054
0.5398125052452087
0.6129096746444702
0.5389233231544495
0.512794017791748
0.590759813785553
0.5859768986701965
0.5456557273864746
0.49977272748947144
0.5217734575271606
0.5134439468383789
0.4908100664615631
0.5145623683929443
0.5219302177429199
0.532073974609375
0.4939633309841156
0.5455161929130554
0.5542623400688171
0.5294246673583984
0.5246069431304932
0.5781452059745789
0.5140236020088196
0.5652718544006348
0.5189312100410461
0.5689767599105835
0.5489268898963928
0.5118522644042969
0.5159529447555542
0.5375562906265259
0.5543927550315857
0.5175105333328247
0.5664834380149841
0.5278528928756714
0.5457341074943542
0.5068191885948181
0.4989374577999115
0.4952375888824463
0.524294376373291
0.5200064778327942
0.5086953639984131
0.5651246309280396
0.5941616892814636
0.5227540135383606
0.6392400860786438
0.5544033050537109
0.5218434929847717
0.5078809857368469
0.5138620138168335
0.5044318437576294
0.5487086176872253
0.5049315690994263
0.5430864691734314
0.5155908465385437
0.582366943359375
0.5825473070144653
0.5283759236335754
0.5058320760726929
0.5732535123825073
0.5425354838371277
0.5126620531082153
0.5808544754981995
0.5516964197158813
0.5296071767807007
0.5690631866455078
0.5143129825592041
0.490967333316803
0.49601417779922485
0.5617079138755798
0.5671371221542358
0.5292426943778992
0.5302450656890869
0.5787227153778076
0.5054395794868469
0.5187463760375977
0.5375691652297974
0.5043140053749084
0.5147122740745544
0.5287500619888306
0.5401045083999634
0.5278521776199341
0.5287739634513855
0.5218689441680908
0.5153627395629883
0.5023677945137024
0.5797989368438721
0.5308538675308228
0.5742353200912476
0.5197340846061707
0.5192812085151672
0.4978463053703308
0.4999558627605438
0.5304074287414551
0.505328893661499
0.581559419631958
0.529822587966919
0.5811479091644287
0.5164793729782104
0.5077868700027466
0.536169171333313
0.5917211174964905
0.5337537527084351
0.5134646892547607
0.517422616481781
0.5758849382400513
0.5547150373458862
0.49839723110198975
0.5295171737670898
0.5157395005226135
0.540861964225769
0.5392382144927979
0.5257465243339539
0.5319827795028687
0.5025400519371033
0.5471415519714355
0.5463070273399353
0.5199345350265503
0.5272093415260315
0.55291748046875
0.515499472618103
0.5171335935592651
0.5184723138809204
0.5248689651489258
0.5754039883613586
0.5370007753372192
0.5382938385009766
0.5119592547416687
0.5259539484977722
0.5448945760726929
0.5124842524528503
0.5581490993499756
0.5461360812187195
0.5199058651924133
0.6010994911193848
0.5547783374786377
0.5206952691078186
0.5028537511825562
0.5542553663253784
0.5460997223854065
0.5449569821357727
0.5120740532875061
0.5582902431488037
0.5487969517707825
0.5322716236114502
0.5546329021453857
0.5408498644828796
0.5093283653259277
0.5381425023078918
0.5084251761436462
0.5400396585464478
0.5139656066894531
0.5086761713027954
0.5032180547714233
0.5758689641952515
0.5065786838531494
0.5354424715042114
0.4991075396537781
0.5917691588401794
0.5379791259765625
0.4984543025493622
0.5089231133460999
0.4883915185928345
0.586772084236145
0.5695295929908752
0.5262563228607178
0.5298271179199219
0.52777498960495
0.5258626341819763
0.5890293717384338
0.5074969530105591
0.5744531750679016
0.5268770456314087
0.522141695022583
0.5352301001548767
0.5799980759620667
0.5619457960128784
0.5247107148170471
0.5313841104507446
0.4980376362800598
0.5020884275436401
0.5541390776634216
0.5333503484725952
0.5336164236068726
0.5388736724853516
0.5443411469459534
0.5209738612174988
0.528693437576294
0.4985593855381012
0.5456442832946777
0.513599693775177
0.5355410575866699
0.49709442257881165
0.560991644859314
0.52973473072052
0.5076241493225098
0.513615608215332
0.5233719944953918
0.5303847193717957
0.5437624454498291
0.5632064342498779
0.5296597480773926
0.511746346950531
0.557388186454773
0.5188910365104675
0.5090204477310181
0.5372054576873779
0.5522996783256531
0.5430455207824707
0.5282019376754761
0.5442016124725342
0.5023189783096313
0.5073413848876953
0.5302187204360962
0.504562258720398
0.5158377289772034
0.5267719030380249
0.5278831124305725
0.5423728823661804
0.5300689935684204
0.5286295413970947
0.546907901763916
0.5064537525177002
0.5128424763679504
0.4938035011291504
0.5264571905136108
0.6035876274108887
0.5010125637054443
0.5313851237297058
0.5543514490127563
0.5620324611663818
0.5163152813911438
0.49613961577415466
0.5492066144943237
0.540429949760437
0.5012413859367371
0.5122126340866089
0.5061308741569519
0.5080999135971069
0.5307742953300476
0.49019572138786316
0.5552304983139038
0.5265967845916748
0.6309778690338135
0.515755295753479
0.5265154838562012
0.5030910968780518
0.496123343706131
0.522203803062439
0.567503809928894
0.5577241778373718
0.5698739290237427
0.5343573689460754
0.4844692647457123
0.5117775797843933
0.5198885798454285
0.5432619452476501
0.5297762155532837
0.5630882978439331
0.559954047203064
0.5416297316551208
0.5590879917144775
0.51985764503479
0.5483142137527466
0.5387558937072754
0.49880391359329224
0.561336874961853
0.5384607315063477
0.5186298489570618
0.5446621775627136
0.5101419687271118
0.5233011245727539
0.5516720414161682
0.5045187473297119
0.5062723159790039
0.4893825650215149
0.5230492949485779
0.5562244057655334
0.5008155107498169
0.5455505847930908
0.5485584735870361
0.5515410900115967
0.5217925906181335
0.530429482460022
0.5172054171562195
0.5956653356552124
0.579242467880249
0.5385896563529968
0.49975576996803284
0.5579783916473389
0.5539374351501465
0.5546614527702332
0.5099613070487976
0.5881336331367493
0.5099310278892517
0.6046923398971558
0.550136923789978
0.572640597820282
0.5292977690696716
0.5462760925292969
0.519690990447998
0.49587470293045044
0.5526309013366699
0.5113767981529236
0.5309993028640747
0.5774481296539307
0.5642493367195129
0.5118799805641174
0.5283631682395935
0.5132229328155518
0.5487339496612549
0.5374594330787659
0.5155246257781982
0.5555527210235596
0.5286047458648682
0.5349832773208618
0.5520581007003784
0.4814370274543762
0.5542057752609253
0.6065030097961426
0.5094370245933533
0.5255978107452393
0.5018177032470703
0.5496163368225098
0.492881178855896
0.5069131851196289
0.5589969158172607
0.5420203804969788
0.5519189238548279
0.5258909463882446
0.5355056524276733
0.5058689117431641
0.5368778109550476
0.5633437633514404
0.5309019088745117
0.5463755130767822
0.5751744508743286
0.5188484787940979
0.5348646640777588
0.5364887714385986
0.5400451421737671
0.5178765058517456
0.5314271450042725
0.5253056287765503
0.526126503944397
0.5138252973556519
0.5134257078170776
0.5952743291854858
0.5546870231628418
0.5134746432304382
0.5785974860191345
0.5423293709754944
0.5600806474685669
0.5164028406143188
0.5576313138008118
0.5445958375930786
0.5426452159881592
0.5465114116668701
0.5564749240875244
0.5278772115707397
0.5161340236663818
0.5153605937957764
0.5180509090423584
0.502485990524292
0.5170151591300964
0.5191903114318848
0.5011714696884155
0.5227667689323425
0.5232200622558594
0.5273085236549377
0.5298292636871338
0.4943987727165222
0.5621154308319092
0.5135436058044434
0.506969153881073
0.5202051997184753
0.5486428141593933
0.5520915985107422
0.5471934676170349
0.5131933093070984
0.5329970121383667
0.5468457937240601
0.5295261144638062
0.516956090927124
0.5031720399856567
0.5245929956436157
0.5475037097930908
0.5043062567710876
0.5047949552536011
0.49114471673965454
0.5259308815002441
0.5471157431602478
