2.155390735828515
1.6948144435882568
1.665787772698836
1.6340794551252114
1.624355090989007
1.6125217206550366
1.6135862054246846
1.6141592396630182
1.5970424895334725
1.5920820537239615
1.598089661261048
1.6080693909616182
1.5685209493444423
1.5856341328283754
1.5823232019790496
1.5788718654651834
1.58814991002131
1.5747195915742354
1.5661332005202169
1.5383692859399198
1.5460473323109174
1.563448424291129
1.5459641170020055
1.5468173930139253
1.5250827603869967
1.529124014305346
1.5407641391561488
1.5439436387534093
1.5253917604985863
1.5411158523174247
1.508798967708241
1.5362666929611053
1.5448247218372846
1.5288589590727681
1.548609455426534
1.4945402073137688
1.5176052986973463
1.4784147655121003
1.511638394509903
1.5294476398313888
1.5148270081992101
1.5080502827962239
1.52951271004147
1.521817198907486
1.4863533251213306
1.5095883041921287
1.4570706480681295
1.4931937588585749
1.5004759882435654
1.4720645480685763
1.4592661424116655
1.4808653400401877
1.4584980360185258
1.4608909529869003
1.4832647448838359
1.4797203926124958
1.4595692410613552
1.4866610572795675
1.4927387791450577
1.4695822144999648
1.4360371394590898
1.453321712185638
1.4748106255675808
1.4442916783419522
1.4351529786081025
1.4472591684322165
1.469204104307926
1.455082553805727
1.4265972839461432
1.4469253884421454
1.4156324694855045
1.4011763213860868
1.435767447105562
1.4341216882069905
1.4297106916254216
1.460445422114748
1.4402880524144028
1.4287620451715257
1.4385048590525231
1.4264642048363734
1.434612968955377
1.4515369576637192
1.4453274029673953
1.427315814326508
1.396978456564624
1.398758534229163
1.415327427965222
1.4069819624977882
1.41840398311615
1.441782985070739
1.407410979270935
1.411796389204083
1.395743783676263
1.402612445932446
1.403933660550551
1.3859956962893707
1.3965930727997211
1.427270688191809
1.4065113970727632
1.4039398281261175
1.4012462177661935
1.4072342388557666
1.3924658021541556
1.4159073143294363
1.4050928673358878
1.3885533388214881
1.3759919067825934
1.4120043564324427
1.3854379569641266
1.377741738401278
1.3388109020512513
1.3818934421346645
1.3747394331777938
1.3911141458183829
1.3883394388237384
1.350561872877256
1.3811383927711334
1.399183669475594
1.3464239263775373
1.376708068028845
1.3577277919258735
1.3788367353304467
1.39443414379852
1.334317238643916
1.3793428624519195
1.3878787713821488
1.3633385824434685
1.3293063538243073
1.3636457155449222
1.3448702729109563
1.3441814051734076
1.3760586350855202
1.3608317917043513
1.3536806588221078
1.329835375752112
1.3717053400145636
1.359585114801773
1.360742333561483
1.369611762388788
1.348469356695811
1.3591093758139947
1.3523571551448168
1.3511975708633963
1.3748493628068403
1.3280310383950822
1.3576023036783391
1.3663024113635824
1.3474214347926052
1.3363535350019282
1.3047684804357664
1.38330052838181
1.3440480388776221
1.3386702766322127
1.334657705793477
1.3427503891665526
1.3374226936186202
1.3984297568147832
1.3551310806563406
1.3654514268191174
1.3403025552479908
1.3681169850657684
1.3180235756768122
1.3110401389574764
1.3475031377089144
1.3208415622663017
1.3449522100313744
1.3289977631183585
1.3283137937988898
1.3126073413425021
1.327172101146043
1.34898467316772
1.3635451221706891
1.3387345804108515
1.3200434476438194
1.3486001503587974
1.3229749690402637
1.3516116413203152
1.3016164850707006
1.3317908879482385
1.3193833906241137
1.310359709792667
1.3246878018282882
1.3086052813915292
1.3105865566417425
1.327775336275197
1.306278570733889
1.330635575935094
1.3020002011096838
1.3179179544400688
1.2936498281931637
1.3057417700989078
1.3133254803792396
1.3132939946771873
1.3531538290206833
1.2972954144381514
1.32741326033467
1.2876631647649437
1.2591980250194819
1.3415764889331778
1.290311691134867
1.301944284126012
1.2905066934498874
1.3293822064544216
1.3042991769434227
1.3048954913110444
1.2647498834012734
1.2715315686331854
1.2956879391814724
1.2994764272612755
1.2937569558018385
1.2987136244773865
1.2815785829467004
1.2663676196878606
1.2786042028003268
1.3016707590132048
1.2833484519611706
1.2553195218847255
1.2904144940954265
1.2415299818973349
1.297155226119841
1.314894700893248
1.2754360323000435
1.3573542959762341
1.2864157455136078
1.27782393766172
1.2666319831453188
1.2478371557563241
1.2850904807899937
1.2912709538382714
1.3031940941858773
1.2768034001793525
1.2730025233644429
1.3040695088078278
1.2942576956267309
1.2792526718341943
1.3315786622991466
1.278910027609931
1.275567945205804
1.2954263000777273
1.2846471835868527
1.281103344276698
1.293154198713977
1.2927729788452689
1.2653596997261047
1.298712184934905
1.2746288938955828
1.291084880178625
1.2960598926351528
1.2824427389135264
1.3014609994310322
