7.4155964851379395
6.277883529663086
3.8579888343811035
4.152524948120117
2.886852502822876
2.5293970108032227
1.9981844425201416
1.6887316703796387
2.0834710597991943
1.6217116117477417
1.4513338804244995
1.635103702545166
1.259810447692871
1.2002923488616943
1.5758167505264282
1.2215231657028198
1.7741565704345703
1.1319754123687744
1.028454065322876
1.2825180292129517
0.7569305300712585
0.9095653295516968
0.9747312664985657
0.8180673122406006
0.5910108089447021
1.4149174690246582
0.7819864749908447
0.9131345748901367
0.6760509014129639
0.8684993982315063
0.8198094367980957
1.0301976203918457
0.7717984914779663
0.771998405456543
1.2887625694274902
0.9589065313339233
0.6492470502853394
0.6481383442878723
0.7336694002151489
0.7691172361373901
0.5676804184913635
0.7489537000656128
0.8665487766265869
0.48206010460853577
0.7383450269699097
0.770266056060791
0.8436397910118103
0.6997758150100708
0.6469991207122803
0.6818031668663025
0.801773190498352
0.9141381978988647
0.5951527953147888
0.8812649250030518
0.6663330793380737
0.752038836479187
0.7343555688858032
0.5091543197631836
0.6012336015701294
0.740519642829895
1.2017704248428345
0.8978123664855957
0.6885315179824829
0.680435836315155
0.7243850231170654
0.5854944586753845
0.6230289936065674
0.7985072135925293
0.5775696039199829
0.7308056354522705
0.5122618079185486
0.9999939203262329
0.6217881441116333
0.6943085193634033
0.7369998693466187
0.970960259437561
0.791630744934082
0.49943089485168457
0.5714854001998901
0.6826001405715942
0.49681150913238525
0.6457042694091797
0.9084378480911255
0.6187127828598022
0.44279664754867554
0.68764728307724
0.7662672996520996
0.6623148918151855
0.5692247152328491
0.8144460916519165
0.4657590389251709
0.6674195528030396
0.5552080869674683
0.6092149019241333
0.600516676902771
0.5359578728675842
0.5461825132369995
0.5752313137054443
0.6324148178100586
0.8876848220825195
0.5488160252571106
0.615532636642456
0.6646202802658081
0.962451696395874
0.45008641481399536
0.8061007261276245
0.5896929502487183
0.43742603063583374
0.5251586437225342
0.4620325565338135
0.48936423659324646
0.42903098464012146
1.0331709384918213
0.5760215520858765
0.60627681016922
0.7040131688117981
0.4302608370780945
0.5771238803863525
0.5852441191673279
0.5570461750030518
0.5998367071151733
0.7398276329040527
0.3994763195514679
0.5088979005813599
0.4312782883644104
0.4562023878097534
0.4207097887992859
0.5861713886260986
0.48102593421936035
0.5746642351150513
0.7254412770271301
0.6440337896347046
0.4527844786643982
0.554558277130127
0.49876588582992554
0.4826698303222656
0.39189261198043823
0.45099177956581116
0.44616231322288513
0.5288704037666321
0.5571672916412354
0.4758005142211914
0.7415862679481506
0.4744037091732025
0.5204465985298157
0.4334607422351837
0.5131949782371521
0.6006340980529785
0.5828990936279297
0.47555288672447205
0.682481050491333
0.6355078220367432
0.4716733694076538
0.6015004515647888
0.5116640329360962
0.5260237455368042
0.3796211779117584
0.3830006718635559
0.736236572265625
0.44769585132598877
0.815544843673706
0.5583173036575317
0.4708712697029114
0.6127001047134399
0.37763896584510803
0.5749175548553467
0.4214404821395874
0.354646235704422
0.5961867570877075
0.4554935693740845
0.7490483522415161
0.4696999788284302
0.7842786312103271
0.5043526291847229
0.4714744985103607
0.43883466720581055
0.7635046243667603
0.5311222076416016
0.4463057518005371
0.512954831123352
0.6205089092254639
0.41396886110305786
0.5422505736351013
0.5149770975112915
0.6196232438087463
0.4086233675479889
0.5258743762969971
0.5303927659988403
0.5488623380661011
0.4242822825908661
0.5731391906738281
0.4387405514717102
0.5667263269424438
0.42838796973228455
0.4833969175815582
0.44276857376098633
0.5038039684295654
0.42235150933265686
0.5166699886322021
0.43166112899780273
0.4155915379524231
0.5659396648406982
0.4628496766090393
0.6274335980415344
0.680146336555481
0.5102249383926392
0.4481486976146698
0.5587331056594849
0.5347189903259277
0.5270758867263794
0.5959173440933228
0.5734250545501709
0.4405587911605835
0.5295394659042358
0.5695253610610962
0.6392650604248047
0.563763439655304
0.4942438006401062
0.48399728536605835
0.9366109371185303
0.3596200942993164
0.4924485683441162
0.4648149013519287
0.4039350152015686
0.5896093845367432
0.4230436086654663
0.41063690185546875
0.46447157859802246
0.49697810411453247
0.5384910702705383
0.4234970510005951
0.4770805239677429
0.384673148393631
0.43256133794784546
0.45319896936416626
0.5400888323783875
0.4439070522785187
0.38479745388031006
0.5558198690414429
0.40815991163253784
0.4380559027194977
0.3694189488887787
0.5003008842468262
0.44141167402267456
0.39478498697280884
0.43339189887046814
0.6017516255378723
0.4725840985774994
0.6508177518844604
0.5707595348358154
0.5405673384666443
0.45132434368133545
0.434919148683548
0.5728886127471924
0.4814808964729309
0.5276657938957214
0.5962054133415222
0.8154305815696716
0.40547531843185425
0.4830053448677063
0.6306530833244324
0.5136736631393433
0.513647198677063
0.5658688545227051
0.5360882878303528
0.521439254283905
0.5957508087158203
0.41528305411338806
0.40936562418937683
0.4531247317790985
0.4757835566997528
0.555748462677002
0.4878583550453186
0.5633655786514282
0.38189998269081116
0.3593537509441376
0.43369898200035095
0.47931110858917236
0.5198185443878174
0.41207054257392883
0.4158324599266052
0.4729883074760437
0.3887445628643036
0.40675944089889526
0.4008403718471527
0.3842606246471405
0.5469561219215393
0.5752921104431152
0.3423238694667816
0.4865299463272095
0.4078724682331085
0.4797058701515198
0.4279361963272095
0.3234180808067322
0.3547356128692627
0.45651760697364807
0.7013257741928101
0.3579612374305725
0.5653667449951172
0.3670431971549988
0.4236584007740021
0.625838041305542
0.47184163331985474
0.41748344898223877
0.5052695274353027
0.37148916721343994
0.6667605638504028
0.49554818868637085
0.3874300718307495
0.5532268285751343
0.4569576382637024
0.5188442468643188
0.44912248849868774
0.39745619893074036
0.45390060544013977
0.7382123470306396
0.48575735092163086
0.6025552749633789
0.6549623012542725
0.45022499561309814
0.612994909286499
0.37487906217575073
0.4121008813381195
0.4087463617324829
0.37180742621421814
0.4267444312572479
0.3882907032966614
0.5046412944793701
0.3742981553077698
0.4853716194629669
0.3210654556751251
0.3542376458644867
0.38635361194610596
0.3780958354473114
0.403128445148468
0.37780117988586426
0.4612342119216919
0.4342154860496521
0.39743298292160034
0.4553379714488983
0.43797188997268677
0.4007013440132141
0.48235756158828735
0.46382659673690796
0.4768780469894409
0.7113062143325806
0.46786683797836304
0.49994391202926636
0.620381236076355
0.3618946373462677
0.555269181728363
0.5186802744865417
0.3769676685333252
0.3472910225391388
0.36633023619651794
0.389778733253479
0.5983927249908447
0.4769483804702759
0.4669676721096039
0.6415286064147949
0.4285012185573578
0.5231919288635254
0.43973788619041443
0.495246022939682
0.3607765734195709
0.4024507999420166
0.5009406805038452
0.3842026889324188
0.3764156997203827
0.43663471937179565
0.4224776029586792
0.41118547320365906
0.465440571308136
0.43156349658966064
0.41238513588905334
0.40860551595687866
0.3526707887649536
0.4115181267261505
0.37497779726982117
0.3983369469642639
0.3906584680080414
0.5446212291717529
0.3979801535606384
0.4775353670120239
0.40254032611846924
0.3734009265899658
0.45206594467163086
0.34012630581855774
0.38637927174568176
0.3521102964878082
0.39461615681648254
0.5803942084312439
0.45258766412734985
0.4867022931575775
0.4602068066596985
0.3664574921131134
0.4186646640300751
0.40614697337150574
0.4076008200645447
0.41971448063850403
0.44299179315567017
0.3833701014518738
0.40393728017807007
0.480408251285553
0.5668663382530212
0.3800453841686249
0.4171752631664276
0.5137963891029358
0.46776992082595825
0.561885416507721
0.5051591396331787
0.4928072690963745
0.35524865984916687
0.35649675130844116
0.44732314348220825
0.44296687841415405
0.42578598856925964
0.4271779954433441
0.5945682525634766
0.4218072295188904
0.4442300796508789
0.3686242699623108
0.5913792848587036
0.4721183180809021
0.3881447911262512
0.4182133078575134
0.4001210331916809
0.35457590222358704
0.3245086073875427
0.35406723618507385
0.48894041776657104
0.3222641348838806
0.43801599740982056
0.48363709449768066
0.4403965473175049
0.4753201901912689
0.4154728055000305
0.3814144432544708
0.38516736030578613
0.3546057343482971
0.5408231616020203
0.40234804153442383
0.41823306679725647
0.4459885358810425
0.4508509635925293
0.3723068833351135
0.3782067894935608
0.3806552290916443
0.3980807363986969
0.46076881885528564
0.6161206960678101
0.4142712950706482
0.387428879737854
0.4575275182723999
0.33056390285491943
0.43192699551582336
0.4347460865974426
0.533247709274292
0.4592740535736084
0.3936019837856293
0.44305896759033203
0.40258359909057617
0.35337430238723755
0.4241732656955719
0.3614702522754669
0.4331592917442322
0.3407781720161438
0.3548388183116913
0.3936108350753784
0.3786434531211853
0.3684241771697998
0.4210684895515442
0.3751515746116638
0.42893165349960327
0.3940370976924896
0.3523784279823303
0.45089903473854065
0.3765221834182739
0.344419926404953
0.32746821641921997
0.4657510221004486
0.36939582228660583
0.3872630000114441
0.34120485186576843
0.4036327004432678
0.3520331084728241
0.34622395038604736
0.3437986969947815
0.39657312631607056
0.44833892583847046
0.36418554186820984
0.33243292570114136
0.29906153678894043
0.5953981876373291
0.3719627261161804
0.35096994042396545
0.41578763723373413
0.3520195186138153
0.39179545640945435
0.3911583125591278
0.4265374541282654
0.31327882409095764
0.4023538827896118
0.3452692925930023
0.34504589438438416
0.3515225052833557
0.36484262347221375
0.5915456414222717
0.4504026472568512
0.43181395530700684
0.31615012884140015
0.5095595121383667
0.3893120288848877
0.3947540819644928
0.5123840570449829
0.44474586844444275
0.3623225688934326
0.4609083831310272
0.3927599787712097
0.4736465513706207
0.45431822538375854
0.36907508969306946
0.346341609954834
0.42731380462646484
0.40020763874053955
0.5226274728775024
0.3497721552848816
0.37556201219558716
0.40070098638534546
0.4378893971443176
0.40307509899139404
0.4466959238052368
0.3820520043373108
0.36367788910865784
0.395827054977417
0.3761163353919983
0.36825329065322876
0.5368052124977112
0.41615819931030273
0.3624224066734314
0.39202529191970825
0.39076006412506104
0.3855891227722168
0.4272013306617737
0.8450311422348022
0.3793177008628845
0.3582381308078766
0.3303017318248749
0.5371332168579102
0.5381876230239868
0.37244632840156555
0.34577879309654236
0.3225158154964447
0.3654366731643677
0.3185918927192688
0.4050677418708801
0.36724722385406494
0.3750271797180176
0.3846249282360077
0.31372445821762085
0.32110196352005005
0.38068848848342896
0.33327004313468933
0.4144824147224426
0.46919411420822144
0.36072227358818054
0.3374077081680298
0.3566702902317047
0.3582023084163666
0.3864557147026062
0.4130263924598694
0.34576770663261414
0.39747095108032227
0.3754398226737976
0.42491698265075684
0.4324420690536499
0.3730725049972534
0.363265722990036
0.3765110671520233
0.5889179110527039
0.39222562313079834
0.3512246608734131
0.3455828130245209
0.3766059875488281
0.3440379202365875
0.35751596093177795
0.3180891275405884
0.3686738908290863
0.40381133556365967
0.4327748119831085
0.34375980496406555
0.3724483251571655
0.3592001497745514
0.4122294485569
0.4160706400871277
0.5054872035980225
0.3860163986682892
0.6226832270622253
0.3836174011230469
0.3215082287788391
0.34772151708602905
0.3059978485107422
0.3771604001522064
0.45007532835006714
0.36441850662231445
0.4617857336997986
0.31228747963905334
0.460731565952301
0.3527517020702362
0.5023941397666931
0.3366602957248688
0.33450382947921753
0.3415570855140686
0.36531180143356323
0.3713665008544922
0.3727364242076874
0.3560461401939392
0.41835272312164307
0.32674846053123474
0.3708076477050781
0.5185609459877014
0.4363241195678711
0.33903294801712036
0.4489477872848511
0.39933300018310547
0.3762226104736328
0.374202698469162
0.3847336173057556
0.4154343605041504
0.39148521423339844
0.3777364492416382
0.37026846408843994
0.37196439504623413
0.3392879366874695
0.34961146116256714
0.36551663279533386
0.49083879590034485
0.37625575065612793
0.306681752204895
0.3174262046813965
0.48306477069854736
0.367170125246048
0.5430530905723572
0.3550249934196472
0.4214724600315094
0.32851696014404297
0.33246415853500366
0.3796316981315613
0.3255172669887543
0.5240204334259033
0.45480191707611084
0.36252668499946594
0.5159587860107422
0.359086811542511
0.4243355989456177
0.3708656430244446
0.33031153678894043
0.39098620414733887
0.35458964109420776
0.4071788191795349
0.3697395622730255
0.35540902614593506
0.39029255509376526
0.330944687128067
0.4466426372528076
0.3963755667209625
0.5102440118789673
0.34715014696121216
0.37375515699386597
0.3852022588253021
0.3780007064342499
0.3202894330024719
0.41286516189575195
0.3981672525405884
0.43027397990226746
0.4025633633136749
0.35361024737358093
0.40352362394332886
0.34342581033706665
0.36288532614707947
0.36433225870132446
0.34212154150009155
0.38420233130455017
0.34081271290779114
0.4184776544570923
0.3300924301147461
0.3711578845977783
0.37937596440315247
0.3193362355232239
0.37779736518859863
0.44579121470451355
0.38306522369384766
0.42282700538635254
0.3661190867424011
0.35923051834106445
0.33402904868125916
0.3465328514575958
0.3411296606063843
0.39628392457962036
0.3482668399810791
0.3459383249282837
0.34831759333610535
0.37145575881004333
0.33978381752967834
0.43344151973724365
0.3957557678222656
0.35666584968566895
0.353731244802475
0.35379642248153687
0.3131190538406372
0.33785703778266907
0.3761746883392334
0.3472118377685547
0.3554224967956543
0.38364309072494507
0.32896384596824646
0.32371464371681213
0.34983232617378235
0.38371366262435913
0.3175909221172333
0.3220251500606537
0.3317232131958008
0.3816803991794586
0.46190378069877625
0.6368082165718079
0.34675461053848267
0.3917667269706726
0.34313878417015076
0.324663370847702
0.31240084767341614
0.311613529920578
0.5992881059646606
0.3756067752838135
0.3524075448513031
0.35361382365226746
0.3397246301174164
0.36061227321624756
0.3772938847541809
0.3435193598270416
0.32640087604522705
0.3160654306411743
0.3331352174282074
0.3397432565689087
0.34147605299949646
0.3833804130554199
0.3255816102027893
0.33128470182418823
0.3890840709209442
0.35781028866767883
0.31200647354125977
0.30871525406837463
0.33574801683425903
0.365119069814682
0.30905264616012573
0.35013547539711
0.3465650677680969
0.43388208746910095
0.31828573346138
0.38599032163619995
0.32407116889953613
0.3326382040977478
0.35245171189308167
0.4041088819503784
0.28771933913230896
0.3581390082836151
0.3823810815811157
0.355081707239151
0.3051362633705139
0.3479449450969696
0.32755595445632935
0.33826178312301636
0.3008221387863159
0.3869915008544922
0.38647863268852234
0.3837532699108124
0.3281981945037842
0.3076796531677246
0.3318871557712555
0.3205634653568268
0.3511658012866974
0.45414504408836365
0.36303597688674927
0.35412317514419556
0.4044891595840454
0.30605676770210266
0.3255046010017395
0.36773061752319336
0.38657575845718384
0.32432594895362854
0.3346641957759857
0.33421212434768677
0.34245893359184265
0.34877249598503113
0.35216495394706726
0.3590293526649475
0.3889290690422058
0.34529322385787964
0.2950778007507324
0.3097100853919983
0.3345475494861603
0.33388692140579224
0.3622095584869385
0.3054070770740509
0.5232553482055664
0.3538249135017395
0.32768240571022034
0.5084373950958252
0.35541650652885437
0.6238008141517639
0.3469998240470886
0.314201682806015
0.36414629220962524
0.3096369206905365
0.32430440187454224
0.3424794673919678
0.3778538107872009
0.3420126736164093
0.3541206121444702
0.3705235719680786
0.2913993299007416
0.481581449508667
0.3081924617290497
0.3323918879032135
0.38337135314941406
0.36124515533447266
0.3728863596916199
0.3587120771408081
0.3515206575393677
0.3074641525745392
0.3806467652320862
0.36519256234169006
0.4459287226200104
0.3180966079235077
0.3603922426700592
0.33132317662239075
0.3148825168609619
0.3879328966140747
0.3313677906990051
0.3317069113254547
0.349886029958725
0.38450413942337036
0.3765711188316345
0.39212942123413086
0.3693218231201172
0.33682531118392944
0.3515794277191162
0.37516623735427856
0.34638747572898865
0.38204216957092285
0.3204224109649658
0.4172924757003784
0.3462708592414856
0.3271181881427765
0.2849061191082001
0.46327999234199524
0.2976735532283783
0.3158014118671417
0.36066535115242004
0.347668319940567
0.4825889468193054
0.3280332088470459
0.3238600790500641
0.31601381301879883
0.3550615906715393
0.3371913433074951
0.33258962631225586
0.376862108707428
0.3451062738895416
0.3019934594631195
0.33560433983802795
0.32704344391822815
0.3495263159275055
0.29412150382995605
0.35001105070114136
0.3450641632080078
0.3655664622783661
0.34161823987960815
0.36486536264419556
0.33840489387512207
0.30530041456222534
0.351844847202301
0.3355556130409241
0.3433426320552826
0.3431229591369629
0.31602832674980164
0.3443937599658966
0.3405376076698303
0.33180058002471924
0.3393253684043884
0.32926449179649353
0.301626592874527
0.38453561067581177
0.36846476793289185
0.3586258888244629
0.3696107268333435
0.34063905477523804
0.32871168851852417
0.3114711046218872
0.39772942662239075
0.3924424648284912
0.36043447256088257
0.3237164318561554
0.39867568016052246
0.39878660440444946
0.3408719003200531
0.36676013469696045
0.3346172273159027
0.3475697934627533
0.3434746265411377
0.36425071954727173
0.35995638370513916
0.3739321827888489
0.33362630009651184
0.3974180519580841
0.33331429958343506
0.3646640479564667
0.2992572486400604
0.3269880712032318
0.3497547507286072
0.34184530377388
0.379527747631073
0.3309812545776367
0.4175260066986084
0.3571663796901703
0.3645263612270355
0.3710358738899231
0.32329270243644714
0.3054933249950409
0.3111129701137543
0.30876410007476807
0.3642137050628662
0.3077303171157837
0.3168294131755829
0.3061767816543579
0.3371575176715851
0.3379642367362976
0.3037639856338501
0.3566368818283081
0.3378317654132843
0.2968216836452484
0.3358376920223236
0.34248918294906616
0.32194769382476807
0.3012799918651581
0.33330219984054565
0.31630879640579224
0.29637792706489563
0.3422124981880188
0.3177545666694641
0.40390729904174805
0.48203045129776
0.3931802213191986
0.3142341375350952
0.31022801995277405
0.3309071362018585
0.3351898789405823
0.33294549584388733
0.3556663990020752
0.44588473439216614
0.30100494623184204
0.34440457820892334
0.3041059374809265
0.3102797865867615
0.317562073469162
0.28228136897087097
0.2887829542160034
0.3033483922481537
0.2954966127872467
0.33059221506118774
0.36965203285217285
0.3248705267906189
0.2983352541923523
0.28248775005340576
0.33986616134643555
0.35064294934272766
0.33364397287368774
0.30574581027030945
0.28278592228889465
0.45787858963012695
0.2990643084049225
0.339036762714386
0.30323028564453125
0.29857149720191956
0.3216830790042877
0.32588422298431396
0.3145773410797119
0.3916476368904114
0.2851264476776123
0.3357611894607544
0.31469839811325073
0.3207602798938751
0.30373623967170715
0.3074442446231842
0.3066035211086273
0.32180434465408325
0.30535486340522766
0.31872469186782837
0.3045504093170166
0.4137508273124695
0.35174304246902466
