0.26811851938565573
0.36666666726271313
0.39875555674235025
0.4154666676123937
0.4447407426436742
0.4589925948778788
0.4650370387236277
0.48607407669226327
0.48337778051694236
0.48400000274181365
0.5017777808507283
0.5007703725496928
0.5172444474697113
0.5196740784247716
0.525066670179367
0.5282370418310165
0.5415703745683035
0.5414814843734106
0.5471703714132309
0.5499259275197983
0.5543407442172369
0.562488889892896
0.5674962947765986
0.5719407433271408
0.5697481503089269
0.5740444459517797
0.5852148149410884
0.5829333343108495
0.587792592048645
0.590814815958341
0.5963851867119471
0.5960296293099722
0.6043555551767349
0.6045629644393921
0.6063407411177953
0.599259258111318
0.6081777763366699
0.6114962961276372
0.6136888871590297
0.6223703706264496
0.616799999276797
0.6176888906955719
0.6250962948799134
0.6261333312590917
0.6249481505155563
0.6320888888835907
0.6390814789136251
0.6430518515904744
0.6353481483459472
0.6406518499056498
0.6415999990701675
0.6439111109574636
0.6460148159662883
0.6527407395839692
0.6503703689575195
0.6555851821104686
0.6527111087242762
0.6627555521329244
0.6549925899505615
0.6522370356321335
0.6587851824363072
0.6615111100673675
0.6535111125310262
0.6709333312511444
0.6638222205638885
0.6683555547396342
0.6626962975660959
0.6732444441318512
0.6775703680515289
0.675733333826065
0.6743111117680868
0.6782518490155538
0.6792296262582144
0.6776296277840932
0.6813037037849426
0.6796740714708964
0.685481480161349
0.6800296302636465
0.6881777763366699
0.6914074067274729
0.6928296287854513
0.6836740744113922
0.6861925907929738
0.6953481471538544
0.6947851840655009
0.6893629642327627
0.6875259248415629
0.6979259232680003
0.6975703736146291
0.697037036816279
0.6913185183207194
0.7007407414913177
0.7101037041346232
0.7054814803600311
0.7081777767340343
0.6985777775446574
0.7166814808050791
0.7072888882954915
0.7087703688939413
0.7054222214221955
0.7006814801692962
0.7015999976793925
0.7143703699111938
0.7210074086983999
0.7219851837555568
0.7077629617849985
0.7173925932248434
0.7157037039597829
0.7210370377699534
0.7160888910293579
0.7187555535634359
0.7159999998410543
0.7140740748246511
0.721007407506307
0.7266962965329488
0.7243555577596029
0.7213925902048747
0.7280888859430948
0.7295999991893768
0.7297481493155161
0.7225777792930603
0.727051850159963
0.729185186624527
0.7224888904889425
0.7330370362599691
0.73635555823644
0.7218666676680247
0.7322074083487192
0.7260148139794668
0.7283555547396342
0.7439703706900279
0.7297777795791626
0.7351407396793366
0.7432296299934387
0.7373333342870076
0.7354370363553365
0.73700741092364
0.7387259264787038
0.7511407395203908
0.7377185189723968
0.7427851855754852
0.7378074073791504
0.7449777777989706
0.7440592594941458
0.7365333346525827
0.7426666673024496
0.7435259274641672
0.7530666700998943
0.7517037069797516
0.7525333313147227
0.7479407417774201
0.754488890171051
0.7422222232818604
0.7523259278138479
0.7519111128648123
0.7445629660288493
0.7487407418092092
0.7508148181438447
0.7546074080467224
0.7599407406648
0.7511703685919444
0.7587555539608002
0.7516148161888122
0.7581037044525146
0.7530370362599691
0.7535407416025798
0.7535407404104869
0.7592592616875966
0.7537777769565582
0.7660148135821024
0.7617777788639069
0.7525037038326263
0.7615703690052033
0.7520592590173085
0.7635851840178172
0.7546962984402974
0.7672592576344808
0.7576592616240183
0.7637333357334137
0.7560888894399007
0.7652148143450419
0.7641777793566386
0.7682074085871379
0.7576000006993612
0.76477037191391
0.7711407419045766
0.7733333329359691
0.7730370390415192
0.7705777768294017
0.7674074105421702
0.7725925950209299
0.7746666657924652
0.7690666675567627
0.772918518781662
0.7728888897101084
0.771140742301941
0.7627259282271067
0.7703111120065054
0.7689481468995413
0.7743703711032868
0.7752000006039937
0.7699259269237518
0.7781629637877147
0.7713185195128123
0.7794962966442108
0.7778666655222575
0.7777481496334075
0.7719407415390015
0.7762666670481364
0.7772148120403289
0.7846814827124278
0.7795259269078573
0.7782518537839254
0.7813925941785177
0.780622224410375
0.7782814804712931
0.7827555541197458
0.7875259260336558
0.7774222222963969
0.7903407422701517
0.7857185204823812
0.7903111120065053
0.7792592593034109
0.7818074099222819
0.794755555788676
0.785274076461792
0.7866370360056559
0.7779851853847504
0.78877037247022
0.7783999995390574
0.784859258333842
0.7920592566331227
0.7907259253660838
0.7868444442749023
0.789659260114034
0.7864592576026916
0.7949037039279938
0.7957037035624186
0.7845925931135813
0.7876148156325022
0.7962074077129364
0.7907555560270946
0.7968000010649363
0.791970370610555
0.7945185180505117
0.7931259258588155
0.799022220770518
0.7847407380739848
0.7909629619121552
0.7925037038326264
0.792385185956955
0.7944296312332153
0.795170369942983
0.7952296300729116
0.7981925900777181
0.7903407410780589
0.7936592590808869
0.7890962958335876
0.7910814789930979
0.799229631026586
0.7949037035306294
0.7980148136615753
0.7948444430033366
0.7925333340962728
0.8026666676998139
0.7953185168902079
0.801718517144521
0.797718516588211
0.7985481480757396
0.8032000013192495
0.8018370366096497
0.7978370340665182
0.8039703702926636
0.8028444429238637
0.801481480995814
0.799229629834493
0.8070814784367879
0.8011851851145426
0.7971259280045827
0.8018962975343068
0.8090962946414948
0.7999407386779785
0.8068740749359131
0.8074962937831879
0.7976000003019968
0.8021629631519318
0.8056592587629954
0.808029629389445
0.8097185182571411
0.809007408618927
0.8089777779579163
0.8050962956746419
0.8081481480598449
0.8084740738073984
0.8028444445133209
0.806488889058431
0.8056592587629954
0.810844441652298
0.8075851865609487
0.8056592567761739
0.8100444428126017
