0.21935238148484912
0.31222857100622997
0.36278095262391225
0.3913523809398924
0.41226666654859273
0.4337523800986154
0.44139047827039446
0.4521523794106075
0.4639238085065569
0.4723809516429901
0.4768761895384107
0.48219047461237224
0.4952380931377411
0.5031619056633541
0.5106857143129622
0.5148380943707057
0.5244380945818765
0.5365714270727975
0.5443619004317692
0.5385142849172865
0.5444190462997981
0.5483809518814087
0.5536190462112427
0.5591809509481702
0.5601333326952798
0.558342854976654
0.5646857128824506
0.5762285728113992
0.5739619043895177
0.5769142878055572
0.589409521818161
0.5796952378749848
0.5957523802348546
0.6000000027247837
0.5950095232895443
0.5982666654246194
0.6007238093444279
0.602914286851883
0.6090476189340864
0.6116380946976798
0.610819046837943
0.6099238101073674
0.6220761895179748
0.6236761898653848
0.6261142866952079
0.6205333307811192
0.6272190482275827
0.6254285720416478
0.6338285722051348
0.6404952376229422
0.6420952381406512
0.6401523809773582
0.6355238097054617
0.6390095225402287
0.6365714315005712
0.64765714100429
0.6418095251492092
0.6512952395847865
0.6470095239366804
0.6491238095079149
0.6559047583171299
0.6596571435247148
0.6580571447099958
0.6523999994141715
0.6580952368463788
0.66291428565979
0.6627428589548383
0.6644000015939985
0.6722095234053476
0.6692571435655866
0.6679999985013689
0.6756380956513541
0.6649333328860146
0.6723619025094169
0.6758857148034232
0.6740952379362923
0.6692190487044198
0.6767619058064052
0.6759428576060704
0.6829523798397609
0.6855809480803353
0.6788761895043509
0.6900190469196864
0.6862857151031494
0.6855809528487069
0.6845714279583522
0.6887047604152134
0.6952380956922258
0.6915619053159441
0.6931238099506923
0.6982666655949183
0.7007619036946978
0.6980571457317897
0.6976380957875933
0.7050095203944615
0.7033142859595163
0.7004190475600106
0.6971999968801226
0.7052190494537354
0.705390476839883
0.7085904751505171
0.7081333347729274
0.7103619061197554
0.7088571432658605
0.7060380956104824
0.706990475654602
0.709123809337616
0.7157904771396092
0.7028761918204172
0.7150666689872742
0.7118285730906895
0.7179428560393197
0.7125904767853873
0.7151619046075004
0.7208571440832956
0.7146857145854405
0.7154857162066869
0.7243809529713222
0.724419048513685
0.7270857133184161
0.7293333336285183
0.7251619032451084
0.726647619179317
0.7217904765265328
0.7314857159342084
0.7313904765674046
0.730533332824707
0.731161903653826
0.7359619065693447
0.7276190481867109
0.7305714307512556
0.735733335358756
0.7371619067873274
0.7388571436064584
0.7431238109724863
0.7373142855507987
0.7373904762949263
0.7316000008583069
0.7392000000817435
0.7443428564071656
0.7429714294842311
0.7426857144492013
0.7425904761041914
0.7412952385629926
0.7485714292526245
0.738304762499673
0.7498857154164995
0.746952382837023
0.7446285704204014
0.7471428568022592
0.7475809536661421
0.7418095237868173
0.7517523823465619
0.745580951826913
0.7511047615323748
0.751257142339434
0.7484761888640268
0.7572380934442793
0.7552761908939907
0.7527428579330444
0.7581714282717024
0.7533523794582911
0.7526476182256426
0.7551809528895786
0.7565714284351894
0.7551238083839417
0.755142856325422
0.7617714309692383
0.760533332484109
0.7644190464700972
0.7619809525353568
0.7650285700389318
0.7627428582736424
0.765580952167511
0.7640761876106262
0.7640571427345276
0.7647999988283429
0.7610476180485317
0.7627428555488587
0.7642857156481062
0.771123810155051
0.770780953679766
0.7637523807798113
0.762380952153887
0.7606095239094326
0.7686285720552717
0.7652380956922259
0.7688571432658604
0.7692571445873806
0.7751809515271868
0.771752382005964
0.7699238123212542
0.7683047607966832
0.7759047613825116
0.7729904757227216
0.7793523785046169
0.7752380946704319
0.7769333352361406
0.7735999999727522
0.7655238090242659
0.7794285723141261
0.7737714273588998
0.7754095230783735
0.7735238071850368
0.7800190469196865
0.7806857136317662
0.7819047600882394
0.7742095249039787
0.7769714304379054
0.7805714270046779
0.7878285704340253
0.7842095232009888
0.7797523811885289
0.7818666638646807
0.7836761893544878
0.7823238086700439
0.786704762322562
0.7843428550447736
0.783657145840781
0.7829333336012704
0.785238093989236
0.7875428571019853
0.7839238088471548
0.7928952380589076
0.7871428561210633
0.7814857155936105
0.7850285710607257
0.7867238078798566
0.7839428564480373
0.7873523783683777
0.7919238087109157
0.7880190484864371
0.7899238106182643
0.7907428564344133
0.7892000007629395
0.7994095253944397
0.7890476182528905
0.7915809529168265
0.7892380942617144
0.7900000013623919
0.7932190472739084
0.7918476179667882
0.794457140650068
0.7989714275087629
0.7924571422168186
0.797523808819907
0.7952952378136771
0.7968761914116995
0.7972000002861023
0.7965904756954738
0.8021142836979457
0.7977714276313782
0.7941904762813023
0.7957714254515512
0.797085713999612
0.805238094670432
0.7978095248767307
0.7999809517179217
0.802857141835349
0.797961905343192
0.798342855998448
0.8033142845971244
0.8024761887959072
0.7981333317075456
0.8054285706792559
0.8028571438789368
0.8091238079752241
0.8018666648864746
0.7991619048799787
0.7991428555761064
0.8024952387809754
0.8050857142039708
0.8046857166290283
0.8023999973705837
0.8053142837115697
0.8034666654041835
0.803695238998958
0.8065714301381792
0.8075047625814166
0.805333332334246
0.8070666643551417
0.8090476192746844
0.8071619044031416
0.8056761891501291
0.8086666669164385
0.809904762336186
0.8079428567205157
0.8126666665077209
0.8105714293888637
0.8135619040897915
0.8103238071714128
0.8110857122285026
0.8092952374049596
0.8131238109724862
0.8045333351407732
0.815961902141571
0.815923810005188
0.8143428564071655
0.8075809495789664
0.8081333317075456
0.8125333336421422
0.8073142858913966
0.8224761901582991
0.8183428563390459
0.812952379158565
0.8089333319664002
0.8154095206941877
0.8177333317484174
0.8149523786136083
0.8137333342007228
0.8200571424620492
0.822571427481515
0.8121142871039254
0.814609522819519
0.8181714282717023
0.8176571433884757
0.8201142849240984
0.819942855153765
0.8144761906351362
0.8132761890547616
0.8186285710334777
0.8212761902809143
0.8161904747145516
0.8177523820740836
0.8199428582191467
0.8148952378545489
0.8168952366283961
0.8231999996730259
0.8208571416991097
0.819371428830283
0.8231428555079869
0.8214666669709342
0.8220761888367789
0.8208380954606193
0.8211238091332572
0.820876190662384
0.8221142847197397
0.8228952366965158
0.8248952392169407
0.8259809476988657
0.8256380942889622
0.8224380918911525
0.8237142859186445
0.8268571434702192
0.8250285714013236
0.8302095229285104
0.8275809519631522
0.8206476180894035
0.8281142827442715
0.8219999994550432
0.8265333315304347
0.8297523828915188
0.8254095247813633
0.8262476178577968
0.8265523842402867
0.8283238083975656
0.8251809525489807
0.82523809501103
0.8312952382223947
0.8304952359199524
0.8281333347729274
0.8340571417127337
0.8245523810386658
0.8244000005722046
0.8294285702705383
0.8286476172719683
0.8302857116290501
0.8307428550720215
0.8324380935941423
0.8257333322933742
0.8298095226287842
0.8333714250155858
0.829504759992872
0.8340380958148411
0.8313904765674046
0.829504759652274
0.8306666663714818
0.8332190496580941
0.8335809516906738
0.8288952377864293
0.8323809511320932
0.8345904755592346
0.8321142860821316
0.830533333165305
0.8333142863001142
0.8307428550720215
0.8298666654314314
0.829657141821725
0.831066666671208
0.8330666678292411
0.8344761896133422
0.834952380657196
0.8356000011307853
0.8353523812975202
0.8356380925859723
0.8324571411950248
0.8291809500966754
0.8372571413857596
0.8371619040625436
0.8355047617639814
0.8362285705975124
0.8385904737881251
0.8351619039263044
0.8351619008609227
0.8352761885098049
0.8309333334650312
0.834590471812657
0.8386285703522819
0.8388000008038112
0.8323047600473676
0.8416190457344055
0.8406285715103149
0.8362666647774832
0.8387428573199681
0.8378476183755057
0.8384380946840558
0.8364190462657384
0.842228570665632
0.8427619031497411
0.8418857148715428
0.8385523799487523
0.8399809503555298
0.8440380947930473
0.8426476161820547
0.8427999990327018
0.843447619165693
0.8408190482003348
0.8433142856189183
0.8409523807253156
0.8396380962644304
0.84106666633061
0.8426285706247603
0.8452380922862461
0.8416761905806405
0.844514285836901
0.8414285676819938
0.842533335345132
0.8405333321435111
0.839409522669656
0.8424571442604065
0.8402476177896772
0.8408761875970023
0.8449333323751177
0.847085713999612
0.8457904767990112
0.8482095221110753
0.8458476192610604
0.8469523790904454
0.8503238092150007
0.8459047613825117
0.8465523828778948
0.8451047607830593
0.8465523804937091
0.8494666647911072
0.845485713141305
0.8428571438789367
0.8463428572246007
0.8476380957875933
0.8460000004087176
0.8455428566251483
0.8481523816926139
0.8467619051252092
0.8485904771941049
0.8475619040216719
0.8440952389580862
0.8447428550039019
0.8510476177079337
0.8509904755864824
0.8475999975204468
0.8481333330699375
0.852476190839495
0.8516380974224635
0.851257141998836
0.8472571434293474
0.8496380952426366
0.8496761880602155
0.8507047608920506
0.8512761889185224
0.853600001335144
0.8514095224652971
0.853199999673026
0.8519047611100333
0.8521142854009356
0.8519809518541609
0.8506476180894035
0.8523809541974748
0.8517142847606114
0.8539619047301156
0.8548952388763428
0.8497904740061079
0.8522095240865435
0.8533714263779777
0.8517904741423471
0.8518666648864746
0.8443238088062831
0.8541714293616158
0.8521142871039254
0.8579428553581238
0.8539428557668414
0.8552952378136771
0.8538095242636544
