4.076691784177508
2.2734432356698173
2.0966248178482054
1.9899766261237009
1.9188295364379884
1.8375622170312065
1.814255884715489
1.767053963797433
1.726847985812596
1.696050707953317
1.6780091101782662
1.6673750230244229
1.614640165737697
1.6077027218682425
1.5616183355876379
1.5496946682248798
1.5229871586390904
1.4856147936412267
1.4608952495029994
1.4710844925471716
1.4551482915878295
1.4389561789376395
1.4251218679973057
1.3950680882590158
1.3969466011864797
1.399879982812064
1.3822639805930002
1.3433354813711984
1.3462319666998728
1.3429234538759505
1.3097026402609688
1.32484669310706
1.274541997568948
1.2621585127285548
1.2818551203182766
1.260415861606598
1.2565201653753009
1.2449339406830924
1.2234809964043754
1.2227096346446447
1.2262473828451974
1.217126522064209
1.180646117414747
1.1769070628711156
1.1588296134131295
1.184705605166299
1.1692572958128793
1.1739571619033813
1.1482076685769218
1.1164210408074515
1.1207305451801846
1.1236289245741709
1.131988492352622
1.1199521660804748
1.132615474632808
1.0962199524470737
1.1104524513653347
1.0835208303587778
1.0889379944120134
1.0847442296573093
1.0725573992729187
1.0531138345173428
1.060306805201939
1.0745190514836993
1.0572799580437797
1.0433852372850692
1.0457419228553773
1.0472799365861076
1.0128619412013462
1.0180186397688729
1.0260998048101153
1.0050882124900817
1.02589004107884
1.0089054342678616
0.9946713975497654
1.001677463735853
1.0149979421070643
0.990589325428009
0.9937214834349496
0.9777456968171256
0.9674025971548897
0.9836104192052568
0.9552580904960633
0.9620093587466648
0.9587787420409066
0.9723837723050799
0.9542561898912703
0.9375434831210545
0.9371577068737575
0.9345268079212734
0.9269686205046518
0.9164046481677464
0.9219511607715062
0.932335342339107
0.9037752556800842
0.9087741085461207
0.9100440515790666
0.9224600110735212
0.8998441178458078
0.9012791531426566
0.8904164034979684
0.8901479033061436
0.8741650601795742
0.8879022942270551
0.8906180483954294
0.8895083539826529
0.8900583437510899
0.864215544291905
0.8971125991003854
0.8645155508177621
0.8676346237318856
0.859479456288474
0.8692803488458906
0.8589456949915205
0.8467066860198975
0.864618672983987
0.8673929861613683
0.8395217044012887
0.8392071529797145
0.8269161438941955
0.8250009618486677
0.8347037880761283
0.8258474751881191
0.8374784980501447
0.8129346212318965
0.80970650604793
0.8149394941329956
0.8124022163663591
0.7971100987706865
0.8219557411330087
0.8110532757214137
0.7977834159987314
0.7966008724485125
0.7870984424863543
0.7768382498196194
0.7922180434635707
0.7963062586103167
0.8024448561668396
0.7849404180049896
0.7667434317725045
0.7744359394482204
0.7720782545634678
0.779998505115509
0.7827906308855329
0.7676621745313917
0.7877742539133344
0.7559681923048837
0.7638477032525198
0.765022326367242
0.7575816513810839
0.7624564158916474
0.7740380379131863
0.7425313573224204
0.7614569800240653
0.7463793693270002
0.7433081930024283
0.7553090104034968
0.7255038120065417
0.7376203669820514
0.7412174144812993
0.7243534799984523
0.7410809661660875
0.7446577829974038
0.7322705645220621
0.7288039980615888
0.7302799781731196
0.7326293982778277
0.7161211899348667
0.7179473687921252
0.70727525472641
0.7151801247256143
0.707548507962908
0.7114430447987148
0.7050977643898555
0.7044600331783295
0.708787920985903
0.704201968056815
0.7136633259909494
0.7096200065953391
0.7032820839541299
0.6899284057957785
0.6828010812827519
0.7081486598082951
0.7070899689197541
0.7151358231476375
0.694620543207441
0.6943604419912611
0.6891390337262835
0.693985458782741
0.6770289347852979
0.6833730258260454
0.6906169406005315
0.6836547759601048
0.668243443284716
0.6783140552043915
0.6630599319934845
0.6726227605342865
0.663212628534862
0.6751950579030174
0.6937156222547803
0.6588767491068159
0.6671598197732653
0.6711820481504713
0.6708664885589055
0.6579422564165933
0.649209111077445
0.6515605567182814
0.6742049370493207
0.6619504272937775
0.6549607234341758
0.6270803470270975
0.6466880340235573
0.6550184154510498
0.6455122775690896
0.6481045872824532
0.6482551169395446
0.6342016163894109
0.6343552221570696
0.6346984246798925
0.6434135091304779
0.6440313541889191
0.6322087473528726
0.636275109904153
0.6160323168550219
0.631270090341568
0.6432238696302687
0.6298717338698251
0.6310090093953269
0.6370765258584704
0.6289212826320103
0.6236088415554591
0.635413589647838
0.6206156240190779
0.6208223639215742
0.6286853039264679
0.5928467208998544
0.6289390998227256
0.6143643823691777
0.62389659847532
0.6235091371195657
0.6147827419212887
0.6196282868725913
0.6043954123769487
0.5971273122514997
0.61862289922578
0.6023500261987959
0.6045818936824798
0.6035856774875096
0.6035743546485901
0.6031911258186613
0.5896005247320447
0.5997136305059706
0.6038125349794116
0.6109093957287924
0.6040586619717734
0.585460113457271
0.5968135493142265
0.5915300621305193
0.5823378935882023
0.6041768785885402
0.5981422408989497
0.5847433778217861
0.5866093938691276
0.5978165340423583
0.5742322211606162
0.5838244734491621
0.5704193459238325
0.5843924294199262
0.5938492275987353
0.5911334153584071
0.5847239167349679
0.5794612068789345
0.580399957554681
0.5815242453983852
0.5756130383695874
0.5809130896840776
0.580483021736145
0.5737896479879107
0.570140323809215
0.5800015890598297
0.5771175401551383
0.5658499882902418
0.5739450873647417
0.5792343991143363
0.565184406382697
0.5641630828380585
0.568130128298487
0.557778035913195
0.5608148075853076
0.5533709577151708
0.5600944866452898
0.5624232407978603
0.5658589548724038
0.552912849017552
0.5787041335446494
0.5462674868106842
0.5476250917570932
0.5513735001427786
0.5663480057035174
0.5688103771209717
0.5540087332044329
0.5668277490139008
0.5320920779023852
0.5382234329836709
0.5556633036477225
0.5612901094981603
0.5478266886302403
0.5375475917543684
0.5493520195143563
0.5510793774468559
0.5320029420512064
0.5253397354057857
0.5545310984339032
0.5433228731155395
0.536291732617787
0.5387790402344295
0.5299791593211037
0.5357468015807015
0.5480335758413587
0.5498479451451983
0.5354295894077846
0.527938996212823
0.5379612600803375
0.5317737916537694
0.5329469169889177
0.5441694283485412
0.5423518473761423
0.5224039227621896
0.5354757552487509
0.5285688214642661
0.5245806123529162
0.5297759240014213
0.524481264948845
0.5327440391268049
0.5292188603537423
0.5342268817765372
0.5222158898626055
0.5244984793663025
0.512349294253758
0.5155523599897112
0.5098195450646537
0.5188970046383994
0.5190620502403804
0.5135368754182543
0.5126840100969587
0.5104301495211465
0.5145425205571311
0.5251049874510084
0.5057391286747797
0.5217242675168173
0.5166350778511593
0.5020423874684743
0.5139899855000633
0.5136751900400435
0.5155163999966212
0.5038935107844217
0.5191672902447837
0.5140814341817583
0.4988513341971806
0.4994869925294604
0.5053785145282745
0.4901678786958967
0.5191943621635438
0.5203593911443438
0.5057588507447924
0.5090965609039579
0.5011966626984733
0.5030729178019933
0.4945866354874202
0.512090049300875
0.501523334469114
0.4922081220149994
0.5047985339164733
0.4927478396041053
0.4986370541368212
0.5070014756066459
0.49756775600569586
0.4910020543847765
0.49706546085221426
0.5049775995526995
0.5012014818191528
0.48954735210963657
0.488203210404941
0.49531868738787516
0.49025962242058346
0.49866250225475856
0.5046556419985635
0.49803806338991435
0.5009086872850146
0.4896105229854584
0.4853607637541635
0.48683372633797783
0.4854435202053615
0.4821190479823521
0.4849438352244241
0.49514457762241365
0.5002223233665739
0.4837524862800326
0.4801632130146027
0.4820624489443643
0.4802148905822209
0.4762831568717957
0.4845234574590411
0.49191350545201984
0.4830676851102284
0.4951765431676592
0.49208916068077085
0.4721927571296692
0.4815225802149091
0.4914507748399462
0.4724392744473049
0.47418499333517894
0.4840634649991989
0.4747201887198857
0.47691943526268005
0.4765078663825989
0.47904729178973604
0.46633846240384236
0.4639688855409622
0.46246158608368465
0.47610483263220105
0.46747391138757977
0.4558633841787066
0.46376387281077247
0.46491290381976536
0.4585012401853289
0.4726647738899503
0.4641332110336849
0.4687117136376245
0.4753446214539664
0.4707819882461003
0.46297967766012466
0.4568929569210325
0.46551951485020776
0.45939689993858335
0.4651493198531015
0.46414355644157956
0.4697401851415634
0.47026564955711364
0.46169873680387225
0.47066654358591353
0.4651178460461753
0.45764250653130667
0.4549844547680446
0.45447962267058234
0.45152287874902997
0.45463390282222205
0.4541611473900931
0.4412577624831881
0.4513609845297677
0.44547456077166964
0.4558544635772705
0.4546101438999176
0.44095315779958455
0.45306308116231647
0.4660560699020113
0.4549539135183607
0.44456399747303554
0.45512698411941527
0.4574534182037626
0.44779271287577493
0.4531852094616209
0.44883894971438815
0.44985020654542107
0.45591469049453737
0.4511456303937095
0.440401691709246
0.4409894334418433
0.44569259371076314
0.4460667657000678
0.4405144223996571
0.437763768860272
0.4362501997607095
0.4443838548660278
0.43814171041761124
0.4433232889005116
0.43932600983551573
0.43968531719275883
0.4334144467966897
0.4322058707475662
0.43160264883722577
0.4359427639416286
0.43283008200781686
0.4394600774560656
0.43960615089961463
0.4293518226487296
0.4436754332269941
0.43476568707398006
0.43230412440640587
0.4452283923966544
0.4343454509973526
0.43267683718885697
0.43846155745642523
0.436320777620588
0.4598041822229113
0.4262720328569412
0.4335788858788354
0.418506167786462
0.43451042081628527
0.4219450065067836
0.4312588938644954
