3.6235689177657617
2.22674739842463
2.097772792132214
2.0148498590546424
1.9254752975521665
1.873109060104447
1.798314894088591
1.776912323152176
1.696511781576908
1.6644545034928755
1.62192957449441
1.610675821400652
1.5481758816073639
1.551956103305624
1.480150848928124
1.4702402407472783
1.425812562306722
1.4177477660805289
1.3887866506672868
1.3669823974069923
1.3366875955552766
1.3299215014534767
1.3078727493382463
1.2799063445341707
1.2582495441340438
1.278577857547336
1.2417991769434227
1.2067177392015553
1.2161003634183094
1.1856840836881386
1.1617836849858063
1.1197059353192647
1.1426369180582991
1.1355559916207285
1.1227886068700539
1.0959780505209258
1.0647324281509476
1.0711980293495487
1.0572617367060497
1.1023922881694754
1.0122218884602943
1.013235532876217
1.037119625794767
0.9911149740219116
0.9792407395863774
0.9580333786781388
0.957793890827834
0.9599634703963694
0.9185362590683831
0.9018174325576936
0.92693192790253
0.9004886054029368
0.8926914189801072
0.8893345004380352
0.8631526725460784
0.8785886409306767
0.8838474365195843
0.8409394971047989
0.8486520298803696
0.8251790344113051
0.7933785051408441
0.8023893249155295
0.8044779746219365
0.801620187181415
0.7847270393612409
0.7614742658957087
0.7463448848387207
0.772105401814586
0.7533191866946943
0.7333087638171032
0.7281734850069489
0.7326144025181279
0.7197218332627807
0.7346531694585626
0.7026042965325442
0.6955146115235608
0.6728234622213576
0.6890118660950901
0.6967960096368886
0.6641267149737387
0.6602451084840177
0.6863071831187817
0.645602701288281
0.6587180754151007
0.6435348475822295
0.6455142633481459
0.6299540954406815
0.6332676522057465
0.6108290760806112
0.598981253727518
0.607002075272377
0.595740648231121
0.5955675322600086
0.5907746761134176
0.58144175825697
0.5997042875699322
0.5802202062173323
0.5521219562400471
0.5734522800252895
0.5677480167812772
0.5371261049400676
0.5605966063460919
0.5542754272017816
0.5704584964598068
0.5271895082309993
0.5412809905981777
0.5419466369079821
0.49070030119684005
0.5026767479650902
0.5252850844402506
0.5028198280117728
0.5164595896547491
0.5123221537079474
0.4816061523225572
0.4922420448727078
0.5180847969922152
0.5081957398038922
0.4856849433195711
0.4896796356246929
0.46809007332782554
0.4746385457539799
0.4646878977014561
0.4722033167126203
0.44407296722585504
0.4735571028608264
0.46994797990779685
0.4611085903162908
0.4534073092720725
0.4530007806089189
0.4595990939573808
0.444832256948105
0.44558182704930355
0.44088590867591626
0.43218815823396045
0.4485997243060006
0.4316774109999339
0.4256380356923498
0.4220648316120861
0.433338822740497
0.42956876152693624
0.3917933591086455
0.42148348222477267
0.4273876642638987
0.4035372365303714
0.402743740816309
0.4119617576249922
0.4181552773172205
0.4274224638938904
0.4134095658858617
0.39024231485044114
0.4151808532199474
0.3883494629402353
0.3849239585676579
0.39134964662970917
0.40074799954891205
0.3870718768148711
0.3671425570442219
0.37178983215731803
0.3902268370594641
0.37359298449574097
0.37450747417681146
0.38421647702202655
0.3634629323325976
0.36627384342930536
0.3643586185544428
0.36800273846496234
0.36508190240522825
0.37301619200393404
0.361233827291113
0.36400486814855326
0.36969587432615686
0.36041944466456016
0.35428326885507566
0.35837189958553123
0.35255210387586344
0.37488926841755105
0.35802549530159344
0.35049448079533047
0.345235350306588
0.3377015587657389
0.32352695982865615
0.3344245264024446
0.35420233778881305
0.34215921810781114
0.33097215930018764
0.3540376942567151
0.34192964976484125
0.33464087741543547
0.3547736063148036
0.3263832642273469
0.3319465820536469
0.3478741385418959
0.3216071329032532
0.33758688830968103
0.3201137048126471
0.3386778211352801
0.32099533848690265
0.3293567820630892
0.3250247045899882
0.3208439812214688
0.3026722641755836
0.2997435781389776
0.31130730699409137
0.3059753232231044
0.31018685662385187
0.3255710643951339
0.30840248035060036
0.30608672084230365
0.30545972031776353
0.3028426020584925
0.29653169937206036
0.30283083593604543
0.30149921571666544
0.29109851519266766
0.2979332885958932
0.3126706882859721
0.29648948046896195
0.3048233373297585
0.2989018174132915
0.3040597444832927
0.29862406518724227
0.2932634606505885
0.28990722259487767
0.29090955567480337
0.3057695576036819
0.2862092562095083
0.27677553019138296
0.2800400826064023
0.29052994904494045
0.27945811941166115
0.27864819223230536
0.2847885552680854
0.2777051161033939
0.2802333055120526
0.2787962733495115
0.2715175071298474
0.28123542147152353
0.27866463859875995
0.2884053456963915
0.2657096796866619
0.26465945171587396
0.2800858866686773
0.27983612454298773
0.27117611798975205
0.2840939426813463
0.26228187060115316
0.26667829008415495
0.2634948188006276
0.25885247913273896
0.2742277520022007
