0.25310886779216807
0.3108866463104884
0.3505723900867231
0.374276094665431
0.4042648697140241
0.4140516281729997
0.4438608330909652
0.44606060903481765
0.4717845115998779
0.4751964124164196
0.49575757859933256
0.4974635285560531
0.5112009012337887
0.5115600448064129
0.5379573540254072
0.5382716080757103
0.5587429870860745
0.551604941035762
0.5653423143155647
0.5707295181775334
0.5767452307421752
0.58047138139455
0.5875196423795488
0.5995510663046981
0.5995959573321872
0.5967227849695418
0.6094276062165848
0.6211447809079681
0.6157575761428987
0.624377105573211
0.6347025813478412
0.6448933795245007
0.6377104355229272
0.6408529739187221
0.6398653210413576
0.6512682338555654
0.6670258123465259
0.660606061569368
0.6646015686218185
0.6498316502330279
0.6768574627360913
0.6840852944537846
0.6748372569228663
0.6839955069802024
0.6869584731381349
0.6975982014579002
0.6938271606811369
0.6925701444799249
0.7087317596782338
0.7071156002054311
0.7018630727372989
0.7126374828695047
0.7143434298158896
0.7125925939492505
0.7244893378681607
0.7147474770594124
0.7173512945271502
0.7345903485712378
0.7296071823197182
0.735578001749636
0.7459932643957813
0.7430751967911768
0.740202019913028
0.7446464643333898
0.7471604949296123
0.7543434356198166
0.7612570144913413
0.7517845106847358
0.7601795708290254
0.7665095395512052
0.7669584745108479
0.7675420852622601
0.769966331997303
0.764803592002753
0.776475869043909
0.7733782270942071
0.7848709303923328
0.7792592620608783
0.774949494034353
0.7878787902870563
0.786442199740747
0.7777328876533893
0.7922783403685598
0.787070707841353
0.7920538722866713
0.7928619529261733
0.7979797973777308
0.7941638628641764
0.8042648711589852
0.8082603818238384
0.80372615294023
0.8076318755294337
0.8114927013715109
0.8078114474662627
0.8139169475044867
0.8105948350646279
0.8129741844504771
0.823434343843749
0.8171492682562934
0.8192592594358656
0.8300336695680715
0.8187654277290961
0.8234792375805402
0.8166105500375381
0.8293602701389429
0.8284624020258585
0.8263524096421521
0.8398204271239463
0.8383838359755699
0.8309315352728872
0.8377104371485083
0.8374859720769555
0.8343883277189852
0.8459708160824246
0.842199774101527
0.8328619533114963
0.8381593727102183
0.8450729479693403
0.8467340059954711
0.8526599310865306
0.8466442191239559
0.8512682366852808
0.8511784516199671
0.8631200910818697
0.8487542072931925
0.8512682360832138
0.855757576648635
0.8553535348237163
0.857508416729744
0.8528843979642848
0.8593490436823681
0.8607407392877521
0.8620426456133524
0.8637037012312148
0.8586756388346354
0.8597081905663616
0.863838377022984
0.8653647580532112
0.8606958431426925
0.8634792331493262
0.8778002244053464
0.8647362475443368
0.8649158230935684
0.8711111094012405
0.8731313137092975
0.8730864181663051
0.8673400668182758
0.8659932631434817
0.869764303920245
0.8772166058270618
0.8724579070553635
0.8766329926673813
0.8793265976087011
0.8754657681542214
0.874478113771689
0.8791470256718722
0.885297417640686
0.8821548795459246
0.876632996279784
0.8852076295650366
0.8832772163429645
0.8800448925808223
0.8861054988822552
0.887317621346676
0.8871380433891759
0.8839057238415035
0.8847586964115952
0.8835016826186517
0.8870033669953394
0.8867340075849283
0.8855218845184403
0.8890235694971952
0.8915375988892834
0.8885297383924927
0.8911335576664318
0.8847138050830725
0.8879012333022224
0.8907295164435801
0.8930639726947053
0.8936026957299974
0.9018181809271225
0.8974186296414848
0.8907295146373787
0.894006736350782
0.8991694727329292
0.8884848488701714
0.8934231225890342
0.8985858601753158
0.8908193045192294
0.9008305271466573
0.8987654333162789
0.891627382750463
0.9033894484693353
0.8967003370776321
0.9023120096235564
0.8955780026888607
0.9002469145890438
0.8993490464759596
0.902626263974893
0.9010101045020903
0.9116947271607139
0.9099887778060605
0.9038832777678364
0.9070258146584637
0.9067115621133284
0.9010549940244116
0.9083726177311907
0.9071604928585014
0.9059932659370731
0.9080134696430631
0.9105723897616068
0.9092704828339394
0.9084175090597133
0.9126374860002537
0.9110213241191826
0.9043322109212779
0.910213245887949
0.9064421984884474
0.9093153759686634
0.9074298540751139
0.9117845098177592
0.9130864227660979
0.9151964109353344
0.9130415290293067
0.9058585877370353
0.9132211015682028
0.9183838409606857
0.9150617279187597
0.9113804740135116
0.9154208760068874
0.9173063997066382
0.9148372658575424
0.9160942778442845
0.9169921435491003
0.9175757591170494
0.9182491579441109
0.914747477179826
0.9167676784775474
0.9153759852804318
0.9217508435249329
0.9201795759827199
0.916947254026779
0.9152413040700585
0.9188776672488511
0.9162289578505237
0.9243546609926705
0.9203142559889591
0.9206734028729525
0.9225140346421136
0.9186083084405071
