0.25818181956055186
0.33445566817365513
0.36413019082762976
0.38262626318016435
0.41319865319463944
0.4302581377101667
0.4485297452921819
0.45786756427601133
0.4783389481029125
0.48166105572623436
0.5054545486816252
0.5100336731082261
0.5091358071023767
0.5332884412221234
0.5368799154806618
0.5381369274674039
0.5493602719571855
0.5615712750439692
0.5698316539778854
0.5705499474448387
0.5857239043471789
0.5873400674323843
0.595465767263162
0.5948372621728917
0.6043097671836314
0.616341187496378
0.6209203140302137
0.6289113350588866
0.6182716019225843
0.6279685717038433
0.6341638625270188
0.6395061723511628
0.6530639721889688
0.6459259255365892
0.660516270483383
0.6506846206958847
0.6657239054188584
0.6657239030105899
0.666846240409697
0.6723681239768712
0.6770370358770544
0.6827384967996617
0.6835465774391637
0.6874074080977777
0.688529741884482
0.6988552194653135
0.7069809189950577
0.7057687953265026
0.7051851845750905
0.7083277226698519
0.7180695858868685
0.7097643090016914
0.7181593763707864
0.7259259272103358
0.7189225578548932
0.7353535354739488
0.7337373729908105
0.7235914685509421
0.7368350197570492
0.7391694729978388
0.7450953992930326
0.7384062830847923
0.7468911307026641
0.7570819300834579
0.7541189699461965
0.7652525275644629
0.765656565776979
0.7647586994700961
0.767093154517087
0.7660606088060321
0.7615263751058867
0.7576655450493398
0.7780022464617334
0.7832996622480527
0.775488216467578
0.780471379106695
0.7778226691063004
0.7793939408629832
0.8014814847647541
0.7904377104056002
0.7936700359739438
0.7898989915847778
0.7963636373028611
0.7926823809893444
0.797396183013916
0.8056116700172424
0.8002693616982662
0.8001346816920271
0.8065544330712521
0.8106397312096875
0.8136026931531501
0.8065544330712521
0.8127497199809912
0.8149046036932204
0.8218181831668122
0.8294500552042566
0.8235241283069957
0.8203815902122343
0.8243322095485649
0.8280583620071411
0.8270258120816163
0.8263524096421521
0.8278338939252526
0.8271604926899226
0.8300336665577359
0.8302581370478929
0.8342536459065447
0.8418855227605261
0.8474074084349353
0.8449382709734368
0.8438608285152551
0.8417957352869438
0.8452974166532959
0.8522109985351562
0.8439506153867702
0.8496969655306652
0.8483501678765423
0.8421548791606017
0.8518967465920881
0.8529292947114117
0.8510437692054594
0.8527946098886355
0.8612345667800518
0.862401793099413
0.8599775523850413
0.8616386074008364
0.8503254754374726
0.8650505006915391
0.8613692467862909
0.8583613880957016
0.8666666655829458
0.8663524106295422
0.8691806985874369
0.8666666655829458
0.8720089769122576
0.8658585843413767
0.8712457869992112
0.8695398448693632
0.8722783357206018
0.8786083050448485
0.8700785630881184
0.8743883244919054
0.8762738499978576
0.8760493795077006
0.8749719406619216
0.8768574601472027
0.877979799352511
0.8735353555342164
0.8821997738847829
0.8841301889130564
0.8791470256718722
0.8848484850893117
0.8787429850510876
0.8837261488943389
0.8806733970690255
0.8887991014153066
0.8917620645629035
0.8861952857537703
0.8874971944876392
0.8951290689333521
0.8883501682618652
0.8851627370323798
0.8927946144884283
0.8887542064743813
0.8907744071700356
0.8947250265063662
0.891896746375344
0.895982042105511
0.8970145890207002
0.9003367008584918
0.8938720527321401
0.8956677895603757
0.8988552183815928
0.896700336475565
0.8996184040801694
0.9012345677674419
0.902940520734498
0.9039730658434858
0.897373737710895
0.895622892211182
0.9023120114297578
0.9015488221187784
0.9059932671412073
0.9044668879171814
0.9084175102638475
0.9037934927025226
0.9066217728335448
0.9080583609715857
0.9094500583831711
0.9101234572102325
0.9078338965020999
0.910437710959502
0.9062177322127603
0.9091358010214988
0.9099438828651352
0.9080583627777871
0.9088215508846321
0.9076543209528682
0.9076992140875922
0.9089562326970727
0.9189225639959778
0.9127721702209627
0.9126374853981866
0.9213019097694243
0.9138496084646746
0.9146127953673854
0.9125477033432083
0.9150168365902371
0.9145679046409299
0.9152861984089168
0.9146127971735868
0.9233221116692129
0.9194612798064646
0.9234567922775192
0.9187429842322764
0.9176206528538405
0.9226936065789425
0.9212570130222976
0.9213916972430065
0.9254321010425838
0.9251178472933143
0.9183838361441486
0.919236811724576
0.922738497305398
0.9231425409365182
0.9239955147107443
0.9186083090425742
0.9208978697507069
0.9249831696953437
0.9251627428363068
0.9237261534941317
0.9204489353931311
0.9273176241402674
0.9287093185415172
0.9296520803913926
0.9336924823847684
0.9296520797893254
0.9300561198080429
0.9326599366737135
0.9273625190811928
0.9274523035444394
0.9301459090878265
0.9279910241714632
0.9302805860837301
0.932166110385548
0.9309988798517169
0.9275420886097532
0.9314029192683673
0.9363411899768945
0.9337373779277609
