0.21818181834738665
0.26177328900255337
0.29872053846566365
0.32363636340155744
0.3461728391021189
0.36085297332869637
0.38320987649036176
0.3968574639522668
0.41046015812893105
0.42370370421746767
0.4447138077682919
0.44884399663318286
0.4691806992497107
0.47937149562016884
0.4778451209116464
0.49476992361473315
0.5020426541867883
0.511111111351938
0.5094949500729339
0.5306846279688556
0.531806962357627
0.5422671181384964
0.5504377111039981
0.5537598229417897
0.5578451216822923
0.5715375985160018
0.5826711564353018
0.5876992146174113
0.5779124579646371
0.6033221109948977
0.593086423897984
0.5918294064926378
0.6008080803986752
0.6116273878800749
0.6279685729079776
0.6362289551532629
0.6209203140302137
0.6238832750705757
0.6359147020060607
0.6545454516555324
0.6514927025395211
0.661459032634292
0.6550841749918581
0.6472278321632231
0.6620875404338644
0.6780246899585531
0.6760493805914214
0.6623569022525441
0.6918967420404608
0.6861055005680431
0.6934231200603523
0.6957575742042426
0.7021324357601127
0.7033894453385864
0.7071604951463565
0.7127721658860794
0.7019079682802913
0.7188327721875123
0.7180246921500775
0.729652074852375
0.7248484865583554
0.7328395072859947
0.7336026935866384
0.7380022448722763
0.7281705941816773
0.7469809217886492
0.7465319838186707
0.7541638624788535
0.7564534249931875
0.747609429889255
0.7585185182214987
0.7494500550356779
0.7621548826044257
0.771672278943688
0.7660606076018979
0.7656565693893818
0.7718069595519943
0.7720763207686068
0.7850505047374301
0.773288440222692
0.7755331120105705
0.7900785605112711
0.7916049373270285
0.7903928166688091
0.7976655418222601
0.800044894820512
0.7991470255032934
0.8000897891593702
0.8076767656538222
0.7963187435660699
0.8094276105514681
0.811672274512474
0.8047586974471507
0.8143209881252713
0.8086195311161003
0.8246913588408268
0.8201571239365472
0.821997754501574
0.8176879870771158
0.8231200852779427
0.8208754195107354
0.8180471405838475
0.8275196383697818
0.8317845120574489
0.8290460175938077
0.8376655428096501
0.834208753975955
0.8322334415984877
0.8430976428166784
0.8388776652740709
0.8451178429102657
0.841616158533578
0.8386531983963167
0.847676770253615
0.842289559768908
0.8386980867145037
0.8475869803717642
0.8558922530424715
0.8540965216328399
0.8450729503776088
0.8496969667347994
0.8574635217888187
0.858855219200404
0.8479910197884145
0.8601571249239373
0.8608754168857228
0.8618630748806577
0.8619977506724271
0.8625364719015179
0.8603815905975573
0.8694051588424528
0.8671604936773126
0.8764983138652763
0.8646464600707545
0.8694949469181023
0.8725028050066245
0.8743883269001739
0.8584960699081421
0.8638832767804464
0.8728170557455583
0.8694500567937138
0.8763636356652386
0.878249158160855
0.8863748588947334
0.8834567894839277
0.8880808058411184
0.8769921401534417
0.8821548789438575
0.8859708176718818
0.8976430977233733
0.8841301883109892
0.8825140246237168
0.8908192997026925
0.876049381915969
0.890594837039408
0.8940965214160957
0.891133558870566
0.8875420876223632
0.8962514033221235
0.8955331089520695
0.897598203384515
0.899708193359953
0.8924803595350246
0.8943209870897159
0.8996633014293632
0.8930190777537799
0.900920317028508
0.9001122351848718
0.9006958501507537
0.891133558870566
0.9035241302817759
0.9021773296173172
0.9008305289528586
0.9012794609021659
0.9129517439639929
0.902581366023632
0.9052300766260937
0.9125028047898803
0.9070258158625979
0.9051851877058396
0.9097194147832466
0.9048260414239132
0.9088664452234904
0.9103479258941881
0.9101683515490908
0.9145230090979374
0.9107968590476296
0.909405165248447
0.91591470289712
0.9090460171603193
0.9150168365902371
0.9157800204826124
0.9186083078384399
0.9172615083781156
0.9137598227972936
0.9261055058903165
0.9233221140774813
0.915780023492948
0.9164085327976882
0.9174859722455343
0.9218855247353063
0.9147923685083486
0.920673400464684
0.9194163890800091
0.9186980941078879
0.9247138102849325
0.9232323211852951
0.916902360892055
0.9208978691486397
0.9210325527672816
0.9199102153681745
0.9268686891806246
0.9222895671622922
0.9309988822599854
0.9270482653319233
0.9263299679515338
0.9250729541585903
0.9257912515389799
0.9292480385664738
0.9307744141780969
0.9316722792808456
0.9347250305040918
0.9315824960217332
0.9313580261336433
0.9315376046932105
0.9324803623286161
0.9288440003539576
0.9286644260088602
0.929292932905332
0.9286195310679349
0.9343209916895087
0.9332884417639838
0.935084181000488
0.9361616168359314
0.9315824930113975
0.9327497187286916
0.9290684654255106
0.938002246798891
0.9403815973888744
0.9346352436325767
0.9345454579651958
0.9374186342412775
0.9394837274695887
0.9368799124101196
0.9309090953884702
0.940740744874935
0.9382716086175706
0.9393939430063422
0.938989904793826
0.9393939430063422
