4.377422337580209
2.5294499710352736
2.433752177941679
2.3517338073614873
2.3046683012837113
2.2487645245561696
2.2016255566568086
2.1661133200231224
2.1205270531201603
2.072407116793623
2.025002627661734
2.0147818266743363
1.9605650769339666
1.9318120684286562
1.939555534208664
1.8953831111541901
1.8758603262178826
1.8513079303683657
1.8514509947613031
1.8099921183152632
1.7915844459726353
1.7655301250592628
1.7497033446726173
1.7364414364400536
1.7290851178795401
1.7037411446523185
1.6724316845036515
1.6489159446774106
1.6801834768719144
1.6189385435797952
1.6350642755778149
1.634235725258336
1.612501121530629
1.5910918315251668
1.5521910298954358
1.5415223728526721
1.574775187656133
1.5588851962426695
1.5273263430354571
1.489599230313542
1.49547538010761
1.447579851054182
1.4792118385584667
1.5041774583585334
1.4617097895554823
1.4156855043738779
1.428155192221054
1.4628876869124596
1.3951458629935678
1.4196954423731023
1.3769426032750294
1.3778770078312268
1.3568955322708747
1.3586394473759815
1.3487083659027561
1.343550230517532
1.3648659376182941
1.3186755373020365
1.32163577609592
1.3014260831505362
1.313498029805193
1.2858420851254704
1.289457816066164
1.279681870431611
1.2979878175138222
1.2592487046212861
1.2573164015105276
1.234604603112346
1.239684188004696
1.2488565083706018
1.2333093231374568
1.2459305247875174
1.2173743019200334
1.2043287838348236
1.2064922987812696
1.2099612439521636
1.1982811111392397
1.2030596034695404
1.173540220116124
1.1966748647015504
1.1867577644309613
1.1629262108995457
1.1544826410033486
1.1490816498043561
1.1424816136408333
1.1390418530714632
1.1372072985678008
1.1405547664623068
1.1170870818272987
1.1375057420345267
1.1178981571486502
1.1144923724309364
1.1229920766570352
1.104069010777907
1.1102286950506346
1.0777094532745053
1.086037608108135
1.0837355641403583
1.0977129237820404
1.0840292277962271
1.0855671624944667
1.0909542748422334
1.0768838277970902
1.0593787407634234
1.0653824848358078
1.0406233024115514
1.0557297829425696
1.0506108264730434
1.0358680125438806
1.0431837126462147
1.0337115935604981
1.0357826111292598
1.0580343983390115
1.0244330775858177
1.031967449067819
1.0509996606846048
1.0202079589920814
1.001852400977202
1.0158849358558655
1.0292986390566585
1.0201799899640709
1.000664841045033
1.0009197074957568
1.0183841381410155
0.997153558514335
0.9975864351397813
0.9927972910380123
0.9833908394129589
0.9815206359131168
0.9895986908614033
0.9736950397491455
0.983329075755495
0.961627043256856
0.9783142612438009
0.9735908815355012
0.9671698676215278
0.9657055115458941
1.012528582052751
0.9827611663124778
0.9640738831626045
0.9652279218037924
0.9562527772152063
0.9548301720860028
0.9417829513549805
0.9370814314996353
0.9377180867724948
0.9564723679513643
0.945272132603809
0.9279536665087998
0.9132465069944208
0.9367527612532028
0.9374313023355272
0.9222208339758594
0.9573683672481113
0.9252453079127302
0.9136732696282743
0.9237111222864401
0.9232442734217403
0.9076949062973562
0.910504511510483
0.9084135191609161
0.9008188169411938
0.9160898448240877
0.9117158452669779
0.9043969831081352
0.9154778351687421
0.8994229640623536
0.8966952478042757
0.9028503401110871
0.9141720665825738
0.8924028229231786
0.8964745071199205
0.9011490555724713
0.9040724635124207
0.875387333860301
0.8934984351649429
0.8857177514018435
0.8705312085874153
0.8867899534678219
0.8899243287365846
0.8789033131165938
0.88402913856988
0.8794003652803826
0.8772296839290195
0.8724942508369985
0.8732433963303614
0.8765476562760093
0.8838580997303279
0.8669945417028485
0.8733207860378304
0.8676790125442274
0.8608446380104682
0.8553331313711224
0.8559822939863109
0.8658217595081137
0.8465450911810903
0.8509408331880666
0.8646496383830754
0.8622842009621438
0.850949531251734
0.8527228627542053
0.8568396550236326
0.8496811432067795
0.8517334738163033
0.8550045893649862
0.8536349751732566
0.8389508254600294
0.8593880070580376
0.8507638091992851
0.8487947047358811
0.8531161113218828
0.8390061494075891
0.8433466216530463
0.8285204196217084
0.8385173991473034
0.8362747009354409
0.8411873910162184
0.8361786525658886
0.8287712076697686
0.8268179339591903
0.8254720496408867
0.819158172366595
0.8235086575903073
0.8214914901087983
0.8284746468669236
0.821886911536708
0.8290153615402452
0.8325034223421656
0.8258776767085297
0.8257588148117065
0.8088586721757446
0.8152369712338303
0.8161442038988826
0.8118125332726372
0.8219791813330217
0.8276173917934148
0.8275959491729736
0.8181352025330669
0.8060391635605784
0.814620523741751
0.8142288748664085
0.8160332838694254
0.806079149848283
0.80886889407129
0.8243844081657101
0.8020966980192397
0.8027947412596809
0.8081153974388585
0.8107650773693816
0.8036551860847858
