5.889099597930908
5.748891353607178
5.64871883392334
5.5610246658325195
5.498496055603027
5.39539909362793
5.310387134552002
5.161831855773926
5.226528167724609
4.957197666168213
4.819151878356934
4.93163537979126
4.964330673217773
4.753749847412109
4.893282413482666
4.8987507820129395
4.849531173706055
4.7534098625183105
4.606367111206055
4.8529157638549805
4.6455464363098145
4.585083961486816
4.623927116394043
4.493313312530518
4.464252471923828
4.6598615646362305
4.429528713226318
4.483550548553467
4.4861907958984375
4.367579936981201
4.268105983734131
4.393418312072754
4.283599853515625
4.34336519241333
4.393613338470459
4.415288925170898
4.206726551055908
4.321666717529297
4.295379161834717
4.097456932067871
4.132802486419678
4.124764919281006
4.180541038513184
4.022863388061523
4.241734504699707
4.069515705108643
4.228943347930908
4.117560863494873
3.9048900604248047
4.181465148925781
4.233421802520752
4.181950569152832
4.229326248168945
3.994032144546509
4.099215030670166
4.121449947357178
3.8688125610351562
4.04746675491333
3.968034267425537
4.068192481994629
3.9222869873046875
3.826643943786621
4.0354204177856445
4.089563369750977
4.024674892425537
4.05937385559082
3.8419227600097656
3.9046013355255127
3.921653985977173
3.8117847442626953
4.024285793304443
3.9864375591278076
3.858114242553711
3.889202117919922
3.9434640407562256
3.930649518966675
4.063228130340576
3.860905647277832
3.784198522567749
3.6888513565063477
3.9431114196777344
3.9021310806274414
3.808556079864502
3.888702630996704
3.6384801864624023
3.810321807861328
3.6650896072387695
3.8153977394104004
3.698817491531372
3.8263931274414062
3.776162624359131
4.017064094543457
3.554880380630493
3.728748083114624
3.7876057624816895
3.9472713470458984
3.774810552597046
3.719468116760254
3.5016863346099854
3.821004629135132
3.714014768600464
3.6497597694396973
3.6851069927215576
3.6367197036743164
3.7538793087005615
3.4542908668518066
3.6925861835479736
3.6842548847198486
3.536461114883423
3.8103299140930176
3.5298092365264893
3.593184232711792
3.6108479499816895
3.7000362873077393
3.734455108642578
3.7049143314361572
3.646904945373535
3.513075828552246
3.682859182357788
3.844090223312378
3.4631600379943848
3.5214998722076416
3.714478015899658
3.404531240463257
3.6400794982910156
3.474632978439331
3.7740554809570312
3.636445999145508
3.662661552429199
3.6845598220825195
3.6331989765167236
3.542511224746704
3.5339908599853516
3.4560952186584473
3.4311320781707764
3.3411386013031006
3.536301374435425
3.653315305709839
3.476405382156372
3.543553590774536
3.538808584213257
3.6815507411956787
3.5464184284210205
3.556065797805786
3.4701924324035645
3.4342660903930664
3.512617826461792
3.5926473140716553
3.544651746749878
3.4255971908569336
3.5887677669525146
3.4801111221313477
3.328690767288208
3.529731512069702
3.425096273422241
3.3893330097198486
3.2383792400360107
3.553752899169922
3.4208781719207764
3.329679489135742
3.3723220825195312
3.2688305377960205
3.4300696849823
3.450150489807129
3.5050673484802246
3.548429012298584
3.3283135890960693
3.502800226211548
3.413822650909424
3.38908052444458
3.336848258972168
3.473562002182007
3.509810209274292
3.4204559326171875
3.317511558532715
3.411228656768799
3.4840776920318604
3.419990062713623
3.53232741355896
3.501685857772827
3.295947313308716
3.240346908569336
3.395322322845459
3.3239152431488037
3.406702756881714
3.4400031566619873
3.2790236473083496
3.2731354236602783
3.4449691772460938
3.2389583587646484
3.3766980171203613
3.4198710918426514
3.2327303886413574
3.4164857864379883
3.328294038772583
3.3874433040618896
3.511324644088745
3.3221399784088135
3.3659212589263916
3.4308223724365234
3.5299534797668457
3.3393993377685547
3.4306082725524902
3.402945041656494
3.4113857746124268
3.2871243953704834
3.3356051445007324
3.3802921772003174
3.463124990463257
3.408151626586914
3.238867998123169
3.386861562728882
3.367161750793457
3.4323606491088867
3.4889395236968994
3.2870755195617676
3.365741729736328
3.3157858848571777
3.3946633338928223
3.3514814376831055
3.3751022815704346
3.3649933338165283
3.491633415222168
3.522608995437622
3.3234682083129883
3.2191739082336426
3.3659634590148926
3.4081361293792725
3.3783349990844727
3.2568793296813965
3.289057731628418
3.296288251876831
3.4114434719085693
3.2489919662475586
3.43251371383667
3.54181170463562
3.1556382179260254
3.1825098991394043
3.3858258724212646
3.352890968322754
3.2727596759796143
3.364828109741211
3.3039252758026123
3.2859737873077393
3.24112868309021
3.20289945602417
3.360429048538208
3.3570313453674316
3.2359721660614014
3.137787103652954
3.2797040939331055
3.1204493045806885
3.2823574542999268
3.1202101707458496
3.1557278633117676
3.2608044147491455
3.469510555267334
3.3994033336639404
3.1490256786346436
3.3992700576782227
3.3228750228881836
3.343149423599243
3.161445379257202
3.195404291152954
3.1471774578094482
3.3571155071258545
3.331153154373169
3.1651549339294434
3.1769261360168457
3.2193856239318848
3.3070297241210938
3.199615001678467
3.045382022857666
3.1903886795043945
3.257540464401245
3.1466078758239746
3.214601755142212
3.3190743923187256
3.2320659160614014
3.296412706375122
3.1316964626312256
3.3014585971832275
3.437886953353882
3.3321022987365723
3.3502748012542725
3.157545804977417
3.3582265377044678
3.250333309173584
3.1464524269104004
3.3587169647216797
3.3728370666503906
3.108933210372925
3.3275399208068848
3.3175530433654785
3.263279438018799
3.133760929107666
3.2549948692321777
3.3473727703094482
3.1968772411346436
3.2631306648254395
3.2342007160186768
3.087822675704956
3.2226715087890625
3.4387247562408447
3.205104112625122
3.3442418575286865
3.4327809810638428
3.1245999336242676
3.1894922256469727
3.0698914527893066
3.2067439556121826
3.1667556762695312
3.236992120742798
3.081817388534546
3.209606170654297
3.068223237991333
3.2757527828216553
3.255377769470215
3.2414441108703613
3.1921026706695557
3.0490853786468506
3.1654975414276123
3.289827585220337
3.0059814453125
3.106132984161377
3.234771490097046
3.118612766265869
3.1591246128082275
3.209782838821411
3.1091647148132324
3.115926742553711
3.199101448059082
3.2608001232147217
3.164146661758423
3.212655782699585
3.3057138919830322
3.2560102939605713
3.298098564147949
3.2332890033721924
3.329016923904419
3.159085273742676
3.192466974258423
3.2613000869750977
3.096076250076294
3.246077060699463
3.250638246536255
3.1178879737854004
3.181870937347412
3.144686222076416
3.365816593170166
3.248084306716919
3.1564834117889404
3.3725318908691406
3.130200147628784
3.2048182487487793
3.209604263305664
3.0787932872772217
3.3732242584228516
3.343592882156372
3.1329474449157715
3.1882894039154053
3.134277582168579
3.370220422744751
3.170732259750366
3.0848684310913086
3.0390565395355225
3.116809844970703
3.1398744583129883
3.1706066131591797
3.1127707958221436
3.107133388519287
3.0838675498962402
3.2042605876922607
3.169198989868164
3.21053409576416
3.11106538772583
3.248506546020508
3.2002530097961426
3.1748850345611572
3.027959108352661
3.0345709323883057
3.1501731872558594
3.165018081665039
2.9230995178222656
3.113074779510498
3.106797456741333
3.1543490886688232
3.2284960746765137
3.1210498809814453
3.156334161758423
3.334338903427124
3.2265188694000244
3.241826295852661
3.1761856079101562
3.213430166244507
3.1322309970855713
3.135370969772339
3.1891775131225586
3.114928960800171
2.9801840782165527
3.0823326110839844
2.9667680263519287
2.9960670471191406
3.1328418254852295
3.2454915046691895
3.051041603088379
3.1302289962768555
3.1711831092834473
3.342561960220337
3.1484694480895996
3.0574169158935547
3.0318405628204346
3.0380632877349854
3.244370937347412
3.215256690979004
3.1324758529663086
3.0494258403778076
3.231541633605957
3.078559160232544
3.2604968547821045
3.1808431148529053
3.1536128520965576
3.05791974067688
3.0734071731567383
3.0438778400421143
2.9971494674682617
3.007368803024292
3.1372156143188477
3.0515990257263184
3.1265268325805664
3.283027410507202
3.044701337814331
3.098939895629883
3.2248620986938477
3.1426291465759277
3.0653603076934814
3.155092716217041
2.8853509426116943
3.0340933799743652
3.1638572216033936
2.8593807220458984
3.0600228309631348
3.201892852783203
2.978947877883911
2.9707095623016357
3.0315256118774414
3.059490442276001
3.1415371894836426
3.080592393875122
3.0041556358337402
3.017141103744507
3.1522750854492188
3.0240609645843506
3.0995891094207764
3.0378592014312744
3.1160171031951904
3.1260547637939453
3.036508560180664
3.07181453704834
3.090881824493408
3.0500125885009766
3.156153678894043
2.938356637954712
3.0393173694610596
3.07114839553833
3.065242290496826
3.209482431411743
3.3484127521514893
3.0807008743286133
3.24808669090271
3.1273903846740723
3.086825370788574
3.172762632369995
3.0085315704345703
3.1681878566741943
3.032435894012451
3.093770980834961
3.004375696182251
3.1281180381774902
3.155433416366577
3.113410234451294
3.024911642074585
3.1018853187561035
3.1609394550323486
3.1708173751831055
3.0165464878082275
3.1436214447021484
3.19024395942688
3.1614739894866943
3.124704122543335
3.0684010982513428
3.0351204872131348
3.1350300312042236
3.0935676097869873
2.9192256927490234
3.072319984436035
2.9803080558776855
3.035989284515381
3.0313947200775146
3.098971128463745
3.0987489223480225
3.1176183223724365
3.200244188308716
3.0227344036102295
3.019632339477539
3.1296966075897217
2.9292266368865967
3.2792270183563232
3.2328312397003174
3.0266199111938477
3.2100419998168945
3.0288727283477783
3.0821304321289062
3.179144859313965
2.977843761444092
3.1919188499450684
3.174339532852173
3.0454154014587402
3.054645299911499
3.141601800918579
2.9992523193359375
3.1406142711639404
3.03112530708313
3.034148931503296
3.077962875366211
3.1114726066589355
3.2563838958740234
3.123849868774414
3.2004098892211914
2.964921236038208
2.874495267868042
3.0661771297454834
3.047576427459717
3.008486747741699
3.1254730224609375
3.1956753730773926
3.1061360836029053
2.9155287742614746
3.09617280960083
3.0202407836914062
3.040407419204712
2.9765286445617676
3.192370653152466
3.043275833129883
3.0773794651031494
3.0953502655029297
3.1107609272003174
2.9279613494873047
2.9821629524230957
3.053870677947998
3.012557029724121
3.1304519176483154
3.094996929168701
3.059422254562378
3.0544536113739014
2.9569616317749023
3.0147953033447266
2.99098801612854
3.1124210357666016
3.075674057006836
3.142090320587158
2.9270377159118652
3.0771255493164062
3.010021209716797
3.1189589500427246
2.969810724258423
3.1610636711120605
2.9602274894714355
3.1518328189849854
2.97310733795166
3.032381534576416
3.009237289428711
2.9810423851013184
3.007645845413208
3.0405728816986084
2.9237258434295654
2.972870349884033
2.9684386253356934
3.1187450885772705
3.0744848251342773
3.104236602783203
2.90972638130188
3.2322938442230225
3.0224180221557617
2.9798901081085205
2.964111804962158
3.046424627304077
3.0788257122039795
3.0454020500183105
2.95969820022583
2.9520015716552734
2.919840097427368
3.1084723472595215
2.860471248626709
3.149195432662964
3.1346614360809326
2.9846603870391846
3.0789384841918945
2.96051287651062
3.019885540008545
2.9397847652435303
2.950181722640991
3.0538902282714844
2.8485238552093506
3.0125982761383057
2.9681270122528076
3.026132583618164
2.9869487285614014
2.8643746376037598
2.979860305786133
2.8985068798065186
2.952502965927124
3.186758518218994
2.920699119567871
2.838390350341797
3.061431407928467
3.213635206222534
2.9867160320281982
3.063570976257324
3.0140931606292725
3.158498525619507
2.929372787475586
2.94130277633667
2.9301390647888184
3.0161614418029785
2.995170831680298
3.075817108154297
3.087806224822998
3.0120599269866943
2.949852228164673
2.988652467727661
3.1226627826690674
3.069439649581909
2.8086721897125244
2.862067937850952
2.8062198162078857
3.096137523651123
3.0468626022338867
3.0566225051879883
3.0235750675201416
2.9935357570648193
3.1188719272613525
2.9571051597595215
3.043440580368042
3.0795273780822754
3.0040295124053955
2.931204319000244
2.918370485305786
2.7960026264190674
3.0267319679260254
3.0047879219055176
2.9600882530212402
3.078932046890259
3.0339856147766113
3.020543336868286
3.0486505031585693
2.9281415939331055
3.023150682449341
3.082456111907959
2.964291572570801
2.9759175777435303
2.9103519916534424
2.872285842895508
2.9182393550872803
3.085545539855957
3.0729000568389893
2.9559595584869385
2.967911720275879
3.025036573410034
3.0624141693115234
2.9709253311157227
2.8586316108703613
3.1250813007354736
3.0427417755126953
2.950591564178467
2.9422285556793213
2.9974069595336914
3.094921350479126
3.110501527786255
2.90411376953125
3.0411078929901123
3.1468048095703125
2.975668430328369
2.827090263366699
3.056868314743042
2.9344964027404785
2.92625093460083
3.0437991619110107
3.100461959838867
3.073674201965332
2.8737947940826416
2.941465139389038
2.9457857608795166
2.844424247741699
2.9977080821990967
2.996204376220703
3.0367789268493652
2.9396181106567383
2.773439884185791
3.062180280685425
2.801600933074951
2.9287045001983643
3.057929039001465
2.944603443145752
3.1264944076538086
2.782712459564209
2.941126823425293
2.953871011734009
2.8555588722229004
2.986091375350952
2.9433884620666504
3.022399425506592
3.0644638538360596
2.9824438095092773
2.9501850605010986
2.9682323932647705
3.001286506652832
2.9036288261413574
2.9702565670013428
2.9927594661712646
3.070453643798828
2.94637393951416
3.004199266433716
3.0663321018218994
2.9924044609069824
3.0294792652130127
3.0487096309661865
3.0616343021392822
3.096576690673828
3.027967691421509
3.0088727474212646
3.1234800815582275
2.8773069381713867
3.086209535598755
3.0140416622161865
3.0682060718536377
3.0175228118896484
2.9157466888427734
2.930816650390625
2.963181495666504
3.0135481357574463
2.896406888961792
3.0154402256011963
2.9513700008392334
2.9964919090270996
2.9596002101898193
2.957379102706909
3.070246458053589
2.8220527172088623
3.0620651245117188
2.937213182449341
2.80454683303833
2.9213504791259766
3.122926712036133
2.918531894683838
2.801072597503662
3.128004789352417
2.9109787940979004
2.9896812438964844
2.9679300785064697
2.9828147888183594
3.0102133750915527
3.0704429149627686
2.8143250942230225
3.0999348163604736
3.0316152572631836
2.9611406326293945
3.016005039215088
3.0703938007354736
2.9025909900665283
2.94985032081604
2.9131627082824707
2.9928390979766846
2.976412534713745
2.961449146270752
2.8436965942382812
2.940981864929199
3.1649904251098633
2.952436923980713
2.865974187850952
3.1429736614227295
2.975188970565796
3.0436835289001465
3.05659818649292
2.9518680572509766
2.959049701690674
2.925959587097168
2.9257850646972656
2.960965871810913
3.0932421684265137
3.009101152420044
2.9351747035980225
2.940504312515259
2.9262282848358154
2.9484779834747314
2.959035873413086
2.9659781455993652
3.0527889728546143
2.831756353378296
3.031958818435669
3.047244071960449
3.0610477924346924
3.156792640686035
2.877260446548462
2.90942645072937
2.8774938583374023
2.9835333824157715
2.907594680786133
2.873173952102661
2.9074201583862305
2.870736837387085
2.9023678302764893
2.9609110355377197
2.8230013847351074
2.9712727069854736
2.9652514457702637
3.068357467651367
2.944324254989624
2.982135057449341
2.9447638988494873
3.085836887359619
2.918898582458496
2.850823402404785
3.093949556350708
2.983051061630249
2.9449403285980225
2.8342416286468506
2.8974661827087402
2.8125159740448
2.9024624824523926
2.9199624061584473
2.893465280532837
2.935232400894165
2.921050786972046
2.959278106689453
2.998598575592041
3.064263343811035
2.8827333450317383
2.8293724060058594
3.058833122253418
2.8628201484680176
2.880598306655884
2.976945400238037
2.835627555847168
2.9545962810516357
3.0188369750976562
2.84251070022583
2.890921115875244
2.9659035205841064
3.006895065307617
2.969529390335083
2.880234479904175
3.0427680015563965
2.9263038635253906
2.9874508380889893
2.9608230590820312
2.914297580718994
3.024927854537964
2.9708175659179688
3.0880956649780273
2.856783866882324
2.995553493499756
2.8249311447143555
2.9487273693084717
2.953801393508911
2.854705572128296
2.768658399581909
2.9925858974456787
2.9847888946533203
2.9361724853515625
2.8693645000457764
2.8450963497161865
2.7345540523529053
2.998497247695923
3.137639045715332
3.0022623538970947
2.9949731826782227
2.96975040435791
2.818535327911377
2.8962419033050537
2.861133098602295
2.8527064323425293
2.821467638015747
2.939973831176758
2.8941521644592285
2.874805450439453
2.85622501373291
2.9881622791290283
3.024601697921753
3.008673906326294
2.9303159713745117
2.918311357498169
2.902757406234741
2.7877469062805176
3.042921781539917
3.0238287448883057
3.009340524673462
3.0418436527252197
2.992464542388916
2.8116769790649414
2.7951717376708984
2.91469669342041
3.0634045600891113
2.8030197620391846
2.9799914360046387
3.018376350402832
2.9524755477905273
3.025980234146118
2.7732033729553223
2.863792657852173
2.9139857292175293
2.8478102684020996
3.0705814361572266
2.9569222927093506
2.848447561264038
2.9722468852996826
2.845956563949585
3.053128480911255
2.939673662185669
2.9059410095214844
2.935382127761841
2.875241756439209
3.0265865325927734
3.012080430984497
2.99283766746521
3.117584466934204
3.0648353099823
2.9295995235443115
3.0975522994995117
2.905104637145996
3.0289077758789062
2.9624481201171875
2.9827890396118164
2.921189069747925
2.928856134414673
2.945061206817627
3.032313823699951
2.932992696762085
2.9694199562072754
2.809514284133911
3.0081822872161865
2.771773338317871
2.9714109897613525
2.872123956680298
2.9637317657470703
3.006920099258423
2.9053547382354736
2.942488670349121
2.899221897125244
2.9226889610290527
2.926656484603882
2.964249610900879
2.801527261734009
2.9145824909210205
3.1362192630767822
2.8779478073120117
2.9057137966156006
2.844336986541748
2.9339733123779297
2.870767831802368
2.943484306335449
2.8564963340759277
2.9056742191314697
2.8688158988952637
2.9960479736328125
2.8534791469573975
2.8397412300109863
2.9836270809173584
2.7962918281555176
2.8471925258636475
2.8910109996795654
2.8262293338775635
2.9120285511016846
2.8854119777679443
2.9145278930664062
2.858783483505249
2.978879928588867
3.004150867462158
2.924921751022339
2.8132081031799316
2.843104600906372
2.851533889770508
2.8006701469421387
2.9499099254608154
2.861727714538574
3.0252740383148193
2.8950412273406982
3.113485097885132
2.994965076446533
2.9914095401763916
2.983304262161255
2.7996010780334473
2.7580440044403076
3.0425150394439697
3.01928973197937
2.8864059448242188
2.857523202896118
2.7629024982452393
2.9864819049835205
2.973405599594116
3.058718204498291
2.958256483078003
2.864107131958008
3.007481575012207
2.823737859725952
2.944615125656128
2.9437220096588135
2.988046646118164
3.0163214206695557
2.9399619102478027
2.9212019443511963
2.882892608642578
2.8950512409210205
2.8598647117614746
3.005627155303955
2.761277675628662
2.973890781402588
2.75129771232605
2.844818592071533
2.9387457370758057
2.954052448272705
3.0811007022857666
3.0312228202819824
2.842214822769165
2.948849678039551
2.993651866912842
2.8577327728271484
2.9232659339904785
2.9193947315216064
2.8607025146484375
2.9816017150878906
3.006040096282959
2.764617919921875
2.8663997650146484
2.8995559215545654
2.9482765197753906
2.8546884059906006
2.927051067352295
2.9589321613311768
2.9115521907806396
2.9550085067749023
2.8408350944519043
2.793393850326538
2.8765833377838135
3.0008411407470703
2.8662312030792236
2.9680750370025635
2.8386270999908447
2.717134475708008
2.90978741645813
2.836074113845825
2.976837158203125
2.9763433933258057
2.811216115951538
2.9263181686401367
2.815749406814575
2.8215575218200684
2.805867910385132
3.105077028274536
2.8695120811462402
2.8615286350250244
2.947312116622925
2.8877851963043213
2.8858160972595215
2.9237496852874756
2.815683126449585
2.922607660293579
2.8991780281066895
2.907255172729492
2.8619673252105713
2.819517135620117
2.825314998626709
2.860687017440796
2.8394126892089844
2.9586071968078613
2.9976646900177
2.8072965145111084
2.9426794052124023
2.847898483276367
3.016252279281616
2.7113404273986816
2.9091501235961914
2.900644063949585
2.995575428009033
2.8177335262298584
2.9280812740325928
2.9018287658691406
2.8509204387664795
2.923414707183838
2.9628241062164307
2.965481758117676
2.8774826526641846
2.9756977558135986
2.885077714920044
2.897982120513916
2.923600673675537
2.892266273498535
2.991262435913086
2.847519636154175
2.699389696121216
2.938359260559082
3.002833366394043
2.7837817668914795
2.9389750957489014
2.767469644546509
2.9269797801971436
2.8655455112457275
2.9138331413269043
2.789351463317871
2.950571060180664
2.878365993499756
2.911012887954712
2.7780168056488037
2.733715534210205
2.9006237983703613
3.1101393699645996
2.8647654056549072
2.8807671070098877
2.8944525718688965
2.9043562412261963
2.9282283782958984
2.9206135272979736
2.74719500541687
2.8351614475250244
3.0030157566070557
2.8730580806732178
2.865879774093628
2.935950517654419
2.828522205352783
2.88895845413208
2.8292951583862305
2.914307117462158
2.872100353240967
2.8436667919158936
2.8476064205169678
3.1082489490509033
2.900521755218506
2.8449368476867676
2.871952772140503
2.717609405517578
2.883604049682617
3.172109603881836
2.8377087116241455
2.9552206993103027
2.7998480796813965
2.8516976833343506
2.7228658199310303
2.910062551498413
2.9045658111572266
2.781961679458618
2.946286201477051
2.8498740196228027
2.9068422317504883
2.9797024726867676
2.8540985584259033
2.9474329948425293
2.957129955291748
2.777747392654419
2.893453598022461
2.932354688644409
2.7940995693206787
2.7974302768707275
2.8905041217803955
2.923661231994629
2.92118763923645
2.8017685413360596
2.9493350982666016
2.780083417892456
2.963737964630127
2.8327765464782715
2.9018990993499756
2.8213260173797607
2.981921434402466
2.8426709175109863
2.8029072284698486
2.8493261337280273
2.8807828426361084
2.8863508701324463
2.9590327739715576
2.875260591506958
2.8618316650390625
2.7955522537231445
2.797581911087036
2.746530055999756
2.837368965148926
2.9651920795440674
3.0091567039489746
2.7971479892730713
2.8438191413879395
2.7779312133789062
2.8427574634552
2.8480324745178223
2.9149131774902344
2.9587199687957764
2.9687254428863525
2.898411989212036
2.9744150638580322
2.848198175430298
2.9393694400787354
2.8653032779693604
2.9006268978118896
2.9152119159698486
2.95930552482605
2.8831839561462402
2.8819761276245117
2.86643385887146
2.9063005447387695
2.798184871673584
2.785559892654419
2.8638994693756104
2.7838101387023926
2.746380090713501
2.732489585876465
2.8755240440368652
2.761202335357666
2.7602202892303467
2.7853734493255615
2.8418242931365967
2.6562228202819824
2.8810086250305176
2.9143009185791016
2.8992862701416016
2.805255889892578
2.958251476287842
2.822981357574463
2.9830362796783447
2.785221576690674
2.8579070568084717
2.764183759689331
2.961376905441284
2.8584465980529785
2.8874897956848145
2.987098455429077
2.9820332527160645
2.8237645626068115
2.770611524581909
2.884145498275757
2.8201005458831787
2.840714931488037
2.928767204284668
2.8932807445526123
2.9522128105163574
2.7904250621795654
2.8979074954986572
2.8734548091888428
2.886843204498291
2.815967082977295
2.8786468505859375
2.861574649810791
2.871241807937622
2.9262900352478027
2.875046491622925
2.8212783336639404
2.9114253520965576
2.9445242881774902
2.975231885910034
2.885087251663208
2.9170029163360596
2.91911244392395
2.9767606258392334
2.8054726123809814
2.872127056121826
3.1361594200134277
2.9578351974487305
2.8568224906921387
2.9046521186828613
2.7377209663391113
3.0338618755340576
2.7528140544891357
2.905076265335083
2.818767547607422
2.827878475189209
2.7750086784362793
2.783745765686035
2.83170485496521
2.8996455669403076
3.006230115890503
2.9202961921691895
2.816154956817627
2.7313308715820312
2.9406445026397705
2.807222843170166
2.993574857711792
2.9479308128356934
2.8204147815704346
2.72861909866333
2.9090306758880615
2.7958178520202637
2.802013397216797
2.9152016639709473
2.987290382385254
2.8973586559295654
3.0317273139953613
2.9009008407592773
2.9105238914489746
2.963294744491577
2.9602766036987305
2.922330141067505
2.876254081726074
2.8517019748687744
2.898552179336548
2.8241543769836426
2.7350423336029053
2.9595818519592285
2.9275548458099365
2.7099010944366455
2.90207839012146
2.8516571521759033
2.809938907623291
2.7549209594726562
3.010164499282837
2.818972587585449
2.743913173675537
2.882124662399292
2.86173152923584
2.9000391960144043
2.825819253921509
2.893109083175659
2.8738656044006348
2.940793037414551
2.6486356258392334
2.9710464477539062
2.8881025314331055
2.7350881099700928
2.910583019256592
2.6955010890960693
2.902813196182251
2.7212510108947754
2.762274742126465
2.780630350112915
2.8515186309814453
2.811009168624878
3.078321695327759
2.8981940746307373
2.6963772773742676
2.8819174766540527
2.7602670192718506
3.0615246295928955
2.876509189605713
2.806288242340088
2.7303385734558105
2.806825876235962
2.9556446075439453
2.8313798904418945
2.7637240886688232
2.9155936241149902
2.8824808597564697
2.8301737308502197
3.0143680572509766
2.809340715408325
2.8446950912475586
2.9125592708587646
2.814729690551758
2.8755509853363037
3.005476951599121
2.84355092048645
2.9265663623809814
2.8785719871520996
2.974384069442749
2.8549323081970215
2.7454586029052734
2.8359315395355225
2.795156240463257
2.779076337814331
2.8038806915283203
2.9582483768463135
2.7781944274902344
2.69018292427063
2.8220136165618896
2.905031681060791
2.9486887454986572
2.8221821784973145
2.840763807296753
2.9033474922180176
2.8680524826049805
2.8345227241516113
2.975800037384033
2.96864914894104
2.779066324234009
3.017275094985962
2.948864698410034
2.8001279830932617
2.9669322967529297
2.7884459495544434
2.872849464416504
2.839574098587036
2.831413507461548
2.8188374042510986
2.9338669776916504
2.8134572505950928
2.879762887954712
2.8746285438537598
2.7317349910736084
2.874159574508667
2.863496780395508
2.744913101196289
2.975069522857666
2.945000171661377
2.828232765197754
2.8616552352905273
2.820218563079834
2.7468037605285645
2.8798320293426514
2.849902391433716
2.851130247116089
2.95119571685791
2.8060824871063232
2.8590316772460938
2.8250887393951416
2.8186123371124268
2.778407096862793
2.823514461517334
2.8756296634674072
2.7741875648498535
2.7496442794799805
2.8077359199523926
2.913973331451416
2.8669862747192383
2.755427598953247
2.876446008682251
2.8273746967315674
2.875328779220581
2.8333632946014404
2.8864996433258057
2.9671871662139893
2.909234046936035
2.872976064682007
2.9293699264526367
2.8467512130737305
2.769134283065796
2.7475574016571045
2.825845956802368
2.7728240489959717
2.8018665313720703
2.9605064392089844
2.8605220317840576
2.7486937046051025
2.9616572856903076
2.7710325717926025
2.780951976776123
2.86856746673584
2.9117319583892822
2.8123703002929688
2.811760902404785
2.888113260269165
2.759037733078003
2.6989998817443848
2.7526187896728516
2.979740858078003
2.7446393966674805
2.805921792984009
2.9600720405578613
2.8602960109710693
2.8131747245788574
2.774508237838745
2.880138874053955
2.8602895736694336
2.82216215133667
2.853147268295288
2.774437665939331
2.790189504623413
2.8386898040771484
2.7826662063598633
2.8040168285369873
2.8343653678894043
2.8012683391571045
2.893918514251709
2.8138973712921143
2.858124256134033
2.7905023097991943
2.882383108139038
2.792433500289917
2.9030256271362305
2.883296012878418
2.8728973865509033
2.748203754425049
2.8419601917266846
2.8675084114074707
2.827211380004883
2.8161964416503906
2.7641401290893555
2.743878126144409
2.8553104400634766
2.9097514152526855
2.735325336456299
2.8363497257232666
2.881697654724121
2.8284738063812256
2.8151662349700928
2.9697647094726562
3.021423578262329
2.956185817718506
2.7210865020751953
2.752224922180176
2.9185307025909424
2.7971978187561035
2.8426895141601562
2.750336170196533
2.8216819763183594
2.74160099029541
2.9617855548858643
2.9638004302978516
2.87381649017334
2.7598671913146973
2.880720376968384
2.751934289932251
2.82645845413208
2.9905354976654053
2.9037907123565674
2.9027507305145264
2.7867517471313477
2.8007473945617676
2.841919422149658
2.7436439990997314
2.8713455200195312
2.918605089187622
2.836397171020508
2.88871431350708
2.831822633743286
2.715623140335083
2.777341604232788
2.9669673442840576
2.8124165534973145
2.934584379196167
2.804723024368286
2.923011541366577
2.843480110168457
2.8144707679748535
2.793846607208252
2.849749803543091
2.718421459197998
2.811161518096924
2.8123791217803955
2.81489634513855
2.734595775604248
2.8474626541137695
2.8610823154449463
2.92061448097229
2.862900972366333
2.9123363494873047
2.76533579826355
2.8967456817626953
2.8375484943389893
2.8135693073272705
2.8196256160736084
2.7403178215026855
2.952457904815674
2.8451831340789795
2.88938570022583
2.79013991355896
2.853802442550659
2.854116439819336
3.0176446437835693
2.7811906337738037
2.7500216960906982
2.851285457611084
2.888981580734253
2.864797830581665
3.048522472381592
2.8037726879119873
2.78961443901062
2.9757778644561768
2.9560956954956055
2.680084466934204
2.8258554935455322
2.80595064163208
2.8199410438537598
2.8871114253997803
2.8689653873443604
3.0168235301971436
2.745534658432007
2.7534019947052
2.9119606018066406
2.75276517868042
2.8578836917877197
2.799752712249756
2.9172122478485107
2.8352882862091064
2.7453932762145996
2.777523994445801
2.8480916023254395
2.8611745834350586
2.7861764430999756
2.769460678100586
2.8282082080841064
2.8063321113586426
2.797011613845825
2.823779582977295
2.730008602142334
2.744379758834839
2.7372584342956543
2.810163736343384
2.8569488525390625
2.8417859077453613
2.9189765453338623
2.845552921295166
3.0093374252319336
2.730433702468872
2.88667368888855
2.746122360229492
2.7427549362182617
3.019031286239624
2.8295764923095703
2.7960023880004883
2.875576972961426
2.7465274333953857
2.710850477218628
2.9111828804016113
2.829286575317383
2.740617275238037
2.6999778747558594
2.819638252258301
2.6769890785217285
2.774728536605835
2.630185842514038
2.780015468597412
2.812103271484375
2.7349460124969482
2.8887407779693604
2.8327059745788574
2.739126443862915
2.655456066131592
2.922370195388794
2.8552756309509277
2.9053871631622314
2.834477663040161
3.0257441997528076
2.7089903354644775
2.8371083736419678
2.8005776405334473
2.8474302291870117
2.7653486728668213
2.8975322246551514
2.8775739669799805
2.839722156524658
2.7931697368621826
2.745384454727173
3.051037549972534
2.9189422130584717
2.916414499282837
2.7870657444000244
2.805436849594116
2.847012996673584
2.872237205505371
2.8164479732513428
3.03065824508667
2.8916893005371094
2.8025014400482178
2.8121540546417236
2.941819190979004
2.815746784210205
2.655214548110962
2.6781694889068604
2.954934597015381
2.86417555809021
2.829434394836426
2.8149092197418213
2.667741060256958
2.6787099838256836
2.933432102203369
2.681406021118164
2.7518253326416016
2.8370361328125
2.873318910598755
2.8440825939178467
2.8118388652801514
2.942150592803955
2.766399621963501
2.753267765045166
2.796576738357544
2.9586985111236572
2.790393829345703
2.7346856594085693
2.859924077987671
2.7625174522399902
2.7638697624206543
2.6765029430389404
2.735863447189331
2.88305926322937
2.809241533279419
2.7945899963378906
2.7624335289001465
2.7422430515289307
2.817680835723877
2.7946078777313232
2.7799148559570312
2.6743626594543457
2.9702963829040527
2.808229684829712
2.903799057006836
2.8302931785583496
2.813891649246216
2.8067502975463867
2.83813738822937
2.745493173599243
2.9072659015655518
2.8958990573883057
2.905543804168701
2.632749080657959
2.9608726501464844
2.881531000137329
2.7939748764038086
2.787337064743042
2.7576889991760254
2.700927734375
2.8098740577697754
2.830127000808716
2.7168774604797363
2.92317795753479
2.823521375656128
2.6876139640808105
2.791965961456299
2.749171257019043
2.707549810409546
2.7512898445129395
2.757718801498413
2.773782968521118
2.8050014972686768
2.7874302864074707
2.7441964149475098
2.894216299057007
2.8483781814575195
2.843614339828491
2.8264644145965576
2.7196953296661377
2.9613125324249268
2.7557969093322754
2.764784812927246
2.6940462589263916
2.8515470027923584
2.8912248611450195
2.6885886192321777
2.7847633361816406
2.7914879322052
2.843114137649536
2.798957586288452
2.8311941623687744
2.9050354957580566
2.8111822605133057
2.7846620082855225
2.782616138458252
2.7493536472320557
2.8407557010650635
2.960312843322754
2.774496555328369
2.8367726802825928
2.9112677574157715
2.771468162536621
2.8196346759796143
2.7177650928497314
2.9158501625061035
2.8625805377960205
2.8293941020965576
2.8582332134246826
2.966120958328247
2.8137102127075195
2.762188196182251
2.8445420265197754
2.8447458744049072
2.8548033237457275
2.9819557666778564
2.782362461090088
2.7587976455688477
2.7273786067962646
2.8869946002960205
2.688565969467163
2.692979335784912
2.7768466472625732
2.8787965774536133
2.810549259185791
2.7539563179016113
2.814964771270752
2.678779125213623
2.7956600189208984
2.86535906791687
2.8132243156433105
2.837254524230957
2.8646843433380127
2.8534512519836426
2.706890106201172
2.888094663619995
2.859246253967285
2.77966046333313
2.8156912326812744
2.734274387359619
2.8188958168029785
2.7504193782806396
2.892493963241577
2.6868371963500977
2.833212375640869
2.7943925857543945
2.761977195739746
2.7778642177581787
2.7996625900268555
2.7177345752716064
2.698495388031006
2.6767241954803467
2.726484537124634
2.7868425846099854
2.7931437492370605
2.8248748779296875
2.7839877605438232
2.944221258163452
2.745002508163452
2.75955867767334
2.7113897800445557
2.771000385284424
2.7598304748535156
2.8952035903930664
2.821373701095581
2.7475032806396484
2.6612892150878906
2.7851929664611816
2.817174196243286
2.8586020469665527
2.845672130584717
2.804502010345459
2.842813014984131
2.8325986862182617
2.8186087608337402
2.7607779502868652
2.8134965896606445
2.8443357944488525
2.8384289741516113
2.8223321437835693
2.764667510986328
2.8912434577941895
2.841013193130493
2.75101375579834
2.8503313064575195
2.7514662742614746
2.7819740772247314
2.879939556121826
2.729696273803711
2.736809015274048
2.7896854877471924
2.715662717819214
2.8993687629699707
2.849677085876465
2.947265625
2.766489028930664
2.704918384552002
2.766096591949463
2.878079891204834
2.807715892791748
2.6958391666412354
2.857177972793579
2.7336204051971436
2.9126760959625244
2.8222923278808594
2.8232438564300537
2.9012441635131836
2.8928115367889404
2.7704010009765625
2.8487651348114014
2.8121109008789062
2.801872968673706
2.7678685188293457
2.7382194995880127
2.8142547607421875
2.9489386081695557
2.6898975372314453
2.761408805847168
2.673475503921509
2.6488404273986816
2.7097761631011963
2.677874803543091
2.86580228805542
2.8470687866210938
2.7433900833129883
2.7918670177459717
2.713139533996582
2.7623367309570312
2.787294626235962
2.93668270111084
2.7764511108398438
2.69252610206604
2.730799436569214
2.816570520401001
2.7011735439300537
2.7881674766540527
2.7058329582214355
2.6686019897460938
2.6933560371398926
2.821381092071533
2.8509175777435303
2.7599191665649414
2.837846517562866
2.6706528663635254
2.6730101108551025
2.6679155826568604
2.7598352432250977
2.7557449340820312
2.6183340549468994
2.846545457839966
2.7159576416015625
2.751868724822998
2.9173624515533447
2.6821329593658447
2.79227614402771
2.880728244781494
2.8182122707366943
2.8036205768585205
2.8417277336120605
2.7222900390625
2.818526268005371
2.9417762756347656
2.7264044284820557
2.720489978790283
2.898056983947754
2.721494436264038
2.7483723163604736
2.859131336212158
2.684431552886963
2.64742112159729
2.7020082473754883
2.879767417907715
2.7537388801574707
2.8358254432678223
2.8415355682373047
2.8030238151550293
2.660477876663208
2.914102077484131
2.838469982147217
2.797485828399658
2.8365674018859863
2.9345595836639404
2.8325259685516357
2.902487277984619
2.7972404956817627
2.6827316284179688
2.8354365825653076
2.723266839981079
2.7362515926361084
2.779301166534424
2.817897081375122
2.8136439323425293
2.8880128860473633
2.6945137977600098
2.8071842193603516
2.7270071506500244
2.846059560775757
2.9157700538635254
2.7373781204223633
2.6426329612731934
2.705613613128662
2.6946632862091064
2.803675651550293
2.8850317001342773
2.6335744857788086
2.8099851608276367
2.8149659633636475
2.9558181762695312
2.752753257751465
2.7995309829711914
2.7100305557250977
2.845918893814087
2.6006827354431152
2.739638566970825
2.7543978691101074
2.778822660446167
2.7545037269592285
2.7942464351654053
2.912705183029175
2.7997841835021973
2.8110313415527344
2.7469797134399414
2.9282569885253906
2.7247660160064697
2.875981330871582
2.7861649990081787
2.8466973304748535
2.7702510356903076
2.7016103267669678
2.734990119934082
2.764700174331665
2.7792632579803467
2.8045272827148438
2.844388246536255
2.7548017501831055
2.8521244525909424
2.893103837966919
2.8398852348327637
2.7925925254821777
2.7539103031158447
2.814945936203003
2.8290743827819824
2.8930001258850098
2.7446627616882324
2.775951623916626
2.866588592529297
2.778876543045044
2.7693653106689453
2.7092957496643066
2.8654322624206543
2.7481536865234375
2.775892496109009
2.749826431274414
2.828360080718994
2.6598517894744873
2.7445199489593506
2.7942140102386475
2.7754294872283936
2.853226900100708
2.7848498821258545
2.864772319793701
2.792088747024536
2.743781566619873
2.71645188331604
2.8776473999023438
2.6824750900268555
2.7756099700927734
2.9163496494293213
2.69694447517395
2.8025059700012207
2.78324556350708
2.7651522159576416
2.725701332092285
2.825410842895508
2.756308078765869
2.845106840133667
2.706669569015503
2.7680160999298096
2.868138313293457
2.8110342025756836
2.959737539291382
2.8019468784332275
2.796921730041504
2.734109401702881
2.7454237937927246
2.8275299072265625
2.7119736671447754
2.8898398876190186
2.744786024093628
2.8661181926727295
2.77701735496521
2.78250789642334
2.7772159576416016
2.6257476806640625
2.8032584190368652
2.7232112884521484
2.8150970935821533
2.8808329105377197
2.816206216812134
2.7320942878723145
2.7127509117126465
2.710777997970581
2.9961154460906982
2.6161904335021973
2.884143114089966
2.6747264862060547
2.8444666862487793
2.7767133712768555
2.781163454055786
2.7338430881500244
2.759410858154297
2.8551762104034424
2.697404146194458
2.800662040710449
2.8912084102630615
2.744040012359619
2.7412967681884766
2.6735002994537354
2.8388683795928955
2.6929330825805664
2.675825834274292
2.7114012241363525
2.897367477416992
2.758514642715454
2.703665256500244
2.8035173416137695
2.829120635986328
2.764899969100952
2.6705353260040283
2.6970057487487793
2.9199001789093018
2.7049410343170166
2.64373779296875
2.760514974594116
2.8267500400543213
2.8470427989959717
2.8050384521484375
2.7894296646118164
2.784411668777466
2.645907402038574
2.646923065185547
2.8274762630462646
2.730184316635132
2.8884170055389404
2.816895008087158
2.7205002307891846
2.8143742084503174
2.914957284927368
2.732511281967163
2.7322254180908203
2.8597257137298584
2.801856756210327
2.825869083404541
2.863266706466675
2.719907283782959
2.753182888031006
2.8854010105133057
2.700528860092163
2.698143243789673
2.8935816287994385
2.7588815689086914
2.805084705352783
2.677253484725952
2.8415775299072266
2.7221009731292725
2.786298990249634
2.745046854019165
2.7852866649627686
2.9128518104553223
2.590599536895752
2.8236618041992188
2.831294059753418
2.735142946243286
2.8062450885772705
2.768692970275879
2.7371931076049805
2.8335041999816895
2.751613140106201
2.796370267868042
2.756255865097046
2.76291561126709
2.7848422527313232
2.7960968017578125
2.7441132068634033
2.755687713623047
2.72139048576355
2.666992425918579
2.7549078464508057
2.9272842407226562
2.6749532222747803
2.969971179962158
2.763392448425293
2.688993215560913
2.8273603916168213
2.6960926055908203
2.7872729301452637
2.863492012023926
2.77200984954834
2.751333236694336
2.714529275894165
2.660285711288452
2.7842164039611816
2.818493366241455
2.737119197845459
2.6275763511657715
2.8553593158721924
2.887223243713379
2.8637189865112305
2.775017023086548
2.7781994342803955
2.8487274646759033
2.6163330078125
2.7524685859680176
2.7854349613189697
2.714073896408081
2.747931480407715
2.5008277893066406
2.656282424926758
2.7765517234802246
2.687978744506836
2.942328453063965
2.7915334701538086
2.695093870162964
2.6000919342041016
2.656604290008545
2.815800428390503
2.8200316429138184
2.800067663192749
2.7780416011810303
2.6495344638824463
2.7259721755981445
2.751552104949951
2.7491374015808105
2.797699451446533
2.721156597137451
2.7168197631835938
2.6778042316436768
2.8115761280059814
2.7209596633911133
2.743710994720459
2.7429003715515137
2.65956974029541
2.6291730403900146
2.829946517944336
2.739041328430176
2.68782639503479
2.676027774810791
2.752882719039917
2.9399778842926025
2.8776626586914062
2.7182929515838623
2.7497310638427734
2.692561626434326
2.7543416023254395
2.6371803283691406
2.5924978256225586
2.7398879528045654
2.7099897861480713
2.690978765487671
2.7591500282287598
2.805722236633301
2.6447343826293945
2.674788236618042
2.9229557514190674
2.699141025543213
2.646226167678833
2.7381157875061035
2.7274627685546875
2.8517370223999023
2.8655223846435547
2.8018293380737305
2.821300745010376
2.63603138923645
2.7847909927368164
2.875896453857422
2.912935495376587
2.9355475902557373
2.809509515762329
2.800811767578125
2.822437047958374
2.7145509719848633
2.8494362831115723
2.8005197048187256
2.7633168697357178
2.759657859802246
2.735884666442871
2.773463726043701
2.6939568519592285
2.8323814868927
2.7198312282562256
2.6329519748687744
2.7517857551574707
2.9404537677764893
2.8429198265075684
2.749713182449341
2.9201927185058594
2.737692356109619
2.8615658283233643
2.7229790687561035
2.817854404449463
2.8236122131347656
2.7298169136047363
2.9631688594818115
2.741586685180664
2.7074694633483887
2.916778087615967
2.6715261936187744
2.6208572387695312
2.799964189529419
2.914801597595215
2.7542362213134766
2.8950679302215576
2.666398286819458
2.739849090576172
2.819918632507324
2.8874762058258057
2.6224851608276367
2.888928174972534
2.697133779525757
2.745032548904419
2.770416021347046
2.7428224086761475
2.7831621170043945
2.722715139389038
2.765850305557251
2.7432491779327393
2.704465389251709
2.7332262992858887
2.7199535369873047
2.7826380729675293
2.8758671283721924
2.795322895050049
2.7312541007995605
2.8241214752197266
2.7725272178649902
2.7261061668395996
2.7419989109039307
2.8416874408721924
2.8362655639648438
2.827272653579712
2.7546846866607666
2.7136855125427246
2.7294812202453613
2.772627115249634
2.7227871417999268
2.8460488319396973
2.7746376991271973
2.7721378803253174
2.7365562915802
2.6427106857299805
2.7742831707000732
2.834968090057373
2.7600290775299072
2.6691558361053467
2.6958940029144287
2.7460622787475586
2.819135904312134
2.859818935394287
2.8164265155792236
2.755537986755371
2.6293230056762695
2.8145503997802734
2.7139012813568115
2.714710235595703
2.9010746479034424
2.724595785140991
2.6799724102020264
2.886885404586792
2.9399311542510986
2.688844680786133
2.750476598739624
2.9057443141937256
2.80743670463562
2.7836835384368896
2.7707388401031494
2.746504783630371
2.8964898586273193
2.737586736679077
2.7470879554748535
2.7731881141662598
2.8486530780792236
2.6807053089141846
2.8209004402160645
2.6977756023406982
2.743668556213379
2.7443723678588867
2.73799467086792
2.768604040145874
2.7723569869995117
2.699138641357422
2.722276449203491
2.779597043991089
2.9282400608062744
2.645271062850952
2.777266025543213
2.741124391555786
2.733110189437866
2.7576191425323486
2.7088263034820557
2.8415942192077637
2.966736316680908
2.7750566005706787
2.7163805961608887
2.752222776412964
2.818565845489502
2.8782145977020264
2.7510714530944824
2.6409406661987305
2.6787009239196777
2.8141157627105713
2.685384750366211
2.845928907394409
2.6869046688079834
2.6902968883514404
2.915562868118286
2.774561643600464
2.7828280925750732
2.645379066467285
2.6452410221099854
2.808432102203369
2.7005996704101562
2.8192155361175537
2.6909568309783936
2.730445384979248
2.7812814712524414
2.841341018676758
2.8283209800720215
2.7370400428771973
2.793428421020508
2.6832571029663086
2.687004327774048
2.731252431869507
2.8870439529418945
2.734480142593384
2.7714202404022217
2.802475929260254
2.9104838371276855
2.862201452255249
2.7532942295074463
2.6509666442871094
2.837892532348633
2.689732551574707
2.7373063564300537
2.734153985977173
2.816666841506958
2.6314938068389893
2.866901159286499
2.8963115215301514
2.774675130844116
2.744251012802124
2.7739906311035156
2.6867048740386963
2.7312510013580322
2.7400035858154297
2.705517292022705
2.7858738899230957
2.789641857147217
2.766312599182129
2.7985386848449707
2.664567232131958
2.6829538345336914
2.6471729278564453
2.7809152603149414
2.660153388977051
2.80269455909729
2.7588279247283936
2.6175270080566406
2.755594491958618
2.6958584785461426
2.839672803878784
2.780212879180908
2.688887596130371
2.7034780979156494
2.8109357357025146
2.62040376663208
2.773932933807373
2.7478344440460205
2.793088436126709
2.7650675773620605
2.7699780464172363
2.7982780933380127
2.7774081230163574
2.6873323917388916
2.7330565452575684
2.72163987159729
2.6380181312561035
2.798112154006958
2.6761720180511475
2.766331672668457
2.7841126918792725
2.5955922603607178
2.798480749130249
2.7555418014526367
2.633998394012451
2.77607798576355
2.788217067718506
2.8996479511260986
2.7470762729644775
2.712583303451538
2.7117717266082764
2.8078503608703613
2.650815486907959
2.722062587738037
2.6550073623657227
2.631166934967041
2.6943535804748535
2.816662073135376
2.720747947692871
2.84523868560791
2.733043670654297
2.7480578422546387
2.7622246742248535
2.6943447589874268
2.5316176414489746
2.6779556274414062
2.770251750946045
2.7355239391326904
2.729430675506592
2.7876508235931396
2.6841213703155518
2.736189842224121
2.7673935890197754
2.8507676124572754
2.6003079414367676
2.744457721710205
2.6955862045288086
2.8204097747802734
2.862569808959961
2.6122817993164062
2.7123074531555176
2.748567581176758
2.8726425170898438
2.752328872680664
2.81284499168396
2.6032419204711914
2.6112639904022217
2.698366403579712
2.626615524291992
2.6821773052215576
2.672006845474243
2.81610107421875
2.660165548324585
2.8760814666748047
2.765420913696289
2.765416145324707
2.876904010772705
2.821462631225586
2.7976460456848145
2.7321388721466064
2.7215728759765625
2.745234251022339
2.7533881664276123
2.7767210006713867
2.604556083679199
2.6750290393829346
2.73020076751709
2.853841781616211
2.8051435947418213
2.786177158355713
2.793116331100464
2.7831943035125732
2.7583229541778564
2.9851365089416504
2.818413496017456
2.662447452545166
2.9336323738098145
2.934157133102417
2.6303796768188477
2.7540969848632812
2.7787535190582275
2.8103010654449463
2.62345552444458
2.7317726612091064
2.7420382499694824
2.681853771209717
2.81097412109375
2.775660991668701
2.6700830459594727
2.5787172317504883
2.670750141143799
2.685401439666748
2.7610747814178467
2.7274587154388428
2.806020736694336
2.725745439529419
2.7247538566589355
2.7264792919158936
2.734055519104004
2.6981992721557617
2.7190420627593994
2.8921687602996826
2.763972043991089
2.6787023544311523
2.7461113929748535
2.7079899311065674
2.644120693206787
2.7457737922668457
2.677557945251465
2.7127392292022705
2.713071346282959
2.6933765411376953
2.7935738563537598
2.708932876586914
2.698749303817749
2.671405553817749
2.643568992614746
2.647824764251709
2.671142339706421
2.7098352909088135
2.6982734203338623
2.843681812286377
2.7878217697143555
2.7226738929748535
2.809917688369751
2.819688320159912
2.6678569316864014
2.7192516326904297
2.7906346321105957
2.8076531887054443
2.6732449531555176
2.7550454139709473
2.6805367469787598
2.6180222034454346
2.5920896530151367
2.72094464302063
2.7384228706359863
2.611199140548706
2.871537923812866
2.7802648544311523
2.808533191680908
2.756686210632324
2.9479570388793945
2.642143726348877
2.7045199871063232
2.692528009414673
2.677466630935669
2.728548765182495
2.850748062133789
2.737107992172241
2.7836854457855225
2.7884247303009033
2.7788805961608887
2.8971269130706787
2.671856641769409
2.7140748500823975
2.742203950881958
2.6661946773529053
2.596534490585327
2.7895686626434326
2.753723382949829
2.631202220916748
2.7542459964752197
2.815492630004883
2.8474819660186768
2.821301221847534
2.6877353191375732
2.686630964279175
2.702566385269165
2.6592140197753906
2.752214193344116
2.622252941131592
2.6802279949188232
2.8324172496795654
2.7610926628112793
2.825420618057251
2.684831142425537
2.7207300662994385
2.714857816696167
2.753833293914795
2.8467957973480225
2.638644218444824
2.7963526248931885
2.6711390018463135
2.749210834503174
2.7426271438598633
2.6912758350372314
2.7560527324676514
2.733963966369629
2.6511833667755127
2.726224422454834
2.756732225418091
2.7795159816741943
2.74183988571167
2.818920373916626
2.656346082687378
2.69956374168396
2.6820247173309326
2.783432722091675
2.800241708755493
2.780349016189575
2.83736515045166
2.6846842765808105
2.72186017036438
2.619378089904785
2.7810676097869873
2.65842342376709
2.7727136611938477
2.6780271530151367
2.731133460998535
2.741403102874756
2.8080148696899414
2.656604051589966
2.6981465816497803
2.794067621231079
2.7934656143188477
2.7636916637420654
2.830981731414795
2.6511173248291016
2.7121472358703613
2.8425374031066895
2.8933637142181396
2.670957565307617
2.809022903442383
2.7516417503356934
2.7878286838531494
2.659792184829712
2.7846319675445557
2.820842742919922
2.6259233951568604
2.7032272815704346
2.7299883365631104
2.827066421508789
2.7576851844787598
2.7377548217773438
2.740065574645996
2.818305253982544
2.7810544967651367
2.7582621574401855
2.8221123218536377
2.6452744007110596
2.629513740539551
2.6844024658203125
2.7875025272369385
2.6848015785217285
2.749183177947998
2.6866862773895264
2.748643636703491
2.5335614681243896
2.6471505165100098
2.67741060256958
2.7778337001800537
2.7212719917297363
2.7404258251190186
2.710216999053955
2.814863681793213
2.8619821071624756
2.646946430206299
2.615187644958496
2.6991212368011475
2.6431334018707275
2.761082649230957
2.6985456943511963
2.789062261581421
2.8045871257781982
2.7480993270874023
2.7331950664520264
2.747790575027466
2.691523313522339
2.7575252056121826
2.7371702194213867
2.700427532196045
2.7617387771606445
2.752326726913452
2.68731689453125
2.8017842769622803
2.753246545791626
2.7026729583740234
2.689779043197632
2.7145278453826904
2.730990409851074
2.643712282180786
2.6870691776275635
2.7311272621154785
2.9951419830322266
2.8430187702178955
2.8457629680633545
2.833472728729248
2.7697291374206543
2.690930128097534
2.692509889602661
2.758207321166992
2.856255054473877
2.695923089981079
2.7188546657562256
2.701977491378784
2.7500674724578857
2.713514566421509
2.618229389190674
2.738158941268921
2.7914316654205322
2.831092119216919
2.720031976699829
2.666731357574463
2.7808287143707275
2.753293991088867
2.724961042404175
2.6914281845092773
2.7229247093200684
2.6809611320495605
2.7429721355438232
2.629995107650757
2.7056682109832764
2.775045871734619
2.7180233001708984
2.7622854709625244
2.7136337757110596
2.7604846954345703
2.7217745780944824
2.6987240314483643
2.651973247528076
2.8373501300811768
2.678485155105591
2.760176658630371
2.768841505050659
2.847891092300415
2.6440486907958984
2.693927764892578
2.6404597759246826
2.806199073791504
2.7950072288513184
2.7172646522521973
2.615889549255371
2.7365798950195312
2.690980911254883
2.668257474899292
2.7799386978149414
2.646555185317993
2.752873182296753
2.681490421295166
2.747694253921509
2.7129361629486084
2.721712589263916
2.7422759532928467
2.709155321121216
2.662381410598755
2.6821706295013428
2.712191343307495
2.7603952884674072
2.7791268825531006
2.7234346866607666
2.6050877571105957
2.8256218433380127
2.60324764251709
2.715385675430298
2.6759467124938965
2.698237180709839
2.784215211868286
2.619718074798584
2.744907855987549
2.798187017440796
2.7404816150665283
2.7797350883483887
2.635718822479248
2.73419451713562
2.661130428314209
2.840101718902588
2.7902333736419678
2.7204768657684326
2.767658233642578
2.643021583557129
2.6749556064605713
2.8319571018218994
2.7110769748687744
2.8216211795806885
2.7628023624420166
2.7636611461639404
2.7379393577575684
2.780707597732544
2.6490395069122314
2.804015636444092
2.740084648132324
2.6542654037475586
2.696531295776367
2.6823482513427734
2.781722068786621
2.7331488132476807
2.6923861503601074
2.7996935844421387
2.7170679569244385
2.885814666748047
2.645559787750244
2.7963156700134277
2.6520426273345947
2.692967414855957
2.8049137592315674
2.6815927028656006
2.8038241863250732
2.7257080078125
2.60063099861145
2.8325703144073486
2.722614288330078
2.6869723796844482
2.7087831497192383
2.7153775691986084
2.7527191638946533
2.794701337814331
2.717346668243408
2.730973482131958
2.7792043685913086
2.833195209503174
2.7827019691467285
2.728520154953003
2.8097002506256104
2.7254271507263184
2.6923959255218506
2.6055660247802734
2.8367278575897217
2.7266829013824463
2.8390865325927734
2.8911523818969727
2.8244194984436035
2.6852712631225586
2.692868232727051
2.65559458732605
2.7439136505126953
2.7477643489837646
2.660123348236084
2.7627201080322266
2.715116500854492
2.7920291423797607
2.6491923332214355
2.719587564468384
2.613887071609497
2.728818893432617
2.730830192565918
2.739107370376587
2.645110845565796
2.6398048400878906
2.6672635078430176
2.680849075317383
2.627331495285034
2.685699701309204
2.7837767601013184
2.852667808532715
2.7121591567993164
2.7023708820343018
2.870439291000366
2.699993371963501
2.620084762573242
2.6650266647338867
2.693145513534546
2.7154133319854736
2.6856517791748047
2.7689309120178223
2.6288607120513916
2.7809858322143555
2.7056782245635986
2.6767218112945557
2.750650405883789
2.677473783493042
2.744547128677368
2.7136878967285156
2.6913607120513916
2.628448486328125
2.5947675704956055
2.671227216720581
2.7172155380249023
2.65531587600708
2.8623571395874023
2.6790456771850586
2.6905272006988525
2.796410322189331
2.6619303226470947
2.6640660762786865
2.6790592670440674
2.7683451175689697
2.563560962677002
2.7013609409332275
2.7086997032165527
2.821195363998413
2.751662015914917
2.735233783721924
2.8954343795776367
2.9234158992767334
2.6585211753845215
2.842390775680542
2.797973394393921
2.6836469173431396
2.6507341861724854
2.901559829711914
2.7005391120910645
2.7275733947753906
2.697242259979248
2.928584575653076
2.646418333053589
2.7583565711975098
2.6988685131073
2.691819667816162
2.6299026012420654
2.7215099334716797
2.6964879035949707
2.5708370208740234
2.7107698917388916
2.609450578689575
2.629481315612793
2.55259370803833
2.674705743789673
2.7240042686462402
2.818748950958252
2.6412718296051025
2.768617630004883
2.6303462982177734
2.6484129428863525
2.707336187362671
2.773879289627075
2.6068532466888428
2.6921982765197754
2.5351555347442627
2.807311534881592
2.757237672805786
2.63985276222229
2.68184232711792
2.7757790088653564
2.772038221359253
2.838299036026001
2.67295241355896
2.7190029621124268
2.7071027755737305
2.8312299251556396
2.78537917137146
2.699079751968384
2.7781405448913574
2.738522529602051
2.7386438846588135
2.5602307319641113
2.697305202484131
2.729255199432373
2.635859966278076
2.68230938911438
2.7086987495422363
2.624149799346924
2.7201337814331055
2.8155674934387207
2.5570435523986816
2.7124319076538086
2.717966079711914
2.68662166595459
2.8123221397399902
2.692931652069092
2.661200761795044
2.6084375381469727
2.692730188369751
2.6932260990142822
2.6735661029815674
2.618626356124878
2.6861467361450195
2.632939100265503
2.757768154144287
2.6799588203430176
2.6232428550720215
2.649998903274536
2.636014938354492
2.7892580032348633
2.746310234069824
2.714911460876465
2.6239867210388184
2.7499823570251465
2.738351583480835
2.5857272148132324
2.7500762939453125
2.536144495010376
2.629031181335449
2.900709867477417
2.84421706199646
2.689455270767212
2.7110726833343506
2.701977252960205
2.7286455631256104
2.8466885089874268
2.8480746746063232
2.706871509552002
2.7343454360961914
2.777379274368286
2.791264533996582
2.717841148376465
2.8370368480682373
2.6001827716827393
2.763666868209839
2.7300527095794678
2.821613311767578
2.733633518218994
2.64709734916687
2.789083957672119
2.7880914211273193
2.7135632038116455
2.7249839305877686
2.695276975631714
2.733064889907837
2.7382664680480957
2.7936196327209473
2.773493766784668
2.7270243167877197
2.769864559173584
2.730243444442749
2.6516168117523193
2.7999415397644043
2.6682491302490234
2.6038429737091064
2.7263004779815674
2.6207692623138428
2.7613143920898438
2.8376760482788086
2.686896562576294
2.781324863433838
2.721558094024658
2.7755134105682373
2.6790361404418945
2.721888780593872
2.6806960105895996
2.795923948287964
2.742828845977783
2.7860591411590576
2.78596830368042
2.8070526123046875
2.7531116008758545
2.74564266204834
2.6864941120147705
2.616488218307495
2.746431350708008
2.6913352012634277
2.731973171234131
2.764087200164795
2.636732578277588
2.717369318008423
2.6298108100891113
2.7087340354919434
2.688366651535034
2.6736648082733154
2.6785085201263428
2.7266645431518555
2.879295587539673
2.6561522483825684
2.5430657863616943
2.6348869800567627
2.7146403789520264
2.9680252075195312
2.7681143283843994
2.7199771404266357
2.7661049365997314
2.7276182174682617
2.7936363220214844
2.7253835201263428
2.7265114784240723
2.69407057762146
2.874666929244995
2.739938497543335
2.717165946960449
2.710247039794922
2.7366995811462402
2.7410616874694824
2.7397401332855225
2.791372537612915
2.663510322570801
2.617053508758545
2.62292218208313
2.6747829914093018
2.784761905670166
2.7277135848999023
2.6753509044647217
2.7228453159332275
2.730252504348755
2.6660261154174805
2.896719455718994
2.6981375217437744
2.733572483062744
2.7663822174072266
2.764132261276245
2.6516311168670654
2.7179949283599854
2.620389223098755
2.7377915382385254
2.770958662033081
2.749772310256958
2.713277578353882
2.757533311843872
2.646259307861328
2.5704078674316406
2.784473180770874
2.770174264907837
2.698780059814453
2.678677558898926
2.8660879135131836
2.8037564754486084
2.6483094692230225
2.717691421508789
2.6925604343414307
2.6829609870910645
2.799536943435669
2.6045970916748047
2.6850132942199707
2.738016128540039
2.766740322113037
2.651499032974243
2.698467254638672
2.734649658203125
2.667529344558716
2.664719581604004
2.6490631103515625
2.660449266433716
2.776280164718628
2.662552833557129
2.71561598777771
2.8074493408203125
2.562441110610962
2.80605411529541
2.6855344772338867
2.5984411239624023
2.650218963623047
2.676943063735962
2.7973103523254395
2.598149299621582
2.6730477809906006
2.6745855808258057
2.656299352645874
2.7436060905456543
2.6078763008117676
2.710564136505127
2.7523140907287598
2.729536771774292
2.7470993995666504
2.6051154136657715
2.731593370437622
2.7091188430786133
2.7522566318511963
2.6271865367889404
2.7534377574920654
2.816474437713623
2.7714760303497314
2.68638014793396
2.7579381465911865
2.7227895259857178
2.7211978435516357
2.749371290206909
2.6647825241088867
2.714517593383789
2.6550304889678955
2.641960620880127
2.9053666591644287
2.5656614303588867
2.706730604171753
2.6484806537628174
2.7085866928100586
2.6763367652893066
2.7312211990356445
2.763563871383667
2.7167625427246094
2.748080015182495
2.7790989875793457
2.7452025413513184
2.726118326187134
2.723818063735962
2.6885077953338623
2.599391460418701
2.806920051574707
2.6501262187957764
2.710808753967285
2.6763088703155518
2.7181124687194824
2.7665576934814453
2.657135486602783
2.8581480979919434
2.684166669845581
2.617403268814087
2.6735432147979736
2.8018205165863037
2.7364206314086914
2.7486705780029297
2.7070181369781494
2.6897597312927246
2.6866190433502197
2.7076752185821533
2.7251694202423096
2.7657322883605957
2.8191473484039307
2.702017307281494
2.6775524616241455
2.6594879627227783
2.8102807998657227
2.603546380996704
2.631805419921875
2.6160824298858643
2.7041189670562744
2.7739109992980957
2.659937620162964
2.6894800662994385
2.752654552459717
2.8364670276641846
2.6760880947113037
2.717968463897705
2.7426929473876953
2.7532832622528076
2.6829466819763184
2.771455764770508
2.7999777793884277
2.8868682384490967
2.700562000274658
2.729583501815796
2.69374680519104
2.7134974002838135
2.6819539070129395
2.675682544708252
2.679790496826172
2.694337844848633
2.7893800735473633
2.6941330432891846
2.73750901222229
2.6432740688323975
2.550954818725586
2.786583423614502
2.652822732925415
2.681645631790161
2.747135639190674
2.621633768081665
2.7936532497406006
2.673171281814575
2.655285358428955
2.6299808025360107
2.632913827896118
2.7548694610595703
2.68640398979187
2.6161725521087646
2.709325075149536
2.633502721786499
2.756913900375366
2.635870933532715
2.678152561187744
2.65320086479187
2.66437029838562
2.6948275566101074
2.7031257152557373
2.7547929286956787
2.8284695148468018
2.6653456687927246
2.687854051589966
2.5961194038391113
2.757606029510498
2.661405563354492
2.713954210281372
2.6839354038238525
2.818458080291748
2.73464035987854
2.8132541179656982
2.5956506729125977
2.696500778198242
2.7016608715057373
2.6639482975006104
2.6230599880218506
2.6655025482177734
2.709859609603882
2.769009828567505
2.6834990978240967
2.738051652908325
2.662283420562744
2.8436830043792725
2.7368531227111816
2.820693016052246
2.641394853591919
2.6555540561676025
2.7836506366729736
2.659374475479126
2.726290464401245
2.6998088359832764
2.787968397140503
2.824559450149536
2.7128779888153076
2.756971836090088
2.672102928161621
2.7723894119262695
2.836439371109009
2.7193164825439453
2.730970859527588
2.7549219131469727
2.6831655502319336
2.717050075531006
2.647991180419922
2.7492499351501465
2.7305057048797607
2.616615056991577
2.8088479042053223
2.6850779056549072
2.5960941314697266
2.6064260005950928
2.6695899963378906
2.669264793395996
2.7238082885742188
2.735602855682373
2.663358449935913
2.746140718460083
2.6483938694000244
2.6328396797180176
2.636188507080078
2.5964410305023193
2.7502481937408447
2.645012855529785
2.6937708854675293
2.8570961952209473
2.6634888648986816
2.6446163654327393
2.728847026824951
2.793645143508911
2.608645439147949
2.6763694286346436
2.8249216079711914
2.8233494758605957
2.7591471672058105
2.6874208450317383
2.711047410964966
2.613537311553955
2.6709067821502686
2.6282389163970947
2.818018913269043
2.7896816730499268
2.7893030643463135
2.661269426345825
2.7870991230010986
2.696624994277954
2.6249258518218994
2.7154932022094727
2.719482660293579
2.6598334312438965
2.579641342163086
2.646014928817749
2.636444091796875
2.6678476333618164
2.7968125343322754
2.6884469985961914
2.6307382583618164
2.7629923820495605
2.7347052097320557
2.6302618980407715
2.648037910461426
2.746800422668457
2.6198859214782715
2.6712679862976074
2.6367409229278564
2.600637912750244
2.704939365386963
2.7476420402526855
2.6570825576782227
2.7288806438446045
2.6762337684631348
2.609747886657715
2.6004655361175537
2.6590957641601562
2.6376025676727295
2.6510539054870605
2.674896001815796
2.672133684158325
2.6051509380340576
2.7306573390960693
2.7046825885772705
2.8022167682647705
2.79038143157959
2.6511220932006836
2.7577948570251465
2.6594605445861816
2.7131423950195312
2.7995994091033936
2.762232780456543
2.6203761100769043
2.6429121494293213
2.6204724311828613
2.5770132541656494
2.5559194087982178
2.706078290939331
2.7880241870880127
2.6354591846466064
2.652691125869751
2.6293933391571045
2.7234461307525635
2.7169995307922363
2.713810443878174
2.727083444595337
2.64378023147583
2.663557291030884
2.767035484313965
2.7094197273254395
2.670752763748169
2.7202932834625244
2.7102811336517334
2.723644495010376
2.7428717613220215
2.6906898021698
2.645521640777588
2.82452654838562
2.6616482734680176
2.672647476196289
2.7098071575164795
2.785166025161743
2.750941276550293
2.6967475414276123
2.691272497177124
2.6873764991760254
2.7703640460968018
2.937035322189331
2.7867321968078613
2.6314470767974854
2.7247889041900635
2.777456283569336
2.6524198055267334
2.7077810764312744
2.714608907699585
2.793116331100464
2.77929949760437
2.6370582580566406
2.7659294605255127
2.6727843284606934
2.7244584560394287
2.6910548210144043
2.656733989715576
2.715703010559082
2.7114202976226807
2.752061367034912
2.7216906547546387
2.6268470287323
2.7827837467193604
2.8590595722198486
2.68982195854187
2.7166218757629395
2.680396795272827
2.722015380859375
2.7408711910247803
2.713517904281616
2.657069444656372
2.6590235233306885
2.6911675930023193
2.7549655437469482
2.7669155597686768
2.5228075981140137
2.6443071365356445
2.6692733764648438
2.6917366981506348
2.690497398376465
2.6608757972717285
2.8769049644470215
2.681534767150879
2.6080384254455566
2.71679949760437
2.5761122703552246
2.5458288192749023
2.7358851432800293
2.697938919067383
2.7549428939819336
2.6669487953186035
2.7725419998168945
2.7469394207000732
2.7237792015075684
2.7764461040496826
2.836074113845825
2.6199731826782227
2.8435535430908203
2.7321860790252686
2.6725542545318604
2.791609764099121
2.6173484325408936
2.686777114868164
2.7340352535247803
2.6444473266601562
2.7280499935150146
2.6251320838928223
2.6860153675079346
2.5751917362213135
2.6813971996307373
2.7155966758728027
2.717747688293457
2.770352363586426
2.692108392715454
2.6797115802764893
2.727248191833496
2.656883955001831
2.7057244777679443
2.6686465740203857
2.730060577392578
2.688462257385254
2.6646509170532227
2.8206238746643066
2.644348621368408
2.6407718658447266
2.623164415359497
2.83693265914917
2.738600969314575
2.6401121616363525
2.6442275047302246
2.596315622329712
2.7687947750091553
2.6443769931793213
2.693793535232544
2.728635549545288
2.646362543106079
2.64660382270813
2.6486358642578125
2.6226999759674072
2.6627767086029053
2.623262882232666
2.6481945514678955
2.893602132797241
2.6533288955688477
2.5374889373779297
2.6392836570739746
2.6717731952667236
2.6987671852111816
2.6198909282684326
2.79303240776062
2.5572545528411865
2.721911907196045
2.738809585571289
2.783261299133301
2.49891996383667
2.7348437309265137
2.693619728088379
2.588008165359497
2.632248878479004
2.682112693786621
2.8828656673431396
2.763641834259033
2.695136070251465
2.6864776611328125
2.789259433746338
2.6453616619110107
2.7871482372283936
2.6639907360076904
2.63383412361145
2.771500587463379
2.8458282947540283
2.686265230178833
2.701951026916504
2.754300594329834
2.7003333568573
2.679309844970703
2.6583962440490723
2.5625879764556885
2.7712395191192627
2.649319648742676
2.84285044670105
2.847425699234009
2.6634833812713623
2.6084091663360596
2.6830880641937256
2.7591209411621094
2.730835199356079
2.705784797668457
2.576186180114746
2.6031606197357178
2.691274404525757
2.701199769973755
2.768724203109741
2.6947290897369385
2.7374303340911865
2.8428990840911865
2.755467653274536
2.5312001705169678
2.6577563285827637
2.7167816162109375
2.8238747119903564
2.7843685150146484
2.792372465133667
2.6906869411468506
2.668745994567871
2.7433664798736572
2.6645569801330566
2.7582247257232666
2.6900832653045654
2.792754650115967
2.715602159500122
2.6541738510131836
2.750300645828247
2.8049137592315674
2.660273551940918
2.7473247051239014
2.6379590034484863
2.6721019744873047
2.7154037952423096
2.704237699508667
2.662709951400757
2.7260444164276123
2.777094602584839
2.639659881591797
2.6595981121063232
2.7943882942199707
2.816310405731201
2.590571403503418
2.5790090560913086
2.660168170928955
2.762770175933838
2.608642339706421
2.694706439971924
2.6962006092071533
2.71004319190979
2.824063777923584
2.5287206172943115
2.7588181495666504
2.7610580921173096
2.779470920562744
2.6743884086608887
2.626192331314087
2.6742732524871826
2.5906643867492676
2.8328394889831543
2.6965973377227783
2.831325054168701
2.8040854930877686
2.6717371940612793
2.796410322189331
2.561391592025757
2.774825096130371
2.667336940765381
2.665607213973999
2.707038164138794
2.7566702365875244
2.687011241912842
2.729684829711914
2.5850422382354736
2.6158056259155273
2.617119550704956
2.665226936340332
2.631242275238037
2.7679662704467773
2.673581600189209
2.7624197006225586
2.6400837898254395
2.5571939945220947
2.717566967010498
2.6808383464813232
2.6581778526306152
2.64064884185791
2.778306245803833
2.7062716484069824
2.742025136947632
2.6655704975128174
2.598721981048584
2.7092883586883545
2.669121026992798
2.658038377761841
2.660738229751587
2.641850233078003
2.783609390258789
2.655815362930298
2.751089572906494
2.585685968399048
2.67301607131958
2.6586732864379883
2.727562427520752
2.5794427394866943
2.631469964981079
2.7004692554473877
2.706522226333618
2.608069896697998
2.6180973052978516
2.6707770824432373
2.7234444618225098
2.622831106185913
2.826221227645874
2.647219181060791
2.5997304916381836
2.7303309440612793
2.733703851699829
2.634950876235962
2.7530667781829834
2.685244083404541
2.637247085571289
2.803523540496826
2.715399980545044
2.7841858863830566
2.770014762878418
2.633466958999634
2.679655075073242
2.7238099575042725
2.744067907333374
2.7466766834259033
2.573129415512085
2.753249406814575
2.4998533725738525
2.653378486633301
2.7923989295959473
2.656140089035034
2.7817869186401367
2.844083786010742
2.670449733734131
2.5874760150909424
2.66605281829834
2.616353750228882
2.7040069103240967
2.7596709728240967
2.7700369358062744
2.888301372528076
2.6794824600219727
2.712541341781616
2.8121724128723145
2.6965019702911377
2.735790729522705
2.7438714504241943
2.8908779621124268
2.7124717235565186
2.6775426864624023
2.7056725025177
2.658276081085205
2.6999425888061523
2.754430055618286
2.7702560424804688
2.6533079147338867
2.5838663578033447
2.5509777069091797
2.673424243927002
2.747537851333618
2.6641829013824463
2.7001190185546875
2.804994821548462
2.7232162952423096
2.6366004943847656
2.7739765644073486
2.555635929107666
2.600616931915283
2.5908124446868896
2.740722179412842
2.664083957672119
2.722088098526001
2.667067289352417
2.540189504623413
2.792999744415283
2.5564565658569336
2.6461544036865234
2.6005494594573975
2.8573062419891357
2.6551754474639893
2.750723123550415
2.604487180709839
2.615128993988037
2.7087044715881348
2.542236328125
2.6975905895233154
2.706674098968506
2.762737989425659
2.735124349594116
2.6069538593292236
2.642956495285034
2.8202152252197266
2.7069640159606934
2.748744487762451
2.700096845626831
2.712693691253662
2.606779098510742
2.669922113418579
2.735779285430908
2.641287088394165
2.596047878265381
2.729233741760254
2.735628128051758
2.6802027225494385
2.7110540866851807
2.58650279045105
2.809847354888916
2.6905205249786377
2.6573379039764404
2.6031625270843506
2.629298686981201
2.7744510173797607
2.7421014308929443
2.728044271469116
2.794302463531494
2.6637637615203857
2.6984329223632812
2.8166182041168213
2.706566333770752
2.8253018856048584
2.751131296157837
2.7657370567321777
2.654311418533325
2.705508232116699
2.7043650150299072
2.6168298721313477
2.6966257095336914
2.7340943813323975
2.733407735824585
2.6462337970733643
2.6388442516326904
2.68512225151062
2.6299691200256348
2.6570847034454346
2.671591281890869
2.5677781105041504
2.5959348678588867
2.7437174320220947
2.6107256412506104
2.729717493057251
2.6890652179718018
2.718071460723877
2.83758544921875
2.7428250312805176
2.650642156600952
2.7031502723693848
2.5417165756225586
2.808884382247925
2.669820547103882
2.5797367095947266
2.6817071437835693
2.6937575340270996
2.671312093734741
2.6454920768737793
2.75651216506958
2.701914072036743
2.692821502685547
2.6753852367401123
2.523048162460327
2.7217018604278564
2.567467212677002
2.8222708702087402
2.735861301422119
2.767709255218506
2.667750597000122
2.6382532119750977
2.653698682785034
2.7684993743896484
2.734470844268799
2.7451536655426025
2.5754201412200928
2.6368248462677
2.7757441997528076
2.833566665649414
2.7228946685791016
2.6902976036071777
2.6289403438568115
2.642752170562744
2.62227201461792
2.6284430027008057
2.722085475921631
2.69500994682312
2.5074923038482666
2.6404266357421875
2.5977067947387695
2.7135508060455322
2.700787305831909
2.6637685298919678
2.72703218460083
2.8613762855529785
2.584707498550415
2.6715614795684814
2.785198211669922
2.715496778488159
2.6495678424835205
2.6840102672576904
2.7138187885284424
2.7196319103240967
2.635874032974243
2.5183725357055664
2.680673837661743
2.6881346702575684
2.5244390964508057
2.751850128173828
2.8184750080108643
2.683499336242676
2.7387008666992188
2.5756378173828125
2.5907304286956787
2.6949431896209717
2.8093554973602295
2.5707433223724365
2.60311222076416
2.627796173095703
2.63521671295166
2.575753927230835
2.611313819885254
2.676931381225586
2.6739282608032227
2.6593194007873535
2.741377592086792
2.698425769805908
2.684725284576416
2.6600282192230225
2.671861410140991
2.6420562267303467
2.7285964488983154
2.6940271854400635
2.6554391384124756
2.696704387664795
2.630876064300537
2.7150681018829346
2.9488515853881836
2.59883975982666
2.6077096462249756
2.705108880996704
2.713402271270752
2.608825445175171
2.6836354732513428
2.6270699501037598
2.7082176208496094
2.664318084716797
2.6223950386047363
2.747633695602417
2.62713360786438
2.5489110946655273
2.6929237842559814
2.6550045013427734
2.6152937412261963
2.6387758255004883
2.764862060546875
2.6534969806671143
2.7226388454437256
2.6698670387268066
2.7229559421539307
2.674283027648926
2.6761555671691895
2.6797990798950195
2.706357002258301
2.726681709289551
2.799023151397705
2.526163339614868
2.677008867263794
2.7553539276123047
2.642397880554199
2.575117826461792
2.646848201751709
2.6735434532165527
2.6580100059509277
2.700667142868042
2.565293550491333
2.7238452434539795
2.6254196166992188
2.679107904434204
2.7002382278442383
2.5828492641448975
2.7090706825256348
2.686296224594116
2.6419496536254883
2.703065872192383
2.588296890258789
2.7566442489624023
2.76216983795166
2.5442938804626465
2.7034237384796143
2.5583572387695312
2.714193344116211
2.6119322776794434
2.5954947471618652
2.623354434967041
2.6389944553375244
2.633465528488159
2.6970713138580322
2.5536890029907227
2.7227113246917725
2.7761332988739014
2.729609489440918
2.6808860301971436
2.6974122524261475
2.6430695056915283
2.5461266040802
2.6307895183563232
2.7081005573272705
2.6066293716430664
2.6985113620758057
2.787245750427246
2.569990634918213
2.626387119293213
2.7162094116210938
2.6658263206481934
2.671370029449463
2.851639986038208
2.6809518337249756
2.703674554824829
2.592228412628174
2.6714582443237305
2.6009585857391357
2.713477849960327
2.664707899093628
2.5712130069732666
2.6638078689575195
2.7305197715759277
2.756495714187622
2.6430366039276123
2.729426860809326
2.4990296363830566
2.5838723182678223
2.6813786029815674
2.6811742782592773
2.644740343093872
2.5896623134613037
2.5973060131073
2.710211992263794
2.6279075145721436
2.7073163986206055
2.6183667182922363
2.6576967239379883
2.6819756031036377
2.646449565887451
2.648690938949585
2.6679248809814453
2.7323262691497803
2.6534390449523926
2.6208865642547607
2.5614535808563232
2.794320821762085
2.6175906658172607
2.649927854537964
2.677057981491089
2.6667258739471436
2.7349836826324463
2.767341136932373
2.6715872287750244
2.7375004291534424
2.6577181816101074
2.6771578788757324
2.717296838760376
2.6076714992523193
2.6283881664276123
2.6714556217193604
2.757192373275757
2.583970069885254
2.7315990924835205
2.6253340244293213
2.6802713871002197
2.6659858226776123
2.7016491889953613
2.6220955848693848
2.6405436992645264
2.670713186264038
2.5545310974121094
2.6926512718200684
2.5279057025909424
2.6848230361938477
2.6688613891601562
2.633260726928711
2.7102465629577637
2.7148220539093018
2.687994956970215
2.5659475326538086
2.6383087635040283
2.6634795665740967
2.589657783508301
2.7222073078155518
2.8201282024383545
2.627622127532959
2.5456700325012207
2.753251552581787
2.6540074348449707
2.7461347579956055
2.7292613983154297
2.5934245586395264
2.6338601112365723
2.677351713180542
2.6331498622894287
2.6375224590301514
2.585603713989258
2.5771257877349854
2.6257355213165283
2.666027784347534
2.7009236812591553
2.757323980331421
2.70096755027771
2.607757329940796
2.6795902252197266
2.5511255264282227
2.8222904205322266
2.6880247592926025
2.6926512718200684
2.7660319805145264
2.773639440536499
2.466857433319092
2.733476161956787
2.7090795040130615
2.6700692176818848
2.5704424381256104
2.6408700942993164
2.6834986209869385
2.7979862689971924
2.649570941925049
2.7694742679595947
2.6856019496917725
2.5959181785583496
2.701392412185669
2.8163042068481445
2.6239054203033447
2.616661310195923
2.602360248565674
2.7667770385742188
2.679161787033081
2.742262601852417
2.742361307144165
2.636050224304199
2.5510613918304443
2.7474310398101807
2.637274742126465
2.552013635635376
2.639906883239746
2.6835343837738037
2.717294454574585
2.6680424213409424
2.7090418338775635
2.656961441040039
2.706897497177124
2.790074110031128
2.7635083198547363
2.746924638748169
2.7098848819732666
2.608480215072632
2.6107404232025146
2.6583428382873535
2.7057063579559326
2.6350457668304443
2.6511268615722656
2.6702120304107666
2.595942258834839
2.722701072692871
2.7473013401031494
2.632571220397949
2.6748695373535156
2.603696823120117
2.648332118988037
2.653925657272339
2.628023147583008
2.618072509765625
2.7835822105407715
2.665584087371826
2.682701826095581
2.722376823425293
2.64296293258667
2.596902847290039
2.7626736164093018
2.663266658782959
2.6355512142181396
2.729557752609253
2.637319326400757
2.613832473754883
2.6003189086914062
2.7136261463165283
2.7589237689971924
2.6206777095794678
2.8147826194763184
2.616450309753418
2.6515297889709473
2.6319997310638428
2.5373287200927734
2.8246774673461914
2.7112112045288086
2.816711902618408
2.725233554840088
2.5764598846435547
2.7841362953186035
2.700493335723877
2.663038492202759
2.6700236797332764
2.681490898132324
2.800718307495117
2.5638675689697266
2.6555769443511963
2.7534549236297607
2.6661691665649414
2.726888656616211
2.674686908721924
2.6747660636901855
2.6951096057891846
2.7019736766815186
2.7330124378204346
2.702993392944336
2.670597791671753
2.6376731395721436
2.651921033859253
2.7002341747283936
2.5970821380615234
2.7259864807128906
2.5498883724212646
2.6308789253234863
2.7308082580566406
2.6671810150146484
2.8449783325195312
2.6226937770843506
2.829850912094116
2.536295175552368
2.6449968814849854
2.642198324203491
2.6633663177490234
2.7036283016204834
2.7343592643737793
2.7269680500030518
2.6602046489715576
2.65956449508667
2.705202579498291
2.724083662033081
2.746535062789917
2.6476471424102783
2.6422340869903564
2.717813730239868
2.6658895015716553
2.6798388957977295
2.6577255725860596
2.609487295150757
2.5921120643615723
2.724313259124756
2.7216105461120605
2.53470516204834
2.6787266731262207
2.7157323360443115
2.6624345779418945
2.6399173736572266
2.7111029624938965
2.684560537338257
2.61484694480896
2.6619837284088135
2.6761295795440674
2.6924166679382324
2.599557876586914
2.7953896522521973
2.6310763359069824
2.7124595642089844
2.708202838897705
2.4894137382507324
2.7564189434051514
2.704144239425659
2.668564796447754
2.5641982555389404
2.6951406002044678
2.720341205596924
2.6471846103668213
2.5734305381774902
2.6823880672454834
2.6971957683563232
2.552396774291992
2.628696918487549
2.6412527561187744
2.674821615219116
2.7667033672332764
2.626455307006836
2.568916082382202
2.6331894397735596
2.737309694290161
2.626789093017578
2.7192635536193848
2.800720691680908
2.6335554122924805
2.6287310123443604
2.773716926574707
2.6580305099487305
2.5256659984588623
2.637977123260498
2.535038948059082
2.5617332458496094
2.6971795558929443
2.7856028079986572
2.6442365646362305
2.696599245071411
2.740056037902832
2.7328338623046875
2.641645908355713
2.7406117916107178
2.679734706878662
2.639958143234253
2.555755615234375
2.5274600982666016
2.7014453411102295
2.6623685359954834
2.8065357208251953
2.607372283935547
2.696078300476074
2.8293745517730713
2.7942774295806885
2.7292635440826416
2.636721611022949
2.7097339630126953
2.573143482208252
2.730808734893799
2.692225933074951
2.6222190856933594
2.6910579204559326
2.6932966709136963
2.6244490146636963
2.617293119430542
2.707703113555908
2.5844967365264893
2.8076682090759277
2.752441883087158
2.622628688812256
2.647803783416748
2.553987503051758
2.599680185317993
2.8527719974517822
2.6755964756011963
2.6328978538513184
2.7536661624908447
2.538214683532715
2.659072160720825
2.610466957092285
2.709353446960449
2.6427433490753174
2.7333481311798096
2.5706777572631836
2.6058356761932373
2.6489453315734863
2.6510791778564453
2.6350042819976807
2.623025417327881
2.6512022018432617
2.7753753662109375
2.697718620300293
2.685856580734253
2.6620378494262695
2.6784608364105225
2.778085947036743
2.612295150756836
2.736719846725464
2.6311936378479004
2.560133695602417
2.6144602298736572
2.7130448818206787
2.6978344917297363
2.736391067504883
2.6879701614379883
2.6410186290740967
2.724440574645996
2.6287028789520264
2.5883326530456543
2.706524133682251
2.671917200088501
2.6777522563934326
2.491529703140259
2.664890766143799
2.6309971809387207
2.6868746280670166
2.750736713409424
2.746556043624878
2.696877956390381
2.624216079711914
2.545010805130005
2.591740608215332
2.641744375228882
2.642690658569336
2.6765596866607666
2.626222610473633
2.5683345794677734
2.6279168128967285
2.679633378982544
2.776122570037842
2.6119797229766846
2.7325668334960938
2.6894454956054688
2.722078323364258
2.7024519443511963
2.69940447807312
2.6301522254943848
2.566009998321533
2.5737781524658203
2.6696298122406006
2.6785593032836914
2.575728178024292
2.7214996814727783
2.5790793895721436
2.7447333335876465
2.571181297302246
2.5905163288116455
2.633716344833374
2.6446785926818848
2.6389052867889404
2.540160655975342
2.648179292678833
2.592796802520752
2.672536611557007
2.695935010910034
2.757683753967285
2.6487338542938232
2.6578176021575928
2.814263343811035
2.586430788040161
2.6651997566223145
2.630225658416748
2.5774974822998047
2.592529535293579
2.678554058074951
2.7085893154144287
2.7371292114257812
2.6965792179107666
2.641972541809082
2.8249385356903076
2.7616214752197266
2.5873985290527344
2.7149922847747803
2.7491793632507324
2.6014139652252197
2.687868118286133
2.6354918479919434
2.6259758472442627
2.5778040885925293
2.5538949966430664
2.7323529720306396
2.704019546508789
2.608839511871338
2.664095163345337
2.666715383529663
2.5656790733337402
2.616412878036499
2.714251756668091
2.688382863998413
2.711592435836792
2.7244815826416016
2.7417938709259033
2.667022466659546
2.6035523414611816
2.76802396774292
2.791963815689087
2.707528591156006
2.615842819213867
2.7014646530151367
2.6440746784210205
2.654503583908081
2.73492431640625
2.7665812969207764
2.6483025550842285
2.6298251152038574
2.5894055366516113
2.5892555713653564
2.5264697074890137
2.5427286624908447
2.8345835208892822
2.635742425918579
2.617457628250122
2.693932056427002
2.794351100921631
2.7181789875030518
2.642185688018799
2.6183865070343018
2.747958183288574
2.6156351566314697
2.509561777114868
2.7462470531463623
2.784918785095215
2.6380796432495117
2.6376259326934814
2.7056946754455566
2.637868881225586
2.753980875015259
2.585468053817749
2.6013286113739014
2.6979517936706543
2.695382833480835
2.662322998046875
2.643507957458496
2.7977654933929443
2.569981098175049
2.6351332664489746
2.6446778774261475
2.612213134765625
2.675852060317993
2.7415637969970703
2.7026891708374023
2.6262309551239014
2.632530927658081
2.6720798015594482
2.6941025257110596
2.6634299755096436
2.6133482456207275
2.714453935623169
2.555238962173462
2.547938346862793
2.5414741039276123
2.631580352783203
2.5238277912139893
2.665552854537964
2.553738594055176
2.6808102130889893
2.837373971939087
2.756788730621338
2.6091573238372803
2.5987355709075928
2.710557460784912
2.593142032623291
2.6107804775238037
2.634934663772583
2.7297911643981934
2.69085693359375
2.6723034381866455
2.632983684539795
2.704437017440796
2.6418657302856445
2.582700252532959
2.588984489440918
2.746605396270752
2.6146092414855957
2.644745111465454
2.679004669189453
2.652390956878662
2.6577093601226807
2.7013959884643555
2.5975732803344727
2.7803878784179688
2.473485231399536
2.5754234790802
2.5327529907226562
2.6433773040771484
2.496370315551758
2.7332279682159424
2.733642339706421
2.628716468811035
2.641242742538452
2.6797783374786377
2.689790725708008
2.656299114227295
2.501943349838257
2.7221479415893555
2.695641279220581
2.641792058944702
2.6499128341674805
2.6826047897338867
2.648432731628418
2.68935227394104
2.8285605907440186
2.7190589904785156
2.7108936309814453
2.7076122760772705
2.6000349521636963
2.772254228591919
2.6010427474975586
2.6216084957122803
2.7161967754364014
2.655965805053711
2.701007604598999
2.7275822162628174
2.5323123931884766
2.6166512966156006
2.637389898300171
2.654958963394165
2.7039105892181396
2.732440233230591
2.6174023151397705
2.6155946254730225
2.763584613800049
2.6477181911468506
2.6083035469055176
2.611239194869995
2.725398063659668
2.715336322784424
2.676380157470703
2.5905232429504395
2.6035122871398926
2.471233367919922
2.685239315032959
2.600435495376587
2.6528356075286865
2.6516427993774414
2.6039395332336426
2.6112442016601562
2.634248971939087
2.6574501991271973
2.7532544136047363
2.5581371784210205
2.5607779026031494
2.6728899478912354
2.770725727081299
2.804788112640381
2.6445722579956055
2.6885836124420166
2.6921427249908447
2.652663230895996
2.5878665447235107
2.6120917797088623
2.686133861541748
2.7131080627441406
2.6787025928497314
2.881547212600708
2.6700563430786133
2.6070919036865234
2.7485361099243164
2.6712021827697754
2.6131505966186523
2.6123597621917725
2.6627414226531982
2.585585355758667
2.6039721965789795
2.5711772441864014
2.510122537612915
2.630000114440918
2.697291374206543
2.564584732055664
2.7834901809692383
2.6329002380371094
2.6144917011260986
2.5986976623535156
2.6357266902923584
2.669992685317993
2.640747308731079
2.690338134765625
2.593639850616455
2.564511299133301
2.6644744873046875
2.7149980068206787
2.6965267658233643
2.6068053245544434
2.644451856613159
2.5722899436950684
2.656297206878662
2.7064685821533203
2.69909405708313
2.75077748298645
2.698241949081421
2.662233829498291
2.5263404846191406
2.684361457824707
2.8187315464019775
2.680419921875
2.643139600753784
2.7013909816741943
2.632891893386841
2.7577407360076904
2.5280799865722656
2.7567341327667236
2.7337048053741455
2.663620710372925
2.638007164001465
2.593395471572876
2.827786445617676
2.761535406112671
2.6560630798339844
2.5964722633361816
2.5614442825317383
2.6200308799743652
2.6471498012542725
2.687206745147705
2.7200005054473877
2.579054355621338
2.6872923374176025
2.59519624710083
2.5912160873413086
2.8191580772399902
2.6389083862304688
2.5995147228240967
2.7006587982177734
2.670441150665283
2.66302752494812
2.7383053302764893
2.7151834964752197
2.6278581619262695
2.732969045639038
2.6567959785461426
2.7115375995635986
2.5505778789520264
2.6265859603881836
2.6010820865631104
2.6438653469085693
2.6139016151428223
2.694122314453125
2.536226749420166
2.761324167251587
2.7259182929992676
2.5808286666870117
2.652829170227051
2.5451276302337646
2.6631550788879395
2.7587413787841797
2.6767966747283936
2.8351376056671143
2.5485899448394775
2.751265048980713
2.729719877243042
2.595574378967285
2.6880574226379395
2.6797072887420654
2.6483049392700195
2.6088757514953613
2.5964691638946533
2.6342251300811768
2.6755142211914062
2.641831874847412
2.73616886138916
2.5682642459869385
2.565727949142456
2.6608219146728516
2.707733154296875
2.654982566833496
2.691300868988037
2.635866165161133
2.6641061305999756
2.593130111694336
2.7597222328186035
2.6570708751678467
2.6300482749938965
2.5738987922668457
2.711177110671997
2.516204595565796
2.6274876594543457
2.5776689052581787
2.7031495571136475
2.7861807346343994
2.717176914215088
2.709531307220459
2.789151906967163
2.7011990547180176
2.8318448066711426
2.659895896911621
2.7626776695251465
2.6267709732055664
2.8177602291107178
2.644085645675659
2.8855202198028564
2.5941832065582275
2.7142887115478516
2.6819210052490234
2.785562038421631
2.648872137069702
2.6433627605438232
2.587186098098755
2.5942842960357666
2.513408899307251
2.6884331703186035
2.70314884185791
2.643502712249756
2.712716817855835
2.6092135906219482
2.4539308547973633
2.6479568481445312
2.6349704265594482
2.6758131980895996
2.6308858394622803
2.7125208377838135
2.683227062225342
2.6343796253204346
2.509784698486328
2.6123061180114746
2.5409634113311768
2.545511245727539
2.769043445587158
2.64091420173645
2.5884172916412354
2.6701784133911133
2.729793071746826
2.7639663219451904
2.699442148208618
2.8330888748168945
2.604982376098633
2.663085460662842
2.6137471199035645
2.8180692195892334
2.6788840293884277
2.765411138534546
2.721952199935913
2.662508487701416
2.642240524291992
2.6568570137023926
2.6731741428375244
2.7667338848114014
2.756502866744995
2.578113079071045
2.6360514163970947
2.5751824378967285
2.6382625102996826
2.731815814971924
2.6553633213043213
2.677140951156616
2.7559216022491455
2.6106433868408203
2.6460676193237305
2.5011990070343018
2.6638028621673584
2.596174478530884
2.778179168701172
2.686781883239746
2.7018303871154785
2.5996549129486084
2.620450019836426
2.595769166946411
2.590452194213867
2.616511821746826
2.6073546409606934
2.6646194458007812
2.6170449256896973
2.6957695484161377
2.6783182621002197
2.6539547443389893
2.6125717163085938
2.7053427696228027
2.488694667816162
2.7536165714263916
2.7286343574523926
2.729818344116211
2.680054187774658
2.5776326656341553
2.6247522830963135
2.5878195762634277
2.5903494358062744
2.7717413902282715
2.605355739593506
2.635465621948242
2.6651690006256104
2.7191336154937744
2.669323444366455
2.6631696224212646
2.5227599143981934
2.594817876815796
2.5484111309051514
2.5864152908325195
2.6231775283813477
2.552389621734619
2.664186954498291
2.587761163711548
2.758073091506958
2.751389503479004
2.6177797317504883
2.5950510501861572
2.6198525428771973
2.52597713470459
2.7158432006835938
2.663003921508789
2.6279308795928955
2.735900640487671
2.5964338779449463
2.810792922973633
2.5527877807617188
2.5604496002197266
2.729876756668091
2.707818031311035
2.5887651443481445
2.6581900119781494
2.598295211791992
2.754995107650757
2.8032963275909424
2.7153677940368652
2.726226806640625
2.6389787197113037
2.593427896499634
2.6427719593048096
2.5856409072875977
2.7041265964508057
2.6089539527893066
2.6856894493103027
2.671592950820923
2.641150712966919
2.596343517303467
2.4871323108673096
2.7458436489105225
2.7289793491363525
2.6809475421905518
2.602874517440796
2.6599555015563965
2.6265621185302734
2.829005002975464
2.6977059841156006
2.749478578567505
2.690345048904419
2.637728452682495
2.5864768028259277
2.7469561100006104
2.64235258102417
2.6313443183898926
2.7249677181243896
2.8377020359039307
2.692023754119873
2.573683738708496
2.69299578666687
2.746242046356201
2.574622631072998
2.6526429653167725
2.613309621810913
2.6403095722198486
2.713510513305664
2.7052741050720215
2.605055809020996
2.78250789642334
2.654258966445923
2.567145824432373
2.7342519760131836
2.6071200370788574
2.6044931411743164
2.582517623901367
2.705264091491699
2.6987924575805664
2.5967020988464355
2.5360844135284424
2.685680389404297
2.596139669418335
2.615856647491455
2.5616281032562256
2.659595489501953
2.5857040882110596
2.731994390487671
2.749844789505005
2.5723304748535156
2.5616838932037354
2.525259494781494
2.6561737060546875
2.699103832244873
2.5640461444854736
2.691105604171753
2.5171806812286377
2.648010730743408
2.566927671432495
2.5771703720092773
2.6137266159057617
2.70613169670105
2.6215920448303223
2.77358078956604
2.6315717697143555
2.5274550914764404
2.734494924545288
2.658881902694702
2.6952006816864014
2.5529470443725586
2.7746083736419678
2.598362445831299
2.6779491901397705
2.734212636947632
2.6597070693969727
2.6776981353759766
2.638176441192627
2.5675370693206787
2.526201009750366
2.656029224395752
2.6954498291015625
2.6666040420532227
2.672389268875122
2.6854727268218994
2.709317207336426
2.6284573078155518
2.6008760929107666
2.677283763885498
2.717010021209717
2.599907636642456
2.5456526279449463
2.713566541671753
2.6394684314727783
2.6495282649993896
2.664438247680664
2.655407428741455
2.7540366649627686
2.6172165870666504
2.5735387802124023
2.642911195755005
2.6836626529693604
2.5488269329071045
2.610804796218872
2.6613757610321045
2.649345636367798
2.5778305530548096
2.60890531539917
2.627540111541748
2.6232101917266846
2.726408004760742
2.6615939140319824
2.644885540008545
2.606349468231201
2.7125842571258545
2.6057369709014893
2.724566698074341
2.5222978591918945
2.606855630874634
2.696367025375366
2.725780725479126
2.507404327392578
2.6614770889282227
2.528815507888794
2.549966335296631
2.6588141918182373
2.5390219688415527
2.5293233394622803
2.654226064682007
2.544581174850464
2.4807472229003906
2.6587603092193604
2.674298048019409
2.5787320137023926
2.693631887435913
2.596200942993164
