0.332188552979267
0.3859259264938759
0.43050505250993404
0.45696969616292704
0.4630303042705613
0.4822895623216725
0.4993939393698567
0.5169023579419262
0.5293602699583227
0.5364309775106835
0.5495622895582758
0.5464646476085739
0.5641077434775805
0.5777777770552972
0.5776430970490581
0.5810774381112571
0.619797977835241
0.6020875392538129
0.6035690226338126
0.6112457911173502
0.6189899008081416
0.6187878771863803
0.6267340062844633
0.6251178428982244
0.6470707089009912
0.6435690200088
0.6474747438021381
0.6546127910565849
0.6631649831930796
0.6690235694851538
0.6858585853167255
0.6845117885657032
0.6807407399620673
0.6748148130648064
0.6839057252262578
0.6883501681414518
0.6948821532605874
0.7073400655780175
0.6879461275206672
0.7130639745731546
0.709494948387146
0.7146127958490391
0.7116498317983415
0.7327946123450694
0.7315151522857974
0.7183164960206158
0.7284175079278271
0.7209427600557153
0.7213468027837349
0.7344107718178721
0.7465319874310734
0.7476094268789195
0.7440404043053136
0.7420875436127788
0.7455218849760114
0.7633670038647122
0.7405387169182903
0.7521212149148035
0.7592592594599483
0.7610774395441768
0.7686195283225088
0.7820875397836319
0.7596633012848671
0.7759595946832136
0.7779124565798827
0.7826262616147899
0.7703703678015507
0.7747474752291285
0.7756228946676158
0.7967003361143247
0.7797306384703125
0.7786531990224664
0.7898989885744422
0.7874074072548838
0.7903030285931597
0.799057237427644
0.7935353541615033
0.8011447823408878
0.7948148124145739
0.7972390567413484
0.8061952861872587
0.8049831637228378
0.8094949493504534
0.8061279449800048
0.8116498318585482
0.8111111088232561
0.8198653212701431
0.8179124599755413
0.8051178479435468
0.811111113639793
0.8184511824087664
0.8233670014323611
0.8219528601627157
0.8233670002282268
0.8294949513493162
0.8197306394577026
0.8257239045518817
0.8325252526938313
0.8270033652132208
0.8276094288536997
0.8267340070069439
0.8263973081954802
0.8343434363904626
0.8379797977630539
0.8422222251843925
0.8493602691274701
0.8369023577131406
0.8397979796534837
0.8428282846104015
0.8399326614659242
0.8338720551644913
0.847272727826629
0.835353535835189
0.8494949491337093
0.8534006747332487
0.8449831623019595
0.8482154890744373
0.8586531985889782
0.8531313105063005
0.8548148123904912
0.8529966335103969
0.855622896642396
0.8544781159872961
0.858585860994127
0.8645791266903733
0.8604040386700871
0.8701010111606482
0.8668686861943717
0.8622895635739721
0.8622895635739721
0.865858585545511
0.8694276111294524
0.869090908103519
0.8662626243600942
0.8699663329606104
0.8700336699533944
0.8624242489988153
0.8710437754187921
0.8719865336562648
0.8720538724552501
0.8746127967882638
0.871178454220897
0.8808080824938688
0.8845117862778481
0.8765656562766644
0.8756229010495272
0.8703703699689923
0.8787878817982144
0.8736700355404555
0.8892255925168895
0.8787205436012961
0.8839057304642417
0.8825589213708435
0.883905726851839
0.8781818187598026
0.8933333357175192
0.8807407436948834
0.8853198675194172
0.8923905732655766
0.8848484862934459
0.886262626358957
0.885252529322499
0.8878114500431099
0.8853198675194172
0.8893602713189944
0.8927272744853088
0.8806734036917638
0.89569023462257
0.8816161637354378
0.8888215494878364
0.8947474781912986
0.8875420888264974
0.887744108233789
0.8983838419721584
0.902356905768616
0.9042424270600984
0.901616162121898
0.8976431007337089
0.8969023606993936
0.8926599320739207
0.8950841788089636
0.8929292938926003
0.9005387208678506
0.9010101039000232
0.9016161603156967
0.8963636370620343
0.8943434363663799
0.8941414139487527
0.8960942746412874
0.9017508439343385
0.9006060626771715
0.9038383840310453
0.9010101020938218
0.8990572371868172
0.9004040414636786
0.90444444646739
0.8995286202189898
0.904309767063218
0.9042424258559641
0.9122558922478647
0.9092255896992154
0.9089562296867371
0.9076767696274651
0.9107070715740474
0.9006734038844253
0.9069360283890155
0.908686870878393
0.9183838415627528
0.907744110834719
0.9133333359101806
0.904444447069457
0.9072727290066805
0.910639732775062
0.9129292958914631
0.9073400696118673
0.9111111121948319
0.9181144803461402
0.9166329990733754
0.9162289560443223
0.9194612798064646
0.9084848514711014
0.9138047183402861
0.9204040434625413
0.9180471403430207
0.9215488241176413
0.9168350178785999
0.9202693634563022
0.9167003408826963
0.9127272758821044
0.9210101034906175
0.9176430997222361
0.9174410791108103
0.9198653210293163
0.9162962990577774
0.9215488241176413
0.9197306398189429
0.915488216010007
0.9137373771330323
0.9140740777506973
0.9303703681387082
0.9204040386460044
0.9210774416875358
0.9319865336321821
0.9219528629322244
0.9216835047259475
0.9237037042174676
0.925319866700606
0.9229629653872866
0.9197979834344652
0.9230303065945403
