2.316083715419577
2.06275827354855
1.9740598599116008
1.9126411435580013
1.8446384933259752
1.778650954516247
1.7510222690274018
1.723586016231113
1.6558598388325085
1.6381935158161203
1.6089940757462473
1.6071439499806877
1.5535934814298995
1.5661550977013328
1.5702440558057842
1.5322432542088056
1.5276078527623957
1.5149002388270214
1.5163912267395945
1.4605106934152468
1.4825971584127406
1.4163512111914278
1.4408795917877044
1.399863306922142
1.390728594076754
1.3931908173994585
1.3794411998806577
1.391071303926333
1.3605579631497162
1.3556470250842547
1.346655589161497
1.3344772873502788
1.3342973535711116
1.2978820632202457
1.305904330629291
1.2853008002945872
1.2751216960675789
1.2791438476003782
1.2713749468928637
1.2819326405573372
1.286155570035029
1.248405963483483
1.264058090219594
1.2405042792811538
1.2465635568204552
1.2001157216351441
1.2145913827298866
1.211919220409008
1.2020262196810558
1.1841788912060285
1.201267861958706
1.1864456263455478
1.199359453687764
1.1546984339001203
1.1798420849472586
1.1537232254490708
1.1703133474696765
1.133131448668663
1.1417243986418752
1.141893410321438
1.1460154544223438
1.149037809082956
1.128903592475737
1.1230851032517173
1.118328651996574
1.1074526026995495
1.1037059119253447
1.090014059134204
1.1195997740283157
1.1183039419578784
1.0728106763627794
1.0787054577259103
1.0680104060606523
1.0786634213996655
1.0546523934662944
1.0717600060231758
1.051070552883726
1.066271600699184
1.056210411919488
1.0624009984912295
1.051916433705224
1.041443058336624
1.0512489182780487
1.0515110968339323
1.035861276616954
1.0300746325290564
1.0194235510296292
1.0018084115452237
1.014184052896018
1.0209447241792775
1.010282247957557
1.0130497963741572
1.0015741086969472
0.9746789312121844
0.9694696333673265
0.9944584074646535
0.992148448722531
0.9977751819774358
0.9915886376843308
0.9914970289577137
0.9957330786820614
0.9742912306930079
0.9568173746870021
0.9789120362262533
0.9724035034276018
0.9667914311091105
0.9832848430884005
0.950506764830965
0.9526297094846012
0.9604663246809834
0.9594224908135154
0.9334314543791492
0.9401567975680033
0.9326360406297626
0.9546429135582664
0.9618161579575202
0.9502208979442867
0.9163807943613842
0.9352251345461066
0.9253529454722549
0.925884247428239
0.9355558704848241
0.9099346784630207
0.9427314027391299
0.9130522644881046
0.9300943312018809
0.9157445274218164
0.9085594210961853
0.8910890823662884
0.9190234692409786
0.8984115503051064
0.9150304529401991
0.8931514711091013
0.9009152741143198
0.8957396360358807
0.8958680521358143
0.8881238879579486
0.9151319807226007
0.8900113105773926
0.9049041788987439
0.89325566183437
0.8850961748999778
0.8946807203870831
0.8696639188612351
0.8796135753092139
0.8777547039166845
0.866317979615144
0.8916291010500205
0.8685649699634976
0.861749362463903
0.876466883553399
0.8639745603908192
0.8723452819718255
0.8658357991112603
0.85631838772032
0.8532241041010077
0.8533615608407994
0.8673442403475443
0.857576224539015
0.8528769804973795
0.8476478957166576
0.8472329932029801
0.8660296936227818
0.8617749677764045
0.8473504300069328
0.8585139844152663
0.821157754069627
0.8454020541123669
0.8400763176908397
0.8486029024075981
0.836310245774009
0.8227658855794656
0.8294917977217472
0.8337335839416041
0.8285692472650548
0.8268561682315788
0.8312453091746629
0.8372859280518811
0.8168331944581234
0.827767399224368
0.8060729437404208
0.8326528144605232
0.8416191917477231
0.8407269264712478
0.8236987735285903
0.8182411031289534
0.8205526182145784
0.8139007549093227
0.8094233424976619
0.8198568495837125
0.8250720254098526
0.8149938023451603
0.8390659762151313
0.817091536642325
0.7909866354682229
0.817395851467595
0.8051280866969716
0.8063442941867944
0.7972221759834675
0.7916044412237225
0.7950243432112415
0.790263917711046
0.787817186177379
0.7834722297360198
0.8170995929024436
0.8051100577970948
0.7933710349930657
0.7918315295017126
0.7989637165358572
0.7850959800710582
0.8051147177965954
0.8001369412499245
0.797692773920117
0.807495855923855
0.7955968572635843
0.7872612632886328
0.7791668712490737
0.7825686979775477
0.7933093610436025
0.7827691207028399
0.7684882072487262
0.795921468373501
0.7816055278585414
0.7800755789785674
0.7795197421854193
0.768063612056501
0.7724901172849867
0.7803123527103
0.7704472662222506
0.7815863947675685
0.7681260987965748
0.7661999205146173
0.7682016503931296
0.7642743196150269
0.7776068906591396
0.7759938143720531
0.7692459382192053
0.761037143793973
0.7524527564193263
0.7730363667613328
0.7767928549737642
0.7611552531068976
0.7528998014902828
0.7543971827535918
0.7533946753752352
0.7433865672410137
0.7567940817938911
0.7621648329677004
0.7473673706102852
0.7503640711909593
