3.2319493293762207
3.067857027053833
2.945767402648926
2.876339912414551
2.828752040863037
2.8039183616638184
2.707564353942871
2.5471200942993164
2.6531007289886475
2.5150797367095947
2.488844633102417
2.429816246032715
2.354844570159912
2.62294340133667
2.176819324493408
2.348891019821167
1.9414526224136353
1.954799771308899
2.105544090270996
2.0851004123687744
2.3545117378234863
1.945124864578247
1.8962208032608032
2.0668396949768066
1.872270107269287
2.1013364791870117
1.8933312892913818
1.9686799049377441
1.951153039932251
1.9184470176696777
2.123659133911133
1.9401304721832275
2.061849355697632
1.8369649648666382
2.007492780685425
1.7826459407806396
1.7548521757125854
1.8695616722106934
1.9539521932601929
1.645003080368042
1.7328283786773682
1.7418968677520752
1.6325780153274536
1.4600051641464233
1.7230888605117798
1.7595068216323853
1.6295937299728394
2.0101897716522217
1.737900972366333
1.7802273035049438
1.7860461473464966
1.9005974531173706
1.8219499588012695
1.8204840421676636
1.6507643461227417
1.838693380355835
1.8429677486419678
1.814363956451416
1.6505712270736694
1.7132580280303955
1.5826139450073242
1.789894700050354
1.587730050086975
1.6927777528762817
1.6551636457443237
1.6666457653045654
1.494455099105835
1.5035624504089355
1.775887370109558
1.7206859588623047
1.3622643947601318
1.8016889095306396
1.8314071893692017
1.6328500509262085
1.7613253593444824
1.6372891664505005
1.7110999822616577
1.5877959728240967
1.5989727973937988
1.5278809070587158
1.6408568620681763
1.705521821975708
1.4832044839859009
1.5355658531188965
1.563363790512085
1.588960886001587
1.724439263343811
1.5320532321929932
1.5476840734481812
1.5721454620361328
1.4754414558410645
1.5011428594589233
1.5622313022613525
1.4493404626846313
1.2579680681228638
1.6728694438934326
1.675462007522583
1.5198132991790771
1.763455867767334
1.701523780822754
1.2186228036880493
1.4962950944900513
1.202646255493164
1.5851538181304932
1.587713360786438
1.7759730815887451
1.4421173334121704
1.5711979866027832
1.6393824815750122
1.631037712097168
1.3753395080566406
1.657556176185608
1.6596930027008057
1.4164671897888184
1.5012125968933105
1.469740390777588
1.464064121246338
1.3943027257919312
1.353203296661377
1.533902645111084
1.379618763923645
1.58668053150177
1.5923423767089844
1.371628999710083
1.553021788597107
1.2548896074295044
1.4909790754318237
1.4767872095108032
1.3006188869476318
1.6483283042907715
1.405217170715332
1.3405399322509766
1.421594262123108
1.7015366554260254
1.3882036209106445
1.4011805057525635
1.4160691499710083
1.4232314825057983
1.4788063764572144
1.4292995929718018
1.2287647724151611
1.4060708284378052
1.4837028980255127
1.494748830795288
1.1868431568145752
1.3195512294769287
1.3322033882141113
1.4731130599975586
1.4381132125854492
1.273655891418457
1.4878450632095337
1.2685942649841309
1.3795162439346313
1.2925231456756592
1.6423454284667969
1.5843017101287842
1.3168776035308838
1.802087426185608
1.2607595920562744
1.1477330923080444
1.195321798324585
1.1986684799194336
1.3733183145523071
1.6988697052001953
1.1008033752441406
1.8301968574523926
1.447709321975708
1.550356388092041
1.3147907257080078
1.5343739986419678
1.4185733795166016
1.4005645513534546
1.7001830339431763
1.505894660949707
1.3515957593917847
1.410670518875122
1.3919609785079956
1.4684381484985352
1.244524598121643
1.6003835201263428
1.3936004638671875
1.591789960861206
1.5663948059082031
1.154877781867981
1.2320610284805298
1.4695923328399658
1.40700364112854
1.2882623672485352
1.1690207719802856
1.4801082611083984
1.3351691961288452
1.405950665473938
1.3520597219467163
1.3704001903533936
1.199991226196289
1.1889406442642212
1.3955717086791992
1.2093645334243774
1.3921632766723633
1.3368970155715942
1.4549869298934937
1.6291946172714233
1.4646331071853638
1.3549107313156128
1.3006577491760254
1.3176169395446777
1.3723394870758057
1.3895132541656494
1.2521404027938843
1.2065162658691406
1.334789514541626
1.3459835052490234
1.3994076251983643
1.4546794891357422
1.3148226737976074
1.118838906288147
1.2077720165252686
1.2802804708480835
1.4667260646820068
1.164040446281433
1.4425647258758545
1.367667555809021
1.3608825206756592
1.4225385189056396
1.2272260189056396
1.3333266973495483
1.1324361562728882
1.202008843421936
1.2321770191192627
1.0890977382659912
1.2715777158737183
1.3085036277770996
1.1936768293380737
1.4883828163146973
1.2257609367370605
1.253761887550354
1.2309465408325195
0.934087872505188
1.2200555801391602
1.311529278755188
1.3439871072769165
1.3647702932357788
1.3558205366134644
1.13883376121521
1.1739349365234375
1.2655017375946045
1.2379653453826904
1.147821307182312
1.2417964935302734
1.156516432762146
1.116599440574646
1.3894338607788086
1.0196020603179932
1.1182992458343506
1.1392790079116821
1.232328176498413
1.3260893821716309
1.1781444549560547
1.1535661220550537
1.135127067565918
1.221030831336975
1.3742598295211792
1.1033227443695068
1.3216948509216309
1.164068341255188
1.1554133892059326
1.1573352813720703
1.2380186319351196
1.0101776123046875
0.9757703542709351
1.1481291055679321
1.1467828750610352
0.9594811201095581
1.047640323638916
1.1630362272262573
1.2594325542449951
1.1574769020080566
1.3638215065002441
1.0788742303848267
1.2441061735153198
1.0301785469055176
1.087249755859375
1.1924071311950684
1.0503941774368286
1.2168138027191162
1.1550099849700928
1.160383939743042
1.1501259803771973
1.2418211698532104
1.1738203763961792
1.2369518280029297
1.0591157674789429
1.1476149559020996
1.4319803714752197
1.057997465133667
1.1099005937576294
1.2327362298965454
1.1661148071289062
1.1713879108428955
1.6233209371566772
1.3641159534454346
1.2882659435272217
1.143346905708313
1.1181068420410156
1.2390711307525635
1.0562447309494019
1.2002363204956055
1.1150107383728027
1.1744974851608276
1.244563341140747
1.045884370803833
1.1563992500305176
1.16034734249115
1.0034288167953491
1.1508508920669556
1.2070485353469849
1.2045819759368896
1.0240650177001953
1.144902229309082
1.2581226825714111
1.000633716583252
1.0928581953048706
1.4111629724502563
1.348146677017212
1.1962237358093262
1.1213847398757935
1.1588282585144043
1.1071064472198486
1.1211001873016357
1.006500005722046
1.138793706893921
1.2204946279525757
1.0772310495376587
1.0740922689437866
1.1775319576263428
1.1253050565719604
1.2207369804382324
1.4688997268676758
1.051389455795288
1.382239818572998
1.1962642669677734
1.2213199138641357
1.2066270112991333
1.080917239189148
1.014715552330017
1.0003855228424072
1.1790980100631714
1.3484539985656738
1.224797010421753
1.2087079286575317
1.1048688888549805
1.1510591506958008
1.0916637182235718
1.0889067649841309
1.3138326406478882
1.019033670425415
1.1415796279907227
1.0221142768859863
1.3334717750549316
1.0758421421051025
1.2847909927368164
1.174432396888733
1.3415875434875488
1.0069557428359985
1.1972984075546265
1.132312297821045
1.1428712606430054
1.243260383605957
1.1112545728683472
1.02603280544281
1.1581652164459229
1.3027256727218628
1.0362039804458618
1.043664574623108
1.1704587936401367
1.1036098003387451
1.1869580745697021
1.1110373735427856
0.9054199457168579
1.1699249744415283
1.056247591972351
0.9321449995040894
1.11280357837677
1.0859251022338867
1.07408607006073
1.1777743101119995
0.8665592670440674
0.9565051794052124
1.118534803390503
1.2059211730957031
1.0677632093429565
1.0400311946868896
0.9276318550109863
1.0018048286437988
1.1640093326568604
1.100221872329712
0.9123513698577881
1.2285133600234985
0.9081562757492065
0.968597412109375
0.9594501256942749
1.1524055004119873
1.067097544670105
1.099847674369812
1.1412689685821533
1.1513252258300781
1.2555618286132812
0.8894119262695312
1.2503938674926758
1.2893397808074951
1.2254955768585205
1.1511399745941162
1.109415888786316
1.0066996812820435
1.352264642715454
1.0877881050109863
1.1628695726394653
1.0387800931930542
0.9889671802520752
1.2806496620178223
1.010326623916626
1.0639479160308838
1.2289197444915771
1.3208222389221191
0.9665493965148926
1.0356383323669434
1.1027711629867554
1.1204569339752197
1.4098325967788696
1.1431543827056885
1.0709505081176758
1.0116270780563354
1.0291099548339844
1.0410408973693848
0.9487965106964111
1.166874647140503
1.0735336542129517
1.0750010013580322
1.1300121545791626
0.9233126044273376
1.277214527130127
1.098473310470581
1.0304131507873535
1.1556272506713867
1.0611438751220703
0.9076554775238037
1.1958273649215698
1.1625468730926514
1.0796165466308594
1.1406170129776
1.024915337562561
0.9780207276344299
1.0335379838943481
1.4587247371673584
1.039015293121338
1.1040762662887573
1.0992815494537354
1.076203465461731
1.0902366638183594
1.3391906023025513
1.0203051567077637
1.053147315979004
0.9808591604232788
1.1358647346496582
0.9610716104507446
1.035873293876648
0.9256061315536499
1.0738959312438965
1.035110592842102
1.0543104410171509
1.0891083478927612
1.0110478401184082
1.2121648788452148
1.0138156414031982
0.9687376022338867
0.9009037017822266
1.079509973526001
1.2783360481262207
0.9959375858306885
1.068077564239502
1.1096827983856201
0.9817517995834351
1.2381185293197632
1.0227036476135254
0.8756604790687561
1.0215754508972168
0.9918417930603027
1.0529930591583252
1.578627586364746
1.168786644935608
0.9387302398681641
1.1005605459213257
0.9656951427459717
1.058807134628296
0.9963099360466003
1.0861860513687134
1.0189658403396606
1.244408130645752
1.0607013702392578
1.0182093381881714
0.9788992404937744
1.0538948774337769
1.0033096075057983
1.0931298732757568
0.8749381303787231
1.0482723712921143
1.0330089330673218
1.1022814512252808
1.0717016458511353
1.0648926496505737
1.1185694932937622
0.9506699442863464
0.9645314812660217
0.9130023717880249
1.1141163110733032
1.043847680091858
0.9952065944671631
1.1620903015136719
0.9726808071136475
0.9193241000175476
0.966428279876709
1.0710691213607788
1.077677607536316
1.0326802730560303
0.9456908106803894
0.9874484539031982
1.2701646089553833
1.0389080047607422
0.8883693218231201
1.2465417385101318
1.0503915548324585
1.035819172859192
0.9107149243354797
0.8851786255836487
1.238551139831543
1.0001024007797241
0.9205537438392639
0.861293613910675
1.001723051071167
0.8448984622955322
0.8989604115486145
0.9436697959899902
1.2311038970947266
0.857587456703186
0.9081812500953674
0.9517648816108704
0.9016521573066711
0.8189714550971985
0.9508719444274902
1.0551735162734985
1.013863444328308
0.9047964811325073
0.9140056371688843
1.058417558670044
1.0018144845962524
1.2651138305664062
0.8543028831481934
1.025412917137146
0.948235034942627
0.9374955892562866
0.9451884031295776
0.9794919490814209
1.137518286705017
0.9124094247817993
1.0893046855926514
1.1464346647262573
0.8923461437225342
1.0006506443023682
0.9401841163635254
0.9215749502182007
0.9284584522247314
1.1451207399368286
0.9311386942863464
0.8767396211624146
0.9170117378234863
0.9863252639770508
0.9465657472610474
1.214117407798767
1.1086602210998535
1.0080034732818604
1.095378041267395
1.1057114601135254
0.9318175315856934
0.9761401414871216
1.087543249130249
1.1164543628692627
1.2991979122161865
1.011232852935791
0.9987014532089233
1.0422778129577637
0.961459219455719
0.9750343561172485
1.2549813985824585
1.1746312379837036
1.051964282989502
0.9692894816398621
0.9543335437774658
0.9449859857559204
1.0158963203430176
0.9841233491897583
1.0755605697631836
1.012121319770813
0.9360907077789307
0.9263315796852112
1.0932509899139404
0.9144419431686401
1.1039096117019653
1.0056999921798706
0.9954202771186829
0.9646735191345215
1.0987257957458496
1.0792782306671143
1.0426712036132812
1.021395206451416
0.9127210378646851
1.1433029174804688
1.0062447786331177
1.2052761316299438
0.985086977481842
0.8334797620773315
1.1236037015914917
1.0338146686553955
1.0269036293029785
1.0070544481277466
1.0465556383132935
0.8666552901268005
0.8999835252761841
1.1666436195373535
1.0159056186676025
1.205101490020752
1.0823066234588623
1.027697205543518
1.0648002624511719
1.0400912761688232
0.986441433429718
1.0420769453048706
1.1593056917190552
1.0342028141021729
1.0660312175750732
0.983858585357666
0.9847209453582764
0.9674932956695557
1.0389362573623657
0.9694623947143555
0.9425563812255859
0.8876681327819824
0.9844610691070557
0.9278064966201782
1.1552226543426514
0.8922669291496277
1.0560381412506104
1.1743849515914917
0.9809600114822388
0.9434208273887634
1.0386459827423096
0.9635758399963379
0.9222782850265503
0.9279580116271973
0.9075639247894287
0.9772886037826538
1.0333937406539917
1.0271422863006592
0.9710948467254639
0.9553670883178711
0.9120965003967285
1.0150623321533203
0.9948465824127197
0.9904131889343262
0.9381421804428101
1.4083800315856934
1.1352295875549316
1.0850998163223267
1.0175408124923706
1.1187446117401123
1.001332402229309
0.9551596641540527
1.0677496194839478
1.0566606521606445
0.8624063730239868
0.8532829880714417
1.0568104982376099
0.8925942778587341
0.9855954647064209
1.0207536220550537
1.0059500932693481
1.0252734422683716
0.8677799701690674
0.8978861570358276
1.1453607082366943
1.0018471479415894
0.8164105415344238
1.1678423881530762
0.8701082468032837
0.9454185962677002
1.1199674606323242
0.9806265234947205
0.9790843725204468
0.9585001468658447
1.0369242429733276
0.9027951955795288
0.9139812588691711
0.892068088054657
0.9960954189300537
1.0843557119369507
1.106405258178711
0.8512554168701172
1.0552232265472412
1.0222437381744385
1.0248867273330688
0.8206610679626465
0.9792706966400146
0.9718186855316162
0.9433817863464355
1.1055941581726074
0.912131130695343
1.0988248586654663
0.8555360436439514
0.8032195568084717
1.0919289588928223
0.9425603151321411
1.047130823135376
0.9056662917137146
0.82328200340271
1.0927562713623047
0.9685805439949036
1.0364418029785156
1.0240836143493652
0.9022896885871887
0.872474193572998
0.875359833240509
1.0140306949615479
0.8759300112724304
1.0907995700836182
0.9602980613708496
0.976981520652771
0.9383606910705566
0.9087687730789185
0.8557582497596741
0.9753295183181763
1.002256155014038
0.9665830731391907
0.9241963624954224
1.0535272359848022
0.8593707084655762
0.964892566204071
1.1254258155822754
0.8852376937866211
0.8825633525848389
1.06011962890625
0.9108550548553467
1.0341874361038208
0.8928704261779785
0.8644657135009766
0.9054758548736572
0.9233913421630859
1.0393763780593872
1.0101782083511353
0.9123507738113403
0.9688922762870789
1.0209403038024902
0.9001017212867737
0.9192155003547668
1.0288540124893188
1.0424447059631348
0.9975725412368774
0.9906539916992188
0.8446310758590698
1.124848484992981
1.0281341075897217
0.8878713846206665
1.0177407264709473
0.9013969302177429
1.0356767177581787
0.808598518371582
0.9552441239356995
0.9032397270202637
0.9967749118804932
0.947389543056488
1.0061732530593872
1.0476778745651245
1.0373833179473877
1.004879117012024
0.9336191415786743
0.9189404249191284
0.8995904922485352
0.9632291197776794
1.2358832359313965
0.9837266206741333
1.0337952375411987
1.0020830631256104
0.9343823194503784
0.8242378234863281
1.0200951099395752
0.8527003526687622
0.9432429075241089
0.8911157846450806
0.9444055557250977
0.8822283744812012
0.7899845242500305
0.9905882477760315
0.8344511985778809
0.940432071685791
0.9860823154449463
0.9903808832168579
0.957488477230072
1.0180096626281738
0.9188430309295654
1.0415842533111572
0.8202006816864014
0.8965227603912354
0.9135738611221313
1.0165786743164062
0.9164031147956848
0.9212245345115662
0.982944667339325
0.9693974256515503
0.9933104515075684
0.8830448389053345
0.9426238536834717
0.8550748825073242
0.9683561325073242
0.8879432082176208
0.9069637060165405
1.0558185577392578
0.8444066643714905
0.8368040919303894
1.0706913471221924
0.8442226648330688
0.8340227603912354
0.8628149628639221
0.8472648859024048
0.9671915769577026
0.7884268760681152
0.8067864775657654
1.024816632270813
0.9758023023605347
0.9185290336608887
0.9346249103546143
0.868465781211853
1.0572690963745117
0.8535043001174927
0.8710973262786865
0.8780187368392944
0.7573848366737366
0.881902813911438
0.8889114260673523
1.051321268081665
0.7962294816970825
0.9091802835464478
0.8533099889755249
0.9295567274093628
0.9328309297561646
0.8116090297698975
0.9537875652313232
0.9936857223510742
0.8387478590011597
0.834104061126709
0.955916166305542
0.9556182622909546
0.8948550224304199
0.8368163108825684
0.8681544065475464
0.9044962525367737
0.9712841510772705
0.9334504008293152
0.8847622871398926
0.9723988771438599
0.8159483671188354
0.8779818415641785
0.9352924823760986
1.0502272844314575
0.8800630569458008
0.9455983638763428
0.8260157108306885
1.0638405084609985
0.7627114057540894
0.8196290135383606
0.9447308778762817
0.969853401184082
0.7749137878417969
1.0687646865844727
0.9635546207427979
1.0380064249038696
0.944860577583313
1.0056629180908203
0.9285789132118225
0.885232150554657
0.851699948310852
0.8045889139175415
1.03891921043396
0.9395710229873657
0.9725294709205627
0.7888995409011841
0.9308180809020996
0.9031871557235718
1.026547908782959
0.8431011438369751
0.9590952396392822
0.8928273916244507
0.8357208967208862
1.038106083869934
0.7787991762161255
0.8588619232177734
0.9136792421340942
0.7742446064949036
0.9166272282600403
0.8190809488296509
0.822221040725708
1.0038620233535767
0.8874372243881226
0.893191933631897
1.1059365272521973
0.9260650277137756
0.8235642910003662
1.0911554098129272
0.9011614322662354
1.007293701171875
0.9359462261199951
1.049848198890686
1.0549228191375732
0.8603289127349854
0.9559329748153687
0.8956103324890137
0.876592218875885
1.0046062469482422
0.8049463033676147
0.9013885259628296
0.9144110679626465
0.9350718855857849
0.9658488035202026
0.9149076342582703
1.1599985361099243
0.8646138906478882
0.8268530964851379
0.835431694984436
0.7685350179672241
0.9621486067771912
0.7675044536590576
1.007647156715393
0.7990593910217285
0.9777446389198303
0.9264174699783325
0.8586334586143494
0.9975749850273132
0.967281699180603
1.0290477275848389
0.8847446441650391
0.7888946533203125
0.8871424198150635
0.8943374156951904
0.9132102727890015
0.894321084022522
0.8806239366531372
0.9998123645782471
0.9858396053314209
0.9551766514778137
0.8965549468994141
1.0388442277908325
0.862220823764801
0.8617327213287354
0.8411658406257629
0.9342525005340576
0.8516208529472351
0.934085488319397
1.077375054359436
0.9246771335601807
0.8837034702301025
1.009182333946228
1.0072596073150635
0.8917990922927856
0.8665686845779419
0.9178664684295654
0.8441759347915649
0.825609564781189
0.9809842109680176
1.0206903219223022
1.1079820394515991
0.9381568431854248
0.911484956741333
0.976530909538269
0.828032374382019
0.9696687459945679
0.9157772064208984
0.9688801765441895
0.7719736099243164
0.8725943565368652
0.9758137464523315
0.9568548202514648
0.790414571762085
0.9399470686912537
0.8366026878356934
0.960963249206543
0.9320070147514343
0.8273910880088806
0.8735365867614746
1.000852108001709
0.8268207907676697
0.9819941520690918
0.8473147749900818
0.8359802961349487
1.0028655529022217
0.8011847734451294
0.9698880314826965
0.9224666357040405
0.8241649866104126
1.0255471467971802
0.9516346454620361
0.7814857959747314
0.9757694005966187
0.8510007858276367
0.8959895372390747
0.7711370587348938
0.8211142420768738
0.8920879364013672
0.9249409437179565
0.8847875595092773
0.8520269989967346
0.8375955820083618
0.9824447631835938
0.8982793092727661
1.024166464805603
1.0269944667816162
0.9776362776756287
0.8889711499214172
0.9466255903244019
0.8057762384414673
0.8743700981140137
1.0920416116714478
0.8548144102096558
0.9815861582756042
0.8951818943023682
0.8315847516059875
0.7631120681762695
0.8062955141067505
0.9503586292266846
0.912147045135498
0.8833169937133789
0.9037668704986572
0.8331857919692993
0.9724377393722534
0.9380974769592285
0.942227303981781
0.9510064125061035
1.0414509773254395
0.8369729518890381
0.7814927101135254
0.7533210515975952
0.8465120792388916
0.8744593262672424
0.7662136554718018
0.881105899810791
0.8454257249832153
0.928890585899353
0.8085467219352722
1.0094215869903564
0.9224085807800293
0.9370920658111572
0.9661399126052856
0.8352167010307312
1.0995545387268066
0.8557919263839722
0.8849291801452637
0.8579477667808533
0.9466385841369629
1.1076680421829224
0.8616046905517578
0.7706173658370972
0.8533610105514526
0.990750789642334
0.8849278092384338
0.9313904047012329
0.9386564493179321
0.9690737724304199
0.8451006412506104
0.7961581349372864
0.8545839786529541
0.8430297374725342
0.8158844709396362
0.9361441731452942
0.8824754953384399
0.9726411700248718
0.8028050065040588
0.8442355990409851
0.9717680215835571
0.8496480584144592
0.9369143843650818
0.8309441804885864
0.9710065126419067
0.7871431112289429
0.7732041478157043
0.7924290299415588
0.8624001145362854
0.927165150642395
0.8466839790344238
0.8402789831161499
1.0090214014053345
0.7897387742996216
0.9349864721298218
0.8367434740066528
0.9612399935722351
0.8631784319877625
0.9107380509376526
0.8820770978927612
1.0118640661239624
0.8340891599655151
0.9637880325317383
0.9691102504730225
0.7945995330810547
0.8744779825210571
0.8715025186538696
0.8923073410987854
0.9075353145599365
0.9869043827056885
0.7386203408241272
0.9046138525009155
1.0148537158966064
0.8450857400894165
0.917708158493042
0.8876848220825195
0.973832905292511
0.9228996634483337
0.9450037479400635
1.2740247249603271
0.9042202234268188
1.0264708995819092
0.9327759742736816
0.7753539085388184
0.9663247466087341
0.9041587114334106
0.8601003885269165
0.8518513441085815
0.884199857711792
0.8949466347694397
0.7960810661315918
0.8918008804321289
0.9876337051391602
0.8992852568626404
0.9491604566574097
0.8132421970367432
0.9198812246322632
0.8367297649383545
0.8220031261444092
0.8360864520072937
0.8948026895523071
1.0722646713256836
0.8384187817573547
1.010081171989441
0.8579627871513367
0.8820871710777283
0.8454289436340332
0.8919298648834229
0.9221053123474121
1.0913827419281006
0.950653612613678
0.9930540323257446
0.8482166528701782
0.9101527333259583
0.9432933330535889
0.9644889831542969
0.8105477094650269
0.8449527621269226
0.8268076777458191
0.8227764368057251
0.9783523082733154
0.8436354994773865
0.9347917437553406
0.9902950525283813
0.9192367792129517
0.8639825582504272
0.9811273217201233
0.8267230987548828
0.7758864760398865
0.9199079275131226
0.9243593215942383
0.8377346992492676
0.8814497590065002
0.772243857383728
0.7823760509490967
0.9322580099105835
0.9037044644355774
0.8390704393386841
0.8631755113601685
0.9848722219467163
0.901951789855957
0.8264912366867065
0.9583200812339783
0.9160001277923584
0.8482275009155273
0.9556286334991455
1.0536364316940308
0.7723405361175537
0.8027570843696594
0.9498869180679321
0.7950661182403564
0.7740161418914795
0.9261616468429565
0.8532469272613525
0.9153063893318176
0.9387437105178833
0.8688284158706665
0.8690897226333618
0.8323767185211182
0.9166907668113708
0.7846472263336182
0.869709849357605
0.8168550729751587
0.8561544418334961
0.7666944861412048
0.854808509349823
0.9917589426040649
0.8544741868972778
0.7909392714500427
0.8030078411102295
0.7987632155418396
0.889042854309082
0.8184100389480591
0.8619384169578552
0.8880166411399841
1.0008714199066162
0.9589352607727051
0.8668744564056396
0.7496206760406494
0.8189904689788818
0.8285002708435059
0.876595675945282
0.9107651710510254
0.8370189070701599
0.7639552354812622
0.9202816486358643
0.8789719343185425
0.8187287449836731
0.8722120523452759
0.8739144802093506
0.8221848011016846
0.9112133979797363
0.8899223208427429
0.8207995891571045
0.9255312085151672
0.877285897731781
0.7688201665878296
0.9666136503219604
0.9770042896270752
0.8623267412185669
0.7591085433959961
0.8813186883926392
0.7682068347930908
0.847163200378418
0.8149088621139526
0.9026615619659424
0.8185305595397949
0.8138267397880554
0.8269187211990356
0.866936981678009
0.8268610239028931
0.915566623210907
0.989185094833374
1.0101624727249146
0.8870031833648682
0.7550034523010254
0.8513228893280029
0.9024632573127747
0.7898404598236084
0.939026951789856
0.7022786140441895
0.8780595064163208
0.7688100934028625
0.7700046896934509
0.791631817817688
0.8155907392501831
0.8365366458892822
0.8548862934112549
1.0357725620269775
0.8029576539993286
0.9506381750106812
1.0366716384887695
0.92659991979599
0.8921879529953003
0.8391618132591248
0.7870051264762878
0.7760123014450073
1.1186586618423462
0.8601821660995483
0.754715085029602
0.8393691182136536
0.7293645143508911
0.809008002281189
0.8212717771530151
0.7431329488754272
0.9939345121383667
0.8551998138427734
0.7023131847381592
0.8930222988128662
0.8048776388168335
0.9208044409751892
0.7620272636413574
0.8386701345443726
0.9731264114379883
0.8403562903404236
0.8201912641525269
0.8287860155105591
0.8444831371307373
0.8169007301330566
0.7684872150421143
0.8241431713104248
0.9025874137878418
0.8440433740615845
0.899086594581604
0.8625253438949585
0.7933292388916016
1.0340229272842407
0.8775469064712524
0.9159390926361084
0.8627845644950867
0.8388295769691467
0.8904671669006348
0.7782485485076904
0.8645440340042114
0.7926673889160156
0.712790846824646
0.9323227405548096
0.7749297618865967
0.9345729351043701
0.9121845960617065
0.7362008094787598
0.8677130937576294
0.845241904258728
0.8196544051170349
0.9067317247390747
0.768987774848938
0.8553067445755005
0.9193746447563171
0.8281841278076172
0.9412410259246826
1.0353267192840576
0.7224603295326233
0.8190032243728638
0.8297310471534729
0.775684118270874
0.7480207085609436
0.9062638282775879
0.8377829194068909
0.7876718640327454
0.7870280742645264
0.9193271398544312
0.8749958276748657
0.8624292016029358
0.8284937143325806
0.8748210668563843
0.8739134073257446
0.8047341704368591
0.7726346254348755
0.7177362442016602
0.8023814558982849
0.8480020761489868
0.8005639314651489
0.900833249092102
0.7755571603775024
0.7496299743652344
0.9614604711532593
1.0026016235351562
0.8140265345573425
0.9491502046585083
0.8078051805496216
1.0063499212265015
0.8174718618392944
0.8759862184524536
0.9584099054336548
0.8143182992935181
0.7913192510604858
0.7598662376403809
0.7765915989875793
0.8407194018363953
0.9039466977119446
0.8124004602432251
0.7958815097808838
0.6796045303344727
0.8731561899185181
0.8981403112411499
0.8404334783554077
0.8549234867095947
0.8647974133491516
0.8882931470870972
0.7731465101242065
0.7421050071716309
0.7873224020004272
0.8808108568191528
0.6938697099685669
0.8349132537841797
0.8607261776924133
0.9307876825332642
0.9272114038467407
0.9918314218521118
0.9291071891784668
0.7960435152053833
0.8943977355957031
0.7561018466949463
0.9529891014099121
0.7867609262466431
0.88909512758255
0.9660255908966064
0.7994476556777954
0.7809187173843384
0.7830201387405396
0.7863442897796631
0.8350792527198792
0.7922126054763794
0.77702796459198
0.8417918682098389
0.8461893200874329
0.9706006646156311
0.8485462665557861
0.8272733688354492
0.7826684713363647
0.812523365020752
0.9040024876594543
0.7669262886047363
0.7819888591766357
0.8005197048187256
0.89122474193573
1.0408544540405273
0.8196220397949219
0.9105454683303833
0.7972038388252258
0.9695069789886475
0.8771803379058838
0.7766099572181702
0.8583956956863403
0.7890301942825317
0.7716041803359985
0.7877160906791687
0.8218398094177246
0.8809744119644165
0.8172336220741272
0.9356131553649902
0.8535088896751404
0.7756646871566772
0.9093154668807983
0.8668384552001953
0.9493545293807983
0.9684790372848511
0.803417444229126
0.9886032938957214
0.9736489057540894
0.7909416556358337
0.8775652647018433
0.8403248190879822
0.6779151558876038
0.7258588075637817
0.7803711891174316
0.9158599376678467
0.7363675236701965
0.8600467443466187
0.9084202647209167
0.7912434935569763
0.7520148754119873
0.8362182378768921
0.7736748456954956
0.9447936415672302
0.7627129554748535
0.7890015840530396
0.8766383528709412
0.8931177258491516
0.8549087047576904
0.8093628883361816
0.7892070412635803
0.8863372802734375
0.8696980476379395
1.0068700313568115
0.8507062196731567
0.8681621551513672
0.8592907786369324
0.763161301612854
0.7885565757751465
0.7631135582923889
0.7900723218917847
0.8803535103797913
0.8308728933334351
0.7632091045379639
0.7086491584777832
0.8217178583145142
0.9331721067428589
0.8742613792419434
0.8035460710525513
0.8576287031173706
0.8341739773750305
0.8276325464248657
0.6581085324287415
0.7639728784561157
0.8567540049552917
0.9504953622817993
0.8936784863471985
0.8804055452346802
0.7692837715148926
0.7090891003608704
0.8556488752365112
0.873738706111908
0.7481142282485962
1.0405569076538086
0.9373182058334351
0.7801384329795837
0.8022071123123169
0.9375040531158447
0.914159893989563
0.8483678102493286
0.8161517381668091
0.8925451040267944
0.932761549949646
0.8261434435844421
0.7236696481704712
0.8191952705383301
0.7513272762298584
0.8528829216957092
0.7834528684616089
0.8796717524528503
0.8114256858825684
0.8782213926315308
0.8252058029174805
0.819204568862915
0.8062400221824646
0.7576761841773987
0.8045895099639893
0.819319486618042
0.806103527545929
0.8647007346153259
0.7679688334465027
0.8496924638748169
0.7913376688957214
0.7490884065628052
0.7693415880203247
0.8346460461616516
0.7668192386627197
0.8808591365814209
0.8055398464202881
0.7484837770462036
0.7656209468841553
0.7855003476142883
0.839205265045166
0.7513245344161987
0.7861600518226624
0.8694247007369995
0.8667439222335815
0.7486237287521362
1.2208843231201172
0.7891906499862671
0.9091265201568604
0.7647448778152466
0.7202602624893188
0.7469151616096497
0.8993654251098633
0.7708109617233276
0.8433382511138916
0.8588943481445312
0.7859062552452087
0.7631621360778809
0.8154330253601074
0.755504310131073
0.8226388096809387
0.7969132661819458
0.8454689979553223
0.815552294254303
0.9891589283943176
0.947464108467102
0.9182816743850708
0.7983354330062866
0.7841460704803467
0.8204123377799988
0.7464258670806885
0.895704984664917
0.7539160251617432
0.9790327548980713
0.9405631422996521
0.6794043183326721
0.88238525390625
0.7953622341156006
0.7709875106811523
0.7814618349075317
0.71120685338974
0.7554339170455933
0.8482478857040405
0.7739652395248413
1.0195766687393188
0.7866039276123047
0.7477484345436096
0.8188897371292114
0.7908608913421631
0.7462449669837952
1.0274962186813354
0.8446642160415649
0.9497442245483398
0.8022068738937378
0.8674272894859314
0.8395315408706665
0.8364132642745972
0.9040703773498535
0.8118830919265747
0.8312795162200928
0.6745471954345703
0.8345786929130554
0.7996376752853394
0.8491401672363281
0.77243971824646
0.7805664539337158
0.75611412525177
0.7799519300460815
0.7815667390823364
0.8769093751907349
0.6838630437850952
0.7795131206512451
0.7351288795471191
0.7696950435638428
0.7783085703849792
0.8026242256164551
0.812395453453064
0.8010485172271729
0.7694894075393677
0.7541197538375854
0.8183944225311279
0.7144616842269897
0.803436279296875
0.8088469505310059
0.8453071117401123
0.7768040895462036
0.8760616183280945
0.7975302934646606
0.794492244720459
0.8965490460395813
0.7756084203720093
0.815174400806427
0.8360462188720703
0.8858214616775513
0.8537290692329407
0.9351575374603271
0.7833889722824097
0.8280433416366577
0.750587522983551
0.893423318862915
0.7923451662063599
0.7895150184631348
0.7662902474403381
0.8248178958892822
0.7955535650253296
0.8906676173210144
0.8517735004425049
0.829842209815979
0.917175829410553
0.8030719757080078
0.9398230910301208
0.7164931297302246
0.7054648399353027
0.7150028347969055
0.7882881164550781
0.8799855709075928
0.7435382008552551
0.7997570037841797
0.9416065812110901
0.8357144594192505
0.8896431922912598
0.9794853925704956
0.8402165174484253
0.8713042736053467
0.8760775923728943
0.6876299381256104
0.8163614273071289
0.8044329881668091
0.8239518404006958
0.7968442440032959
0.8385456800460815
0.8202774524688721
0.8157944083213806
0.9594504833221436
0.882929265499115
0.8030905723571777
0.8207060098648071
0.8615204691886902
0.7731539011001587
0.8661866188049316
0.6528023481369019
0.8514351844787598
0.9990988969802856
0.8856544494628906
0.9270375967025757
0.8061497211456299
0.9029793739318848
0.7765730619430542
0.9040117263793945
0.8735090494155884
0.784500002861023
0.7343273758888245
0.9061363935470581
0.830908477306366
0.8840414881706238
0.8194901943206787
0.984310507774353
0.8953750133514404
0.879618763923645
0.790736973285675
0.8006107807159424
0.7487510442733765
0.8513405323028564
0.9817891120910645
0.8656448125839233
0.8162796497344971
0.9425503015518188
0.7822405099868774
0.7514079809188843
0.8348371982574463
0.7657114267349243
0.8547593355178833
0.7874927520751953
0.7896543741226196
0.8326835036277771
0.9122072458267212
0.748078465461731
0.797013521194458
0.8677443265914917
1.1196646690368652
0.8148558139801025
0.8375428318977356
0.8449524641036987
0.7206400632858276
0.9251708984375
0.7284984588623047
0.8420849442481995
0.8936172723770142
0.8738008141517639
0.8572165966033936
0.934922456741333
0.772688627243042
0.9705111980438232
0.8390083909034729
0.8292476534843445
0.7886999845504761
0.8600270748138428
0.8925719261169434
0.8353886604309082
0.7997610569000244
0.8390429019927979
0.8261339664459229
1.0867621898651123
0.9096705913543701
0.8539478778839111
0.8025846481323242
0.7606513500213623
0.9004049301147461
0.7571510672569275
0.8179289102554321
0.9316734671592712
0.9719760417938232
0.8117144107818604
0.9621380567550659
0.7749998569488525
0.8917406797409058
0.7764949798583984
0.8653614521026611
0.9874564409255981
0.7461633682250977
0.9026166796684265
0.8096536993980408
0.7251071929931641
0.9562556743621826
0.8972693681716919
0.8147414922714233
0.7727141380310059
0.739406168460846
0.7906936407089233
0.7936937808990479
0.8394350409507751
0.8154734373092651
0.7759135961532593
0.8052799701690674
0.8465221524238586
0.7211622595787048
0.762359619140625
0.7269076108932495
0.7474784851074219
0.8529979586601257
0.7696767449378967
1.0384372472763062
0.8584491014480591
0.7704400420188904
0.7482593059539795
0.7990601658821106
0.7279224395751953
0.8178192973136902
0.8405994176864624
0.8088869452476501
0.7509099245071411
0.8037446737289429
0.7796377539634705
0.7754063606262207
0.8240101933479309
0.7569844722747803
0.7821652293205261
0.8424801826477051
0.8385970592498779
0.8167094588279724
0.7713532447814941
0.8387224674224854
0.7298566102981567
0.763169527053833
0.7141953706741333
0.7504078149795532
0.7756617069244385
0.8308086395263672
0.7943562865257263
0.6950562000274658
0.8505752086639404
0.7118849754333496
0.7638717889785767
0.8100235462188721
0.7787401676177979
0.7526422739028931
0.8276007175445557
0.8868222832679749
0.8985620737075806
0.7958034873008728
0.8379169702529907
0.922482430934906
0.7512342929840088
0.726806640625
0.7830075025558472
0.8192325830459595
0.8925275802612305
0.8178342580795288
0.7266144752502441
0.8045868277549744
0.9181207418441772
0.7611302733421326
0.729171097278595
0.7451567649841309
0.8021045923233032
0.8195396661758423
0.9012923240661621
0.8662802577018738
0.7905980348587036
0.7533673048019409
0.7631205320358276
0.7532563209533691
0.6541557312011719
0.7189037799835205
0.7324174642562866
0.7465140223503113
0.7040669918060303
0.9885647296905518
0.7254816293716431
0.8131793737411499
0.893936038017273
0.8124252557754517
0.7856895327568054
0.8418060541152954
0.8516874313354492
0.7632976770401001
0.8000636100769043
0.8966861963272095
0.7395824193954468
0.6823905110359192
0.7259279489517212
0.7855111360549927
0.915519654750824
0.824393093585968
0.7994662523269653
0.7639241814613342
0.8113130927085876
0.7762606739997864
0.7779303789138794
0.9902443885803223
0.7625486850738525
0.872797966003418
0.8267545104026794
0.7280176877975464
0.7371055483818054
0.8721467852592468
0.7588890790939331
0.7193881273269653
0.8810619115829468
0.7302324771881104
0.7697638869285583
0.6582058668136597
0.6912007331848145
0.8000679016113281
0.7495681643486023
1.0016998052597046
0.7116231918334961
0.7998817563056946
0.7805067300796509
0.8202786445617676
0.7638075351715088
0.8264636993408203
0.8591735363006592
0.9484091401100159
0.8770955204963684
0.8110861778259277
0.8611440658569336
0.8011850714683533
0.7088330388069153
0.8329432010650635
0.9105032682418823
0.7213785648345947
0.7727946043014526
0.7788859605789185
0.7676624655723572
0.8887975215911865
0.8386673331260681
0.763167142868042
0.7238979339599609
0.8105140924453735
0.74660325050354
0.8877312541007996
0.7609075307846069
0.6649746894836426
0.7563071250915527
0.692497193813324
0.8925417065620422
0.9236574172973633
0.8457353115081787
0.8498016595840454
0.8400803804397583
0.8003856539726257
0.7646636962890625
0.8846223950386047
0.8775187730789185
0.9182981252670288
0.7773382067680359
0.8280302286148071
0.7405673265457153
0.8924306035041809
0.7573342323303223
0.7103503346443176
0.7486610412597656
0.7036654949188232
0.7725003361701965
0.6771221160888672
0.6862158179283142
0.8085135221481323
0.8686500787734985
0.7345951795578003
0.9101344347000122
0.8415175676345825
0.8884788155555725
0.729394257068634
0.7757811546325684
0.8405918478965759
0.8163067102432251
0.772376298904419
0.8119168281555176
0.9591434001922607
0.6908681988716125
0.6844114065170288
0.729564905166626
0.8468518257141113
0.9544262886047363
0.8396478891372681
0.7942759394645691
0.781038761138916
0.7312034368515015
0.8602529764175415
0.8248950242996216
0.8236706256866455
0.7690039873123169
0.822762131690979
0.7538222670555115
1.0190900564193726
0.7949775457382202
0.8064827919006348
0.8057615756988525
0.7973707318305969
0.8582663536071777
0.7675708532333374
0.9648609161376953
0.7367784976959229
0.889316201210022
0.7728568315505981
0.8343089818954468
0.707847535610199
0.8036185503005981
0.8830305933952332
0.7480847239494324
0.7505982518196106
0.7881166338920593
0.8132792711257935
0.8269996643066406
0.6974685788154602
0.8445552587509155
0.7105362415313721
0.876463770866394
0.7372627258300781
0.9640247821807861
0.8285777568817139
0.7350804805755615
0.7687256336212158
0.9851686954498291
0.7815548777580261
0.6818138360977173
0.9005625247955322
0.6650209426879883
0.851056694984436
0.8513220548629761
0.9440162181854248
0.7507777214050293
0.8707473278045654
0.7762687802314758
0.8368426561355591
0.752711296081543
1.0403488874435425
0.6997770071029663
0.6757692098617554
0.9349573850631714
0.9238138794898987
0.8303521871566772
0.7791184186935425
0.8188314437866211
0.8319800496101379
0.8011580109596252
0.7332926988601685
0.742157518863678
0.7426543235778809
0.8954122066497803
0.871819257736206
0.9005700349807739
0.8058121800422668
0.849606454372406
0.738078236579895
0.7663367986679077
0.7750948667526245
0.7661261558532715
0.8351870179176331
0.764894962310791
0.7249384522438049
0.7147204875946045
0.8561100959777832
0.6870574951171875
0.874011218547821
0.8933342695236206
0.724348783493042
0.8549752831459045
0.8422253131866455
0.7924588918685913
0.9146347045898438
0.8378861546516418
0.7680045366287231
0.8541855216026306
0.7815202474594116
0.813223123550415
0.7783845067024231
0.8033136129379272
0.816696047782898
0.9333237409591675
0.7801913022994995
0.8079331517219543
0.6931506395339966
0.6945447325706482
0.7081226110458374
0.6647183895111084
0.8168390989303589
0.7719202041625977
0.7425827980041504
0.7921190857887268
0.81304931640625
0.807906985282898
0.8511412143707275
0.7275795936584473
0.781450092792511
0.8346379995346069
0.7558223009109497
0.7061322927474976
0.7150166034698486
0.8222160339355469
0.9575567841529846
0.8802008628845215
0.9087467193603516
0.7233731746673584
0.8477373123168945
0.714609682559967
0.7977120280265808
0.7535407543182373
0.7054952383041382
0.7795038819313049
0.7284789681434631
0.7203956842422485
0.7468847036361694
0.8552128076553345
0.6854941248893738
0.8538075685501099
0.7219923734664917
0.8232673406600952
0.7566220760345459
0.8225867748260498
0.7615159749984741
0.7998582124710083
0.7701518535614014
0.7864654064178467
0.6666028499603271
0.731116533279419
0.9434171915054321
0.8456290364265442
0.9062804579734802
0.7330306768417358
0.8052369952201843
0.8986375331878662
0.7755529880523682
0.7217257022857666
0.7689501643180847
0.7547110915184021
0.75334632396698
0.8179596662521362
0.8075026273727417
0.7856833338737488
0.7580729722976685
0.720323920249939
0.8310402631759644
0.8028203248977661
0.8683432340621948
0.9432488679885864
0.7489779591560364
0.7125465273857117
0.8010462522506714
0.8453847169876099
0.9550490379333496
0.8567607402801514
0.8035296201705933
0.7813602685928345
1.015350580215454
0.7229418158531189
0.824489951133728
0.7298688888549805
0.826326310634613
0.7370165586471558
0.7820425033569336
0.7867931127548218
0.7401601672172546
0.7476211190223694
0.801088273525238
0.8587186336517334
0.7433085441589355
0.7688325643539429
0.7401280403137207
0.7907977104187012
0.8341320753097534
0.8767091631889343
0.7687897682189941
0.8779667019844055
0.8835786581039429
0.7522971034049988
0.7842147350311279
0.6754066348075867
0.7953347563743591
0.7669428586959839
1.0021620988845825
0.8789156675338745
0.7134867310523987
0.6850029230117798
0.7802627086639404
0.9051985740661621
0.7150012254714966
0.644943356513977
0.8368078470230103
0.7244327068328857
0.6958862543106079
0.7410709261894226
0.7654955983161926
0.6894444823265076
0.8478677868843079
0.7690838575363159
0.7554294466972351
0.7499260306358337
0.7974992990493774
0.8798635601997375
0.868574321269989
0.7461614012718201
0.9519864320755005
0.7592157125473022
0.8172151446342468
0.8763541579246521
0.6964057087898254
0.857704758644104
0.9090579748153687
0.77850341796875
0.7132647633552551
0.9198663830757141
0.8076491355895996
0.7530473470687866
0.7180588245391846
0.8129516839981079
0.7224316596984863
0.7897804975509644
0.7420890927314758
0.8885793685913086
0.8072216510772705
0.8600916862487793
0.9160906672477722
0.9204756021499634
0.8039024472236633
0.8369654417037964
0.7628254890441895
0.893473207950592
0.9904653429985046
0.811172604560852
0.8243704438209534
0.7657029032707214
0.8028481006622314
0.9735821485519409
0.757222056388855
0.8108758926391602
0.7368330359458923
0.7630801200866699
0.7801684141159058
0.8095791339874268
0.7937678098678589
0.7168664932250977
0.7551684379577637
0.7907654643058777
0.8749338388442993
0.9104021787643433
0.7389717102050781
0.7414913773536682
0.7307537794113159
0.8804562091827393
1.0281873941421509
0.8579823970794678
0.8127734065055847
0.913982629776001
0.723328709602356
0.9150612354278564
0.7864997386932373
0.7171129584312439
0.8302710056304932
0.8178176879882812
0.8119997978210449
0.8101197481155396
0.7608921527862549
0.8645842671394348
0.8634245991706848
0.802973747253418
0.6965730786323547
0.7328691482543945
0.9352297782897949
0.8275562524795532
0.7801989316940308
0.7603167295455933
0.7554893493652344
0.7787988185882568
0.8626836538314819
0.7958090305328369
0.6705048680305481
0.8684877157211304
0.8829723596572876
0.940879225730896
0.7629091739654541
0.7424218654632568
0.7828972339630127
0.7033823132514954
0.9094051122665405
0.8145607113838196
0.7572835683822632
0.7100735902786255
0.7456082701683044
0.7447618246078491
1.2163103818893433
0.7129630446434021
0.8000772595405579
0.8157448768615723
0.8048526048660278
0.7884780168533325
0.77730393409729
0.8347338438034058
0.887240469455719
0.6834408044815063
0.6498969197273254
0.8403897285461426
0.6872717142105103
0.818899393081665
0.7534915208816528
0.7676491737365723
0.765100359916687
0.8009403347969055
0.7353242635726929
0.6913927793502808
0.8071404695510864
0.7522275447845459
0.7875968217849731
0.9138385057449341
0.8352322578430176
0.7447516322135925
0.7184898853302002
0.7069551944732666
0.7484117150306702
0.8182815313339233
0.7972527742385864
0.7295047640800476
0.8006323575973511
0.8308206796646118
0.8013615012168884
0.7506148815155029
0.8357874155044556
0.761163592338562
0.7823976278305054
0.8528232574462891
0.7682138681411743
0.820365309715271
0.7804000377655029
0.8052301406860352
0.7195475101470947
0.8010183572769165
0.759598970413208
0.8251972198486328
0.7452291250228882
0.7754774689674377
0.8045737147331238
0.6959887742996216
0.8214564919471741
0.822693943977356
0.7453054189682007
0.7770162224769592
0.7680976986885071
0.7678277492523193
0.6794906854629517
0.7686910629272461
0.7520819306373596
0.8681581616401672
0.8033329248428345
0.7684116363525391
0.7921701669692993
0.8622097969055176
0.8425830006599426
0.7839013934135437
0.8933038711547852
0.869218111038208
0.7166964411735535
0.6935333609580994
0.8294146060943604
0.8856468200683594
0.7719643115997314
0.7575557827949524
0.7200651168823242
0.7610478401184082
0.7672118544578552
0.7077370882034302
0.8157771825790405
0.8296816945075989
0.9495667219161987
0.7037855386734009
0.8336552381515503
0.66752028465271
0.8108602166175842
0.7866415977478027
0.8194681406021118
0.7371261119842529
0.8494536876678467
1.0449223518371582
0.7561037540435791
0.9832655191421509
0.8127459287643433
0.7073400020599365
0.6663110852241516
0.7182819843292236
0.8589562177658081
0.7778584957122803
1.1337002515792847
0.7919446229934692
0.7793053984642029
0.764606237411499
0.7121858596801758
0.8968141078948975
0.8014287948608398
0.8668650984764099
0.7796217799186707
0.7951629757881165
0.8036489486694336
0.9458614587783813
0.7554965019226074
0.9815357327461243
0.7102280855178833
0.8307276964187622
0.6430197954177856
0.7692775726318359
0.6676690578460693
0.7657890915870667
0.8465601205825806
0.8398950695991516
0.7393906116485596
0.762133002281189
0.7669682502746582
0.7048653960227966
0.7910751700401306
0.8261709213256836
0.9196926355361938
0.8525533676147461
0.7980126142501831
0.8236395120620728
0.7657763957977295
0.706695556640625
0.9093846678733826
0.7757463455200195
0.7287908792495728
0.7839522361755371
0.75314861536026
0.6932758092880249
0.7903730869293213
0.7433887720108032
0.8300565481185913
0.7771484851837158
0.6669516563415527
0.6999890208244324
0.882806658744812
0.6701698899269104
0.8452035188674927
0.8019014596939087
0.8631148934364319
0.7648216485977173
0.7876507639884949
0.8223644495010376
0.764814555644989
0.6700901389122009
0.7334479093551636
0.8187147378921509
0.7563037872314453
0.7193201780319214
0.7973610162734985
0.7223958969116211
0.7235300540924072
0.8770921230316162
0.7972630262374878
1.0669691562652588
0.6956730484962463
0.7580142021179199
0.8384091854095459
0.8585638999938965
0.8796005845069885
0.7962080240249634
0.8335542678833008
0.8047266006469727
0.8042834997177124
0.8422510623931885
0.6749042272567749
0.7368922233581543
0.791133463382721
0.8182865381240845
0.7762826681137085
0.7306536436080933
0.7557072639465332
0.7447102069854736
0.7721378803253174
0.7671767473220825
0.8174240589141846
0.752333402633667
0.7558947801589966
0.7163023948669434
0.7465153932571411
0.6559278964996338
0.9212217330932617
0.7555927038192749
0.823261559009552
0.7535166144371033
0.7876561284065247
0.7517292499542236
0.9582736492156982
0.695421040058136
0.8780385255813599
0.7415013313293457
0.8303268551826477
0.7144432067871094
0.7414189577102661
0.7312098145484924
0.7093455791473389
0.744881272315979
0.8589608073234558
0.735319972038269
0.6660609841346741
0.7565672397613525
0.7416218519210815
0.8610936403274536
0.8202081918716431
0.7187958359718323
0.7868485450744629
0.7139574289321899
0.9900367259979248
0.8698683977127075
0.698359489440918
0.8241333961486816
0.7568132877349854
0.9002177715301514
0.7704848051071167
0.7265257239341736
0.7571748495101929
0.7168829441070557
0.7520570755004883
0.735789954662323
0.9214135408401489
0.7441827058792114
0.7212017774581909
0.6753164529800415
0.9035356640815735
0.7659503221511841
0.9307941794395447
0.8004902601242065
0.7036816477775574
0.6723745465278625
0.8471496105194092
0.7433990240097046
0.8155105113983154
0.7572437524795532
0.7489281296730042
0.7855720520019531
0.9285774230957031
0.805708646774292
0.8282567858695984
0.6889328360557556
0.7629878520965576
0.791965663433075
0.7849065065383911
0.7714247703552246
0.7014681100845337
0.7082614898681641
0.793884813785553
0.7576078772544861
0.6904821395874023
0.7541134357452393
0.7493271827697754
0.7308025360107422
0.6940286159515381
0.711133599281311
0.8014821410179138
0.7047603726387024
0.8882481455802917
0.9008039236068726
0.6973899602890015
0.7870998382568359
0.8296009302139282
0.7571495771408081
0.7582131624221802
0.8499648571014404
0.8234635591506958
0.7380775213241577
0.7179384231567383
0.7313539981842041
0.7432472705841064
0.7767918109893799
0.7451218962669373
0.7027782797813416
0.7670234441757202
0.715645432472229
0.7826852798461914
0.7690058946609497
0.8041729927062988
0.692476749420166
0.9345128536224365
0.8164677619934082
0.7983285188674927
0.7781920433044434
0.7516949772834778
0.6463333368301392
0.6757424473762512
0.7083837985992432
0.8479626178741455
0.672694206237793
0.7131866216659546
0.6965430974960327
0.8162693381309509
0.7682960033416748
0.8453185558319092
0.8481950163841248
0.6996530294418335
0.8501389026641846
0.8894474506378174
0.7507280111312866
0.7057337760925293
0.7443056106567383
0.6669367551803589
0.7903099656105042
0.6744204163551331
0.8991370797157288
0.6908671259880066
0.7907400131225586
0.7643435597419739
0.8940342664718628
0.7143470048904419
0.8318740129470825
0.7339745759963989
0.6862084865570068
0.7524038553237915
0.6930020451545715
0.7520406246185303
0.9143599271774292
0.6908621788024902
0.7749005556106567
0.720261812210083
0.7227473258972168
0.783564567565918
0.8385463356971741
0.7420095801353455
0.8153226375579834
0.6999916434288025
0.7356338500976562
0.7746201753616333
0.6993924379348755
0.7653870582580566
0.7695035338401794
0.6996203064918518
0.712661862373352
0.7836222648620605
0.8385865092277527
0.7373178601264954
0.7597112655639648
0.713785707950592
0.6893161535263062
0.7322936058044434
0.7272062301635742
0.6917129755020142
0.8109751343727112
0.8144406080245972
0.8818454146385193
0.758074164390564
0.7961563467979431
0.7946417331695557
0.8494348526000977
0.7599828243255615
0.8793879151344299
0.7764264345169067
0.7641155123710632
0.8724274039268494
0.6948514580726624
0.784422755241394
0.730801522731781
0.765610933303833
0.8276107311248779
0.7744613885879517
0.73479163646698
0.8036011457443237
0.8138489723205566
0.7646502256393433
0.7368547916412354
0.6821780204772949
0.788193941116333
0.7485753297805786
0.7158358097076416
0.7446578741073608
0.6807510852813721
0.8211382627487183
0.8466732501983643
0.6966555118560791
0.7334257364273071
0.9497855305671692
0.85945063829422
0.8551574945449829
0.8833258748054504
0.7401557564735413
0.8288620710372925
0.7240710258483887
0.8967974185943604
0.8423314094543457
0.8094387054443359
0.6663468480110168
0.7683862447738647
0.7136543393135071
0.7299429178237915
0.8084777593612671
0.6879308223724365
0.787256121635437
0.9035626649856567
0.8509050607681274
0.8614149689674377
0.7360618114471436
0.7098170518875122
0.6514427661895752
0.6500562429428101
0.7204129695892334
0.679213285446167
0.8660043478012085
0.8942438364028931
0.6966429948806763
0.7524634599685669
0.7726229429244995
0.8552384376525879
0.883155345916748
0.8646347522735596
0.8043562173843384
0.6653336882591248
0.7947359085083008
0.7703324556350708
0.7677954435348511
0.932402491569519
0.748420238494873
0.7277595400810242
0.7293951511383057
0.7766660451889038
0.7107824087142944
0.762834906578064
0.7343915104866028
0.795130729675293
0.8751043081283569
0.7919754981994629
0.6759233474731445
0.8999780416488647
0.867425262928009
0.7170116901397705
0.7592810988426208
0.8191274404525757
0.7660665512084961
0.7795894145965576
0.9009346961975098
0.816008448600769
0.8254976272583008
0.7266362905502319
0.6670088768005371
0.9465441703796387
0.8890264630317688
0.7335333824157715
0.7366175651550293
0.8261632919311523
0.7666009664535522
0.7866674661636353
0.9332922101020813
0.7891595363616943
0.8752389550209045
0.7681175470352173
0.6787113547325134
0.7642769813537598
0.6836718320846558
0.8510249853134155
0.7334098815917969
0.9102901220321655
0.7401156425476074
0.7122008204460144
0.788301944732666
0.862932026386261
0.707594096660614
0.7606396675109863
0.7685942053794861
0.7517330050468445
0.7203145027160645
0.8241575956344604
0.8165516257286072
0.8580385446548462
0.7342440485954285
0.7239787578582764
0.7657018899917603
0.6693614721298218
0.667134702205658
0.705290675163269
0.6826174259185791
0.8307335376739502
0.7734782099723816
0.7584556341171265
0.8013346195220947
0.7543361186981201
0.7300755977630615
0.7630099058151245
0.6963406801223755
0.7767963409423828
0.7349112033843994
0.7812199592590332
0.8975433111190796
0.765465259552002
0.8006446957588196
0.7861992120742798
0.8405557870864868
0.7112299799919128
0.8111364841461182
0.8152406215667725
0.711064338684082
0.7945747375488281
0.6873509883880615
0.6713880300521851
0.7335339784622192
0.9315422773361206
0.6784929037094116
0.8016653060913086
0.7534761428833008
0.769707977771759
0.9287996292114258
0.7049250602722168
0.6610045433044434
0.7372385263442993
0.7261757254600525
0.7774911522865295
0.7274461984634399
0.7633070945739746
0.7249977588653564
0.847943127155304
0.8557276725769043
0.8907891511917114
0.8996708393096924
0.7516300678253174
0.7885500192642212
0.9110455513000488
0.7769622802734375
0.9304224252700806
0.6698014140129089
0.7269014120101929
0.785315752029419
0.6862167119979858
0.9682687520980835
0.6934301853179932
0.7447232007980347
0.7616919279098511
0.8070091009140015
0.7176194190979004
0.7355740666389465
0.7274965047836304
0.7642428874969482
0.6631901264190674
0.7558501362800598
0.9367878437042236
0.7171610593795776
0.7037339210510254
0.7898114323616028
0.774434506893158
0.8014070987701416
0.8401869535446167
0.684573233127594
0.7683582305908203
0.8535404205322266
1.0631558895111084
0.7055884599685669
0.8150984644889832
0.7058560848236084
0.8382922410964966
0.8039206266403198
0.6184086203575134
0.7875654697418213
0.8067358732223511
0.7784077525138855
0.7666327357292175
0.7253072261810303
0.7998697757720947
0.7657893300056458
0.7617321014404297
0.8089399933815002
0.703116774559021
0.7596241235733032
0.7096636295318604
0.8075650334358215
0.6706568002700806
0.6581634283065796
0.7202111482620239
0.7462822794914246
0.7522467374801636
0.6715741157531738
0.6644900441169739
0.7094483375549316
0.7793253064155579
0.7045758962631226
0.7300776839256287
0.7951818704605103
0.7265403270721436
0.6959455013275146
0.7335784435272217
0.7009043097496033
0.840610146522522
0.8403545022010803
0.7765544652938843
0.9460490942001343
0.6802382469177246
0.7231960296630859
0.7241787910461426
0.8757256269454956
0.7160820960998535
0.8064163327217102
0.801681637763977
0.8223771452903748
0.7175854444503784
0.7295910716056824
0.7039201259613037
0.7344712018966675
0.7637718915939331
0.7002933025360107
0.799345850944519
0.7969084978103638
0.7405534982681274
0.6377496719360352
0.7350560426712036
0.5780409574508667
0.7320899963378906
0.6840760707855225
0.8106433153152466
0.7199641466140747
0.76287841796875
0.8934510946273804
0.7025123238563538
0.6769455075263977
0.730931282043457
0.7363708019256592
0.7236003875732422
0.6953026056289673
0.8479152321815491
0.7826955318450928
0.7024142146110535
0.7416630983352661
0.7200736999511719
0.6950763463973999
0.7988945245742798
0.9288032054901123
0.6214443445205688
0.7112531065940857
0.6915462017059326
0.7344708442687988
0.8063967227935791
0.691561222076416
0.7062464356422424
0.920662522315979
0.8644073009490967
0.7417724132537842
0.6656519770622253
0.7330664396286011
0.7897976636886597
0.8327862024307251
1.2403810024261475
0.7689356803894043
0.7427370548248291
0.711500346660614
0.8556267023086548
0.7930965423583984
0.7286030650138855
0.6661832332611084
0.7584934234619141
0.839758038520813
0.7555102109909058
0.7027080059051514
0.8227032423019409
0.8186148405075073
0.718536913394928
0.708031177520752
0.744213342666626
0.7695287466049194
0.814956784248352
0.6903179287910461
0.7268232107162476
0.8098611235618591
0.7210814356803894
0.8428374528884888
0.7173174619674683
0.666792631149292
0.7498292922973633
0.8118163347244263
0.6900814771652222
0.818752646446228
0.6610791087150574
0.8274215459823608
0.8965931534767151
0.7433600425720215
0.795135498046875
0.8394781351089478
0.7752527594566345
0.7323713302612305
0.7714890241622925
0.7375768423080444
0.8077940940856934
0.7551589012145996
0.7416236400604248
0.7841458320617676
0.8411605954170227
0.6529326438903809
0.7935130596160889
0.6635884642601013
0.7980788946151733
0.7986896634101868
0.7503970861434937
0.7347041368484497
0.6695204973220825
0.7151274681091309
0.7020168304443359
0.6824398040771484
0.7628267407417297
0.7994669675827026
0.7479507923126221
0.7531242370605469
0.7640074491500854
0.7568529844284058
0.6982550621032715
0.820341944694519
0.8115627765655518
0.6542682647705078
0.8005101084709167
0.7401726245880127
0.7903952598571777
0.7805137634277344
0.7438074350357056
0.7281907200813293
0.8094214200973511
0.7725440263748169
0.7630164623260498
0.8143899440765381
0.700779914855957
0.8149782419204712
0.6740574240684509
0.781539797782898
0.8160421252250671
0.7308714389801025
0.71933913230896
0.6607186794281006
0.7795698642730713
0.7203482389450073
0.8316265344619751
0.6974174976348877
0.8752945065498352
0.6618621349334717
0.7272474765777588
0.7172427177429199
0.707274317741394
0.7393665313720703
0.7283696532249451
0.7340360879898071
0.7543072700500488
0.6776407957077026
0.7147159576416016
0.751239538192749
0.7690705060958862
0.8730116486549377
0.7812304496765137
0.7330577373504639
0.7604244947433472
0.7759368419647217
0.6810891032218933
0.802778959274292
0.7065538167953491
0.776958703994751
0.8059446811676025
0.7165201902389526
0.7015863060951233
0.6592025756835938
0.8001493215560913
0.803287148475647
0.6649773120880127
0.7769992351531982
0.7114374041557312
0.7371883988380432
0.7056972980499268
0.7219278812408447
0.7951330542564392
0.6717098355293274
0.6829281449317932
0.7072018384933472
0.7538101673126221
0.7230010032653809
0.6399128437042236
0.7111892700195312
0.8645152449607849
0.8239351511001587
0.7316331267356873
0.7658425569534302
0.8150199055671692
0.823043704032898
0.8469215631484985
0.7043706178665161
0.6814945936203003
0.8147950172424316
0.7823104858398438
0.730042576789856
0.8958547711372375
0.741310715675354
0.7467856407165527
0.7340823411941528
0.8216067552566528
0.9147325754165649
0.831411600112915
0.8083155751228333
0.7353249788284302
0.7741636037826538
0.7580897212028503
0.6987587213516235
0.702896237373352
0.7851482629776001
0.7566041946411133
0.7270652055740356
0.7760009765625
0.7375686168670654
0.9145166873931885
0.7429286241531372
0.6958239674568176
0.8566465377807617
0.6893934607505798
0.7946735620498657
0.7347506284713745
0.7234805822372437
0.6709562540054321
0.8242419958114624
0.7339468002319336
0.6982864141464233
0.7593261003494263
0.9567895531654358
0.7372125387191772
0.7643681764602661
0.7129586338996887
0.7177591323852539
0.7162891030311584
0.6784301996231079
0.6730825304985046
0.9283781051635742
0.6669286489486694
0.9572669267654419
0.6836838722229004
0.9321097135543823
0.7344810962677002
0.7522948384284973
0.7513421773910522
0.6637971997261047
0.9016285538673401
0.7261257171630859
0.7968934774398804
0.8298087120056152
0.6979447603225708
0.7939751744270325
0.6573071479797363
0.7768725156784058
0.7402717471122742
0.6716764569282532
0.633161187171936
0.7067960500717163
0.7403208017349243
0.6845799684524536
0.7387629747390747
0.8379334211349487
0.7956986427307129
0.7225991487503052
0.7856498956680298
0.6616848111152649
0.7493844628334045
0.7280482053756714
0.782260000705719
0.7990871071815491
0.8759421706199646
0.7296088337898254
0.7523115873336792
0.6957489848136902
0.7852109670639038
0.8090075254440308
0.8246084451675415
0.7380491495132446
0.7380697131156921
0.7578155994415283
0.716166079044342
0.6750279664993286
0.7969273924827576
0.77073073387146
0.7083472013473511
0.8580065965652466
0.6224648952484131
0.7432835102081299
0.7742462754249573
0.9044129848480225
0.7370057702064514
0.7848331928253174
0.6529877185821533
0.741274893283844
0.6363927125930786
0.7247658967971802
0.7619112730026245
0.7382285594940186
0.6904275417327881
0.7440242767333984
0.7484993934631348
0.7691733837127686
0.7085511684417725
0.7627890110015869
0.7774954438209534
0.7866579294204712
0.832181453704834
0.7039170265197754
0.6455363035202026
0.7067066431045532
0.8344773650169373
0.7180285453796387
0.6542587280273438
0.6467070579528809
0.9653153419494629
0.7002118825912476
0.7542676329612732
0.7910375595092773
0.7094106674194336
0.6517234444618225
0.6969631314277649
0.7471097707748413
0.7774396538734436
0.8290165066719055
0.7214391231536865
0.7410200834274292
0.6666176319122314
0.8370028734207153
0.6551399230957031
0.8102890253067017
0.7374585270881653
0.7115126848220825
0.8220272064208984
0.7099231481552124
0.7133520841598511
0.7245457172393799
0.6587941646575928
0.7065278887748718
0.7630877494812012
0.6603738069534302
0.7234010696411133
0.711649477481842
0.6674767732620239
0.6758154034614563
0.6957205533981323
0.7621685862541199
0.7118456363677979
0.7583518028259277
0.7151451110839844
0.7513167858123779
0.7004122734069824
0.8861738443374634
0.8355225920677185
0.7006419897079468
0.7960922122001648
0.773429274559021
0.8698546290397644
0.7623960971832275
0.8245716094970703
0.744747519493103
0.7826176881790161
0.779005229473114
0.7340114712715149
0.7075364589691162
0.799538254737854
0.7651088237762451
0.6437754034996033
0.7481564283370972
0.7797436118125916
0.7218482494354248
0.6748355627059937
0.742801308631897
0.6902363300323486
0.6609829664230347
0.8218832015991211
0.9257485866546631
0.6948212385177612
0.635236382484436
0.7479711771011353
0.6264821887016296
0.7326172590255737
0.7677507996559143
0.8058770298957825
0.7094166278839111
0.8259387016296387
0.6866711378097534
0.8643032908439636
0.7277123928070068
0.7581890821456909
0.7979847192764282
0.6826235055923462
0.8216179013252258
0.6855420470237732
0.7340281009674072
0.8453149795532227
0.7258622646331787
0.7237993478775024
0.6726140975952148
0.8090397119522095
0.8931621313095093
0.7046098709106445
0.6639629006385803
0.696688175201416
0.7772508263587952
0.6227017045021057
0.7121069431304932
0.6833134889602661
1.1318340301513672
0.7528526782989502
0.7427178621292114
0.7521896958351135
0.810787558555603
0.7472360134124756
0.7629927396774292
0.7164895534515381
0.7117141485214233
0.7117457389831543
0.7027797698974609
0.6507052183151245
0.8587844371795654
0.7726839184761047
0.6644635796546936
0.6806804537773132
0.6983797550201416
0.7408621907234192
0.7874354124069214
0.7958409786224365
0.7107962369918823
0.7946370840072632
0.7591090798377991
0.7036205530166626
0.947964072227478
0.7390525341033936
0.8523277640342712
0.7632436752319336
0.6844274401664734
0.7118382453918457
0.7120904922485352
0.7149145603179932
0.9208124876022339
0.7926316261291504
0.7595723867416382
0.6345499753952026
0.7204810380935669
0.6755169630050659
0.7590038180351257
0.81379234790802
0.7651256322860718
0.8415752649307251
0.8271952867507935
0.7239197492599487
0.7231007814407349
0.7049522399902344
0.8276559114456177
0.7627294063568115
0.7758254408836365
0.738793134689331
0.6868231892585754
0.7058169841766357
0.7335690259933472
0.6908193826675415
0.7639775276184082
0.7237685918807983
0.843817949295044
0.8912101984024048
0.6732727289199829
0.7710157632827759
0.7725400924682617
0.7412232160568237
0.7104780673980713
0.6810387372970581
0.7959269285202026
0.7604095935821533
0.7435185313224792
0.666290819644928
0.7401224374771118
0.8698413372039795
0.8690714836120605
0.7159500122070312
0.791309654712677
0.7623248100280762
0.6389259099960327
0.7267529964447021
0.7213523983955383
0.6913044452667236
0.6785652041435242
0.7316058874130249
0.6624449491500854
0.707309365272522
0.7666236758232117
0.8442655205726624
0.7483607530593872
0.7635596990585327
0.79039466381073
0.7219909429550171
0.6618387699127197
0.7508534789085388
0.6465362906455994
0.7287614345550537
0.6540120244026184
0.7136641144752502
0.7838153839111328
0.6831084489822388
0.8980344533920288
0.6782779693603516
0.7760509252548218
0.7269381284713745
0.7104707956314087
0.6812503337860107
0.7578659057617188
0.704806923866272
0.7795786261558533
0.689655601978302
0.7885198593139648
0.7280512452125549
0.7599489688873291
0.8189399838447571
0.7770473957061768
0.7953746318817139
0.7038500308990479
0.6982935667037964
0.7862154841423035
0.6925797462463379
0.7587892413139343
0.8113177418708801
0.7025406956672668
0.7062344551086426
0.8363540172576904
0.7273329496383667
0.694762647151947
0.7428958415985107
0.671676516532898
0.7409062385559082
0.6949679255485535
0.7644562721252441
0.6957238912582397
0.6803035736083984
0.6886364817619324
0.7642512321472168
0.7008391618728638
0.6375074982643127
0.7070209980010986
0.6345592737197876
0.8325517177581787
0.7870050668716431
0.7126384973526001
0.7965074777603149
0.6496944427490234
0.7213271260261536
0.6823321580886841
0.7361041307449341
0.7183783650398254
0.7136843204498291
0.6804974675178528
0.8278415203094482
0.6457775831222534
0.7030972242355347
0.7537902593612671
0.8723230361938477
0.6924580335617065
0.7219662666320801
0.7387834787368774
0.654691219329834
0.6745651960372925
0.7135505080223083
0.7338229417800903
0.7922495603561401
0.7979202270507812
0.6048896312713623
0.7531998753547668
0.7922184467315674
0.696139395236969
0.7156610488891602
0.7255480885505676
0.8023818731307983
0.7585799694061279
0.6267744302749634
0.7023870944976807
0.6641756296157837
0.6857901215553284
0.8221120834350586
0.6778419017791748
0.7862526774406433
0.6369137167930603
0.776566743850708
0.7209334373474121
0.8704359531402588
0.7753849029541016
0.7454763650894165
0.6904993057250977
0.7224235534667969
0.8540737628936768
0.7725892066955566
0.6818583011627197
0.6970539093017578
0.7158651351928711
0.7602535486221313
0.7708559036254883
0.7535085678100586
0.7361136674880981
0.7294979095458984
0.7597630620002747
0.7299195528030396
0.7887884974479675
0.7154314517974854
0.7107471227645874
0.8087393045425415
0.6861088275909424
0.7689803838729858
0.656933069229126
0.7734696865081787
0.7198584675788879
0.776324450969696
0.7397937774658203
0.6749443411827087
0.7864848971366882
0.7073262929916382
0.6307187676429749
0.8744150996208191
0.7581460475921631
0.7628979086875916
0.7059094905853271
0.6910562515258789
0.6834163665771484
0.7357085943222046
0.7615981698036194
0.7953857779502869
0.7015597820281982
0.6335051655769348
0.775553822517395
0.8306550979614258
0.7276942133903503
0.752985954284668
0.7780893445014954
0.68212890625
0.7390076518058777
0.7111721634864807
0.7884311676025391
0.8194888830184937
0.7169562578201294
0.7155160903930664
0.7008055448532104
0.7000257968902588
0.6885152459144592
0.7583680748939514
0.8347018361091614
0.7469065189361572
0.6813126802444458
0.6991629600524902
0.6708653569221497
0.6817583441734314
0.6794415712356567
0.8259842395782471
0.7185266017913818
0.712187647819519
0.7206889390945435
0.7808307409286499
0.65877366065979
0.7415590882301331
0.7802544832229614
0.7604766488075256
0.7310702800750732
0.660211980342865
0.693880558013916
0.8893916606903076
0.7663785815238953
0.639532208442688
0.7025747299194336
0.7971566915512085
0.6760048866271973
0.7054955959320068
0.8235012888908386
0.6871641874313354
0.7417029142379761
0.7196729183197021
0.8080954551696777
0.7031038999557495
0.7505419254302979
0.8993043899536133
0.6232278943061829
0.7090555429458618
0.752187967300415
0.7322841882705688
0.7481474876403809
0.8143060207366943
0.8664640188217163
0.6950098276138306
0.6898487210273743
0.6525156497955322
0.7373641729354858
0.6569206714630127
0.7190850973129272
0.6774483919143677
0.8988778591156006
0.7416785955429077
0.8201923370361328
0.7303460836410522
0.7425756454467773
0.6358627676963806
0.6945287585258484
0.8474608659744263
0.7288284301757812
0.7526217699050903
0.8218998908996582
0.7448004484176636
0.6057225465774536
0.7228016257286072
0.7733780145645142
0.808815598487854
0.7438685894012451
0.6757586002349854
0.6754393577575684
0.7211894989013672
0.7102376222610474
0.7767017483711243
0.7472853660583496
0.7681267261505127
0.7398242950439453
0.7093697786331177
0.6722264289855957
0.6504459381103516
0.6592199802398682
0.8767815828323364
0.6552542448043823
0.7621344923973083
0.6754594445228577
0.6736698150634766
0.6646860837936401
0.6321120858192444
0.699313759803772
0.6772139072418213
0.7255640625953674
0.6413273811340332
0.7335065603256226
0.7016232013702393
0.7207436561584473
0.7821447253227234
0.7781532406806946
0.7616076469421387
0.6916651725769043
0.8218083381652832
0.6933865547180176
0.7529407739639282
0.7424418926239014
0.8367759585380554
0.7518810033798218
0.8252695798873901
0.6994075179100037
0.6769274473190308
0.7765686511993408
0.7281585931777954
0.6623389720916748
0.8171544075012207
0.7616508603096008
0.7724970579147339
0.8307238817214966
0.7242552042007446
0.8063836693763733
0.8663217425346375
0.6315796971321106
0.7745000123977661
0.6945692896842957
0.7014948129653931
0.772226870059967
0.6994837522506714
0.6574016809463501
0.6685875058174133
0.7065581679344177
0.8042988777160645
0.6919780373573303
0.7097939252853394
0.7226152420043945
0.7481857538223267
0.6677234172821045
0.7428482174873352
0.6619400978088379
0.7366572618484497
0.7526804208755493
0.6525274515151978
0.6297777891159058
0.8260543346405029
0.6342238187789917
0.7824068665504456
0.7063971161842346
0.7295430898666382
0.6753173470497131
0.7305223941802979
0.7989542484283447
0.7496285438537598
0.7527692317962646
0.7138423919677734
0.7268651723861694
0.6838164329528809
0.8010193109512329
0.7275122404098511
0.8684771060943604
0.7211971282958984
0.6922342777252197
0.7397943735122681
0.7516528964042664
0.7713499069213867
0.7383409142494202
0.8007675409317017
0.7069053649902344
0.683897852897644
0.6607142090797424
0.6776362657546997
0.6802045106887817
0.7523553371429443
0.7130584120750427
0.6765128374099731
0.8028618097305298
0.7019302845001221
0.7436683773994446
0.6915866136550903
0.6969032287597656
0.7017006874084473
0.6127558350563049
0.735215425491333
0.8027703762054443
0.687804102897644
0.7158631086349487
0.7188947200775146
0.7649657130241394
0.7153379917144775
0.6962360143661499
0.7222582101821899
0.7317843437194824
0.7769044637680054
0.6887455582618713
0.7391830682754517
0.6858794093132019
0.8142111301422119
0.7340401411056519
0.6923404335975647
0.7235064506530762
0.6647043228149414
0.78119295835495
0.7062840461730957
0.7032999992370605
0.7263869047164917
0.6364080309867859
0.6453431844711304
0.8133219480514526
0.6972060203552246
0.6856542825698853
0.6798108816146851
0.831741452217102
0.7224944829940796
0.747308075428009
0.608399510383606
0.7475140690803528
0.7390826940536499
0.7118782997131348
0.7404516339302063
0.7197753190994263
0.6930038928985596
0.6278030872344971
0.7108877897262573
0.7638270854949951
0.6326225996017456
0.7071048021316528
0.7377190589904785
0.8101615905761719
0.6204259991645813
0.692273736000061
0.7999434471130371
0.6979275941848755
0.671680212020874
0.6552353501319885
0.7602438926696777
0.6968662142753601
0.721227765083313
0.6309406161308289
0.7310417890548706
0.7730854749679565
0.7734931707382202
0.7881265878677368
0.8226615190505981
0.777061939239502
0.6757314205169678
0.7534102201461792
0.6475372314453125
0.6830583214759827
0.6446278095245361
0.7325596213340759
0.7295570373535156
0.8289005756378174
0.7864680290222168
0.7053712606430054
0.6832553148269653
0.7581260204315186
0.8092380166053772
0.7120110392570496
0.7053827047348022
0.7313122153282166
0.6750276684761047
0.680526852607727
0.6625190377235413
0.6412392258644104
0.7447965145111084
0.7065616846084595
0.7554583549499512
0.7544140815734863
0.7645291090011597
0.7208372354507446
0.8174108266830444
0.7972923517227173
0.7400859594345093
0.9364731311798096
0.7779613137245178
0.7730633616447449
0.6640247702598572
0.7842662334442139
0.7818311452865601
0.7826387286186218
0.7478303909301758
0.7239259481430054
0.7482302784919739
0.700061559677124
0.7352743148803711
0.7653073072433472
0.6923894286155701
0.7441874742507935
0.701353132724762
0.6472647190093994
0.8467223644256592
0.7548704147338867
0.7670243382453918
0.7147942185401917
0.9239839911460876
0.6752508878707886
0.7477914690971375
0.7217233180999756
0.6948428750038147
0.727213442325592
0.7799378633499146
0.8027442097663879
0.648108959197998
0.8136612176895142
0.6640969514846802
0.8361673355102539
0.7816557288169861
0.6607353687286377
0.6668475270271301
0.7197538614273071
0.7370270490646362
0.6989896297454834
0.7149189114570618
0.7172391414642334
0.8822758793830872
0.7122986316680908
0.8467045426368713
0.849277138710022
0.7057979702949524
0.8208039999008179
0.7714502811431885
0.7475513815879822
0.7398796081542969
0.746463418006897
0.7136980295181274
0.6440487504005432
0.7485354542732239
0.7476115226745605
0.7652121782302856
0.6560022234916687
0.7645440101623535
0.6753857135772705
0.7125140428543091
0.7037350535392761
0.8599256873130798
0.692978024482727
0.8235069513320923
0.8452655076980591
0.6227194666862488
0.7400892376899719
0.6640312671661377
0.7317256927490234
0.6914873123168945
0.7097463607788086
0.6830440759658813
0.7823941707611084
0.6699461936950684
0.6924330592155457
0.6757169365882874
0.8608490228652954
0.6458339691162109
0.6498401165008545
0.6484463810920715
0.6863890290260315
0.7349269390106201
0.7937288880348206
0.7127951383590698
0.7383310794830322
0.7021099925041199
0.837213397026062
0.6774623990058899
0.6826633214950562
0.8030849695205688
0.7443336248397827
0.6683954000473022
0.6932321786880493
0.8013916015625
0.7755882740020752
0.6790363788604736
0.7394980192184448
0.7876195907592773
0.6402269005775452
0.7299226522445679
0.7077093720436096
0.6734985113143921
0.7933022975921631
0.6679801940917969
0.6551172137260437
0.7418344616889954
0.7203292846679688
0.7919085621833801
0.7389007806777954
0.8345168232917786
0.8301903605461121
0.8195025324821472
0.7632256150245667
0.6575976014137268
0.744994044303894
0.6895545721054077
0.7173531651496887
0.7354670763015747
0.7868955135345459
0.7512154579162598
0.7120217084884644
0.6808071732521057
0.6768574118614197
0.6208972930908203
0.712550699710846
0.6678487062454224
0.7252454161643982
0.7392755746841431
0.7788857221603394
0.8332319259643555
0.7854405641555786
0.8783448934555054
0.7249404191970825
0.7855792045593262
0.6463132500648499
0.6412463188171387
0.8142361640930176
0.7731268405914307
0.7054660320281982
0.801607608795166
0.7342138290405273
0.8097982406616211
0.7189511656761169
0.6602030992507935
0.8229672908782959
0.8772107362747192
0.6768350601196289
0.7627512812614441
0.7434948086738586
0.6362330317497253
0.7209522128105164
0.728585422039032
0.8820824027061462
0.7609688639640808
0.6371557712554932
0.7051534652709961
0.7124500274658203
0.8147458434104919
0.7256951928138733
0.869533896446228
0.6764683723449707
0.6903216242790222
0.7018848061561584
0.6609823107719421
0.7324981689453125
0.661449670791626
0.8332061767578125
0.7809755206108093
0.7292660474777222
0.7648128271102905
0.7456592321395874
0.6944292783737183
0.6922968626022339
0.7039138078689575
0.8120816349983215
0.8265462517738342
0.7701999545097351
0.7357805371284485
0.7086113691329956
0.7494429349899292
0.737533450126648
0.8661688566207886
0.7012641429901123
0.688118577003479
0.7627078294754028
0.8635988831520081
0.6810140609741211
0.7155359983444214
0.7728344202041626
0.7287346720695496
0.6862332224845886
0.663959264755249
0.6810051202774048
0.7339820861816406
0.7448926568031311
0.7416533827781677
0.6915274858474731
0.9063121676445007
0.7143036723136902
0.7491989135742188
0.7042428851127625
0.8153654336929321
0.7141596078872681
0.7702510356903076
0.7431110143661499
0.6377311944961548
0.6338109374046326
0.729907751083374
0.6782245635986328
0.711692214012146
0.7586672306060791
0.8169296979904175
0.727270245552063
0.7282150983810425
0.7425415515899658
0.6666321754455566
0.7170320749282837
0.6470847725868225
0.5942729115486145
0.749221682548523
0.713850736618042
0.7046332359313965
0.745328962802887
0.7558294534683228
0.7011792063713074
0.7973525524139404
0.899512767791748
0.8412254452705383
0.6652646064758301
0.8029146790504456
0.6393794417381287
0.7153987884521484
0.7322878837585449
0.7435216903686523
0.6934652328491211
0.7353295087814331
0.6666672825813293
0.7861109375953674
0.7668889760971069
0.7882273197174072
0.6156766414642334
0.656814455986023
0.6790756583213806
0.6409671306610107
0.6994221210479736
0.6437488794326782
0.7704288959503174
0.8319135904312134
0.6857306957244873
0.8159326314926147
0.7695163488388062
0.7304679155349731
0.7479281425476074
0.8019582629203796
0.7148778438568115
0.6294748783111572
0.7499303817749023
0.7200064659118652
0.7322837114334106
0.6884670257568359
0.8497714400291443
0.8520021438598633
0.7150787115097046
0.7496981620788574
0.7102387547492981
0.7431332468986511
0.7016788125038147
0.6605777144432068
0.7292363047599792
0.6885983347892761
0.7095224261283875
0.6698700189590454
0.7992544770240784
0.7362420558929443
0.691297173500061
0.8850067853927612
0.7056306004524231
0.7280672788619995
0.756537914276123
0.806433916091919
0.6549240946769714
0.6755037307739258
0.8116924166679382
0.8487248420715332
0.6632096767425537
0.6772474646568298
0.7782703042030334
0.8451597094535828
0.7495380640029907
0.7587946653366089
0.7354162931442261
0.7340041399002075
0.7294831275939941
0.8077199459075928
0.7399455904960632
0.7830212116241455
0.6788878440856934
0.6907753944396973
0.7528690099716187
0.6810808181762695
0.7023073434829712
0.7367289066314697
0.7297314405441284
0.8143396377563477
0.7167061567306519
0.6360235810279846
0.6834819912910461
0.664231538772583
0.7138184309005737
0.6148163676261902
0.6690436601638794
0.7546415328979492
0.8176442384719849
0.7286241054534912
0.7315874695777893
0.7163279056549072
0.7419216632843018
0.6830141544342041
0.6624660491943359
0.7553985118865967
0.7113934755325317
0.6527028679847717
0.7730512022972107
0.7534623146057129
0.6620386838912964
0.7563076019287109
0.718613862991333
0.7645552754402161
0.675390362739563
0.7737481594085693
0.7472069263458252
0.7456264495849609
0.6496083736419678
0.6393488645553589
0.7617129683494568
0.7320805788040161
0.8108353614807129
0.7356715202331543
0.6469686627388
0.6533861756324768
0.6701282262802124
0.6632808446884155
0.7302469611167908
0.6926149129867554
0.6300203800201416
0.7320643663406372
0.6297098398208618
0.7400252819061279
0.7241189479827881
0.7080647945404053
0.6746448278427124
0.7841442823410034
0.6920121908187866
0.6768988966941833
0.8721415996551514
0.750157356262207
0.7146741151809692
0.6968514919281006
0.7476271390914917
0.7059728503227234
0.7348348498344421
0.7186902761459351
0.800582766532898
0.7160851955413818
0.7481964826583862
0.6666457056999207
0.6880955100059509
0.746489405632019
0.6927710771560669
0.6834126710891724
0.6715973019599915
0.740598738193512
0.7097528576850891
1.024454116821289
0.7000323534011841
0.6988604068756104
0.7620739340782166
0.8198394775390625
0.6811999082565308
0.6759867668151855
0.6711361408233643
0.6805554032325745
0.7036564350128174
0.634800910949707
0.8034297823905945
0.7269226908683777
0.792670488357544
0.7057034969329834
0.7767627239227295
0.7732200622558594
0.6835357546806335
0.8095839023590088
0.6804908514022827
0.7638272047042847
0.7589777708053589
0.8507547378540039
0.6913709044456482
0.7086589336395264
0.7156099081039429
0.8837014436721802
0.7709426879882812
0.6649987101554871
0.7526106238365173
0.6863175630569458
0.7362133860588074
0.8131600618362427
0.8272445201873779
0.7026892900466919
0.7100600004196167
0.6596323251724243
0.7968939542770386
0.7124221920967102
0.6596941351890564
0.7193014025688171
0.70533287525177
0.797846794128418
0.7078332901000977
0.6855870485305786
0.6874628067016602
0.7185141444206238
0.6991845369338989
0.6749579310417175
0.8733428716659546
0.6943743228912354
0.6527509093284607
0.7726116180419922
0.7239707708358765
0.6708968877792358
0.6933016777038574
0.7483460903167725
0.744817852973938
0.8415782451629639
0.7457274794578552
0.6985675692558289
0.6459774971008301
0.6627712845802307
1.1154016256332397
0.6898623108863831
0.7649524211883545
0.7276760339736938
0.7608072757720947
0.6962235569953918
0.7200984358787537
0.7417967319488525
0.6487866044044495
0.649742603302002
0.6395617723464966
0.639263391494751
0.6559491753578186
0.7021721601486206
0.7171237468719482
0.6783157587051392
0.7963088750839233
0.7744324207305908
0.6757071018218994
0.7053097486495972
0.6978331804275513
0.7872200012207031
0.6553248167037964
0.7146384119987488
0.5953679084777832
0.6423375010490417
0.6709309220314026
0.8833715915679932
0.6868815422058105
0.6662995219230652
0.7466273307800293
0.6561942100524902
0.6682741641998291
0.8307586908340454
0.7080292701721191
0.7442482709884644
0.6456342339515686
0.751453161239624
0.6148732900619507
0.7088544368743896
0.6711806058883667
0.656836748123169
0.7954331040382385
0.7644327878952026
0.7098721265792847
0.6637521386146545
0.8110136985778809
0.6482877731323242
0.7058151960372925
0.6263443231582642
0.6657851934432983
0.781065821647644
0.6350847482681274
0.7591574192047119
0.7914100885391235
0.7906614542007446
0.7998472452163696
0.6396628618240356
0.6668561697006226
0.7612307071685791
0.7701504230499268
0.6391769647598267
0.701081395149231
0.7651086449623108
0.6339393854141235
0.7473537921905518
0.7707202434539795
0.7827537059783936
0.7392277717590332
0.6592631340026855
0.7924647331237793
0.6843240261077881
0.6989680528640747
0.855286717414856
0.7253600358963013
0.7089672088623047
0.7467092275619507
0.7591346502304077
0.8483251333236694
0.646830677986145
0.7361910343170166
0.8543487191200256
0.7726312875747681
0.590197741985321
0.6663637757301331
0.6903790235519409
0.7411620616912842
0.7307440638542175
0.7259781360626221
0.7507140636444092
0.7477149367332458
0.6793431043624878
0.7201324701309204
0.7115993499755859
0.8053207397460938
0.7447354197502136
0.874768078327179
0.7293112277984619
0.7350752353668213
0.6437148451805115
0.6898522973060608
0.7108371257781982
0.8222091197967529
0.7273097634315491
0.7081825733184814
0.7482787370681763
0.7043962478637695
0.7167574167251587
0.9043502807617188
0.7802756428718567
0.7457937002182007
0.7123757600784302
0.6279808282852173
0.7635327577590942
0.7070988416671753
0.78524249792099
0.7209750413894653
0.697205126285553
0.7229330539703369
0.6574075222015381
0.6557694673538208
0.7750409245491028
0.7116243243217468
0.7115090489387512
0.686714768409729
0.6733654737472534
0.8257590532302856
0.7514022588729858
0.6254101991653442
0.6869261860847473
0.7196066975593567
0.8269600868225098
0.7477624416351318
0.6767378449440002
0.7225242853164673
0.6942005753517151
0.6960110664367676
0.6783360242843628
0.6529902219772339
0.7135487794876099
0.7099883556365967
0.7395267486572266
0.6399733424186707
0.6918366551399231
0.6604360938072205
0.6932957768440247
0.6877428293228149
0.7348450422286987
0.6734066009521484
0.746434211730957
0.6731357574462891
0.6844320297241211
0.6311612129211426
0.763554573059082
0.7152290940284729
0.6386690735816956
0.7501639127731323
0.7183502316474915
0.7914099097251892
0.8004608154296875
0.6638019680976868
0.797756552696228
0.7263393402099609
0.6667754650115967
0.6962407827377319
0.7056391835212708
0.7890772223472595
0.6518383026123047
0.6688065528869629
0.7887752652168274
0.7132174968719482
0.7262606620788574
0.730472207069397
0.7314257621765137
0.78865647315979
0.7679178714752197
0.830748975276947
0.6098424792289734
0.7443228960037231
0.7392561435699463
0.6174901723861694
0.703831672668457
0.8623921871185303
0.6931014657020569
0.7353839874267578
0.6539181470870972
0.7132247686386108
0.844300389289856
0.8006138801574707
0.7334025502204895
0.8245581388473511
0.7712628841400146
0.6564458608627319
0.697911262512207
0.6869031190872192
0.7043949961662292
0.6467255353927612
0.7143726944923401
0.7342759370803833
0.7235603332519531
0.7100191712379456
0.682482123374939
0.7156282067298889
0.6745191812515259
0.6866953372955322
0.7976937294006348
0.660902738571167
0.7271814942359924
0.728918194770813
0.7771662473678589
0.798119843006134
0.7250836491584778
0.7678778767585754
0.7973326444625854
0.6306774616241455
0.6894168853759766
0.6500790119171143
0.6388309001922607
0.6456195116043091
0.7280996441841125
0.6853287220001221
0.6752974987030029
0.8039455413818359
0.7556336522102356
0.8344126343727112
0.770410418510437
0.6953097581863403
0.8137913942337036
0.7786546945571899
0.7180438041687012
0.7088242769241333
0.7423216104507446
0.6585333347320557
0.7218033075332642
0.8014175891876221
0.7258896827697754
0.6241713762283325
0.6735631823539734
0.6403650045394897
0.7368088960647583
0.8376151323318481
0.6722667813301086
0.6998699903488159
0.6722835302352905
0.722164511680603
0.645145058631897
0.7780962586402893
0.6770462393760681
0.7557091116905212
0.6618351340293884
0.6421952843666077
0.6291010975837708
0.724308967590332
0.8527763485908508
0.6494763493537903
0.7262941598892212
0.7329199910163879
0.7520288825035095
0.6954100728034973
0.6780071258544922
0.6194126605987549
0.770696759223938
0.7381857633590698
0.7098783254623413
0.648002564907074
0.7701627016067505
0.643187403678894
0.682640552520752
0.7228112816810608
0.7822481989860535
0.6692335605621338
0.6798344254493713
0.8167977333068848
0.7553306221961975
0.6653708219528198
0.6186733841896057
0.6763222217559814
0.6370553374290466
0.6756546497344971
0.7420943379402161
0.7126891016960144
0.7312290668487549
0.6319822072982788
0.7009578943252563
0.7383795976638794
0.6537745594978333
0.7413493990898132
0.8820940852165222
0.7455849647521973
0.6630239486694336
0.6655111312866211
0.7007087469100952
0.7356031537055969
0.7861599326133728
0.7524149417877197
0.8272466659545898
0.6923066973686218
0.6497457027435303
0.742330014705658
0.6966831684112549
0.7477260828018188
0.6498176455497742
0.7824828624725342
0.6633651852607727
0.7546422481536865
0.6654630899429321
0.8437767028808594
0.6502665877342224
0.7400569915771484
0.793683648109436
0.7453060150146484
0.7846612930297852
0.6824027895927429
0.6825364828109741
0.6947177052497864
0.708884596824646
0.8011934757232666
0.7306169271469116
0.7071628570556641
0.7564432621002197
0.7354395389556885
0.6888391971588135
0.6418577432632446
0.7813252210617065
0.8276811838150024
0.6753221750259399
0.6677470803260803
0.7257899641990662
0.6547073721885681
0.7301883697509766
0.7247415781021118
0.7560093998908997
0.8790352940559387
0.6219085454940796
0.7950928211212158
0.7102301120758057
0.8566536903381348
0.646902859210968
0.6860112547874451
0.7387996912002563
0.7902222871780396
0.6584024429321289
0.7585157752037048
0.6455026268959045
0.8482847213745117
0.7527190446853638
0.8156976103782654
0.7375739812850952
0.726966142654419
0.6851888298988342
0.7925812005996704
0.7410386800765991
0.8140573501586914
0.6871656179428101
0.8065586686134338
0.6703646183013916
0.7243037223815918
0.63910311460495
0.6734216213226318
0.8323655724525452
0.8148029446601868
0.6760162115097046
0.710026741027832
0.6154787540435791
0.6996113657951355
0.7974982261657715
0.7213943600654602
0.7326422333717346
0.6912253499031067
0.6459062695503235
0.6986781358718872
0.7308341264724731
0.6576722264289856
0.6466109156608582
0.6713384389877319
0.7055479288101196
0.7290222644805908
0.7364464998245239
0.6607357859611511
0.7485189437866211
0.6929254531860352
0.7550956010818481
0.6834590435028076
0.643595278263092
0.7162704467773438
0.6914113163948059
0.7121564149856567
0.7306479215621948
0.7207124829292297
0.7691605091094971
0.6844797730445862
0.7023062705993652
0.7314295172691345
0.6949770450592041
0.7508835196495056
0.6716822385787964
0.6486477851867676
0.704436182975769
0.6371106505393982
0.6824817657470703
0.6418313980102539
0.6746370792388916
0.6720019578933716
0.8029057383537292
0.6038714051246643
0.836223304271698
0.7531061172485352
0.6487085819244385
0.656934380531311
0.7202996015548706
0.6886823177337646
0.6569639444351196
0.7053087949752808
0.7020071148872375
0.6622065305709839
0.6160297989845276
0.7478733062744141
0.7235045433044434
0.7933374643325806
0.6365808844566345
0.676338791847229
0.676411509513855
0.7011817693710327
0.6886029839515686
0.7340370416641235
0.7186083793640137
0.6649959087371826
0.7784421443939209
0.6885370016098022
0.7154825925827026
0.6815491914749146
0.7385962605476379
0.7205575108528137
0.8254392147064209
0.6514452695846558
0.6795462369918823
0.6922223567962646
0.662966787815094
0.7164011001586914
0.7074487209320068
0.6440528631210327
0.8292656540870667
0.6828757524490356
0.7217773199081421
0.7966184616088867
0.7042932510375977
0.6554770469665527
0.6626178026199341
0.8069164752960205
0.7166111469268799
0.8227159976959229
0.712497353553772
0.6219081878662109
0.7262897491455078
0.7298564910888672
0.8285702466964722
0.6864316463470459
0.7034188508987427
0.7453723549842834
0.720394492149353
0.6364673376083374
0.6740235090255737
0.6895220279693604
0.8087379336357117
0.6966959834098816
0.655303418636322
0.6782869696617126
0.7358924150466919
0.7236213684082031
0.7001394033432007
0.7319225072860718
0.7464911937713623
0.7106345295906067
0.6625573635101318
0.6646231412887573
0.6306679248809814
0.7187192440032959
0.6274144053459167
0.648491621017456
0.6657247543334961
0.8250172138214111
0.6552518606185913
0.7800654172897339
0.6813068389892578
0.8277521133422852
0.7022747993469238
0.7457209825515747
0.7247011661529541
0.7832071185112
0.7709153890609741
0.7279235124588013
0.7040214538574219
0.6770508289337158
0.7624793648719788
0.7412054538726807
0.7714462280273438
0.6676081418991089
0.7266784310340881
0.6949025392532349
0.5998430848121643
0.760339081287384
0.7058457136154175
0.6394339203834534
0.6567826271057129
0.8142111897468567
0.6903880834579468
0.7230129241943359
0.6810529232025146
0.6837955713272095
0.7242810726165771
0.7549475431442261
0.8120233416557312
0.6597220301628113
0.6422054171562195
0.682823657989502
0.6549987196922302
0.6774389743804932
0.749862015247345
0.7194759845733643
0.6904354691505432
0.6502690315246582
0.6094033122062683
0.8613938093185425
0.7308073043823242
0.7315616607666016
0.8230007886886597
0.6898749470710754
0.8064008951187134
0.726554811000824
0.6703227162361145
0.7735403776168823
0.6516634225845337
0.6888793706893921
0.6491411924362183
1.2298729419708252
0.7278026342391968
0.6547651290893555
0.6781728267669678
0.8168262243270874
0.820294976234436
0.7024797201156616
0.6990478038787842
0.874668538570404
0.8409616947174072
0.8577457666397095
0.773356556892395
0.7969931364059448
0.6645508408546448
0.7220134735107422
0.7554148435592651
0.8013888597488403
0.7004477977752686
0.7559325695037842
0.9251989722251892
0.7506187558174133
0.755894660949707
0.7333399057388306
0.6336022615432739
0.730080783367157
0.6859228014945984
0.6984302997589111
0.7002302408218384
0.6490370631217957
0.7011779546737671
0.7002295255661011
0.6505904197692871
0.6906072497367859
0.7711461782455444
0.6983093023300171
0.6487425565719604
0.7227742075920105
0.687110424041748
0.7573031187057495
0.5706258416175842
0.7661162614822388
0.7931225299835205
0.6433306932449341
0.6729974150657654
0.810559093952179
0.7232956886291504
0.7676815986633301
0.6761174201965332
0.763563871383667
0.8330884575843811
0.6535806655883789
0.6019265651702881
0.7525824308395386
0.6740556359291077
0.6930319666862488
0.6431747674942017
0.7748215198516846
0.7130317687988281
0.6895146369934082
0.6976308822631836
0.6863400340080261
0.7296335101127625
0.6359103322029114
0.6499543786048889
0.6849478483200073
0.7217430472373962
0.7521792650222778
0.723092794418335
0.7440990209579468
0.6931493282318115
0.6804288625717163
0.6501294374465942
0.7723251581192017
0.6661246418952942
0.7158730030059814
0.8680140972137451
0.6609706878662109
0.8785262107849121
0.6930584907531738
0.8331916928291321
0.6902063488960266
0.7802700400352478
0.6955264210700989
0.666404664516449
0.7517514228820801
0.8717091679573059
0.8362011909484863
0.695266842842102
0.6900725960731506
0.6991791725158691
0.7785634994506836
0.6754822134971619
0.7521439790725708
0.7151439785957336
0.7169764041900635
0.6624411344528198
0.6975744962692261
0.7567516565322876
0.8010188341140747
0.7097078561782837
0.6860697269439697
0.7393461465835571
0.6272517442703247
0.7455083131790161
0.7969774007797241
0.7140904068946838
0.8115509748458862
0.6483949422836304
0.6226476430892944
0.6322517395019531
0.7513573169708252
0.6828942894935608
0.6365004777908325
0.6608731746673584
0.7326973676681519
0.6775647401809692
0.6229581832885742
0.7645780444145203
0.7937226295471191
0.6285971403121948
0.5850452184677124
0.7438628673553467
0.6830516457557678
0.7132394313812256
0.6816078424453735
0.6468715667724609
0.707055926322937
0.6793109774589539
0.7876120805740356
0.7934762239456177
0.7706065773963928
0.6252745389938354
0.6505304574966431
0.6604869365692139
0.7368831634521484
0.6919971704483032
0.6533215641975403
0.6554572582244873
0.679222822189331
0.7125380039215088
0.6813998818397522
0.6880437135696411
0.698763906955719
0.6760805249214172
0.6117379069328308
0.7691833972930908
0.8236247301101685
0.9174953699111938
0.699516773223877
0.6739761829376221
0.7360634803771973
0.6663164496421814
0.7774719595909119
0.6318439245223999
0.6862108707427979
0.7899782657623291
0.7420175075531006
0.7124327421188354
0.6885717511177063
0.7902378439903259
0.7637539505958557
0.7112734913825989
0.6373761892318726
0.724818229675293
0.7159960269927979
0.640286922454834
0.829612135887146
0.6033872365951538
0.7010672092437744
0.7276699542999268
0.7199755311012268
0.7031967043876648
0.7854156494140625
0.7001115083694458
0.647614598274231
0.7625041604042053
0.874872088432312
0.6800519824028015
0.6346207857131958
0.6074645519256592
0.7259175777435303
0.6893236637115479
0.6573469638824463
0.7307709455490112
0.7452690601348877
0.7216740846633911
0.7371298670768738
0.7824192047119141
0.6313815712928772
0.6917957067489624
0.7490386962890625
0.6041861772537231
0.6623687744140625
0.7271088361740112
0.7501864433288574
0.6806303858757019
0.6724175214767456
0.7111473083496094
0.6736814379692078
0.7544149160385132
0.6591787338256836
0.6606976389884949
0.6127557754516602
0.6383099555969238
0.7015705704689026
0.670077383518219
0.7027409672737122
0.7580105066299438
0.7217618823051453
0.7930699586868286
0.764068067073822
0.7322065830230713
0.6899399161338806
0.8195822238922119
0.6420097351074219
0.6228564977645874
0.6806298494338989
0.6453979015350342
0.6779829859733582
0.7258690595626831
0.6817147731781006
0.7444964051246643
0.6935301423072815
0.6412484645843506
0.7875703573226929
0.6394434571266174
0.6397936344146729
0.7123134732246399
0.8048717975616455
0.6107844114303589
0.6088417172431946
0.7340673208236694
0.669955313205719
0.67477947473526
0.7707011699676514
0.6754549741744995
0.6677695512771606
0.8576173186302185
0.7126963138580322
0.7077096700668335
0.7062875032424927
0.7836248278617859
0.7459683418273926
0.7719392776489258
0.7345880270004272
0.6494041085243225
0.7376230955123901
0.7389612793922424
0.9026159048080444
0.7627668380737305
0.7809715270996094
0.6828637719154358
0.7329245209693909
0.6763826608657837
0.6995835304260254
0.7274596691131592
0.6678863167762756
0.7224676012992859
0.8965066075325012
0.641943633556366
0.7143042087554932
0.7625848054885864
0.693503737449646
0.8149316310882568
0.6942141056060791
0.6709252595901489
0.7530224323272705
0.7538958191871643
0.7448197603225708
0.6764042973518372
0.6055055260658264
