0.43313131488934914
0.4044444440591215
0.4272053876910547
0.4618181830102747
0.45925926078449597
0.4821548836700844
0.5012794591561712
0.5115151519727226
0.5038383872521044
0.5360269386961003
0.5369696982882239
0.5442424258499434
0.5369697008470092
0.562558921599629
0.5674074108552452
0.5886868717092456
0.5775084161397183
0.5551515167409723
0.601885523458924
0.5811447796195445
0.5885521911009394
0.5912457909246888
0.5936700334452619
0.5934006755400185
0.6188552195977683
0.5977104396531077
0.6133333342243926
0.63218855255782
0.6156228964376931
0.6079461300613904
0.6080808055521262
0.6273400687208079
0.6180471380551656
0.6370370391041341
0.6320538749598493
0.6173737344115672
0.648754211387249
0.6324579125702984
0.6549494952866526
0.6440404042451069
0.6510437714933145
0.6561616144397042
0.6614141425099036
0.6487542095810476
0.6614141410047357
0.6565656571677236
0.6593939388039136
0.6383838382634249
0.6642424262533284
0.673131312986817
0.6647811456762179
0.6606060624724687
0.6558922574375615
0.6600673397382101
0.6769023540646139
0.6701683507423208
0.6663973108686582
0.6783838398528822
0.6910437724807046
0.6666666687739016
0.6804040426557715
0.6892929336037299
0.6856565656084003
0.675420875501151
0.6549494952866526
0.6861952865364576
0.6832323239909278
0.6766329961593704
0.700067337414231
0.6859259250188114
0.6857912453136059
0.6879461287248014
0.6945454574594594
0.7174410777862625
0.6901010118349634
0.6883501690445524
0.6868686865676533
0.6964309763426733
0.6892929278840922
0.7191919217808078
0.6841750879480382
0.6992592588819638
0.7096296317047543
0.7061279467259994
0.7120538730211933
0.7046464657542681
0.7112457905754899
0.6975084212091234
0.7101683520307445
0.7031649835784026
0.7303703716306975
0.7406060605338125
0.7084175101434341
0.7214814824889405
0.7154208770906082
0.7173063971779563
0.7112457932847919
0.7205387218431993
0.7191919223828749
0.7177104347884052
0.7226936016419921
0.7160942765197369
0.7213468000744329
0.7050505033647171
0.7278114488028516
0.7154208770906082
0.7264646475363259
0.7051851845750905
0.714074073415814
0.7218855243138592
0.7372390570664646
0.7251178432594646
0.7288888903579327
0.7454545497894287
0.7372390585716324
0.7292929333869858
0.7158249150020908
0.7205387215421657
0.7334680126772987
0.7419528648106739
0.7397979829046462
0.7380471392111345
0.7334680156876342
0.7528619543470517
0.7338720532980832
0.7393939416817944
0.7461279480144231
0.7232323258814185
0.741818181192032
0.7344107760323418
0.7422222212107494
0.7473400674685083
0.7594612776631057
0.7550168362530795
0.7158249147010572
0.7450505070614092
0.7389899010610099
0.7705050514201925
0.7373737352665024
0.7462626280206622
0.7496296284776746
0.746262626816528
0.7399326635129524
0.7504377106223443
0.7426262672501381
0.7515151512743247
0.7480134665966034
0.7608080801337657
0.7428956218440124
0.7659259269935916
0.7493602705724312
0.7470707092622314
0.7504377100202773
0.7569023575445618
0.750572393036852
0.7625589211179753
0.7649831642406155
0.7644444457208267
0.7555555562780361
0.7748148170384493
0.7679461285923467
0.7606734022347614
0.7741414152010523
0.764713805733305
0.7490909087537515
0.7516498300764296
0.752727273437712
0.7628282838397555
0.7630976450563681
0.7812794621544655
0.778855220536993
0.7508417527482967
0.7680808082975522
0.7630976462605024
0.7575757587798918
0.7857239071768943
0.7624242462293066
0.7621548838085599
0.7688888907432556
0.7501683518140003
0.7626936050376507
0.7618855237960815
0.7566329993382849
0.7717171735835798
0.765925923983256
0.7639057275020715
0.7863973072080901
0.7748148164363823
0.7667340076330936
0.7692929283537046
0.7730639727428706
0.7777777774767443
0.7617508404784732
0.7713131320596945
0.7932659917407565
0.7835690258729338
0.7862626290080523
0.7674074088684236
0.7676767700850361
0.777912458386084
0.762962960233592
0.781548823371078
0.780336699702523
0.770774412034738
0.7776430989756729
0.7827609434272303
0.7665993303361566
0.7780471389943903
0.7960942766883157
0.8040404054853652
0.7839730670957854
0.7869360278351138
0.7792592602546768
0.7702356908056471
0.7740067351948131
0.7713131302534931
0.7888215491265962
0.7837037028688373
0.776430976511252
0.7810101027440544
0.7830303064500442
0.7719865314888231
0.7938047141739817
0.7908417510263848
0.7977104331507827
0.7993266010525251
0.7845117835083393
0.7951515148384403
0.7865319884184635
0.798653199215128
0.7776430959653373
0.7886868715286255
0.7698316519910638
0.7876094257590747
0.7721212133012637
0.7898989915847778
0.781144780342025
0.7886868709265583
0.8037710478811553
0.7936700329636083
0.7880134687881277
0.7789899005432321
0.7956902366695981
0.7932659977614277
0.7894949488567583
0.7811447827502934
0.7796633008754614
0.7886868697224241
0.7828956246376038
0.7948821560300962
0.8202020236940095
0.7998653222816159
0.7851851865498707
0.8000000010837208
0.7884175085058116
0.7830303028376415
0.7948821578362976
0.7958249160737703
0.7978451215859615
0.7861279468945782
0.7963636354966597
0.7894949485557248
0.8074074080496123
0.7960942772903827
0.7737373748813012
0.7962289578986891
0.7839730646875169
0.7989225598296734
0.7932659935469579
0.7853198668571434
0.8098316505701855
0.7931313132396852
0.800269360494132
0.806868686519488
0.8013468014471459
0.7882828315099081
0.8059259273789146
0.8043097636916421
0.7925925947198964
0.8059259225623776
0.8078114480683298
0.8078114468641956
0.7946127972217522
0.7994612816608313
0.8156228992674086
0.8136026937552173
0.8119865303689783
0.7876094296725109
0.8020202011773081
0.8090235717368849
0.7955555560612919
0.80686868922879
0.8053872061498237
0.811043771830472
0.818989898219253
0.7960942760862485
0.8162962999006714
0.7966329973153393
0.7979797991839322
0.8154882156487667
0.8032323254479302
0.8101010123888651
0.8035016806438716
0.8129292955302229
0.8055218885643314
0.8055218849519287
0.8051178449332111
0.8020201987690396
0.8090235717368849
0.8149494956238101
0.8335353545468263
0.8369023583152078
0.8105050524075826
0.8196633030669858
0.8212794613356542
0.8091582493348555
0.8180471411859146
0.8086195299119661
0.7963636360987268
0.8154882192611694
0.8192592612420669
0.8035016872666099
0.80013468108996
0.8152188562383555
0.8123905761073335
0.8107744124200609
0.8056565673664363
0.826262627587174
0.8099663302753911
0.801616162964792
0.8177777787651679
0.8065993243997748
0.8114478118491896
0.8210101043335115
0.8013468053605821
0.8346127930915717
0.8150841780383178
0.8141414161884424
0.8061952885955271
0.8133333361510074
0.8125252555115055
0.822491583800075
0.8099663329846931
0.8154882165518674
0.8164309781007092
0.8123905694845951
0.8270707064204745
0.8090235711348177
0.8321885550865019
0.8219528649792527
0.8319191935688558
0.8253198651352314
0.809158251743124
0.825858585160188
0.819124577623425
0.8165656587090155
0.8247811451102748
0.8180471423900488
0.8136026931531501
0.8286868683015457
0.8153535332342591
0.8293602671286072
0.8268013488162648
0.8021548823876814
0.823434343843749
0.8164309781007092
0.8057912485768096
0.8074074098558137
0.816969693911196
0.8071380489402347
0.8149494956238101
0.8171043805401734
0.8382491613879348
0.8153535392549303
0.8161616174861638
0.8281481470724549
0.8355555576507492
0.8284175106973359
0.8261279475809348
0.8254545439373363
0.8184511775922294
0.8211447789211466
0.8180471387776461
0.8266666682079585
0.8165656593110826
0.8152188550342213
0.8257239063580831
0.8316498380718809
0.823434343843749
0.8245117866029643
0.8304377138012587
0.8366329995068637
0.8312457932366265
0.8369023607234762
0.8332659927281466
0.8162963017068728
0.8395959608482592
0.8300336743846084
0.8300336701701386
0.8215488225522668
0.8223569037938359
0.825454547549739
0.8251851857310594
0.8324579157010473
0.8245117850977965
0.8224915862083435
0.8212794613356542
0.8470033684162178
0.8235690250541224
0.8339393951676108
0.8292255925409722
0.8206060613044585
0.8268013470100634
0.8363636358819827
0.8195286212545453
0.8266666688100256
0.8184511781942965
0.8285521882953066
0.8237037044582944
0.8400000008669767
0.8296296277431526
0.8298989919701008
0.8313804714366643
0.8362289600902133
0.8336700357571997
0.8272053900391164
0.8359595958632652
0.8175084163444211
0.8382491589796663
0.8180471399817804
0.8350168364216582
0.8210101043335115
0.8263973057872117
0.8323232350927411
0.814680136213399
0.8457912483600655
0.8373063977318581
0.8347474770112471
0.8317845132615831
0.8204713806961522
0.8424242421834156
0.8300336707722057
0.8455218865413858
0.8448484865101901
0.8136026991738213
0.8262626248778719
0.8355555576507492
0.8354208782465771
0.8395959614503263
0.8386531965901153
0.8207407407086305
0.8385185214004132
0.8226262638063142
0.8441750888872628
0.8193939388400376
0.8183164951777218
0.8329966339198026
0.8410774403148227
0.842693607614498
0.8422895639833777
0.8346127967039744
0.8311111126283203
0.8290909095243975
0.8303030331929525
0.8342087527718207
0.8340740757759171
0.8425589258020575
0.818181816977684
0.8242424256873854
0.8321885556885691
0.8324579157010473
0.8246464651040356
0.8364983216078594
0.838653200202518
0.8292255889285695
0.8378451177568147
0.8456565671496921
0.8394612820461543
0.8501010115700539
0.8339393945655438
0.8527946110927698
0.8342087557821563
0.8509090934136901
0.8385185201962789
0.8480808114764666
0.8280134673672493
0.8269360273173361
0.858585860994127
0.8290909119326659
0.8339393963717451
0.8414814821397415
0.8397306396503641
0.8285521882953066
0.8317845162719187
0.8507744164177866
0.8298989901638995
0.831919192063688
0.8472727296328304
0.849292932134686
0.8437710440520084
