8.818486160702175
1.9251672643603701
1.5800574921598338
1.4501939548386469
1.4352660534357784
1.3752261683194325
1.329501089423594
1.3077199994915663
1.3148006188749062
1.2636826845130535
1.2396774869976621
1.2371191948351234
1.2435416464853768
1.2043750677445921
1.1898080550058923
1.1496358935279076
1.165047439661893
1.2253970142566797
1.1104006285619255
1.1541514300336742
1.1324333078933484
1.131670356398881
1.1319293193142823
1.1291852220140322
1.072908579701125
1.1183734746894451
1.0922728078533905
1.0444662691366793
1.0840191419678504
1.0957514336614897
1.0909123926451711
1.0481521336719244
1.0779782744369122
1.0332886257556955
1.0225800492546775
1.080739890084122
1.00440777191008
1.0434595533091613
0.9945049231702631
1.017814120258948
1.0068979835269427
0.9836867734639332
0.9860620685298034
1.003757078840275
0.9779629857853206
0.9958995689045299
0.9723838450330676
1.0054992732375558
0.9699919813811176
0.9658358446275345
0.9728833840350912
0.9680544414905586
0.977040333579285
0.9647941589355469
0.9295498656504082
0.945800138242317
0.9677370133424046
0.9348888264762031
0.9138279527124732
0.9540615051683753
0.9299460336415455
0.9046180555314729
0.9244641119783575
0.9476249597289346
0.965611867832415
0.9356069399250878
0.9123186041610409
0.9384078684479299
0.8989477934259357
0.9146581538999924
0.9251622873725314
0.9268812410759203
0.8906636939506338
0.8673614986015089
0.9058233625961073
0.9069492482777798
0.9058397502610178
0.8713362915347321
0.9030127471143549
0.8451072170276834
0.9198566223635818
0.8891543794159937
0.8668762969248223
0.8752318084842027
0.8683451453242639
0.8872285632774083
0.862585020185721
0.8837487050379166
0.8601099057028992
0.8820595614837877
0.8365894998564865
0.8159178188352874
0.8615852681675342
0.843046040245981
0.8557325144006749
0.8482065089423247
0.8625649782744321
0.8187346425321367
0.8271963752881445
0.847539633512497
0.835654476977358
0.8455433713065253
0.8461727075504534
0.8624980524934903
0.8196963484239097
0.8339526493742009
0.835114431501639
0.8648100910764752
0.8598458110684096
0.8302990285435108
0.8095521791414781
0.8321927274116362
0.8177648069280566
0.791906392634517
0.7931036211625494
0.8103992975119388
0.8443894425425866
0.8424883858122006
0.7964416561704694
0.7757245154693874
0.797602341933684
0.8018408809045349
0.8105616855500924
0.7689077477864544
0.8037970827685462
0.7893460811388613
0.7741839163231127
0.8244014999481163
0.791405527579664
0.7940406007598145
0.790338518041553
0.7875433979612408
0.7492683683380936
0.7740001395495251
0.8443618756954117
0.7830993412721037
0.7891612161289562
0.7221489488476455
0.796211203842452
0.7834554988928516
0.7686689631505446
0.776414510577616
0.7877420199037802
0.7635777634803695
0.7765753994686435
0.7683191377707203
0.7665303226071175
0.7507211349227212
0.7790524026360175
0.74070719215605
0.7718151085304491
0.7761366430557135
0.7662358988415111
0.7513789670033888
0.7686289539842894
0.7316628938371484
0.7362288889860866
0.7317370149222288
0.7641010705870811
0.722820333158127
0.72409606280953
0.7532328668266836
0.7154878600679263
0.7226794979186973
0.7658596409089637
0.7628468305173547
0.7492016665261201
0.7555774772408033
0.7348859782772835
0.7041677197422644
0.7127967814002374
0.7689212566674358
0.7344398859775427
0.7441227664851179
0.7477720626676926
0.6851775092307968
0.74021000543026
0.7444931681107994
0.7230964971311165
0.7700128838269398
0.744403051306503
0.7407444396404305
0.7467541342431848
0.7242016997000184
0.7222808996836344
0.7358155045846496
0.6865530324102652
0.7285372705170603
0.7330174729077503
0.7182587788562582
0.7230092070319436
0.7059322354769466
0.7317706232119088
0.7142912007943548
0.6920078562365638
0.6962993840376536
0.6888674624038466
0.7337130813887625
0.7292528688305556
0.7009630718014457
0.7341862332941306
0.7038414532488043
0.7231605188413099
0.7115935108276329
0.7068850939924066
0.6919069543029323
0.7210358640160224
0.7020686527695319
0.6620580951372782
0.649589314906284
0.6879062682691247
0.6883472448045557
0.7039498661202613
0.7234710560302542
0.7235834812275087
0.7121453510992455
0.6690070376251683
0.6953499100425027
0.7147677865895358
0.6819389375171276
0.6925225297007898
0.71174687357864
0.6818648847666654
0.681284441490366
0.6631424583569921
0.6528926213281323
0.6973484844872446
0.6622644373864839
0.6869564911331794
0.6597319754085156
0.7124381929334968
0.6833175101665535
0.7153853427882146
0.6821972185915167
0.7216629136090327
0.6718454920884335
0.6994416614373525
0.6802896372597627
0.6415660510761569
0.6664258112209012
0.6749094429642263
0.6902836967598308
0.6613676463714754
0.6639178416343651
0.6694519396382149
0.6910594000358774
0.6953817735416721
0.6867005813001382
0.6885167781752769
0.6640231094577096
0.6189150906572438
0.6642789848224081
0.6929249206576684
0.6488594382700293
0.6797745980397619
0.6713303405829151
0.6697119408183627
0.6724151673943105
0.6541799273755815
0.6812939731159595
0.6675896239702148
0.6813197253328381
0.6495037431066687
0.6582529599016363
0.696020853037786
0.666955974968997
0.6893692832402508
0.6559690486903142
0.6675212447992479
0.6872711112402906
0.6321892744362957
0.6545381710083797
0.6533289750417074
0.6342221260672868
0.6405856184887163
0.6773555408222507
0.6376581648082444
0.6344876698773316
0.6604512052403556
0.6423700792018814
0.6361114897511222
0.6313670089449546
0.6725589446347169
0.662244357846
0.6229921787074117
0.6271159284644656
0.6326004471441712
0.6824905219102146
0.6446880607893972
0.6403191611923352
0.6631017998613492
0.63114638882454
0.6335575005622825
0.6069692845898446
0.6061047309576862
0.6542515914247493
0.6207460339623269
0.6629017344628921
0.6546856715823665
0.6265906196351003
0.6524378813878454
0.6339632001790133
0.6389678511956726
0.6179463246254006
0.6365465166592839
0.640154591714493
0.648338665564855
0.6341453056142787
0.6371865630751908
0.635353051652812
0.585223788865889
0.5756850805547502
0.6367597074219675
0.6168571906258361
0.599363227384259
0.6298488092542899
0.6286494629551665
0.6317606938607765
0.6495913501941797
0.6174961235186066
0.608176839773101
0.6468768047563958
0.6360709363161915
0.6167521464704263
0.6236827828065313
0.6343359781636132
0.6360012888908386
0.5902892799690517
0.6210910614692804
0.6409184029608062
0.625579669921085
0.6427845343796894
0.6204724335911298
0.5982129901948602
0.642505981404372
0.5785049952641882
0.620667571973319
0.6226118778941607
0.6280468193569568
0.629035108017199
0.6203921858710472
0.6053935072638772
0.621412331708754
0.6101241295385842
0.61206953694122
0.6180897203057704
0.5903226239512666
0.6286703987856104
0.5798456703472619
0.6023153789115675
0.5837182872223131
0.6009644939742907
0.6295280709411158
0.5916256124925132
0.60910291322554
0.6193969084156884
0.5879141072733234
0.6153995322458672
0.616862574761564
0.5824996832043233
0.612478542508501
0.587219942097712
0.5829256568292175
0.6451381378703647
0.6053947372870012
0.6137626104884677
0.6510683599144521
0.634868151611752
0.6190633228932968
0.6436665298962834
0.6114642586972978
0.6001162848087273
0.5694322238365809
0.6016832563010129
0.603567068022911
0.5859166287412547
0.5809105812299131
0.5887788306884091
0.584852883310029
0.5999682974634748
0.6141818490895358
0.6045095216144215
0.6035225096375051
0.586702436208725
0.615714529246995
0.6167614869397096
0.5950066712167528
0.5733750862906678
0.6020748362396703
0.5892281146964642
0.5850376748677456
0.5651899461794381
0.5812074075443576
0.5757308372042396
0.5758742921882205
0.6086079372902109
0.5646066346553841
0.5854861353984987
0.5783110604141698
0.6036271651585897
0.5923227234320207
0.6061810304721197
0.5856362557170367
0.5841446275060828
0.5913066611145482
0.5938169992331302
0.6030499020008125
0.5520642724904147
0.5898513739759271
0.5687461602266388
0.5711875702395584
0.6039252172816884
0.5888149232575388
0.5587054924531416
0.6070803322575309
0.5957035040012514
0.604149359344232
0.5926677560565448
0.5948306704410399
0.5573448325046385
0.5878559384081099
0.5866851502596729
0.5787778460618221
0.5722561662245278
0.5801235944634736
0.5824316025081308
0.5809645989928582
0.6071421720764854
0.5699581326258303
0.6077245943474047
0.5643257829878066
0.6000747954604602
0.5909944733585974
0.5859027697582437
0.6115714519312887
0.560886412858963
0.5722652183036612
0.5672706197006534
0.5754159628742873
0.6101826763514316
0.5623715098458107
0.5733080397952687
0.5450420233637395
0.5495906649815916
0.6123668036677621
0.5873787193888366
0.5793457154673759
0.5616101804706786
0.5610283966919388
0.553100268196578
0.5995867869468651
0.5602282604785881
0.589123957084887
0.5582207471433313
0.5991054905785455
0.6003740237216757
0.5738895228414824
0.5579712709995232
0.5614223639772395
0.5455106219860039
0.5700490099914146
0.57567852193659
0.5817148164667264
0.5752294924524095
0.5713268858615799
0.5812327864796224
0.5568538278040259
0.601028090775615
0.5855513815626954
0.578427151297078
0.5802199330293771
0.5817029316617985
0.5624289642078708
0.5521621690555052
0.5787020111926878
0.5660442408889231
0.5548139985161599
0.5611047792916346
0.5467532183786835
0.5708709792657332
0.5383406895579714
0.5740690318622974
0.5282848182350698
0.5677953696612156
0.534405132435789
0.5970723588358272
0.5836463630801499
0.5195128156079186
0.5697652977524381
0.5693048729438974
0.5553504069044133
0.5595260215829118
0.5875453605796351
0.5806318985091315
0.5391134360823968
0.576091073378168
0.5705444906095062
0.538437252845427
0.5304845408959822
0.5651912629002273
