0.2268952385868345
0.3300952382598604
0.3682857131958008
0.39310476166861397
0.4112380955900465
0.4295428570679256
0.44531428558485847
0.46093333329473224
0.4634476179736001
0.46860952275139944
0.4730095228127071
0.48548571399280005
0.4948571412903922
0.49763809578759327
0.5041904745783125
0.5163428544998169
0.5226857134274074
0.5253333314827511
0.5279809510707856
0.5372571432590485
0.5384190462316786
0.5500952340875354
0.5540952379362923
0.5491619050502777
0.5601142850943974
0.5602666640281677
0.5671238083498819
0.5626095226832799
0.5708000004291535
0.5805142864159175
0.5799809498446328
0.5868380951881409
0.5817904756750379
0.5912380935464586
0.5865333330631256
0.5965523820263999
0.6034666645526886
0.6049714267253876
0.6079428570611136
0.6040190446376801
0.6010285716397422
0.616552381174905
0.6106285686152322
0.6222095239162445
0.6136571426051004
0.6185142871311733
0.6199238092558724
0.628742858001164
0.6307809543609619
0.6339809516498021
0.6351047618048532
0.6326285690920693
0.6301904761791229
0.6393714284896851
0.6391619065829686
0.6419619062968663
0.642228570154735
0.6434285722460066
0.641657143660954
0.642914285830089
0.6486666672570365
0.6492952401297433
0.6532190476145063
0.6548571460587638
0.6541523824419294
0.6569333345549447
0.6609714273044042
0.6657333333151682
0.6626476199286324
0.6688571449688503
0.6617142851012093
0.6710095231873648
0.6667809534072876
0.6699428592409407
0.6662476199013846
0.6697904757090978
0.6786666652134486
0.683009524345398
0.669314284665244
0.676361905847277
0.6771238098825727
0.6741523831231253
0.6839047636304583
0.6827238127163479
0.6847047615051269
0.6856761908531189
0.686552380834307
0.6935809530530657
0.6918476210321699
0.6930285739898682
0.6902476167678833
0.6925333343233381
0.6911428580965314
0.6987238080160958
0.6957523798942566
0.6969714335032872
0.7009523797035218
0.7039428578104292
0.7025904740606036
0.6991619062423706
0.7066285705566406
0.7064190462657384
0.7106285698073251
0.7077333327702113
0.7068190462248666
0.7148190460886275
0.7085333320072719
0.714952381338392
0.7109904752458844
0.7182857155799866
0.7100761904035295
0.7152761898721968
0.7141523814201355
0.7177142868723189
0.7156952374322074
0.7153333333560399
0.7167809520448957
0.7190476206370763
0.7191428589820862
0.7215047631944929
0.7227428579330444
0.7224952384403773
0.7241333321162633
0.7241904759407043
0.7301714307921273
0.725542859349932
0.7231238096100944
0.7281142858096531
0.7304000002997262
0.7326666654859271
0.7282095231328691
0.735009526184627
0.7310666673524039
0.7323619065965925
0.7342476201057434
0.7358666651589529
0.731314286504473
0.7407619040352957
0.7403428574970791
0.7364000000272478
0.736990476676396
0.7417142871447971
0.7453714275360107
0.7390476199558803
0.7333142863001142
0.7437333314759391
0.7378476190567017
0.7398666657720293
0.742190477166857
0.7443428567477635
0.7458476175580706
0.7529523812021528
0.7432000010354178
0.7478095241955348
0.7439047615868705
0.7428952366965158
0.7464761907713754
0.7577142861911229
0.7505523831503732
0.7554666686058045
0.7528761897768294
0.7519619032314846
0.7534857170922415
0.7538285715239389
0.7518476189885821
0.7540190475327628
0.7548380950519017
0.7518857141903469
0.7582285683495658
0.7583238101005554
0.7612380974633353
0.7596571407999311
0.7590666641507829
0.7559999990463256
0.7596571438653128
0.7621142860821315
0.7653714285578046
0.7585333323478699
0.7651619052886963
0.7629904770851135
0.7631619051524571
0.7632761907577514
0.7642095238821847
0.769561903817313
0.7606476208141871
0.7633523804800851
0.7686666665758406
0.7640190488951547
0.7673714256286621
0.7697904733249119
0.7703047605923244
0.7752380963734218
0.762380952835083
0.7743619050298418
0.7736952386583601
0.779219047342028
0.7712190464564732
0.7706476174082075
0.7738095239230565
0.7747809519086565
0.7767809500013079
0.7723047610691616
0.7762476188795907
0.7764380938666208
0.7776380961281912
0.7760952397755214
0.7774666670390538
0.7816571436609541
0.782666666507721
0.7832571417944771
0.7797333312034607
0.7714857149124146
0.7812761892591203
0.7811809532982963
0.7838095242636545
0.7833904760224478
0.7853142843927656
0.7811238094738552
0.7854857138225011
0.7855428556033544
0.7860761908122471
0.7847809522492545
0.7832571421350751
0.7860761897904532
0.7820380929538182
0.7862857157843454
0.7886857128143311
0.7950285710607257
0.7921714275223868
0.7860761908122471
0.7899619044576373
0.7892571422031948
0.7923619059153966
0.7890285726955959
0.7834285695212228
0.7866095239775521
0.7870095239366803
0.7909142848423549
0.7965904750142778
0.7925904767853873
0.7983428573608399
0.7890857117516654
0.7930666681698391
0.7948761895724705
0.792761903149741
0.79737142596926
0.7929523812021528
0.795771427495139
0.7917333323614938
0.790438095842089
0.7979238060542515
0.7992190480232239
0.7932761900765555
0.8016761864934648
0.793352380480085
0.7960761918340411
0.7970285725593567
0.7979999988419669
0.8013523783002581
0.8028952360153199
0.806742856502533
0.8029333315576825
0.8004761872972761
0.8000571393966674
0.803047616822379
0.7998095222881862
0.8046666659627641
0.8065142818859645
0.8026857144492013
0.8015809539386204
0.8058476202828544
0.8047428563662937
0.8073714293752398
0.8058095237186976
0.8037523807798113
0.8063999993460519
0.8038095239230565
0.8029714257376535
0.8063047616822379
0.8097904750279018
0.8059619038445609
0.8087428559575762
0.810780953679766
0.8068571410860335
0.8106095218658447
0.8037904749597822
0.8108190475191389
0.8085904751505171
0.8144380950927734
0.808476186820439
0.8077714286531721
0.8097523815291269
0.8085904778753008
0.8081523789678301
0.8124571422168186
0.8153714278766088
0.8119428552900042
0.8130666664668492
0.8105142838614328
0.812419046333858
0.8096000003814697
