3.824376787458147
2.2146069274629867
2.072045341219221
1.9757054110935757
1.919728251184736
1.8473873329162598
1.7982420573915754
1.7458616604123798
1.7367154741287232
1.715639068739755
1.6976743371146066
1.6453873491287232
1.6275390815734863
1.6071418128694808
1.5886752687181744
1.5527684361594063
1.5308753946849278
1.5133022342409406
1.5103596448898315
1.4716168587548393
1.4666801568440029
1.4379236309868948
1.4259176417759487
1.4264498240607126
1.3970365946633476
1.3971846205847605
1.3688122303145271
1.3866382084574018
1.3599465206691197
1.3329438073294504
1.3279756426811218
1.309328522341592
1.3058127522468568
1.293057201589857
1.3009695185933794
1.2605664471217564
1.246917724949973
1.2386297624451774
1.230816104412079
1.2440950472014292
1.2437361465181622
1.2010871740749904
1.2203560784884862
1.1842656108311245
1.2079734025682722
1.1860739959989275
1.1795382373673575
1.1599416855403355
1.1570313395772662
1.145934056213924
1.134048537186214
1.1453872541018895
1.1426420749936785
1.1245399039132253
1.1272357681819372
1.110017136165074
1.117716223852975
1.1100967812538147
1.1125025384766716
1.114075439316886
1.0910466054507664
1.0787950216020856
1.0785285973548888
1.069017538683755
1.063933710370745
1.0572453464780536
1.0440825022969926
1.0355951121875218
1.040099071093968
1.0225934284073965
1.0411240352903093
1.0178988664490836
1.022549695968628
1.0142255544662475
1.0165773814065115
1.0150864703314646
0.9874239727428982
0.9809612206050328
1.0174628686904907
0.9934857378687177
0.9874800082615444
0.9972794423784529
0.9700485914094108
0.9751858939443315
0.9649863645008632
0.9651594107491629
0.9685653907912118
0.9377779628549303
0.94529771566391
0.9360356913294111
0.9484597856657846
0.9319158336094447
0.940011293547494
0.9172756137166704
0.937347571849823
0.923695365020207
0.9109453327315195
0.9080649672235761
0.9070757600239345
0.9134704892975943
0.8867337349482945
0.8925558859961373
0.890105607509613
0.8979061371939523
0.8918119011606489
0.8706156625066485
0.8886886283329555
0.8622333581107003
0.8791136482783727
0.8535523237500872
0.8766801394735064
0.8593639717783247
0.8680012542860849
0.8571053685460772
0.8638538859571729
0.863603959764753
0.8542148412976946
0.8565379285812378
0.8522279664448329
0.8410367161887032
0.8401733360971724
0.8454561359541757
0.8376485579354422
0.8298652178900583
0.8185967298916408
0.8266141080856323
0.8311613116945539
0.8164698910713196
0.8075907567569188
0.8102983215876988
0.8242486780030387
0.8023951118332999
0.8161391947950636
0.8088757736342294
0.810746170112065
0.7974841475486756
0.8079296442440578
0.778560106073107
0.7871988088744027
0.7912488511630467
0.7993291439328875
0.7759115525654384
0.7686310194219862
0.7896323410102299
0.7976458970138005
0.7731587091514043
0.7929826581478119
0.7812128097670419
0.7780071387972151
0.7685221494947161
0.7625392603874207
0.7511180480888912
0.7691068737847464
0.7532507266317096
0.7673641586303711
0.7654725071362086
0.7570746101651873
0.733153202363423
0.748140128169741
0.7344795652798244
0.7422400014741081
0.7421485049383981
0.7442854756968362
0.7375512725966318
0.7472683082308088
0.7419485116004944
0.7374087485245296
0.7410934151921953
0.7216904429027012
0.72865585735866
0.7139565665381296
0.7194979126112802
0.7161098432540893
0.7274229468618121
0.7211461968081339
0.7155411325182234
0.6999000694070544
0.7252565719400134
0.7050028445039477
0.7099470981529781
0.7087359573159899
0.7125026985577174
0.7060170613016401
0.6981496010507856
0.7098438608646392
0.7106269243785314
0.6863676503726415
0.7086096695491246
0.6912424033028739
0.6918224055426462
0.6872484990528651
0.6750418312208993
0.7095149440424783
0.6734293912138257
0.6778648182324001
0.6596244917597089
0.6814231264591217
0.6873775058133261
0.6730833186422076
0.6722096192836762
0.6679475559507098
0.678391512972968
0.6695794991084507
0.666749096938542
0.664987975358963
0.6687856772967747
0.6644561704567501
0.6567795709201267
0.6467807837894984
0.6558579351220812
0.6576175001689366
0.6784198035512652
0.6557067375523703
0.6584467216900417
0.642380382163184
0.6430771841321673
0.637422149351665
0.6511428223337445
0.6379470155920302
0.6390878198828016
0.6380555297647204
0.6403915580681392
0.6437981368814196
0.6357308197021484
0.6418408157144274
0.6310671882969993
0.6268806881564004
0.6133173176220486
0.6234755991186415
0.6303160868372236
0.6270564137186323
0.6270224717685154
0.6153547804696219
0.6286740565299987
0.6391882693767548
0.6309203488486154
0.6356645493847983
0.621943610225405
0.6054425409861973
0.6183635086672646
0.5984686497279575
0.625506317274911
0.6114858312266214
0.611319579567228
0.6105125837666647
0.6067745419910976
0.6189869196074349
0.6042342366491045
0.6147129847322191
0.6212671376977648
0.60419513463974
0.596489725453513
0.6124210975851332
0.5891265359946659
0.6108034835542951
0.608104190826416
0.601440976347242
0.6019327918120793
0.5924310731887817
0.5838117568833487
0.5728249837671008
0.5881059403078897
0.5957460674217769
0.5927517708710262
0.585551163979939
0.5910701252732958
0.5804141160420009
0.5734579905441829
0.5872826589856829
0.5926101204327174
0.5803320130280086
0.5730403964860099
0.5737569000039782
0.5787483208520072
0.5822399634974343
0.5706786099502018
0.5748256521565573
0.5797290010111672
0.5725394412449428
0.5614947368417468
0.5735497004645211
0.5706585311889648
0.5594014530522483
0.5705661925247737
0.5653014399324144
0.5785524662903377
0.5632903563976288
0.5665043665681566
0.5548818404333932
0.5649025208609445
0.5728728675842285
0.5671846379552569
0.5623633987562997
0.571181048154831
0.5550730570725032
0.5465429963384356
0.5602291148049491
0.5524027851649693
0.5640076054845538
0.5553572368621826
0.5696268095288958
