0.27274666690826416
0.3590400006771088
0.4029333336353302
0.4247466673851013
0.4511466679573059
0.47360000014305115
0.4881066665649414
0.49194666695594785
0.5003733339309693
0.5099199991226196
0.5252266654968262
0.5404799976348877
0.5425600001811981
0.5372266654968262
0.5559466660022736
0.5510933320522309
0.5647466650009155
0.5501866667270661
0.5663999984264374
0.566933333158493
0.5634666664600372
0.5860799970626831
0.5858133311271667
0.5889599974155426
0.5857599980831146
0.5844799993038178
0.5821333334445954
0.573706666469574
0.5942933344841004
0.6067199997901916
0.6077866666316986
0.609546665430069
0.6156266677379608
0.5942399997711182
0.6089600012302399
0.6252266643047333
0.6266666676998138
0.6181333315372467
0.6164266653060914
0.6240000002384186
0.627733332157135
0.6236266689300537
0.6396266674995422
0.6314666635990143
0.6366933333873749
0.6332799997329712
0.6344533331394195
0.628533329963684
0.6302933325767517
0.6451199986934661
0.6246400015354157
0.6463466675281525
0.6499199995994568
0.6429333322048187
0.6486399991512298
0.6526399986743927
0.6439999985694885
0.66410666680336
0.6533333349227906
0.6609599986076355
0.6602666671276093
0.6731733329296112
0.6619200015068054
0.6606400001049042
0.6634133293628692
0.6618133339881896
0.6674133331775666
0.6708800010681152
0.6633599991798401
0.6806933321952819
0.6776533379554749
0.6634666666984558
0.6825066652297974
0.6562133314609527
0.6756266667842865
0.6743466663360596
0.6820800004005432
0.6818666644096375
0.675946668624878
0.6801066646575927
0.684639997959137
0.6812266659736633
0.7015466668605804
0.6766399993896485
0.6767466669082641
0.6934399979114533
0.6864533314704895
0.6848000011444092
0.6913599987030029
0.6845333337783813
0.6940266671180725
0.6858666658401489
0.6955733332633972
0.687520001411438
0.689173330783844
0.6831466674804687
0.6902400000095368
0.6892799997329712
0.6885333318710327
0.6919466643333435
0.6979200007915497
0.6883200001716614
0.7075199999809265
0.6973333344459534
0.699360002040863
0.6978666648864746
0.699093331336975
0.7028799970149994
0.6993066663742066
0.6974933326244355
0.7034133334159851
0.7048533329963684
0.7053333349227905
0.7060266673564911
0.7053333330154419
0.7084266695976257
0.710986668586731
0.7048533310890198
0.7074666647911072
0.7166933317184448
0.7118399996757507
0.7109333343505859
0.7153066697120667
0.7118399991989136
0.7118400020599365
0.7052266674041748
0.7194133355617524
0.7105600018501281
0.723093334197998
0.7246400003433228
0.7228266634941101
0.7229333333969116
0.7275199995040894
0.7232533316612244
0.7258133320808411
0.7161066679954529
0.7342399978637695
0.7229333353042603
0.7139733340740204
0.7268266649246216
0.7198933310508728
0.730719997882843
0.7245866656303406
0.7255466670989991
0.7287466678619384
0.7262933325767517
0.723306667804718
0.7313066687583923
0.7416533370018006
0.7329066653251648
0.738666666507721
0.7228799986839295
0.7273600001335144
0.7246933307647705
0.7404800000190734
0.7288000001907349
0.7310399975776672
0.7423466668128967
0.7357866649627686
0.7283733344078064
0.7375466670989991
0.7453866648674011
0.7361600022315979
0.7378666667938233
0.7355199999809265
0.7398400020599365
0.7336000018119812
0.7383999981880188
0.7409600014686585
0.7430399975776673
0.730453332901001
0.7483733339309693
0.7391466665267944
0.7458133339881897
0.7425600008964539
0.7477866659164428
0.7431466650962829
0.7418133320808411
0.7534400000572204
0.7442133321762084
0.7548266654014587
0.7491200022697448
0.7426133332252502
0.7462400002479553
0.7457599983215332
0.7352533330917358
0.7357333316802979
0.7514133334159852
0.741173330783844
0.7497066693305969
0.7421333336830139
0.7571199998855591
0.7437333340644836
0.7548799967765808
0.7501866664886475
0.7549866662025452
0.7549866681098938
0.7561066665649414
0.7554666690826416
0.7505600028038025
0.7561600027084351
0.7518400001525879
0.7472533307075501
0.7564266653060913
0.758239999294281
0.7593600006103516
0.7628800024986268
0.7556800007820129
0.7588800024986267
0.7506666679382324
0.7611199975013733
0.7647466640472412
0.7580799984931946
0.7534400024414063
0.7621866664886474
0.748160002231598
0.7536533341407776
0.7554666652679444
0.7578666677474976
0.7637333345413208
0.7590399994850159
0.7614933323860168
0.7718933339118957
0.7583999977111816
0.7635199999809266
0.7541866655349732
0.7596799983978272
0.7557866678237916
0.7720000038146972
0.7593599991798401
0.7673066635131836
0.7665066680908204
0.7557866673469543
0.7678399982452393
0.7630399966239929
0.7715733332633972
0.7707733345031739
0.7582933354377747
0.7651733360290527
0.7606399989128113
0.7666666674613952
0.7596800017356873
0.7711999988555909
0.761333333492279
0.767733335018158
0.7728533325195313
0.7631466636657714
0.7701866664886474
0.7705066657066345
0.7749866647720337
0.7642666687965393
0.7742933325767517
0.7801066651344299
0.7634133319854737
0.775199999332428
0.7752533349990844
0.7764799981117249
0.7661866645812988
0.7666133332252503
0.7638399977684021
0.7694933319091797
0.7671466646194458
0.778346664905548
0.7677866654396057
0.7780266647338867
0.7680533351898193
0.7724266686439514
0.7696533317565918
0.7732266659736633
0.7790933332443237
0.7790399985313415
0.771520001411438
0.7794133291244507
0.7755199990272522
0.7721066651344299
0.7724799976348877
0.7756799983978272
0.7793599996566772
0.7844266653060913
0.7828800001144409
0.7691200008392334
0.7759999985694885
0.7775466675758362
0.7824533333778382
0.7832533340454102
0.7894933314323426
0.787306667804718
0.7842666664123535
0.7825599994659423
0.7820266656875611
0.7768533339500427
0.7802666659355164
0.7819200000762939
0.7912533321380615
0.7748800001144409
0.7882666664123535
0.7817600002288818
0.781546667098999
0.7812800011634826
0.7813866686820984
0.7907733311653137
0.7854400019645691
0.7839466676712036
0.7883733325004577
0.7839999995231628
0.7803199973106384
0.7803733325004578
0.783253333568573
0.7830399985313415
0.7861866688728333
0.7769066643714905
0.7915199961662293
0.7771733312606811
0.7807999982833862
0.7908266673088074
0.7862400012016296
0.782773334980011
0.7861333332061767
0.7916800003051758
0.7893866658210754
0.7915200009346008
0.7873066663742065
0.7874133343696594
0.7813866672515869
0.7983466682434082
0.7941866669654846
0.793706666469574
0.7832533330917358
0.7996266660690308
0.7885866646766663
0.8002666668891907
0.7987733335494995
0.798239999294281
0.7902933292388916
0.7963200030326844
0.7898666663169861
0.7859733328819275
0.7893333325386047
0.798293333530426
0.7934933323860168
0.7915733327865601
0.79989333486557
0.7959999985694886
0.7929066677093506
0.7946133351325989
0.7959466671943665
0.799466667175293
0.8003733339309692
0.7938666691780091
0.7972266654968262
0.7910933346748352
0.7977599978446961
0.7860266642570496
0.7996799993515015
0.8051200017929078
0.7939733309745789
0.7887999992370606
0.7938666682243347
0.7979199995994568
0.8010666651725769
0.8008533339500428
0.8061866679191589
0.798293336391449
0.7965333309173585
0.796479998588562
0.7972800025939941
0.8039999976158142
0.7941333332061767
0.796586667060852
0.7971200008392334
0.7975466713905335
0.7909333329200745
0.8007999987602233
0.7936533341407775
0.7988799996376038
0.7969066643714905
0.8025066690444946
0.7989866642951965
0.7979733300209045
0.8010666661262512
0.798560001373291
0.8000000009536743
0.8081066665649415
0.800373330116272
0.7879466691017151
0.800053331375122
0.8009599976539612
0.7971733345985412
0.8015466647148133
0.798239999294281
0.8105600004196167
0.806293333530426
0.8094400029182434
0.8052266674041748
0.8106133337020874
0.8027733330726623
0.8074666652679443
0.7986133365631104
0.7972266640663147
0.8154133353233337
0.8079466681480407
0.8085866651535034
0.7975999984741211
0.8034666666984558
0.7971733326911926
0.8045866646766663
0.8062400012016296
0.8021866655349732
0.8133333330154419
0.8136000003814697
0.814773334980011
0.8013866653442383
0.8146666646003723
0.8129066672325135
0.8083733320236206
0.8136000013351441
0.802026665687561
0.8117333326339722
0.8075200004577636
0.8121066660881042
0.8096533336639404
0.8138133335113525
0.8003199963569642
0.8061333355903626
0.815626667022705
0.8076799988746644
0.8151999979019166
0.8098666653633118
0.8104000020027161
0.8139200010299683
0.8100266647338867
0.811626667022705
0.8035733337402344
0.8065066628456116
0.8114666652679443
0.8133333320617676
0.8101333322525024
0.8129600028991699
0.813066668510437
0.8216533336639404
0.8101333336830139
0.8041066665649415
0.8138133335113525
0.8062400007247925
0.810346667766571
0.8138666682243347
0.8005866680145264
0.8086933312416077
0.8145600004196167
0.8182933330535889
0.8175999975204468
0.8058666677474976
0.8132799987792969
0.8124799981117249
0.8163733334541321
0.8115733346939087
0.8045333352088928
0.8161066675186157
0.8105599994659424
0.8096000022888183
0.8212266664505005
0.8105066647529602
0.828479998588562
0.8158933343887329
0.8168533339500427
0.8145066685676575
0.8115733342170716
0.8100799970626831
0.82021333360672
0.8235733327865601
0.8265600008964539
0.8147200016975403
0.8174399995803833
0.8177066640853882
0.8075733327865601
0.8227733306884766
0.8016533317565918
0.8238933334350586
0.8262400002479553
0.8165333328247071
0.818560001373291
0.8050133347511291
0.8215466690063477
0.817706666469574
0.8174933338165283
0.8212800025939941
0.8189866676330566
0.8210133328437805
0.8203200001716614
0.8341333365440369
0.811946665763855
0.8148266658782959
0.8175466666221619
0.8166400012969971
0.8125333333015442
0.816
0.8232533340454101
0.8090133337974549
0.8255466656684876
0.8301333308219909
0.8131733331680298
