4.5993695096969605
1.8510096588134766
1.7399933967590333
1.678111554145813
1.5842059955596923
1.5435189266204834
1.4985594911575317
1.476566226005554
1.4579956221580506
1.4178738017082215
1.3777896599769592
1.3470154237747192
1.3358578310012816
1.3466459097862244
1.2986218948364259
1.2984647693634033
1.2707382736206054
1.3056625647544862
1.261879491329193
1.2671295022964477
1.2713723526000977
1.224811004638672
1.2092061576843263
1.1974358477592468
1.2060235247612
1.2005448188781738
1.2173987278938294
1.2320955748558045
1.1846667451858521
1.1440686626434327
1.1339299092292785
1.1327119483947754
1.123077320575714
1.1805752201080322
1.142663736820221
1.0965804562568664
1.0865664644241333
1.0971356081962584
1.1072826571464538
1.1002586088180542
1.0774485807418823
1.1046220598220826
1.047565589427948
1.07366450881958
1.049005633831024
1.0577766275405884
1.059672911643982
1.0716001586914063
1.0682058820724487
1.0326092448234558
1.0725959186553955
1.0341211476325989
1.016271050453186
1.0321079316139221
1.0172609372138977
0.9998170757293701
1.035795057296753
0.9762293586730957
1.0091934018135071
0.9928732872009277
0.9811702795028686
0.9639039397239685
0.9731682624816894
0.9866534852981568
0.978815673828125
0.9781420450210572
0.9679365801811218
0.9726448822021484
0.9701704740524292
0.9292286059856415
0.9345840573310852
0.9739813480377197
0.9171213011741638
0.9860999102592468
0.9249787621498108
0.9450622410774231
0.9185219898223876
0.9166743855476379
0.9390320806503296
0.9266520180702209
0.9168032827377319
0.9109591541290283
0.8687712669372558
0.9277855186462403
0.9339537193775177
0.9010355792045593
0.9082617969512939
0.9067987713813782
0.8966750648021699
0.9044420912265777
0.8735645816326142
0.9085754823684692
0.8691712293624878
0.8953109731674195
0.8898641138076783
0.9002060277462005
0.8882955493927002
0.9010111021995545
0.8940510535240174
0.8808116779327393
0.8689581279754639
0.8915728001594544
0.8406307716369629
0.8707140002250672
0.8584066572189331
0.8634915723800659
0.8525251502990723
0.8457080538272858
0.8615003538131714
0.8732033729553222
0.8568863198757172
0.8515518975257873
0.8497261517047882
0.8507927188873291
0.8427419228553772
0.8422722651958465
0.8340145514011383
0.844677479505539
0.8380146493911743
0.8204392664432526
0.8169711663722992
0.8198752026557923
0.8235125050544739
0.8152176351547241
0.8314114842414856
0.8510091788768769
0.8062481367588044
0.8235604374408722
0.7929508063793183
0.7854952468872071
0.7873594372272491
0.7899370181560517
0.7892148435115814
0.7928585381507873
0.7871765687465667
0.8085759553909302
0.7634127690792084
0.7930088484287262
0.8182279965877532
0.7861458110809326
0.8013597798347473
0.7744785578250885
0.7830578634738922
0.7913841564655304
0.7868714079856872
0.7815612058639526
0.791137957572937
0.7693416559696198
0.7394056341648102
0.7615657756328583
0.7468277134895325
0.787171221256256
0.7787665190696716
0.7837380075454712
0.7424862241744995
0.7789033329486847
0.7640541033744812
0.7346542775630951
0.7533678731918335
0.7718465960025788
0.7589404227733612
0.7358663992881775
0.7510396950244903
0.7379049458503724
0.7571893935203552
0.7361153883934021
0.7576564712524414
0.7516443512439728
0.7355366575717927
0.7405461602210999
0.7666049430370331
0.7239616572856903
0.7460113866329193
0.7208617889881134
0.7305309617519379
0.7226757404804229
0.7376956057548523
0.7424523077011108
0.7014259555339813
0.7331180915832519
0.6976588387489319
0.7134504344463348
0.7294248640537262
0.7096541163921356
0.7220802593231201
0.7446138772964478
0.7395386602878571
0.7058714656829834
0.7368523252010345
0.71526238656044
0.7333873279094696
0.6916878829002381
0.7224967837333679
0.6945291662216186
0.7095693566799164
0.706189561843872
0.6944658465385437
0.6985215275287628
0.6933761630058288
0.715650358915329
0.6935595955848693
0.7160809590816498
0.714795639038086
0.685033757686615
0.6859875817298889
0.6839360039234161
0.6732325887680054
0.6890146930217743
0.6817503218650818
0.7050326616764069
0.6805034382343292
0.6603235478401184
0.6813710668087005
0.699330275297165
0.6809920709133148
0.7048575468063355
0.6982025992870331
0.6924609735012054
0.6823538482189179
0.676962096452713
0.6855073461532593
0.6796287658214569
0.6482748401165008
0.6777830493450164
0.6715026497840881
0.6968213453292846
0.6901744148731231
0.6972123415470123
0.6516066529750824
0.6862772612571716
0.6543769977092743
0.6664859845638275
0.6857828476428985
0.6556030478477478
0.6742218840122223
0.6504915897846222
0.6558588981628418
0.6806900992393493
0.6594644114971161
0.6721536989212036
0.6655997803211212
0.6827737743854523
0.6522732391357422
0.6875238919258118
0.6624238610267639
0.6503611199855804
0.6686331794261933
0.6506939651966095
0.6586867165565491
0.6441075897216797
0.6752782657146453
0.639163388967514
0.6279470665454865
0.66506179189682
0.6325400655269623
0.6361178135871888
0.6425177321434021
0.6672956948280334
0.6597775404453278
0.6641598017215729
0.6502032763957978
0.6501633560657502
0.6307975594997406
0.6617724859714508
0.6267417743206024
0.650812620639801
0.6407093179225921
0.644357043504715
0.6381263518333435
0.6289233045578003
0.6283880162239075
0.6453740277290344
0.6122557203769684
0.6182425360679626
0.6396105325222016
0.659082725405693
0.6382044532299042
0.6228297162055969
0.6025793197154998
0.6147547779083252
0.6487440643310547
0.6361978120803833
0.6270308859348297
0.6245280758142472
0.6094883046150208
0.5905581961870193
0.6003112761974335
0.6148695406913758
0.6099992997646332
0.6200662355422973
0.6195825262069702
0.6206410241127014
0.6115602979660034
0.5941417398452759
0.6279900686740876
0.5937698154449463
0.614362722158432
0.6148680634498597
0.6167072887420655
0.60783385014534
0.59241748046875
0.6140074174404144
0.6107698328495026
0.5988136687278748
0.6110096018314362
0.6150141336917877
0.6304102501869202
0.6157698529958725
0.6151028119325638
0.6015694210529328
0.6254727997779846
0.5864775128364563
0.6219856657981873
0.60957883810997
0.5794573657512665
0.6060841878652573
0.6136292972564698
0.5924000065326691
0.5848907898664475
0.5982331235408783
0.596949513912201
0.5913750114440918
0.6012407425642013
0.6131051342487335
0.5721749277114868
0.5883748977184295
0.5807210434675216
0.6104051628112793
0.5734715991020203
0.587266526222229
0.5617597042322159
0.5686572592258453
0.5724434869289399
0.5897068895101547
0.5751577653884887
0.5860446121692657
0.5980750346183776
0.6008710856437683
0.5738722792863846
0.5912373099327087
0.5870381062030792
0.5601352753639222
0.5676029629707336
0.5841414254903793
0.5785693595409394
0.5812009395360946
0.5674041705131531
0.5693919315338135
0.5823356139659882
0.5742111628055573
0.5839807875156403
0.572883427619934
0.5975509192943573
0.5609338011741638
0.5492672581672668
0.5836266815662384
0.5898532699346543
0.583093551158905
0.569716102361679
0.5595527153015136
0.5698967180252075
0.5451739653348923
0.5708679015636444
0.573900407075882
0.5724343812465668
0.5675366582870484
0.5513299109935761
0.5754427864551545
0.5651679563522339
0.5616424287557602
0.5713287930488586
0.5821609411239624
0.5560570515394211
0.5666555590629577
0.5696284869909286
0.5669562797546387
0.5522873730659484
0.554618305683136
0.569582491159439
0.5539835011959076
0.559602594614029
0.5686230931282044
0.5497054717540741
0.5572903521060943
0.5930163309574127
0.5682322430610657
0.5600164778232575
0.573908255815506
0.5594407675266266
0.5742649350166321
0.532610204577446
0.5444142780303955
0.5415605314970017
0.5453464076519012
0.5319560103416443
0.5567619993686675
0.5381636221408844
0.5633077051639557
0.5657975417375565
0.5224900287389755
0.5451670534610749
0.5410195404291153
0.567942801952362
0.5541615027189255
0.573938529253006
0.5458277704715728
0.5430747743844986
0.554475811958313
0.5240672880411148
0.5226705793142319
0.5314862483739853
0.5602406269311905
0.5231106674671173
0.5220142991542817
0.5389700348377228
0.5359591044187546
0.5547311172485352
0.5271906636953354
0.5403335664272308
0.5298299195766449
0.5333166278600693
0.5362157480716705
0.5590019629001618
0.5406553177833557
0.516166056752205
0.545402214050293
0.525953987121582
0.5324941180944442
0.5345810914039612
0.531285747051239
0.5271684547662735
0.5314649220705032
0.5499810736179351
0.5490258458852768
0.5310594425201416
0.5256740175485611
0.5263762816190719
0.5242948287725449
0.5258608568906784
0.4946873136758804
0.5330136827230454
0.5463670198917389
0.5127322039604187
0.536959956407547
0.5381504652500153
0.5298565977811813
0.5537120703458785
0.5311189482212066
0.5198081644773483
0.5036330971717834
0.5120009644031525
0.545591200351715
0.5149391746520996
0.5242652131319046
0.5111289061307908
0.5341038210391998
0.5362486162185669
0.5167826635837555
0.5287774238586426
0.5321960668563843
0.5083883955478669
0.5252618119716644
0.4812673088312149
0.5059503785371781
0.5147176985740661
0.5187991601228714
0.5277171522378922
0.5300031464099884
0.5099656431674957
0.5011655217409134
0.4940060687065124
0.5225225161314011
0.5076054594516755
0.5146541388034821
0.5298447848558426
0.49546388125419616
0.5491276636123658
0.49089114999771116
0.4930033278465271
0.5126968077421188
0.5069680469036102
0.5314131665229798
0.5070607678890229
0.5171957218647003
0.514117982506752
0.5029094675779343
0.5062535963058472
0.49643616676330565
0.5151270129084587
0.4768616471290588
0.5297326455116272
0.5215517566204071
0.5136876926422119
0.5113631470203399
0.5206590197086334
0.5125493782758713
0.4945859494209289
0.5350134831666946
0.4964622578620911
0.48165865790843965
0.5194593321084976
