5.064716667175293
1.8741244955062866
1.7577433109283447
1.6647649536132811
1.6042119159698487
1.5847342414855956
1.5371813163757324
1.4999517316818238
1.4510836544036865
1.4456712427139282
1.3931200804710389
1.3838774333000183
1.3513954167366027
1.3554197854995726
1.3366787776947022
1.321734781265259
1.3110924406051636
1.3053004574775695
1.2969060497283935
1.2773795971870423
1.2274839615821838
1.2460907773971557
1.2542235341072083
1.2222018284797669
1.2165438251495362
1.2030635585784912
1.2178968205451965
1.1751806640625
1.1659358057975768
1.2002164850234984
1.1607737469673156
1.189115071773529
1.149497708797455
1.118966775894165
1.1372449412345886
1.1339938311576843
1.1250545835494996
1.1113369340896606
1.0983257813453675
1.1075923714637756
1.0801131272315978
1.0847528190612794
1.0857866144180297
1.0749661474227905
1.0597967715263368
1.0448210000991822
1.040870219707489
1.0415559773445129
1.0536449608802796
1.0545641436576842
1.0465665497779846
1.0289694123268127
1.023378843307495
1.0312763605117798
1.020583342552185
1.041250578403473
1.011309184074402
1.012111521244049
1.0152634878158568
1.0215231084823608
0.9976743054389954
1.0200452876091004
0.9835279521942139
0.9965943360328674
0.9901432971954346
0.984325508594513
0.960633734703064
0.9831423983573914
0.9643336563110352
0.9396614511013031
0.9544866869449615
0.9549644060134888
0.9484552249908448
0.956425329208374
0.9656892766952515
0.9344298951625823
0.9342342915534974
0.9345953776836395
0.928031539440155
0.9464844131469726
0.927160834312439
0.9415609068870544
0.9275511112213135
0.9204294815063476
0.9026874265670777
0.895738439321518
0.8976923060417176
0.919382887840271
0.8948957211971283
0.8852871985435485
0.8964018337726593
0.8967960181236267
0.8738365001678466
0.8879568743705749
0.8680946283340454
0.8641958153247833
0.8808531074523925
0.852699723482132
0.8958618261814117
0.8826030554771424
0.8936506323814392
0.8685961601734161
0.8778496923446655
0.868003166437149
0.8516453726291656
0.8677351729869842
0.8529331755638122
0.8520835566520691
0.8240576572418213
0.866241346359253
0.8627261252403259
0.8313741788864136
0.8269801006317139
0.8353165471553803
0.8472872381210327
0.8401754722595215
0.8325653183460235
0.8161070146560669
0.8361033902168274
0.8245707533359528
0.8243695805072785
0.8111720681190491
0.8022652926445007
0.8231000967025757
0.817372948884964
0.834872866153717
0.7790823094844818
0.8093526134490967
0.8016834046840667
0.7913674492835998
0.8086307325363159
0.7964705979824066
0.8082706973552704
0.8331451468467712
0.7884734141826629
0.794055123090744
0.8211759803295136
0.8111326005458832
0.8224317815303802
0.783841255903244
0.7726326496601105
0.7949894280433655
0.7973122816085816
0.7680673742294312
0.7816677904129028
0.7887668993473053
0.7828862557411194
0.7804535460472107
0.799615864276886
0.76985471534729
0.7620109930038452
0.7843630232810974
0.772950085401535
0.7490947065353394
0.7601659979820251
0.7552136669158935
0.7649808237552643
0.7747042593955994
0.7697741589546203
0.7619677288532257
0.7471377005577088
0.7476945540904999
0.7546469707489014
0.7413995280265808
0.7637683022022247
0.7230017023086548
0.7817412638664245
0.7639350368976593
0.7527587735652923
0.7709525620937348
0.7455219855308532
0.7409653425216675
0.7221691732406617
0.744903035402298
0.7265790761709213
0.7399569034576416
0.7574247472286224
0.7347543873786926
0.7450811038017273
0.725387763261795
0.7376119420528412
0.7161209926605224
0.7365224273204803
0.7145864133834838
0.7175634601116181
0.7007154214382172
0.7379847853183746
0.6992619898319244
0.6881709034442902
0.7298787677288056
0.72690931224823
0.709779426574707
0.7006632080078125
0.7326201264858245
0.7069286797046661
0.7131631572246552
0.7196007661819458
0.6870571186542511
0.7327100241184235
0.6857347209453583
0.7081923544406891
0.7102718932628631
0.7051406664848328
0.7083675620555878
0.7054355700016022
0.7080900316238403
0.7036439664363862
0.7086566848754883
0.7078309457302093
0.6846280198097229
0.6804994697570801
0.6882516267299652
0.7062920939922332
0.7023827579021454
0.7013097236156464
0.6931379191875457
0.6798763616085053
0.6646968195438385
0.6942789936065674
0.6996626846790314
0.6765427546501159
0.6564236509799958
0.6922793488502502
0.698430734872818
0.6737790849208832
0.6665462464094162
0.6617465145587921
0.6808110291957855
0.6481006047725677
0.6726134161949158
0.6662534976005554
0.6573044099807739
0.6745529744625092
0.6596412343978881
0.6701947476863861
0.661132675409317
0.671125382900238
0.6533936579227447
0.650452522277832
0.6558219153881073
0.6448279590606689
0.6642195987701416
0.6688129870891572
0.6117829618453979
0.6617228693962097
0.6614784104824066
0.6656840484142303
0.6289965970516205
0.6538641993999481
0.6447194948196411
0.6389522266387939
0.64114613199234
0.6304556012153626
0.6216295907497406
0.6491842362880706
0.6476514618396759
0.6218447980880737
0.6347788426876068
0.6557506082057953
0.6553256428241729
0.6200847151279449
0.6268468542098999
0.6199334456920623
0.6481534677743912
0.6349179528951645
0.6354428441524506
0.6158143951892853
0.6329423878192901
0.6335451369285583
0.6327564380168915
0.6469495353698731
0.6194213850498199
0.625546573638916
0.6375547480583191
0.6250227015018464
0.6266608099937439
0.6216928679943085
0.6069939213991166
0.6249819589853287
0.6288632621765137
0.641921021938324
0.5985071905851365
0.6164355421066284
0.6417854348421097
0.6105606486797333
0.6299293553829193
0.6232400119304657
0.6167472124099731
0.5986546788215638
0.6255358064174652
0.604586128115654
0.6063471193313599
0.6191712367534637
0.6290051081180572
0.6311815032958984
0.623061086177826
0.6137582626342774
0.6215887048244476
0.6028789367675781
0.6046198699474334
0.6006344861984253
0.6026836944818497
0.5889872844219208
0.6181408843994141
0.5982061445713043
0.5951304790973664
0.605849630355835
0.5821666588783264
0.5886106699705124
0.5658403160572052
0.5781100862026215
0.5776287338733673
0.5890082075595856
0.5989350266456605
0.5968340187072754
0.5931321048736572
0.5882336907386779
0.5801900185346603
0.5957177572250366
0.5986791181564332
0.5655946259498597
0.5758504465818405
0.5938449411392211
0.5813291592597961
0.5950043160915375
0.5874547579288483
0.5743540740013122
0.5836199827194214
0.5714468595981598
0.5796025092601776
0.5904104406833649
0.5837197270393372
0.5796235301494599
0.5902465180158615
0.5747325887680054
0.5829542987346649
0.5762412407398224
0.5834424769878388
0.5806106050014496
0.5662257921695709
0.5620483547449112
0.5924529612064362
0.58586465883255
0.5765770378112793
0.5737691081762314
0.5982896411418914
0.5681163285970687
0.5588351826667786
0.5709794390201569
0.5786144285202026
0.5695540041923522
0.5832424330711364
0.562589967250824
0.5732208788394928
0.5733266744613648
0.5616119513511658
0.5621208349466323
0.5400998737812043
0.5497743253707885
0.5816963064670563
0.5573555603027344
0.5569031713008881
0.5767249035835266
0.5648983638286591
0.5787593030929565
0.5436923980712891
0.5509729480743408
0.5576129167079925
0.5566042172908783
0.5598020936250687
0.5473404350280762
0.5610835670232773
0.5444752368927002
0.5630228831768036
0.5403765863180161
0.5343471245765686
0.5650198044776916
0.5401569666862488
0.5618405722379685
0.5532807767391205
0.5576174719333649
0.5494089480638504
0.5809448723793029
0.5384789997339249
0.5305450932979584
0.5240558770895004
0.5461025900840759
0.5451355184316635
0.5512176048755646
0.5250202718973159
0.553813200712204
0.5375393457412719
0.5287126030921936
0.5356625388860703
0.5349648480415344
0.5551075179576874
0.5386312364339828
0.521494794011116
0.5562753640413284
0.5517317777872086
0.5296595734357834
0.5113878827095032
0.5190946877002716
0.519031094789505
0.5310966506004333
0.5510723847150802
0.5497818543910981
0.5242989573478699
0.5311429557800293
0.5243349275588989
0.5418685975074768
0.5194922664165497
0.5410955677032471
0.5149017616510391
0.5135150663852691
0.536990462899208
0.5330535547733307
0.5168696300983429
0.5210133483409881
0.5374978781938553
0.5034155784845352
0.5256115944385529
0.5239005266427994
0.5148751658201217
0.5153825860023499
0.517610689163208
0.5129020488262177
0.5308409194946289
0.5097384432554245
0.5219635080099105
0.531966911315918
0.5381479456424713
0.5071241607666016
0.5008901370763779
0.5201583659648895
0.5165726941823959
0.5044967827796936
0.5094760688543319
0.5057264868021011
0.5209968572854996
0.5265185189247131
0.49354354512691495
0.5210436134338379
0.4978077095746994
0.5272645952701569
0.48797874069213865
0.5221770834922791
0.515463809967041
0.5314009563922882
0.5066562094688416
0.5015826799869537
0.515034823179245
0.50367758923769
0.5160116304159165
0.5025192624330521
0.5155250643491744
0.5130950808525085
0.5004058482646943
0.5058847868442535
0.5161891330480576
0.5100785081386566
0.5272281974554062
0.5162697526216506
0.4977481787204742
0.5062214862108231
0.49667513501644134
0.514345181465149
0.5243582082986832
0.507014848947525
0.5258574723005295
0.513284928202629
0.5169141145944596
0.5011352093219757
0.5022857613563537
0.5187447576522827
0.5217840280532837
0.5114821282625198
0.4876785228252411
0.5123358036279678
0.5053813736438751
0.5029798610210419
0.5015891803503036
0.4836588069200516
0.503614686846733
0.5160376580953598
0.48319291639328005
0.4995612961053848
0.5057071993350982
0.5185804437398911
0.4774694105386734
0.4759287831783295
0.4916718314886093
0.4981986402273178
0.5155103528499603
0.48559931802749634
0.495040757894516
0.5161317753791809
0.5153147304058074
0.4828053958415985
0.510406232714653
0.4831221204996109
