0.24168350073424252
0.3038383833687715
0.35643097683034763
0.37915824910607
0.41198653343952063
0.4263299661453324
0.44996632861368585
0.46306397216488615
0.47616161390988515
0.49016834900836753
0.5091919167475267
0.5172390588606247
0.5305723879072402
0.5384848494120319
0.5505723899061029
0.5592929257286919
0.5654882165518674
0.5770033676214893
0.5889225590108621
0.5925925949005165
0.6081818164599062
0.606329964266883
0.610101008656049
0.6136026918286025
0.6253872044158705
0.6390235694971952
0.6425589244775097
0.6432659902957955
0.644444445166925
0.6609764327906599
0.6603030291470614
0.6721548811353818
0.673164984192511
0.6740404060392668
0.6849494961777118
0.6903366988355463
0.7077104389065444
0.7119191927139206
0.7087878783543905
0.7129966327638337
0.7200000015172091
0.7207744085427487
0.7209090957737933
0.7159932671171246
0.7326599329408973
0.737306398574752
0.7374074073752972
0.7394612822869812
0.7453535349682124
0.7550841714396621
0.7514141430758466
0.7657239039738973
0.7617508437898424
0.7655218821583372
0.7691919201552265
0.7699326595874748
0.7735353539688419
0.7731986527491097
0.7776430977715386
0.7873063960460701
0.7887878779209021
0.7864309784137842
0.7951178424286119
0.791077439833169
0.7963636342925254
0.7996969686614143
0.8041414124797089
0.8037037036635659
0.8088552193208174
0.8149158268263845
0.8166329920893968
0.820740738300362
0.8211111119299224
0.8179797981724595
0.8255218851445901
0.8207070713091378
0.8280134712806856
0.8281144740605595
0.8252525281424474
0.8422895609730422
0.8322222244859946
0.8379461265573598
0.8390909048041912
0.8392929296300868
0.8406397333048811
0.8445117810759881
0.8424915803803338
0.8525589210818513
0.8427609415969464
0.8472390578250693
0.8502356891680245
0.8488552185020062
0.8534680147363682
0.8584511767734181
0.8565319848783088
0.8604377098757812
0.8565656530736673
0.8631313136129668
0.8613468035302981
0.8630303054144888
0.8649831618925538
0.8670370356001035
0.8663973067746018
0.8667340055860654
0.8663973073766689
0.8695959575248488
0.8675757580333285
0.8687878792936151
0.8741750819514497
0.88353535502848
0.876835018095344
0.8742760943643975
0.8801010112569789
0.8805723894726146
0.8776430957245104
0.8785185205816018
0.8811784537151607
0.8821548807500589
0.88218855255782
0.8815151525266243
0.8904377107668404
0.8846801326732443
0.8886195288764106
0.889494948314898
0.8889562282899414
0.8857912445309186
0.8884175064587834
0.8954882146132113
0.8939057239378342
0.8960942734371532
0.892525255078017
0.8933670027087434
0.8944107769715666
0.8908754243995204
0.8991582520080336
0.8963973058594598
0.8974410759078132
0.9001010150620432
0.9000336684361853
0.9036026892035899
0.9002020172398499
0.8975420877186939
0.9001010078372378
0.9061616201593419
0.9042424264580312
0.9091245827048716
0.9019865333431899
0.9044107740575617
0.9037037052289404
0.9088888890815504
0.9082154884482875
0.908518520870594
0.9107070727781816
0.9083501714648623
0.9115824934208032
0.9136363647200845
0.9105050533708899
0.9140404041367348
0.9110101009860183
0.9065656559635894
0.9136363647200845
0.9120202022369461
0.9087542102794455
0.9154545496208499
0.9183838391544843
0.9178114503321021
0.9171043796972795
0.9187205415783506
0.916026937841165
0.9116498358321913
0.9165993308780169
0.9137037083356068
0.9174074091092504
0.9228282817686447
0.9225589253685691
0.9175420891154896
0.9270370397904907
0.9207744140817662
0.923131317803354
0.9219528671466943
0.9220202053436125
0.9247811496859849
0.9215824977316037
0.9225925941659947
0.9221885565555457
0.925050508494329
0.923400676611698
0.9262963015623767
0.9242761020708565
0.9244444526807226
0.920909092883871
0.9237710466288557
0.9285858634746436
0.9232659984116602
0.9286868728772558
0.9281818204455905
0.9244107772605588
0.9295622947240116
0.9319528654368237
0.929427612309504
0.930000005346356
0.9360942786390131
0.9307070729708431
0.9316835048222782
0.9337710473272536
0.9333670073085361
0.9280471440517541
0.9362289580431852
0.9336700361184399
0.9303703759655808
0.9321212166487568
0.9350168373849657
0.9351515167891377
0.9343771067532626
0.9317171742217709
0.9314478172196282
0.9367003386670892
0.9370033728955972
0.9358585874239603
0.9391245805855953
0.9343097721687471
0.9353872098103918
0.938956228771595
0.9361952892457596
0.9355555568078552
0.9366666686655295
0.935757577419281
0.9390572423886772
0.9362626292488792
0.9406397342681885
0.9343097679542772
0.9362962986483718
0.9379797999304954
0.9427946131638806
0.9471380463754288
0.9410437730827717
0.9386532047782281
0.9391582523933565
0.944377105043392
0.9427272707524926
0.9401010124370305
0.940336702447949
0.9392255923964761
0.9412794636957573
0.9443771056454591
0.939898988213202
0.9410101006729434
0.9444107750449517
0.9413468000864742
0.9444781156501385
