3.1677141815725
2.429356897720183
2.2622005794987534
2.1773968128242878
2.0892245877872813
1.9943506898302021
1.9298306137624412
1.899882350305114
1.7875615972461123
1.7606803431655422
1.7456559665275342
1.684871165439336
1.618467106963649
1.590498518462133
1.5592811793992014
1.5159238287896821
1.4831987330407808
1.464990901224541
1.4278218240448923
1.429987684644834
1.389702724687981
1.3557353525450735
1.3090296140824906
1.322217012294615
1.2891734531431487
1.265718688266446
1.2361044275640236
1.1997351845105488
1.1824002585025748
1.1587734077916
1.1528222031063504
1.1155287828108278
1.10677878965031
1.0931867126262549
1.0806232564377063
1.0813009311454465
1.0574589883438263
1.0234598920802878
1.0273312601176174
0.9954425909302451
0.9865609166598079
0.9669875568813748
0.9565916260083517
0.9377185196587534
0.9319852861491117
0.933804806434747
0.9027924110191037
0.9195077726335237
0.8890798025661044
0.8668679607034934
0.85998445087009
0.8383200758635395
0.827661197594922
0.8191058412946836
0.8126156450522066
0.7904099635403565
0.8055666221512688
0.7727172766068969
0.7839233213000827
0.7556737926271226
0.7653559813595782
0.7462509575516286
0.7510683000689805
0.7502817385124437
0.7183189861702196
0.7196225090460344
0.7141121975099197
0.7127921749847104
0.6962377236347006
0.6867816996092748
0.673218553114419
0.6793354830958627
0.6735167042775587
0.6686336638951542
0.6640902604117538
0.6354117056336066
0.6512522426518527
0.6327168733784647
0.6331561812848756
0.6158065305213736
0.6219656033949419
0.6145343169419453
0.6270433856983377
0.6132900910546081
0.5950092306040754
0.5993655847780632
0.5844624783053542
0.5788874159557651
0.602305564314428
0.5994801491197913
0.577246034386182
0.5711691906355848
0.5741839625618674
0.5602269073327383
0.5498375432057814
0.5536277315231285
0.5401628152890638
0.5490860358031109
0.5327558920841025
0.5336566654720691
0.5249964697192414
0.5288682300032992
0.5132055842515194
0.5397999572633493
0.5125671688354376
0.5266916751861572
0.5123529834578736
0.5046049600297754
0.505345600120949
0.5259887157666563
0.510931979526173
0.4931983577482628
0.48788963213111414
0.48989146797343935
0.5040118889977233
0.4828343228860335
0.488688053807827
0.47765966978940094
0.4719045670947643
0.48468358408321033
0.4844096748515813
0.47195591167970136
0.469790632375563
0.47456335840803204
0.4628314475218455
0.452809500874895
0.45487222587219395
0.45249829960591864
0.45550506975915694
0.4509888830209019
0.45354558693038094
0.4561333915199896
0.43694031268659267
0.4465394838891848
0.44686192815954034
0.43196485831279946
0.4373519438685793
0.442054769908539
0.43211490246984696
0.43240404700992086
0.4287027825008739
0.4327547514077389
0.4157195064154538
0.4228784408834245
0.42104914332881116
0.41608609515007094
0.41172914312343406
0.4252878620166971
0.42291873241915845
0.40659276584182125
0.40447526778837645
0.404082755849819
0.4041011038452688
0.4082103958635619
0.42057361265625615
0.4051506934743939
0.39911714828375616
0.40468905971507835
0.3906939815391194
0.38190100168941
0.3988651464683841
0.3984833407883692
0.3953100792085282
0.38715778276173757
0.3933610377287624
0.39659185662414087
0.38440756123475356
0.3864709406790107
0.38851710311090104
0.38807615547469165
0.38699594049742725
0.381914453374015
0.37978039757169857
0.3776837337498713
0.3626205472633092
0.37113910823157337
0.3727917346087369
0.3750060017060752
0.36866173870635754
0.3579931475899436
0.36138067492330916
0.3667170856938218
0.35877711905373466
0.3637126190493805
0.36562875906626385
0.355548439152313
0.3579261498619812
0.3584119337375718
0.36063525020474135
0.35352161285853145
0.3564462989869744
0.3497075444520122
0.354910747571425
0.3628106150362227
0.34704155362013617
0.3474559121661716
0.350989770106595
0.34480672593068595
0.3553146719932556
0.3339655540808283
0.3319524809567615
0.34443880045654796
0.3384513424502479
0.3460547508615436
0.3405701227561392
0.33880184334937974
0.34071642536707597
0.32743851464204116
0.32615188561906716
0.33828447051722593
0.3326065585468755
0.3391424808839355
0.33052438964145353
0.3297139528122815
0.3408359933381129
0.34259020318888656
0.3303436335891184
0.32587880964833077
0.3195116640341402
0.32320401072502136
0.34023693730734816
0.31712053926906203
0.32959500858277985
0.3277298284299446
0.32133582580571224
0.32461836557797713
0.31950989546197833
0.321895937877472
0.3189128099968939
0.324872593837555
0.32031176502656455
0.31471984991521545
0.3176706467915063
0.31323732811995225
0.31608700044829435
0.3135872445624284
0.31350406311979195
0.2981201196559752
0.2994779450724823
0.3098384737968445
0.308170442027275
0.3130865851134965
0.30588320258891943
0.30650881489720005
0.3069337803607035
0.30651335041932387
0.3010764955872237
0.3094087533577524
0.29752882878587705
0.30298967900300267
