0.240269360969765
0.30262626240951845
0.3461279468704956
0.36814814715674427
0.39114478049856244
0.4193265979940241
0.4385185184502842
0.44437710323719065
0.478552188837167
0.4832323208601788
0.4870707064565986
0.5028619522398169
0.5279124562788491
0.5328956195200333
0.5395622879567773
0.5555555543514213
0.5624579103908154
0.5635016840515714
0.5813131287242427
0.5820201993590653
0.5875084180422504
0.5954545450330985
0.6160942749543623
0.6110437674955889
0.6217508400329436
0.6263636368693728
0.6353535357147756
0.6480134653322625
0.654713805275734
0.6614478146186983
0.6612794616005637
0.6713131316984543
0.673737372412826
0.6816835042202112
0.683636360096209
0.6794276086971013
0.6915151488901389
0.7011784531853416
0.6984848476419545
0.708585859549166
0.7128956221570872
0.7145454546417853
0.7208417533624052
0.7268686872540098
0.7311784516681324
0.7283501655164392
0.7398653211015643
0.7311447828707068
0.7433333318642895
0.748956226941311
0.7527272743408127
0.7573400687689733
0.7630976462605024
0.7646127945244915
0.7671717158471695
0.7779461277855767
0.7693602737754283
0.7809764327424945
0.7777441059700166
0.7868013448185391
0.7842087546984354
0.7899326591780691
0.786127942981142
0.7880471378865869
0.801515149949777
0.8001010086801317
0.7977441091730137
0.8013804693414708
0.8061952843810573
0.810033669977477
0.8146801332030633
0.8113468006403759
0.8151515120207661
0.8145117868076671
0.8206397294998169
0.8260606039654125
0.8222558901767538
0.8317845138636503
0.8283838382875076
0.8357575740477051
0.8324579132927789
0.8346801358039933
0.83026935957899
0.8353198622212266
0.8408754233157996
0.8421885503662957
0.8468686890120458
0.8479124566521308
0.8390235684134744
0.8393265990295795
0.8480134678609443
0.8495959609445899
0.8513131280138035
0.8548148117884241
0.8575084227504153
0.8569023554975336
0.861885519942852
0.8624242405698757
0.8671717198208125
0.8654545443226592
0.8687542086899883
0.8652525237112334
0.8718518524458914
0.8600673416648248
0.8711784494043601
0.8655555543273387
0.8707744081815084
0.8741414137560912
0.8751851838044445
0.866531986780841
0.8730639718999766
0.8796296288268735
0.880505049469495
0.8797643100372469
0.8736700337342541
0.8813468025188254
0.8811111100996384
0.8837037014238762
0.8852861945075218
0.8835690232238385
0.8811447813053324
0.8871380470015786
0.8849158250924313
0.8875420888264974
0.8917845156457689
0.8958585828241675
0.8931313145040262
0.8936026939237961
0.8915151508167537
0.8953872040064648
0.8932659908978626
0.8937037039284754
0.8991919208054591
0.8968013482864456
0.8959932676469436
0.9019865303328543
0.901919191533869
0.8962626258532206
0.9017845145379654
0.9030639685765661
0.9034680134118206
0.9014814803094575
0.9077441096305847
0.9070033665859338
0.906531987768231
0.9088888890815504
0.9090235708939909
0.9025925933712661
0.9062626253474843
0.9115488222151091
0.9118855222307071
0.9128282822743811
0.9107744127813012
0.9106733997662863
0.9057575771302888
0.9125252534644772
0.9154208784151558
0.9113804764217801
0.9172053872936904
0.9210437722880431
0.9139730647356823
0.9166666720852708
0.9156228990265818
0.9199663298298614
0.916228959054658
0.915824916627672
0.9187542109778433
0.9201683558598913
0.9202356964650781
0.9185858597659101
0.9180471403430207
0.9209764316828564
0.9227272765805022
0.9210437734921774
0.9271717222049983
0.9231986541940709
0.9237037072278033
0.9227946165836218
0.9252525291057548
0.9318518536259429
0.9276094286128728
0.9267340109805868
0.9288215546896963
0.9262626327649511
0.9249831702974107
0.929494954118825
0.9301346841484609
0.9281818210476577
0.9281144846569408
0.9312794654056279
0.9318518560342114
0.9335690237054921
0.9316835060264125
0.9271380516013714
0.9349831673834059
0.9332996642950809
0.9324242478669292
0.9353535404108991
0.9321885578560106
0.9387542117725719
0.9393939436084092
0.9346801391755691
0.9373737374941508
0.9341750879480382
0.9361616192441998
0.9361952880416253
0.93703703808062
0.9403030324463892
0.9404713836583224
0.9361279486405729
0.9400673430375378
0.9376431005169646
0.9394612812032603
0.9393602718006481
0.9364983174535964
0.9339057279355598
0.94289562316856
0.9419528613186846
0.9451515126709986
0.9441414132262721
0.9370707104904483
0.9452188556844537
0.9414814806947804
0.942323234948245
0.9446464620455347
0.942794614970082
0.9433333343929715
0.9428956213623586
0.9442424220268173
0.9429292931701198
0.9435353550043973
0.9468686869650176
0.9465319845411513
0.9461616163301949
0.945959595116702
0.9460942763270754
0.9473400669868546
0.9512457877698571
0.9520875408191873
0.9474410775936011
0.9506397271397138
0.9459932639141275
0.9501683495261453
0.9503366959215415
0.9503366971256757
0.9501346795245854
0.9499663259043838
0.946767675756204
0.952929290256115
0.9515151477823354
