0.18895622952417893
0.23464646544119325
0.2740067348937796
0.30181818252260034
0.32289562336724215
0.34946127928266624
0.3798989885383182
0.3981144783472774
0.4124579134613577
0.4248484836684333
0.43289562367429635
0.4464983166468264
0.4644444440350388
0.46131312997654234
0.47663299694205774
0.4898316492938032
0.500437710923378
0.5172053867518299
0.5184511777126428
0.5291245763350014
0.5408080822289593
0.5410100995290159
0.5616161579435522
0.5633333307324033
0.5705387225054731
0.5772053873298144
0.5840740763779843
0.592154883074038
0.6022895616714401
0.6064309745725959
0.6057912466501949
0.6134343412187364
0.6334006750222408
0.6250841737997652
0.6229966376164947
0.6341414114441535
0.654781147085055
0.6563299659526709
0.6570707108035232
0.6680134655249239
0.6781818168331878
0.6709090916797368
0.6806733987548135
0.6814141411973973
0.6870707080821798
0.6949494962740426
0.7055892257979421
0.6888552175627815
0.709898991416199
0.7129292969751839
0.7209764321645101
0.7306734016447356
0.7316835022935964
0.7383501680210384
0.7288215497527459
0.7528619561532531
0.7504377100202773
0.7510101036591963
0.749393940573991
0.7545117868317498
0.7563636375196052
0.7591919188547616
0.7703703696077521
0.7734006727584685
0.7721212139033308
0.7671717188575051
0.7798316496791262
0.7859932653831713
0.7810100973254502
0.7863636341961947
0.7946464666212448
0.7901346791874279
0.7910437716378106
0.8018518511695091
0.7963636379049281
0.7937373741708621
0.8102356893847688
0.8166666657033593
0.8101010081743953
0.812760940705887
0.810471383610157
0.8193939388400376
0.8119191948813621
0.8267340082110781
0.8218181795544095
0.8324242420870849
0.8294949495431149
0.8281144776729622
0.8343434357883954
0.8264309775949729
0.8389225578067279
0.8370707059147382
0.8375757577443363
0.8399999990607753
0.8478451166490112
0.8461616141627534
0.8446801352982569
0.8488888897077002
0.8521212128677753
0.8476767672432793
0.853838380539056
0.855892250634203
0.8619528617521729
0.8587542091957246
0.8561616160652854
0.8540067341592577
0.8627272729921822
0.8645791242821048
0.8666666643788116
0.8624579105714355
0.8678787892515009
0.8633333294078557
0.8713468000142262
0.8744444431680621
0.8758922544392672
0.879158246396768
0.8790235663905288
0.8807744082778391
0.8770370375026356
0.8803703718715243
0.8823905731692459
0.8839393944451304
0.8820538737557151
0.888417509469119
0.8904377077565049
0.8904377089606391
0.888417509469119
0.8890572394987549
0.8882828276566784
0.882323231961992
0.8934006733123703
0.8961952870542352
0.8991245753837355
0.8949494963944561
0.8898989883336154
0.8954208782224944
0.9027272697651025
0.8985185171618606
0.9016835027270846
0.8985185165597935
0.9018181851415923
0.8994949496153629
0.9044107764658301
0.9013468009052854
0.9011111090881656
0.9030303021874091
0.8995622908226167
0.903535352812873
0.910909091583406
0.9062626265516185
0.9085858620778479
0.9062962977573125
0.9151178490031849
0.9120202058493488
0.905959594731379
0.9127609434753957
0.9110437745999809
0.9128956264919705
0.9132323234972327
0.911313134010392
0.9169360296894805
0.9217171711151046
0.9192592646136428
0.9173737397097578
0.9187878809794031
0.9182491615565136
0.9209090904756025
0.9188888897799482
0.9207070728745124
0.9238720542252666
0.9232323266038991
0.9214141453155363
0.9213468029041483
0.9257912509369127
0.9224579141597555
0.9250841772917545
0.9219865371482541
0.9252861979031803
0.9264646473557058
0.9228282859831145
0.9290909141001075
0.9263973079546534
0.9309090923781347
0.9278114498263658
0.9267676797780123
0.929730641721475
0.9291582510928915
0.9316161648191587
0.9310101029848812
0.9308754217745078
0.9314141442077328
0.9328956248784306
0.9369360286780078
0.9283501722595908
0.9345454561589944
0.9313468023984119
0.9358922574255202
0.9377104387138829
0.9341077461387172
0.9327946172820197
0.9326262660700866
0.9375757593097109
0.9370033704873287
0.9362962998525061
0.9387205447813477
0.9364983186577306
0.9364309768484096
0.9425252537534694
0.934983167985473
0.941010103683279
0.9400336688215082
0.9419191931233262
0.943939396227249
0.9425589255612306
0.9431986543867323
0.9403703688371061
0.9432323231841578
0.9380808099351748
0.9449158208538787
0.9421548819301104
0.9436700307961666
0.9468013439515625
0.9444781114356686
0.9426262643602159
0.9434680150012777
0.947037033962481
0.9509427601640875
0.9492255876762699
0.9497306370975995
0.946767675756204
0.9509764277573788
0.9453198656891332
0.9482491558248346
0.9519191902093213
0.947912456411304
0.9478787852056099
0.9456228938969699
0.9478451170102514
0.9499999971100779
0.9507407389505945
0.9510101007692742
0.9514478095854172
0.9473400663847875
0.9551515103590609
0.9502020171194365
0.9526262602420769
0.9519528608129482
0.9563636340276159
0.9535016796805642
0.955488211578793
