4.117256769026168
2.7574366391307175
2.6526609237747962
2.5650765077032225
2.4783501528730296
2.4029021335370615
2.320014972879429
2.271925292833887
2.23609732738649
2.203007925640453
2.175196966739616
2.144866362966672
2.0842488305737272
2.089344359407521
2.0432802763852207
2.0218011959634645
1.9826632051756887
1.9226297067873406
1.9354833521024146
1.907018259318188
1.8682279358006486
1.8638840420077545
1.8112433197522404
1.8209789786675963
1.7950463415396334
1.785351246294349
1.7571308721195569
1.7338134014245234
1.7139966343388413
1.6876297358310584
1.6994170094981338
1.6703893548310405
1.6249929774891247
1.6436566860988886
1.6400165606026698
1.623829798264937
1.5735987725884024
1.5497981382138801
1.5559500913427333
1.5356289581819014
1.5095331139034696
1.5254441403379344
1.4914993950814912
1.4962008083709564
1.4944181972079806
1.4724238099473896
1.435539550251431
1.4649010427070386
1.4209749554142808
1.4182587392402417
1.3973485905714709
1.3688194354375203
1.370857419389667
1.3491894681044299
1.3717389913520428
1.316293231164566
1.3269734888365774
1.321285979916351
1.3222888744238652
1.3049978294757882
1.305107719970472
1.2976515437617446
1.278908133506775
1.27221050045707
1.2668830625938647
1.2781855734911831
1.256835760492267
1.2323672976156679
1.2526044809457026
1.2330851000968857
1.2103778942666872
1.2194371608772663
1.2282482349511348
1.1952746962056016
1.2082250009883533
1.2092254101628004
1.1830696842887185
1.1691080873662776
1.1772632273760708
1.172085772861134
1.175293632227965
1.1542432952408839
1.1715140908655495
1.1449934280279912
1.152422668355884
1.1262830562061734
1.132541861196961
1.1325666001348784
1.1269563839893149
1.140735975419632
1.111954931658928
1.1157115270393063
1.1092983375896106
1.0969476471043595
1.0927115383774344
1.0930649024067502
1.0959046886424826
1.0863022190151792
1.0808167915151576
1.0856087954357416
1.0774323609140184
1.0681087844299548
1.0545493249941353
1.057333118987806
1.0703213997561523
1.0743695937021813
1.051571042850764
1.0477081495102005
1.0482004892946495
1.0533160838213833
1.0435175510367962
1.0566442608833313
1.0312758834675104
1.0262723661432362
1.0224461441088204
1.0158131044320386
1.0150511192552971
1.0111697087384233
1.0194637943999936
1.0090792028590887
1.0056638446721164
1.0075588425000508
1.0055842273163074
0.9905320225339947
0.9875493085745609
0.9906229551392373
0.9947145388583944
0.9884303338599928
0.9903233695511866
1.0075352161821693
0.9767573975553416
0.9689399010003216
0.9725296274580136
0.972255269686381
0.9894216572395479
0.9755259354909261
0.954334982115813
0.9667327542497655
0.9612994422816267
0.9645246718869065
0.9574134133078835
0.9668127990732289
0.9542486806108494
0.9618168720091232
0.9579252961910132
0.955455527763174
0.9637893131285002
0.9518365847944009
0.9348721714934918
0.9460392431779341
0.944969142928268
0.9431299922442196
0.9220941120927985
0.9314785702059968
0.9486219937151129
0.923144483807111
0.9332757730676671
0.9275589759903725
0.9325308757598954
0.9281091888745626
0.9183265669177277
0.9093415357849814
0.91158908304542
0.9164054116817436
0.9171754832219596
0.919490953888556
0.9095516156668615
0.9175043364967963
0.9145859786958406
0.9050789047973324
0.9070099863139066
0.9097022191442624
0.9077091024379538
0.9027571009867119
0.9058761650865729
0.8970743496008594
0.9046304219900959
0.8976748561618304
0.895843687683645
0.8982082701692677
0.8924688323579654
0.8898072062116681
0.8824044309481226
0.8887631303132183
0.8922761341538092
0.8916280076961325
0.8845842360246061
0.88209597691141
0.8855380217234293
0.8880665934447086
0.8807904214570017
0.8788529827137186
0.871571988770456
0.8927148122980137
0.8723704911241628
0.8815572027004126
0.876885792823753
0.8680674168798659
0.8746483259730868
0.8767553700341119
0.8773271597997107
0.8662492434183756
0.8671883621601143
0.8717512199372957
0.8608161716750173
0.8697955030383486
0.8687989055508315
0.8546422364735844
0.8718286716576779
0.8572236811271822
0.8598417591566991
0.855566392041216
0.8476247739310216
0.8506709939301617
0.8540715099585177
0.8586320515834924
0.8498061883329141
0.865329152405864
0.8442608382966783
0.8460909898835
0.8507231064517089
0.8388604214697173
0.8447561029231909
0.8500025218183344
0.8572757581267694
0.8381945900242738
0.8322610879185224
0.8364060701745929
0.8334615796503394
0.8406686493844697
0.8315173483858205
0.841712474822998
0.837374686592757
0.8255710258628383
0.8372953895366553
0.8393198065083436
0.8375134546347339
0.8364582507297246
0.8340803131912694
0.8303756334564902
0.8258561600338329
0.831542472646694
0.837380790349209
0.8176677558157179
0.8299514982435439
0.82080631906336
0.8268880723702787
0.8164971272150675
0.8198500076929728
0.8156161615342805
