0.057777777314186096
0.09333333373069763
0.1111111119389534
0.1388888955116272
0.12888889014720917
0.15666666626930237
0.14777778089046478
0.19111111760139465
0.20777778327465057
0.1944444477558136
0.20333333313465118
0.23333333432674408
0.2455555498600006
0.2288888841867447
0.24444444477558136
0.25777778029441833
0.2755555510520935
0.30888888239860535
0.2588889002799988
0.32555556297302246
0.30444443225860596
0.3144444525241852
0.3955555558204651
0.3700000047683716
0.3422222137451172
0.35777777433395386
0.3888888955116272
0.2933333218097687
0.3488888740539551
0.37555554509162903
0.38555556535720825
0.36444443464279175
0.42888888716697693
0.3822222352027893
0.3933333456516266
0.46222221851348877
0.36666667461395264
0.4333333373069763
0.44555556774139404
0.4744444489479065
0.4211111068725586
0.4266666769981384
0.49444442987442017
0.4855555593967438
0.4011111259460449
0.49000000953674316
0.4466666579246521
0.44333332777023315
0.4399999976158142
0.5
0.4577777683734894
0.4977777898311615
0.4377777874469757
0.49888888001441956
0.5244444608688354
0.5411111116409302
0.4699999988079071
0.554444432258606
0.5222222208976746
0.5355555415153503
0.46666666865348816
0.503333330154419
0.5644444227218628
0.5088889002799988
0.5366666913032532
0.5566666722297668
0.4955555498600006
0.5988888740539551
0.5933333039283752
0.4633333384990692
0.5677777528762817
0.5522222518920898
0.5277777910232544
0.5933333039283752
0.5811111330986023
0.5655555725097656
0.5766666531562805
0.5677777528762817
0.5777778029441833
0.5755555629730225
0.550000011920929
0.5444444417953491
0.601111114025116
0.5566666722297668
0.5611110925674438
0.5777778029441833
0.54666668176651
0.6322222352027893
0.5344444513320923
0.6077777743339539
0.6077777743339539
0.6222222447395325
0.6755555272102356
0.5377777814865112
0.5666666626930237
0.6277777552604675
0.6633333563804626
0.605555534362793
0.5777778029441833
0.7077777981758118
0.550000011920929
0.6088888645172119
0.5855555534362793
0.6499999761581421
0.6277777552604675
0.6333333253860474
0.6144444346427917
0.6677777767181396
0.6655555367469788
0.6422222256660461
0.6666666865348816
0.6333333253860474
0.6333333253860474
0.5777778029441833
0.6399999856948853
0.6455555558204651
0.6077777743339539
0.6188889145851135
0.6544444561004639
0.6922222375869751
0.6722221970558167
0.6711111068725586
0.647777795791626
0.5855555534362793
0.6177777647972107
0.6433333158493042
0.6399999856948853
0.6666666865348816
0.5788888931274414
0.7333333492279053
0.6288889050483704
0.6399999856948853
0.6266666650772095
0.6455555558204651
0.6977777481079102
0.6433333158493042
0.7022222280502319
0.7200000286102295
0.6700000166893005
0.6466666460037231
0.597777783870697
0.7266666889190674
0.6544444561004639
0.6977777481079102
0.6777777671813965
0.6688888669013977
0.6833333373069763
0.6855555772781372
0.6833333373069763
0.7022222280502319
0.6966666579246521
0.6122221946716309
0.7066666483879089
0.7122222185134888
0.653333306312561
0.7011111378669739
0.7122222185134888
0.6655555367469788
0.6600000262260437
0.6111111044883728
0.6977777481079102
0.6822222471237183
0.7166666388511658
0.6266666650772095
0.6611111164093018
0.7122222185134888
0.7166666388511658
0.754444420337677
0.6911110877990723
0.7377777695655823
0.6944444179534912
0.6766666769981384
0.7188888788223267
0.7022222280502319
0.6977777481079102
0.7211111187934875
0.6844444274902344
0.7066666483879089
0.7322221994400024
0.754444420337677
0.7288888692855835
0.6911110877990723
0.746666669845581
0.6977777481079102
0.6588888764381409
0.6966666579246521
0.7366666793823242
0.7733333110809326
0.699999988079071
0.7055555582046509
0.6966666579246521
0.7444444298744202
0.6977777481079102
0.7322221994400024
0.7733333110809326
0.7555555701255798
0.7344444394111633
0.6866666674613953
0.7477777600288391
0.6800000071525574
0.7433333396911621
0.7188888788223267
0.742222249507904
0.7355555295944214
0.7300000190734863
0.7344444394111633
0.7633333206176758
0.753333330154419
0.7266666889190674
0.7266666889190674
0.7333333492279053
0.7866666913032532
0.7611111402511597
0.7166666388511658
0.8166666626930237
0.7522222399711609
0.7655555605888367
0.7211111187934875
0.7922222018241882
0.7433333396911621
0.7633333206176758
0.7166666388511658
0.7311111092567444
0.7400000095367432
0.6933333277702332
0.757777750492096
0.7711111307144165
0.7344444394111633
0.7844444513320923
0.7177777886390686
0.8066666722297668
0.7477777600288391
0.7155555486679077
0.8144444227218628
0.7766666412353516
0.7799999713897705
0.7822222113609314
0.7077777981758118
0.7688888907432556
0.7755555510520935
0.7566666603088379
0.754444420337677
0.7166666388511658
0.7311111092567444
0.7777777910232544
0.7588889002799988
0.79666668176651
0.7666666507720947
0.7366666793823242
0.7711111307144165
0.7911111116409302
0.7366666793823242
0.7688888907432556
0.804444432258606
0.8188889026641846
0.7877777814865112
0.7933333516120911
0.7122222185134888
0.757777750492096
0.7744444608688354
0.8155555725097656
0.7866666913032532
0.7599999904632568
0.7622222304344177
0.754444420337677
0.7922222018241882
0.8111110925674438
0.7733333110809326
0.7255555391311646
0.75
0.7833333611488342
0.8333333134651184
0.745555579662323
0.746666669845581
0.7688888907432556
0.8233333230018616
0.7855555415153503
0.7633333206176758
0.7877777814865112
0.7777777910232544
0.746666669845581
0.7622222304344177
0.7844444513320923
0.7911111116409302
0.8155555725097656
0.8100000023841858
0.7077777981758118
0.7733333110809326
0.8144444227218628
0.7666666507720947
0.7722222208976746
0.7833333611488342
0.8144444227218628
0.8233333230018616
0.7855555415153503
0.7733333110809326
0.8155555725097656
0.7977777719497681
0.804444432258606
0.8311111330986023
0.7799999713897705
0.8077777624130249
0.8100000023841858
0.8066666722297668
0.8133333325386047
0.8100000023841858
0.801111102104187
0.8199999928474426
0.7922222018241882
0.7733333110809326
0.7688888907432556
0.7766666412353516
0.7633333206176758
0.8155555725097656
0.8211110830307007
0.8133333325386047
0.7866666913032532
0.7977777719497681
0.757777750492096
0.7599999904632568
0.7822222113609314
0.7933333516120911
0.8022222518920898
0.7766666412353516
0.7866666913032532
0.7977777719497681
0.8100000023841858
0.7811111211776733
0.8066666722297668
0.8366666436195374
0.847777783870697
0.7722222208976746
0.8055555820465088
0.8211110830307007
0.8311111330986023
0.8299999833106995
0.8022222518920898
0.8644444346427917
0.8411111235618591
0.8311111330986023
0.8066666722297668
0.7955555319786072
0.801111102104187
0.8299999833106995
0.8111110925674438
0.8211110830307007
0.7833333611488342
0.7933333516120911
0.7888888716697693
0.7777777910232544
0.8211110830307007
0.800000011920929
0.7288888692855835
0.801111102104187
0.7744444608688354
0.846666693687439
0.801111102104187
0.7622222304344177
0.7922222018241882
0.847777783870697
0.7911111116409302
0.8088889122009277
0.8299999833106995
0.8288888931274414
0.7766666412353516
0.8100000023841858
0.8322222232818604
0.8244444727897644
0.7788888812065125
0.8488888740539551
0.8066666722297668
0.8411111235618591
0.8022222518920898
0.8177777528762817
0.7922222018241882
0.7855555415153503
0.8100000023841858
0.7977777719497681
0.8311111330986023
0.79666668176651
0.8388888835906982
0.800000011920929
0.8322222232818604
0.8022222518920898
0.7666666507720947
0.801111102104187
0.7799999713897705
0.8377777934074402
0.7688888907432556
0.8444444537162781
0.8155555725097656
0.8077777624130249
0.804444432258606
0.7977777719497681
0.7555555701255798
0.7833333611488342
0.8088889122009277
0.8122222423553467
0.8299999833106995
0.8177777528762817
0.8222222328186035
0.8411111235618591
0.8322222232818604
0.8288888931274414
0.7977777719497681
0.8366666436195374
0.753333330154419
0.8155555725097656
0.8399999737739563
0.7855555415153503
0.8188889026641846
0.846666693687439
0.7866666913032532
0.801111102104187
0.8399999737739563
0.8500000238418579
0.8722222447395325
0.8388888835906982
0.8322222232818604
0.8388888835906982
0.8355555534362793
0.8244444727897644
0.8188889026641846
0.8055555820465088
0.8166666626930237
0.8744444251060486
0.8666666746139526
0.8533333539962769
0.855555534362793
0.8255555629730225
0.8088889122009277
0.8055555820465088
0.8033333420753479
0.8600000143051147
0.8144444227218628
0.7844444513320923
0.7833333611488342
0.8611111044883728
0.851111114025116
0.8344444632530212
0.8288888931274414
0.847777783870697
0.8066666722297668
0.8222222328186035
0.8344444632530212
0.847777783870697
0.8333333134651184
0.846666693687439
0.8244444727897644
0.8322222232818604
0.8388888835906982
0.7866666913032532
0.8355555534362793
0.7855555415153503
0.7922222018241882
0.8433333039283752
0.846666693687439
0.7988888621330261
0.8199999928474426
0.8155555725097656
0.8111110925674438
0.8933333158493042
0.8488888740539551
0.7799999713897705
0.8733333349227905
0.7755555510520935
0.846666693687439
0.7777777910232544
0.8433333039283752
0.8600000143051147
0.8711110949516296
0.8088889122009277
0.8533333539962769
0.8433333039283752
0.8422222137451172
0.801111102104187
0.8188889026641846
0.8388888835906982
0.7888888716697693
0.801111102104187
0.8199999928474426
0.7722222208976746
0.8455555438995361
0.8455555438995361
0.8655555844306946
0.8333333134651184
0.8611111044883728
0.8333333134651184
0.7944444417953491
0.8188889026641846
0.8166666626930237
0.851111114025116
0.8433333039283752
0.8199999928474426
0.8211110830307007
0.8388888835906982
0.8344444632530212
0.8177777528762817
0.8533333539962769
0.8544444441795349
0.8144444227218628
0.8433333039283752
0.8299999833106995
0.8355555534362793
0.8533333539962769
0.8377777934074402
0.8711110949516296
0.8122222423553467
0.8299999833106995
0.8399999737739563
0.8422222137451172
0.8100000023841858
0.8288888931274414
0.8222222328186035
0.8444444537162781
0.8355555534362793
0.8911111354827881
0.8566666841506958
0.8299999833106995
0.8366666436195374
0.7900000214576721
0.846666693687439
0.8144444227218628
0.8399999737739563
0.7955555319786072
0.8588888645172119
0.8344444632530212
0.8455555438995361
0.8588888645172119
0.8700000047683716
0.8222222328186035
0.8455555438995361
0.8544444441795349
0.8444444537162781
0.8211110830307007
0.8688889145851135
0.8655555844306946
0.8433333039283752
0.8844444155693054
0.8288888931274414
0.847777783870697
0.8211110830307007
0.8566666841506958
0.8388888835906982
0.8622221946716309
0.8677777647972107
0.8577777743339539
0.8677777647972107
0.8455555438995361
0.8155555725097656
0.8588888645172119
0.8822222352027893
0.8066666722297668
0.8199999928474426
0.8222222328186035
0.8577777743339539
0.8711110949516296
0.8422222137451172
0.8100000023841858
0.8622221946716309
0.8022222518920898
0.8577777743339539
0.8344444632530212
0.7988888621330261
0.8299999833106995
0.8777777552604675
0.8388888835906982
0.8577777743339539
0.8788889050483704
0.8311111330986023
0.852222204208374
0.8177777528762817
0.8111110925674438
0.8322222232818604
0.852222204208374
0.8344444632530212
0.8700000047683716
0.8277778029441833
0.8411111235618591
0.8688889145851135
0.8611111044883728
0.8299999833106995
0.8377777934074402
0.8488888740539551
0.8211110830307007
0.8788889050483704
0.8711110949516296
0.8644444346427917
0.8288888931274414
0.846666693687439
0.79666668176651
0.8566666841506958
0.8677777647972107
0.8322222232818604
0.8177777528762817
0.852222204208374
0.8455555438995361
0.8622221946716309
0.8577777743339539
0.903333306312561
0.8966666460037231
0.8955555558204651
0.8311111330986023
0.7933333516120911
0.847777783870697
0.8366666436195374
0.8755555748939514
0.8500000238418579
0.8444444537162781
0.800000011920929
0.8688889145851135
0.846666693687439
0.8033333420753479
0.8677777647972107
0.8744444251060486
0.8166666626930237
0.8933333158493042
0.8655555844306946
0.8411111235618591
0.8455555438995361
0.8622221946716309
0.8322222232818604
0.8311111330986023
0.8211110830307007
0.8544444441795349
0.8955555558204651
0.8544444441795349
0.8588888645172119
0.8733333349227905
0.8633333444595337
0.8488888740539551
0.8666666746139526
0.8411111235618591
0.8677777647972107
0.8822222352027893
0.8766666650772095
0.8355555534362793
0.8866666555404663
0.8544444441795349
0.8911111354827881
0.8788889050483704
0.8822222352027893
0.9100000262260437
0.8833333253860474
0.855555534362793
0.8311111330986023
0.7988888621330261
0.8911111354827881
0.8755555748939514
0.8744444251060486
0.8644444346427917
0.8366666436195374
0.8833333253860474
0.8411111235618591
0.8766666650772095
0.8344444632530212
0.8755555748939514
0.8500000238418579
0.8866666555404663
0.8755555748939514
0.8788889050483704
0.8722222447395325
0.8588888645172119
0.8999999761581421
0.8788889050483704
0.8611111044883728
0.8266666531562805
0.8488888740539551
0.8100000023841858
0.8799999952316284
0.8544444441795349
0.8655555844306946
0.8855555653572083
0.8666666746139526
0.8755555748939514
0.8911111354827881
0.8688889145851135
0.9011111259460449
0.8777777552604675
0.9066666960716248
0.8488888740539551
0.894444465637207
0.8633333444595337
0.8211110830307007
0.8144444227218628
0.8422222137451172
0.8111110925674438
0.855555534362793
0.8688889145851135
0.8544444441795349
0.8799999952316284
0.8433333039283752
0.8411111235618591
0.8922222256660461
0.8855555653572083
0.8411111235618591
0.851111114025116
0.8533333539962769
0.8600000143051147
0.8399999737739563
0.8722222447395325
0.8233333230018616
0.847777783870697
0.8544444441795349
0.8611111044883728
0.8566666841506958
0.9011111259460449
0.8799999952316284
0.8500000238418579
0.8811110854148865
0.8777777552604675
0.847777783870697
0.7933333516120911
0.8244444727897644
0.8755555748939514
0.8855555653572083
0.8799999952316284
0.852222204208374
0.8155555725097656
0.855555534362793
0.8766666650772095
0.8611111044883728
0.8855555653572083
0.8955555558204651
0.8733333349227905
0.8311111330986023
0.8233333230018616
0.8655555844306946
0.8799999952316284
0.8855555653572083
0.8766666650772095
0.8622221946716309
0.897777795791626
0.8533333539962769
0.8600000143051147
0.8666666746139526
0.855555534362793
0.8111110925674438
0.8677777647972107
0.8355555534362793
0.8588888645172119
0.8844444155693054
0.8822222352027893
0.8711110949516296
0.8666666746139526
0.8355555534362793
0.8644444346427917
0.8422222137451172
0.8488888740539551
0.8799999952316284
0.8655555844306946
0.8588888645172119
0.8922222256660461
0.8500000238418579
0.8677777647972107
0.8433333039283752
0.8644444346427917
0.8811110854148865
0.846666693687439
0.8488888740539551
0.8355555534362793
0.8788889050483704
0.8877778053283691
0.8244444727897644
0.8811110854148865
0.894444465637207
0.7688888907432556
0.8922222256660461
0.8433333039283752
0.8299999833106995
0.8777777552604675
0.8877778053283691
0.8633333444595337
0.8788889050483704
0.8888888955116272
0.8877778053283691
0.9188888669013977
0.8644444346427917
0.8588888645172119
0.8311111330986023
0.8777777552604675
0.8455555438995361
0.851111114025116
0.8911111354827881
0.8688889145851135
0.8711110949516296
0.8544444441795349
0.902222216129303
0.8566666841506958
0.9111111164093018
0.8266666531562805
0.8722222447395325
0.8666666746139526
0.8844444155693054
0.8888888955116272
0.8788889050483704
0.8577777743339539
0.8433333039283752
0.8655555844306946
0.9233333468437195
0.8755555748939514
0.8688889145851135
0.8866666555404663
0.8399999737739563
0.852222204208374
0.8700000047683716
0.8744444251060486
0.8355555534362793
0.8688889145851135
0.9100000262260437
0.8788889050483704
0.8866666555404663
0.9088888764381409
0.8855555653572083
0.8755555748939514
0.8577777743339539
0.8666666746139526
0.8955555558204651
0.8455555438995361
0.8922222256660461
0.8533333539962769
0.8233333230018616
0.8299999833106995
0.8322222232818604
0.8566666841506958
0.9166666865348816
0.8666666746139526
0.9322222471237183
0.8266666531562805
0.8877778053283691
0.8722222447395325
0.851111114025116
0.8588888645172119
0.8922222256660461
0.8811110854148865
0.8833333253860474
0.8655555844306946
0.8500000238418579
0.8666666746139526
0.8866666555404663
0.8688889145851135
0.8788889050483704
0.898888885974884
0.897777795791626
0.8688889145851135
0.8233333230018616
0.8166666626930237
0.8688889145851135
0.8777777552604675
0.8700000047683716
0.8399999737739563
0.8688889145851135
0.8677777647972107
0.8866666555404663
0.8566666841506958
0.8966666460037231
0.8655555844306946
0.8688889145851135
0.852222204208374
0.8899999856948853
0.846666693687439
0.8911111354827881
0.8899999856948853
0.8222222328186035
0.855555534362793
0.8811110854148865
0.8777777552604675
0.8700000047683716
0.9088888764381409
0.8377777934074402
0.847777783870697
0.8822222352027893
0.8833333253860474
0.8799999952316284
0.8633333444595337
0.8700000047683716
0.8633333444595337
0.9066666960716248
0.8811110854148865
0.8388888835906982
0.8766666650772095
0.8833333253860474
0.8777777552604675
0.9044444561004639
0.8899999856948853
0.8788889050483704
0.8644444346427917
0.897777795791626
0.8600000143051147
0.8777777552604675
0.9244444370269775
0.8799999952316284
0.897777795791626
0.8999999761581421
0.8177777528762817
0.8600000143051147
0.9055555462837219
0.9144444465637207
0.8833333253860474
0.8722222447395325
0.8611111044883728
0.9100000262260437
0.8600000143051147
0.8933333158493042
0.8811110854148865
0.8633333444595337
0.8822222352027893
0.8788889050483704
0.8877778053283691
0.8844444155693054
0.9100000262260437
0.8899999856948853
0.9144444465637207
0.8744444251060486
0.8788889050483704
0.8888888955116272
0.8533333539962769
0.9055555462837219
0.8899999856948853
0.9011111259460449
0.8877778053283691
0.8922222256660461
0.8700000047683716
0.897777795791626
0.8755555748939514
0.9044444561004639
0.9055555462837219
0.9011111259460449
0.8711110949516296
0.9011111259460449
0.8488888740539551
0.8577777743339539
0.9077777862548828
0.8799999952316284
0.8577777743339539
0.9088888764381409
0.8677777647972107
0.8600000143051147
0.8677777647972107
0.847777783870697
0.851111114025116
0.8755555748939514
0.8777777552604675
0.8755555748939514
0.9133333563804626
0.8999999761581421
0.894444465637207
0.8788889050483704
0.898888885974884
0.8733333349227905
0.8955555558204651
0.8744444251060486
0.8833333253860474
0.902222216129303
0.8700000047683716
0.846666693687439
0.8533333539962769
0.894444465637207
0.898888885974884
0.8677777647972107
0.8666666746139526
0.8777777552604675
0.8911111354827881
0.8199999928474426
0.8733333349227905
0.9111111164093018
0.9055555462837219
0.8833333253860474
0.8344444632530212
0.8922222256660461
0.9077777862548828
0.8811110854148865
0.8933333158493042
0.8888888955116272
0.8688889145851135
0.9044444561004639
0.8999999761581421
0.903333306312561
0.8677777647972107
0.8677777647972107
0.8911111354827881
0.8333333134651184
0.9044444561004639
0.894444465637207
0.8922222256660461
0.9100000262260437
0.9044444561004639
0.9111111164093018
0.8999999761581421
0.8544444441795349
0.8577777743339539
0.8644444346427917
0.9011111259460449
0.9111111164093018
0.8422222137451172
0.8799999952316284
0.9100000262260437
0.903333306312561
0.8877778053283691
0.8255555629730225
0.8655555844306946
0.9255555272102356
0.8455555438995361
0.8577777743339539
0.898888885974884
0.903333306312561
0.8744444251060486
0.8588888645172119
0.8766666650772095
0.898888885974884
0.8455555438995361
0.9333333373069763
0.8877778053283691
0.9088888764381409
0.8999999761581421
0.8855555653572083
0.8700000047683716
0.8666666746139526
0.8955555558204651
0.8911111354827881
0.8700000047683716
0.8622221946716309
0.8766666650772095
0.8666666746139526
0.9144444465637207
0.9100000262260437
0.9166666865348816
0.8600000143051147
0.8766666650772095
0.9100000262260437
0.8855555653572083
0.8866666555404663
0.8922222256660461
0.8855555653572083
0.8866666555404663
0.8888888955116272
0.8799999952316284
0.894444465637207
0.8911111354827881
0.903333306312561
0.8966666460037231
0.8911111354827881
0.897777795791626
0.8799999952316284
0.8833333253860474
0.8933333158493042
0.8911111354827881
0.8566666841506958
0.8933333158493042
0.8877778053283691
0.8933333158493042
0.8844444155693054
0.8855555653572083
0.8488888740539551
0.851111114025116
0.9122222065925598
0.8444444537162781
0.894444465637207
0.8622221946716309
0.8899999856948853
0.9122222065925598
0.8866666555404663
0.9100000262260437
0.9066666960716248
0.9044444561004639
0.8755555748939514
0.8622221946716309
0.8933333158493042
0.9188888669013977
0.9100000262260437
0.9377777576446533
0.8766666650772095
0.8788889050483704
0.898888885974884
0.8600000143051147
0.8311111330986023
0.9011111259460449
0.8966666460037231
0.8755555748939514
0.8488888740539551
0.8788889050483704
0.8877778053283691
0.8733333349227905
0.9144444465637207
0.8822222352027893
0.9122222065925598
0.8755555748939514
0.9444444179534912
0.8888888955116272
0.8366666436195374
0.9333333373069763
0.8544444441795349
0.8600000143051147
0.902222216129303
0.9166666865348816
0.8966666460037231
0.9055555462837219
0.8733333349227905
0.8999999761581421
0.903333306312561
0.9211111068725586
0.9122222065925598
0.8888888955116272
0.9088888764381409
0.9322222471237183
0.8911111354827881
0.894444465637207
0.8744444251060486
0.8655555844306946
0.8966666460037231
0.9255555272102356
0.8700000047683716
0.894444465637207
0.8911111354827881
0.9166666865348816
0.8899999856948853
0.9011111259460449
0.897777795791626
0.9266666769981384
0.9355555772781372
0.8600000143051147
0.9055555462837219
0.8888888955116272
0.8999999761581421
0.8500000238418579
0.9055555462837219
0.8933333158493042
0.9122222065925598
0.8688889145851135
0.8966666460037231
0.9088888764381409
0.8899999856948853
0.8733333349227905
0.9188888669013977
0.902222216129303
0.9100000262260437
0.8877778053283691
0.898888885974884
0.9200000166893005
0.8877778053283691
0.9366666674613953
0.8877778053283691
0.8833333253860474
0.8933333158493042
0.8600000143051147
0.8722222447395325
0.8755555748939514
0.9100000262260437
0.9055555462837219
0.8877778053283691
0.898888885974884
0.8877778053283691
0.8999999761581421
0.8922222256660461
0.9066666960716248
0.9133333563804626
0.9055555462837219
0.8733333349227905
0.8866666555404663
0.8811110854148865
0.9133333563804626
0.8611111044883728
0.9144444465637207
0.9055555462837219
0.902222216129303
0.8844444155693054
0.8433333039283752
0.8899999856948853
0.8899999856948853
0.9111111164093018
0.8666666746139526
0.8955555558204651
0.8888888955116272
0.8677777647972107
0.8455555438995361
0.8811110854148865
0.8644444346427917
0.9011111259460449
0.9011111259460449
0.8311111330986023
0.8655555844306946
0.897777795791626
0.8877778053283691
0.898888885974884
0.8755555748939514
0.8855555653572083
0.8777777552604675
0.8966666460037231
0.9055555462837219
0.8777777552604675
0.9211111068725586
0.8733333349227905
0.9055555462837219
0.8688889145851135
0.8955555558204651
0.9211111068725586
0.8700000047683716
0.9011111259460449
0.8955555558204651
0.8855555653572083
0.8844444155693054
0.8600000143051147
0.9122222065925598
0.8811110854148865
0.9066666960716248
0.898888885974884
0.9088888764381409
0.8999999761581421
0.9111111164093018
0.9066666960716248
0.8966666460037231
0.8922222256660461
0.8777777552604675
0.8444444537162781
0.9111111164093018
0.8822222352027893
0.9211111068725586
0.9111111164093018
0.898888885974884
0.8677777647972107
0.9155555367469788
0.8777777552604675
0.8844444155693054
0.8444444537162781
0.9200000166893005
0.9177777767181396
0.9166666865348816
0.902222216129303
0.9311110973358154
0.8899999856948853
0.902222216129303
0.8766666650772095
0.9077777862548828
0.897777795791626
0.8366666436195374
0.9144444465637207
0.9077777862548828
0.9222221970558167
0.8844444155693054
0.9077777862548828
0.8933333158493042
0.8733333349227905
0.8877778053283691
0.894444465637207
0.903333306312561
0.8877778053283691
0.9399999976158142
0.9166666865348816
0.8799999952316284
0.8966666460037231
0.8488888740539551
0.8855555653572083
0.902222216129303
0.8722222447395325
0.9044444561004639
0.8711110949516296
0.8799999952316284
0.8799999952316284
0.8877778053283691
0.8922222256660461
0.8888888955116272
0.8933333158493042
0.9055555462837219
0.855555534362793
0.8933333158493042
0.9188888669013977
0.9200000166893005
0.8899999856948853
0.8799999952316284
0.9166666865348816
0.903333306312561
0.8855555653572083
0.897777795791626
0.9044444561004639
0.9011111259460449
0.8866666555404663
0.8244444727897644
0.9144444465637207
0.897777795791626
0.9011111259460449
0.9111111164093018
0.8644444346427917
0.9100000262260437
0.8711110949516296
0.9277777671813965
0.9244444370269775
0.9444444179534912
0.8833333253860474
0.8677777647972107
0.8844444155693054
0.9055555462837219
0.9100000262260437
0.9077777862548828
0.8611111044883728
0.9166666865348816
0.9077777862548828
0.9055555462837219
0.9044444561004639
0.9200000166893005
0.9266666769981384
0.902222216129303
0.8711110949516296
0.8866666555404663
0.9011111259460449
0.8811110854148865
0.8933333158493042
0.9366666674613953
0.855555534362793
0.9133333563804626
0.9211111068725586
0.9188888669013977
0.9188888669013977
0.898888885974884
0.8955555558204651
0.8744444251060486
0.9177777767181396
0.897777795791626
0.894444465637207
0.9155555367469788
0.9044444561004639
0.9177777767181396
0.9066666960716248
0.8955555558204651
0.894444465637207
0.9344444274902344
0.9233333468437195
0.8899999856948853
0.9277777671813965
0.9188888669013977
0.9155555367469788
0.898888885974884
0.9011111259460449
0.897777795791626
0.8966666460037231
0.8888888955116272
0.9266666769981384
0.9366666674613953
0.8933333158493042
0.8999999761581421
0.8733333349227905
0.8811110854148865
0.9355555772781372
0.8844444155693054
0.8955555558204651
0.8377777934074402
0.8999999761581421
0.9211111068725586
0.9155555367469788
0.9277777671813965
0.9066666960716248
0.8633333444595337
0.8822222352027893
0.9144444465637207
0.9111111164093018
0.902222216129303
0.9277777671813965
0.9111111164093018
0.898888885974884
0.9300000071525574
0.898888885974884
0.9011111259460449
0.8799999952316284
0.9144444465637207
0.9211111068725586
0.8844444155693054
0.8744444251060486
0.8966666460037231
0.9066666960716248
0.9011111259460449
0.9200000166893005
0.9044444561004639
0.8888888955116272
0.8855555653572083
0.8922222256660461
0.8822222352027893
0.9122222065925598
0.8999999761581421
0.8888888955116272
0.8999999761581421
0.898888885974884
0.8899999856948853
0.9088888764381409
0.8866666555404663
0.9144444465637207
0.8722222447395325
0.8911111354827881
0.9200000166893005
0.8733333349227905
0.8766666650772095
0.8866666555404663
0.897777795791626
0.898888885974884
0.8955555558204651
0.9388889074325562
0.8766666650772095
0.8999999761581421
0.9511111378669739
0.8999999761581421
0.8899999856948853
0.8700000047683716
0.9288889169692993
0.8677777647972107
0.9233333468437195
0.8899999856948853
0.9155555367469788
0.9011111259460449
0.8822222352027893
0.894444465637207
0.9166666865348816
0.9077777862548828
0.9266666769981384
0.8844444155693054
0.8955555558204651
0.9100000262260437
0.9333333373069763
0.9111111164093018
0.8899999856948853
0.9011111259460449
0.8922222256660461
0.8766666650772095
0.9111111164093018
0.8833333253860474
0.9300000071525574
0.8700000047683716
0.9044444561004639
0.8600000143051147
0.8811110854148865
0.898888885974884
0.9344444274902344
0.8855555653572083
0.9266666769981384
0.8733333349227905
0.8911111354827881
0.8811110854148865
0.9277777671813965
0.8666666746139526
0.9255555272102356
0.898888885974884
0.8855555653572083
0.8888888955116272
0.9066666960716248
0.8866666555404663
0.8577777743339539
0.9100000262260437
0.9044444561004639
0.9144444465637207
0.8922222256660461
0.9088888764381409
0.9211111068725586
0.9277777671813965
0.9066666960716248
0.9055555462837219
0.8600000143051147
0.9322222471237183
0.9255555272102356
0.9133333563804626
0.902222216129303
0.894444465637207
0.9322222471237183
0.9066666960716248
0.8811110854148865
0.9222221970558167
0.8933333158493042
0.9288889169692993
0.9055555462837219
0.9111111164093018
0.902222216129303
0.897777795791626
0.9177777767181396
0.8822222352027893
0.9211111068725586
0.9288889169692993
0.8799999952316284
0.8600000143051147
0.9011111259460449
0.9333333373069763
0.9155555367469788
0.9111111164093018
0.8244444727897644
0.8500000238418579
0.8822222352027893
0.9077777862548828
0.9211111068725586
0.9144444465637207
0.8888888955116272
0.9155555367469788
0.9388889074325562
0.9055555462837219
0.9055555462837219
0.8877778053283691
0.894444465637207
0.9077777862548828
0.8877778053283691
0.8933333158493042
0.9055555462837219
0.9088888764381409
0.903333306312561
0.9211111068725586
0.8799999952316284
0.9233333468437195
0.9333333373069763
0.8966666460037231
0.8877778053283691
0.9311110973358154
0.9411110877990723
0.894444465637207
0.902222216129303
0.9011111259460449
0.9288889169692993
0.9266666769981384
0.898888885974884
0.902222216129303
0.9155555367469788
0.903333306312561
0.9200000166893005
0.9011111259460449
0.9077777862548828
0.9188888669013977
0.9333333373069763
0.9077777862548828
0.9300000071525574
0.9355555772781372
0.9144444465637207
0.8688889145851135
0.9211111068725586
0.8955555558204651
0.8755555748939514
0.8788889050483704
0.8877778053283691
0.9044444561004639
0.9288889169692993
0.9055555462837219
0.8866666555404663
0.8444444537162781
0.9244444370269775
0.9166666865348816
0.9166666865348816
0.9355555772781372
0.8622221946716309
0.9288889169692993
0.9388889074325562
0.9211111068725586
0.9044444561004639
0.9222221970558167
0.9155555367469788
0.8966666460037231
0.902222216129303
0.8966666460037231
0.9166666865348816
0.8722222447395325
0.9088888764381409
0.9255555272102356
0.9133333563804626
0.9255555272102356
0.8966666460037231
0.8855555653572083
0.9255555272102356
0.9011111259460449
0.903333306312561
0.9333333373069763
0.9255555272102356
0.8855555653572083
0.9066666960716248
0.9333333373069763
0.9144444465637207
0.9122222065925598
0.9122222065925598
0.9155555367469788
0.8766666650772095
0.9411110877990723
0.9155555367469788
0.9300000071525574
0.894444465637207
0.9188888669013977
0.9100000262260437
0.898888885974884
0.9133333563804626
0.9066666960716248
0.9244444370269775
0.903333306312561
0.9088888764381409
0.9133333563804626
0.8611111044883728
0.9355555772781372
0.8966666460037231
0.903333306312561
0.9322222471237183
0.9011111259460449
0.9177777767181396
0.9155555367469788
0.9088888764381409
0.8655555844306946
0.9200000166893005
0.9100000262260437
0.8922222256660461
0.902222216129303
0.8955555558204651
0.9233333468437195
0.9188888669013977
0.9011111259460449
0.9066666960716248
0.9266666769981384
0.9222221970558167
0.898888885974884
0.8822222352027893
0.9288889169692993
0.8433333039283752
0.9255555272102356
0.9355555772781372
0.9277777671813965
0.8700000047683716
0.9044444561004639
0.9377777576446533
0.8688889145851135
0.8777777552604675
0.8966666460037231
0.9166666865348816
0.9277777671813965
0.9011111259460449
0.9277777671813965
0.9222221970558167
0.9111111164093018
0.9177777767181396
0.8922222256660461
0.9322222471237183
0.903333306312561
0.8955555558204651
0.9166666865348816
0.9333333373069763
0.902222216129303
0.9255555272102356
0.9088888764381409
0.9122222065925598
0.8688889145851135
0.9144444465637207
0.9300000071525574
0.9355555772781372
0.9277777671813965
0.9399999976158142
0.902222216129303
0.9211111068725586
0.9288889169692993
0.8966666460037231
0.9222221970558167
0.9244444370269775
0.9011111259460449
0.8744444251060486
0.9244444370269775
0.9100000262260437
0.9366666674613953
0.8999999761581421
0.9100000262260437
0.9211111068725586
0.9244444370269775
0.9100000262260437
0.9377777576446533
0.8822222352027893
0.9066666960716248
0.9244444370269775
0.9300000071525574
0.9366666674613953
0.9288889169692993
0.9344444274902344
0.9177777767181396
0.9100000262260437
0.9355555772781372
0.9177777767181396
0.9211111068725586
0.9177777767181396
0.8877778053283691
0.9111111164093018
0.9222221970558167
0.9044444561004639
0.9277777671813965
0.8855555653572083
0.8711110949516296
0.9288889169692993
0.8911111354827881
0.9466666579246521
0.9233333468437195
0.9200000166893005
0.9144444465637207
0.9244444370269775
0.9055555462837219
0.9277777671813965
0.8711110949516296
0.9066666960716248
0.9133333563804626
0.9222221970558167
0.9177777767181396
0.9388889074325562
0.9388889074325562
0.902222216129303
0.9266666769981384
0.9200000166893005
0.8955555558204651
0.9388889074325562
0.9066666960716248
0.9288889169692993
0.9055555462837219
0.9466666579246521
0.9255555272102356
0.8999999761581421
0.8877778053283691
0.8844444155693054
0.9088888764381409
0.8799999952316284
0.9344444274902344
0.9233333468437195
0.9011111259460449
0.9399999976158142
0.9177777767181396
0.8455555438995361
0.9188888669013977
0.9122222065925598
0.948888897895813
0.9055555462837219
0.9377777576446533
0.9222221970558167
0.9188888669013977
0.9344444274902344
0.8799999952316284
0.9311110973358154
0.8922222256660461
0.9133333563804626
0.898888885974884
0.9244444370269775
0.9399999976158142
0.8822222352027893
0.9066666960716248
0.9100000262260437
0.902222216129303
0.9466666579246521
0.9377777576446533
0.9077777862548828
0.9011111259460449
0.9188888669013977
0.9200000166893005
0.902222216129303
0.9188888669013977
0.9244444370269775
0.8866666555404663
0.9177777767181396
0.9166666865348816
0.9388889074325562
0.8966666460037231
0.9011111259460449
0.9144444465637207
0.9255555272102356
0.9244444370269775
0.9088888764381409
0.9100000262260437
0.9411110877990723
0.9244444370269775
0.9222221970558167
0.9088888764381409
0.9144444465637207
0.9177777767181396
0.9422222375869751
0.9177777767181396
0.9100000262260437
0.9511111378669739
0.898888885974884
0.8933333158493042
0.9122222065925598
0.898888885974884
0.8955555558204651
0.8922222256660461
0.9211111068725586
0.9322222471237183
0.9100000262260437
0.9066666960716248
0.8888888955116272
0.9177777767181396
0.9200000166893005
0.9288889169692993
0.9377777576446533
0.8933333158493042
0.898888885974884
0.9211111068725586
0.9322222471237183
0.8911111354827881
0.9200000166893005
0.9044444561004639
0.9211111068725586
0.8933333158493042
0.9144444465637207
0.8955555558204651
0.9255555272102356
0.9066666960716248
0.9266666769981384
0.9466666579246521
0.9222221970558167
0.9066666960716248
0.9388889074325562
0.8877778053283691
0.9233333468437195
0.9055555462837219
0.9344444274902344
0.9177777767181396
0.902222216129303
0.9255555272102356
0.9111111164093018
0.8877778053283691
0.9133333563804626
0.9188888669013977
0.902222216129303
0.9055555462837219
0.9277777671813965
0.8733333349227905
0.9322222471237183
0.9377777576446533
0.902222216129303
0.9333333373069763
0.9411110877990723
0.8955555558204651
0.9011111259460449
0.9200000166893005
0.9133333563804626
0.902222216129303
0.8733333349227905
0.9555555582046509
0.8811110854148865
0.8955555558204651
0.9211111068725586
0.8844444155693054
0.9100000262260437
0.9333333373069763
0.9133333563804626
0.9144444465637207
0.9433333277702332
0.9377777576446533
0.9322222471237183
0.9411110877990723
0.9222221970558167
0.9399999976158142
0.9011111259460449
0.9011111259460449
0.9355555772781372
0.9300000071525574
0.9188888669013977
0.9288889169692993
0.903333306312561
0.902222216129303
0.9166666865348816
0.9444444179534912
0.9422222375869751
0.9211111068725586
0.9266666769981384
0.9166666865348816
0.9322222471237183
0.9177777767181396
0.9200000166893005
0.898888885974884
0.9288889169692993
0.9044444561004639
0.945555567741394
0.8666666746139526
0.8811110854148865
0.9211111068725586
0.8922222256660461
0.9066666960716248
0.9055555462837219
0.9188888669013977
0.9200000166893005
0.9333333373069763
0.855555534362793
0.8955555558204651
0.9366666674613953
0.9088888764381409
0.9444444179534912
0.8766666650772095
0.8855555653572083
0.9255555272102356
0.9366666674613953
0.9188888669013977
0.9300000071525574
0.8877778053283691
0.9466666579246521
0.8733333349227905
0.8866666555404663
0.9333333373069763
0.8811110854148865
0.9011111259460449
0.9211111068725586
0.9366666674613953
0.8999999761581421
0.9177777767181396
0.9466666579246521
0.9388889074325562
0.9233333468437195
0.9188888669013977
0.9444444179534912
0.9155555367469788
0.9288889169692993
0.902222216129303
0.9377777576446533
0.8999999761581421
0.9288889169692993
0.9300000071525574
0.9155555367469788
0.9133333563804626
0.9288889169692993
0.9411110877990723
0.902222216129303
0.9177777767181396
0.8922222256660461
0.903333306312561
0.9200000166893005
0.9244444370269775
0.9155555367469788
0.9133333563804626
0.9322222471237183
0.9300000071525574
0.8911111354827881
0.9188888669013977
0.8999999761581421
0.897777795791626
0.9111111164093018
0.894444465637207
0.8922222256660461
0.9100000262260437
0.9333333373069763
0.9288889169692993
0.9300000071525574
0.9144444465637207
0.9088888764381409
0.8955555558204651
0.8922222256660461
0.9388889074325562
0.9466666579246521
0.9344444274902344
0.902222216129303
0.903333306312561
0.9355555772781372
0.8766666650772095
0.9133333563804626
0.9277777671813965
0.9155555367469788
0.9366666674613953
0.9166666865348816
0.9111111164093018
0.897777795791626
0.9344444274902344
0.9155555367469788
0.9333333373069763
0.9133333563804626
0.8999999761581421
0.9300000071525574
0.9322222471237183
0.9200000166893005
0.9200000166893005
0.8711110949516296
0.9011111259460449
0.9155555367469788
0.9100000262260437
0.9088888764381409
0.9222221970558167
0.9055555462837219
0.9111111164093018
0.9088888764381409
0.8999999761581421
0.8855555653572083
0.9300000071525574
0.9155555367469788
0.8677777647972107
0.8788889050483704
0.9355555772781372
0.9399999976158142
0.9388889074325562
0.9188888669013977
0.9011111259460449
0.894444465637207
0.9088888764381409
0.8844444155693054
0.9355555772781372
0.9188888669013977
0.9322222471237183
0.898888885974884
0.9122222065925598
0.9188888669013977
0.8755555748939514
0.9311110973358154
0.9088888764381409
0.9188888669013977
0.9255555272102356
0.8966666460037231
0.9111111164093018
0.9300000071525574
0.9144444465637207
0.9355555772781372
0.902222216129303
0.9355555772781372
0.894444465637207
0.9111111164093018
0.9133333563804626
0.9244444370269775
0.9333333373069763
0.9344444274902344
0.9411110877990723
0.9088888764381409
0.9177777767181396
0.9066666960716248
0.9088888764381409
0.9200000166893005
0.9511111378669739
0.948888897895813
0.9433333277702332
0.9200000166893005
0.8955555558204651
0.9155555367469788
0.9122222065925598
0.9100000262260437
0.9066666960716248
0.9188888669013977
0.898888885974884
0.902222216129303
0.9277777671813965
0.9333333373069763
0.903333306312561
0.9055555462837219
0.9288889169692993
0.9288889169692993
0.9133333563804626
0.9211111068725586
0.8888888955116272
0.9077777862548828
0.9200000166893005
0.8766666650772095
0.9044444561004639
0.9300000071525574
0.9233333468437195
0.9077777862548828
0.9444444179534912
0.9377777576446533
0.898888885974884
0.9622222185134888
0.9188888669013977
0.95333331823349
0.9366666674613953
0.8999999761581421
0.9100000262260437
0.9111111164093018
0.9088888764381409
0.9399999976158142
0.9233333468437195
0.9122222065925598
0.9088888764381409
0.9111111164093018
0.9200000166893005
0.9077777862548828
0.9244444370269775
0.9344444274902344
0.9144444465637207
0.9244444370269775
0.9055555462837219
0.9188888669013977
0.9433333277702332
0.9255555272102356
0.9366666674613953
0.9088888764381409
0.9144444465637207
0.9411110877990723
0.9477777481079102
0.9166666865348816
0.9244444370269775
0.8966666460037231
0.9288889169692993
0.9355555772781372
0.903333306312561
0.9077777862548828
0.894444465637207
0.8922222256660461
0.898888885974884
0.898888885974884
0.9133333563804626
0.9200000166893005
0.9233333468437195
0.9322222471237183
0.9155555367469788
0.8933333158493042
0.9233333468437195
0.9100000262260437
0.9133333563804626
0.9055555462837219
0.9044444561004639
0.9322222471237183
0.9477777481079102
0.9166666865348816
0.8966666460037231
0.9288889169692993
0.9333333373069763
0.8999999761581421
0.9177777767181396
0.9222221970558167
0.9422222375869751
0.9311110973358154
0.9311110973358154
0.9466666579246521
0.9133333563804626
0.9188888669013977
0.9200000166893005
0.9300000071525574
0.9333333373069763
0.9122222065925598
0.9266666769981384
0.9177777767181396
0.9188888669013977
0.9555555582046509
0.8922222256660461
0.9011111259460449
0.8933333158493042
0.9188888669013977
0.9077777862548828
0.9277777671813965
0.9333333373069763
0.9266666769981384
0.9166666865348816
0.9200000166893005
0.9444444179534912
0.9388889074325562
0.9433333277702332
0.9566666483879089
0.9266666769981384
0.9011111259460449
0.8899999856948853
0.949999988079071
0.9333333373069763
0.9311110973358154
0.9333333373069763
0.9211111068725586
0.9144444465637207
0.8788889050483704
0.9044444561004639
0.9377777576446533
0.949999988079071
0.9177777767181396
0.9522222280502319
0.9166666865348816
0.9288889169692993
0.8955555558204651
0.9344444274902344
0.9066666960716248
0.9344444274902344
0.9188888669013977
0.9133333563804626
0.9011111259460449
0.9333333373069763
0.9088888764381409
0.9133333563804626
0.9177777767181396
0.9255555272102356
0.9177777767181396
0.9411110877990723
0.9244444370269775
0.9388889074325562
0.9088888764381409
0.9288889169692993
0.9122222065925598
0.9377777576446533
0.9288889169692993
0.9211111068725586
0.9277777671813965
0.9200000166893005
0.9200000166893005
0.9188888669013977
0.8833333253860474
0.9133333563804626
0.9300000071525574
0.9399999976158142
0.9388889074325562
0.9077777862548828
0.9288889169692993
0.9233333468437195
0.9566666483879089
0.9366666674613953
0.9255555272102356
0.9266666769981384
0.9333333373069763
0.8955555558204651
0.9011111259460449
0.9233333468437195
0.9188888669013977
0.9188888669013977
0.9188888669013977
0.9277777671813965
0.9111111164093018
0.903333306312561
0.9066666960716248
0.9288889169692993
0.9155555367469788
0.9266666769981384
0.9433333277702332
0.9122222065925598
0.9588888883590698
0.9300000071525574
0.9377777576446533
0.9055555462837219
0.9200000166893005
0.9044444561004639
0.9088888764381409
0.9011111259460449
0.8922222256660461
0.9322222471237183
0.9044444561004639
0.9155555367469788
0.9344444274902344
0.9288889169692993
0.9399999976158142
0.9255555272102356
0.9200000166893005
0.9244444370269775
0.9411110877990723
0.8755555748939514
0.9077777862548828
0.9155555367469788
0.9355555772781372
0.9544444680213928
0.9133333563804626
0.9211111068725586
0.9300000071525574
0.9255555272102356
0.9277777671813965
0.945555567741394
0.9211111068725586
0.9388889074325562
0.9311110973358154
0.9599999785423279
0.9244444370269775
0.9311110973358154
0.9444444179534912
0.9266666769981384
0.9077777862548828
0.9300000071525574
0.9233333468437195
0.903333306312561
0.9433333277702332
0.9222221970558167
0.9388889074325562
0.9111111164093018
0.8911111354827881
0.95333331823349
0.9244444370269775
0.9633333086967468
0.9444444179534912
0.9188888669013977
0.897777795791626
0.9111111164093018
0.9266666769981384
0.95333331823349
0.9433333277702332
0.9411110877990723
0.9355555772781372
0.9300000071525574
0.8999999761581421
0.8955555558204651
0.8955555558204651
0.9611111283302307
0.9211111068725586
0.902222216129303
0.8766666650772095
0.9055555462837219
0.9066666960716248
0.9055555462837219
0.9233333468437195
0.9377777576446533
0.9344444274902344
0.9300000071525574
0.9444444179534912
0.9011111259460449
0.9622222185134888
0.9166666865348816
0.9511111378669739
0.9466666579246521
0.9055555462837219
0.9277777671813965
0.9333333373069763
0.9155555367469788
0.9188888669013977
0.9388889074325562
0.9122222065925598
0.9433333277702332
0.9388889074325562
0.8877778053283691
0.9255555272102356
0.9166666865348816
0.9333333373069763
0.9144444465637207
0.9244444370269775
0.9633333086967468
0.9155555367469788
0.9377777576446533
0.9266666769981384
0.9155555367469788
0.9166666865348816
0.8877778053283691
0.9211111068725586
0.9411110877990723
0.9322222471237183
0.9277777671813965
0.9233333468437195
0.9266666769981384
0.9177777767181396
0.9300000071525574
0.9255555272102356
0.9255555272102356
0.9388889074325562
0.9288889169692993
0.949999988079071
0.9377777576446533
0.945555567741394
0.8755555748939514
0.9233333468437195
0.9566666483879089
0.9355555772781372
0.8766666650772095
0.945555567741394
0.9377777576446533
0.9288889169692993
0.8888888955116272
0.9311110973358154
0.9288889169692993
0.9144444465637207
0.9411110877990723
0.9266666769981384
0.948888897895813
0.9466666579246521
0.902222216129303
0.9300000071525574
0.9155555367469788
0.9166666865348816
0.9444444179534912
0.9377777576446533
0.9200000166893005
0.9644444584846497
0.9144444465637207
0.9333333373069763
0.9388889074325562
0.9266666769981384
0.9300000071525574
0.8888888955116272
0.9333333373069763
0.9133333563804626
0.9122222065925598
0.9177777767181396
0.897777795791626
0.9588888883590698
0.9444444179534912
0.9255555272102356
0.9088888764381409
0.9244444370269775
0.9311110973358154
0.9088888764381409
0.9388889074325562
0.9133333563804626
0.9233333468437195
0.9166666865348816
0.9355555772781372
0.9222221970558167
0.9311110973358154
0.9555555582046509
0.9422222375869751
0.9366666674613953
0.9466666579246521
0.9233333468437195
0.9288889169692993
0.9288889169692993
0.9399999976158142
0.9122222065925598
0.9377777576446533
0.9377777576446533
0.8777777552604675
0.9077777862548828
0.9266666769981384
0.9177777767181396
0.8933333158493042
0.9177777767181396
0.8644444346427917
0.9422222375869751
0.9311110973358154
0.9344444274902344
0.9300000071525574
0.9266666769981384
0.9355555772781372
0.903333306312561
0.9388889074325562
0.9111111164093018
0.9366666674613953
0.9333333373069763
0.9433333277702332
0.9122222065925598
0.9300000071525574
0.9311110973358154
0.9333333373069763
0.897777795791626
0.9011111259460449
0.9333333373069763
0.95333331823349
0.9255555272102356
0.9155555367469788
0.948888897895813
0.9222221970558167
0.9222221970558167
0.9422222375869751
0.9377777576446533
0.9166666865348816
0.9422222375869751
0.9300000071525574
0.9166666865348816
0.9599999785423279
0.9355555772781372
0.9255555272102356
0.9355555772781372
0.9399999976158142
0.903333306312561
0.8999999761581421
0.95333331823349
0.8877778053283691
0.9388889074325562
0.9211111068725586
0.9111111164093018
0.9155555367469788
0.9555555582046509
0.9211111068725586
0.8799999952316284
0.9055555462837219
0.945555567741394
0.9322222471237183
0.9133333563804626
0.9177777767181396
0.9577777981758118
0.9066666960716248
0.8766666650772095
0.9322222471237183
0.9333333373069763
0.9522222280502319
0.9088888764381409
0.9077777862548828
0.8966666460037231
0.9444444179534912
0.9133333563804626
0.9111111164093018
0.9366666674613953
0.9344444274902344
0.9088888764381409
0.9277777671813965
0.9266666769981384
0.9555555582046509
0.9055555462837219
0.9288889169692993
0.9311110973358154
0.9155555367469788
0.9477777481079102
0.9266666769981384
0.948888897895813
0.9322222471237183
0.8677777647972107
0.9355555772781372
0.9366666674613953
0.9188888669013977
0.9200000166893005
0.9511111378669739
0.9233333468437195
0.902222216129303
0.9333333373069763
0.9422222375869751
0.9322222471237183
0.9077777862548828
0.903333306312561
0.9144444465637207
0.9233333468437195
0.9555555582046509
0.9411110877990723
0.9155555367469788
0.9444444179534912
0.9311110973358154
0.9222221970558167
0.9222221970558167
0.9333333373069763
0.9444444179534912
0.9433333277702332
0.9477777481079102
0.949999988079071
0.9588888883590698
0.9466666579246521
0.9144444465637207
0.9511111378669739
0.9166666865348816
0.9044444561004639
0.9366666674613953
0.949999988079071
0.9277777671813965
0.9188888669013977
0.948888897895813
0.9599999785423279
0.9344444274902344
0.9177777767181396
0.9288889169692993
0.9311110973358154
0.9466666579246521
0.9311110973358154
0.9388889074325562
0.9477777481079102
0.9700000286102295
0.9122222065925598
0.9333333373069763
0.9166666865348816
0.9244444370269775
0.9377777576446533
0.9377777576446533
0.948888897895813
0.9355555772781372
0.9511111378669739
0.9100000262260437
0.9399999976158142
0.9433333277702332
0.9177777767181396
0.9411110877990723
0.95333331823349
0.9344444274902344
0.9511111378669739
0.9255555272102356
0.9244444370269775
0.9366666674613953
0.9244444370269775
0.9433333277702332
0.9166666865348816
0.9388889074325562
0.9444444179534912
0.9255555272102356
0.9288889169692993
0.9044444561004639
0.9355555772781372
0.9588888883590698
0.9444444179534912
0.9177777767181396
0.8788889050483704
0.9355555772781372
0.8999999761581421
0.9344444274902344
0.9222221970558167
0.9377777576446533
0.9377777576446533
0.949999988079071
0.9433333277702332
0.9511111378669739
0.9288889169692993
0.9511111378669739
0.9077777862548828
0.949999988079071
0.9344444274902344
0.945555567741394
0.9377777576446533
0.9333333373069763
0.9266666769981384
0.9344444274902344
0.9399999976158142
0.9577777981758118
0.9466666579246521
0.9266666769981384
0.9066666960716248
0.9311110973358154
0.9122222065925598
0.948888897895813
0.9344444274902344
0.903333306312561
0.9277777671813965
0.9211111068725586
0.9555555582046509
0.9355555772781372
0.948888897895813
0.8955555558204651
0.9200000166893005
0.948888897895813
0.9555555582046509
0.9055555462837219
0.9188888669013977
0.9188888669013977
0.9133333563804626
0.9311110973358154
0.897777795791626
0.9577777981758118
0.9399999976158142
0.9288889169692993
0.9344444274902344
0.898888885974884
0.945555567741394
0.9333333373069763
0.9322222471237183
0.9466666579246521
0.9599999785423279
0.9188888669013977
0.9144444465637207
0.9188888669013977
0.9344444274902344
0.9399999976158142
0.902222216129303
0.9466666579246521
0.9044444561004639
0.9344444274902344
0.9244444370269775
0.95333331823349
0.9422222375869751
0.9433333277702332
0.9300000071525574
0.9522222280502319
0.9300000071525574
0.9088888764381409
0.897777795791626
0.9333333373069763
0.9111111164093018
0.9255555272102356
0.9422222375869751
0.945555567741394
0.9511111378669739
0.9277777671813965
0.9422222375869751
0.9677777886390686
0.9333333373069763
0.9622222185134888
0.945555567741394
0.9266666769981384
0.9411110877990723
0.9188888669013977
0.9300000071525574
0.9155555367469788
0.9355555772781372
0.9300000071525574
0.9122222065925598
0.8911111354827881
0.9388889074325562
0.9366666674613953
0.9411110877990723
0.9411110877990723
0.9300000071525574
0.9333333373069763
0.9300000071525574
0.9044444561004639
0.9188888669013977
0.852222204208374
0.9444444179534912
0.9422222375869751
0.9422222375869751
0.9744444489479065
0.9322222471237183
0.9211111068725586
0.9388889074325562
0.9266666769981384
0.9355555772781372
0.9377777576446533
0.9377777576446533
0.9322222471237183
0.9277777671813965
0.9200000166893005
0.9355555772781372
0.9288889169692993
0.948888897895813
0.9366666674613953
0.9288889169692993
0.9233333468437195
0.9233333468437195
0.95333331823349
0.9322222471237183
0.9222221970558167
0.9177777767181396
0.9300000071525574
0.9344444274902344
0.9266666769981384
0.9511111378669739
0.949999988079071
0.9433333277702332
0.9477777481079102
0.9177777767181396
0.9633333086967468
0.9155555367469788
0.9155555367469788
0.9477777481079102
0.9311110973358154
0.9133333563804626
0.9122222065925598
0.9411110877990723
0.9377777576446533
0.9188888669013977
0.9322222471237183
0.9211111068725586
0.9377777576446533
0.948888897895813
0.9555555582046509
0.9044444561004639
0.9377777576446533
0.9155555367469788
0.9066666960716248
0.9522222280502319
0.945555567741394
0.9344444274902344
0.9399999976158142
0.9311110973358154
0.9244444370269775
0.9244444370269775
0.9355555772781372
0.9522222280502319
0.9522222280502319
0.9177777767181396
0.9266666769981384
0.9155555367469788
0.9133333563804626
0.9088888764381409
0.9333333373069763
0.9166666865348816
0.9166666865348816
0.9655555486679077
0.902222216129303
0.9522222280502319
0.9300000071525574
0.9388889074325562
0.8999999761581421
0.9177777767181396
0.9155555367469788
0.9399999976158142
0.9355555772781372
0.9133333563804626
0.9633333086967468
0.9077777862548828
0.9611111283302307
0.9177777767181396
0.9344444274902344
0.9322222471237183
0.9255555272102356
0.9399999976158142
0.9233333468437195
0.9344444274902344
0.9311110973358154
0.9122222065925598
0.9366666674613953
0.9333333373069763
0.9688888788223267
0.9566666483879089
0.9555555582046509
0.9355555772781372
0.9255555272102356
0.9377777576446533
0.9399999976158142
0.9300000071525574
0.9311110973358154
0.945555567741394
0.945555567741394
0.9288889169692993
0.9377777576446533
0.902222216129303
0.9355555772781372
0.9422222375869751
0.9522222280502319
0.9044444561004639
0.9233333468437195
0.9266666769981384
0.948888897895813
0.9399999976158142
0.9522222280502319
0.9522222280502319
0.9222221970558167
0.9300000071525574
0.9444444179534912
0.9088888764381409
0.9266666769981384
0.948888897895813
0.9111111164093018
0.9577777981758118
0.9377777576446533
0.9433333277702332
0.9177777767181396
0.897777795791626
0.9255555272102356
0.9433333277702332
0.9288889169692993
0.9188888669013977
0.948888897895813
0.9200000166893005
0.9355555772781372
0.9244444370269775
0.949999988079071
0.9422222375869751
0.9155555367469788
0.9433333277702332
0.9399999976158142
0.9477777481079102
0.9477777481079102
0.9277777671813965
0.9377777576446533
0.9433333277702332
0.9255555272102356
0.9411110877990723
0.9355555772781372
0.9511111378669739
0.9155555367469788
0.9100000262260437
0.9200000166893005
0.9522222280502319
0.9233333468437195
0.8922222256660461
0.9644444584846497
0.9355555772781372
0.9355555772781372
0.9322222471237183
0.949999988079071
0.9300000071525574
0.9122222065925598
0.9100000262260437
0.9144444465637207
0.9333333373069763
0.9366666674613953
0.9422222375869751
0.9366666674613953
0.9555555582046509
0.9344444274902344
0.9444444179534912
0.9522222280502319
0.9444444179534912
0.903333306312561
0.9244444370269775
0.9177777767181396
0.9300000071525574
0.9355555772781372
0.9244444370269775
0.9211111068725586
0.9399999976158142
0.9411110877990723
0.9511111378669739
0.898888885974884
0.9266666769981384
0.9355555772781372
0.9522222280502319
0.9522222280502319
0.9399999976158142
0.9288889169692993
0.945555567741394
0.9633333086967468
0.9144444465637207
0.9333333373069763
0.9300000071525574
0.8899999856948853
0.9511111378669739
0.8888888955116272
0.9355555772781372
0.9444444179534912
0.9366666674613953
0.9611111283302307
0.9255555272102356
0.9311110973358154
0.9522222280502319
0.9466666579246521
0.9266666769981384
0.9244444370269775
0.9288889169692993
0.9422222375869751
0.9333333373069763
0.9166666865348816
0.9111111164093018
0.945555567741394
0.9377777576446533
0.9344444274902344
0.9544444680213928
0.9355555772781372
0.9222221970558167
0.9211111068725586
0.9566666483879089
0.9399999976158142
0.9399999976158142
0.9344444274902344
0.948888897895813
0.9355555772781372
0.949999988079071
0.9266666769981384
0.9700000286102295
0.9444444179534912
0.9166666865348816
0.9399999976158142
0.9244444370269775
0.9411110877990723
0.9399999976158142
0.9200000166893005
0.9200000166893005
0.949999988079071
0.9411110877990723
0.9233333468437195
0.9144444465637207
0.95333331823349
0.9344444274902344
0.9399999976158142
0.9100000262260437
0.9422222375869751
0.9444444179534912
0.898888885974884
0.9311110973358154
0.9133333563804626
0.9622222185134888
0.9466666579246521
0.903333306312561
0.9411110877990723
0.9322222471237183
0.9177777767181396
0.9377777576446533
0.9422222375869751
0.8888888955116272
0.9577777981758118
0.9144444465637207
0.9366666674613953
0.9577777981758118
0.9322222471237183
0.9366666674613953
0.9366666674613953
0.9477777481079102
0.9411110877990723
0.949999988079071
0.95333331823349
0.95333331823349
0.9366666674613953
0.9366666674613953
0.9555555582046509
0.9333333373069763
0.9633333086967468
0.8933333158493042
0.9355555772781372
0.9100000262260437
0.903333306312561
0.9200000166893005
0.9333333373069763
0.9255555272102356
0.9055555462837219
0.9444444179534912
0.9100000262260437
0.9077777862548828
0.9388889074325562
0.9433333277702332
0.9300000071525574
0.9333333373069763
0.9277777671813965
0.948888897895813
0.9477777481079102
0.9333333373069763
0.9444444179534912
0.9622222185134888
0.9477777481079102
0.9233333468437195
0.9333333373069763
0.948888897895813
0.9200000166893005
0.9200000166893005
0.9355555772781372
0.9444444179534912
0.9155555367469788
0.9055555462837219
0.9333333373069763
0.95333331823349
0.9399999976158142
0.9255555272102356
0.898888885974884
0.9433333277702332
0.9300000071525574
0.9211111068725586
0.949999988079071
0.9622222185134888
0.9422222375869751
0.948888897895813
0.9200000166893005
0.9322222471237183
0.9388889074325562
0.9355555772781372
0.9300000071525574
0.9599999785423279
0.9133333563804626
0.9366666674613953
0.9222221970558167
0.9411110877990723
0.948888897895813
0.9300000071525574
0.945555567741394
0.9477777481079102
0.9311110973358154
0.9222221970558167
0.9277777671813965
0.9388889074325562
0.949999988079071
0.948888897895813
0.9388889074325562
0.9166666865348816
0.9666666388511658
0.9122222065925598
0.9433333277702332
0.9077777862548828
0.9200000166893005
0.9555555582046509
0.9266666769981384
0.9222221970558167
0.9311110973358154
0.948888897895813
0.9655555486679077
0.945555567741394
0.9355555772781372
0.9266666769981384
0.9388889074325562
0.9422222375869751
0.9255555272102356
0.9322222471237183
0.949999988079071
0.9433333277702332
0.95333331823349
0.9522222280502319
0.9544444680213928
0.9255555272102356
0.9422222375869751
0.9522222280502319
0.9066666960716248
0.9277777671813965
0.9388889074325562
0.9433333277702332
0.9355555772781372
0.9477777481079102
0.9311110973358154
0.9266666769981384
0.9411110877990723
0.9511111378669739
0.9166666865348816
0.9277777671813965
0.9366666674613953
0.9355555772781372
0.9522222280502319
0.9411110877990723
0.9422222375869751
0.9622222185134888
0.9377777576446533
0.9622222185134888
0.945555567741394
0.9155555367469788
0.9011111259460449
0.9577777981758118
0.9522222280502319
0.9388889074325562
0.9655555486679077
0.9555555582046509
0.9555555582046509
0.9200000166893005
0.9344444274902344
0.9399999976158142
0.9044444561004639
0.9688888788223267
0.9300000071525574
0.9277777671813965
0.9577777981758118
0.949999988079071
0.9433333277702332
0.9244444370269775
0.9077777862548828
0.9244444370269775
0.9588888883590698
0.95333331823349
0.9511111378669739
0.9322222471237183
0.902222216129303
0.9155555367469788
0.948888897895813
0.9433333277702332
0.9466666579246521
0.894444465637207
0.9544444680213928
0.9288889169692993
0.945555567741394
0.9466666579246521
0.9522222280502319
0.95333331823349
0.945555567741394
0.9555555582046509
0.9522222280502319
0.9399999976158142
0.9333333373069763
0.9144444465637207
0.9588888883590698
0.9477777481079102
0.9511111378669739
0.9333333373069763
0.9377777576446533
0.9611111283302307
0.9122222065925598
0.9277777671813965
0.9477777481079102
0.9211111068725586
0.9300000071525574
0.9388889074325562
0.9233333468437195
0.9322222471237183
0.9366666674613953
0.9322222471237183
0.9344444274902344
0.9577777981758118
0.9288889169692993
0.9411110877990723
0.9244444370269775
0.9300000071525574
0.9311110973358154
0.9088888764381409
0.9311110973358154
0.95333331823349
0.9044444561004639
0.9355555772781372
0.9722222089767456
0.9377777576446533
0.9255555272102356
0.9611111283302307
0.8822222352027893
0.9344444274902344
0.9311110973358154
0.9733333587646484
0.9655555486679077
0.9233333468437195
0.9200000166893005
0.9255555272102356
0.948888897895813
0.9411110877990723
0.949999988079071
0.9399999976158142
0.9666666388511658
0.9144444465637207
0.9366666674613953
0.9377777576446533
0.9666666388511658
0.9422222375869751
0.949999988079071
0.9399999976158142
0.9155555367469788
0.9599999785423279
0.949999988079071
0.9144444465637207
0.9355555772781372
0.949999988079071
0.9555555582046509
0.9366666674613953
0.9055555462837219
0.9088888764381409
0.95333331823349
0.9355555772781372
0.9466666579246521
0.95333331823349
0.9233333468437195
0.9566666483879089
0.9444444179534912
0.8899999856948853
0.9311110973358154
0.9333333373069763
0.9244444370269775
0.945555567741394
0.9300000071525574
0.9377777576446533
0.945555567741394
0.9233333468437195
0.9188888669013977
0.95333331823349
0.948888897895813
0.9255555272102356
0.9388889074325562
0.9566666483879089
0.9477777481079102
0.9466666579246521
0.9555555582046509
0.9244444370269775
0.9222221970558167
0.9233333468437195
0.9388889074325562
0.8966666460037231
0.9522222280502319
0.9688888788223267
0.9311110973358154
0.9577777981758118
0.9288889169692993
0.9155555367469788
0.9522222280502319
0.9566666483879089
0.9144444465637207
0.9388889074325562
0.9711111187934875
0.948888897895813
0.9266666769981384
0.9066666960716248
0.9277777671813965
0.9588888883590698
0.945555567741394
0.9377777576446533
0.9311110973358154
0.9188888669013977
0.9288889169692993
0.8922222256660461
0.9055555462837219
0.9522222280502319
0.9366666674613953
0.9388889074325562
0.9366666674613953
0.9344444274902344
0.9344444274902344
0.945555567741394
0.9044444561004639
0.945555567741394
0.9388889074325562
0.9311110973358154
0.9411110877990723
0.95333331823349
0.9277777671813965
0.9444444179534912
0.9055555462837219
0.9277777671813965
0.9522222280502319
0.9077777862548828
0.9311110973358154
0.9200000166893005
0.9222221970558167
0.9233333468437195
0.9577777981758118
0.9555555582046509
0.9244444370269775
0.95333331823349
0.9611111283302307
0.949999988079071
0.9388889074325562
0.9388889074325562
0.9222221970558167
0.9311110973358154
0.9422222375869751
0.9222221970558167
0.9644444584846497
0.9333333373069763
0.9300000071525574
0.9444444179534912
0.9255555272102356
0.9288889169692993
0.9233333468437195
0.9477777481079102
0.9433333277702332
0.897777795791626
0.9144444465637207
0.9322222471237183
0.9277777671813965
0.9266666769981384
0.9599999785423279
0.9511111378669739
0.9433333277702332
0.9311110973358154
0.9377777576446533
0.9577777981758118
0.9311110973358154
0.9322222471237183
0.9288889169692993
0.9322222471237183
0.9411110877990723
0.948888897895813
0.9088888764381409
0.9733333587646484
0.948888897895813
0.9700000286102295
0.9577777981758118
0.9133333563804626
0.9044444561004639
0.9511111378669739
0.9355555772781372
0.9511111378669739
0.9122222065925598
0.9433333277702332
0.9633333086967468
0.9344444274902344
0.9511111378669739
0.9555555582046509
0.9477777481079102
0.9311110973358154
0.9366666674613953
0.9388889074325562
0.9388889074325562
0.9511111378669739
0.9111111164093018
0.9411110877990723
0.9333333373069763
0.897777795791626
0.9466666579246521
0.9466666579246521
0.9588888883590698
0.95333331823349
0.9055555462837219
0.9211111068725586
0.9388889074325562
0.9588888883590698
0.9599999785423279
0.9477777481079102
0.9577777981758118
0.9155555367469788
0.9477777481079102
0.9555555582046509
0.9800000190734863
0.9433333277702332
0.9522222280502319
0.9133333563804626
0.9399999976158142
0.9200000166893005
0.9511111378669739
0.9422222375869751
0.9522222280502319
0.9544444680213928
0.9677777886390686
0.9433333277702332
0.9188888669013977
0.948888897895813
0.9333333373069763
0.9377777576446533
0.9111111164093018
0.9288889169692993
0.949999988079071
0.9422222375869751
0.9311110973358154
0.9155555367469788
0.8999999761581421
0.95333331823349
0.9211111068725586
0.9399999976158142
0.9611111283302307
0.9622222185134888
0.9544444680213928
0.9166666865348816
0.9344444274902344
0.9444444179534912
0.9244444370269775
0.9344444274902344
0.9366666674613953
0.9477777481079102
0.9633333086967468
0.9344444274902344
0.9300000071525574
0.9577777981758118
0.9422222375869751
0.9277777671813965
0.9466666579246521
0.9266666769981384
0.9566666483879089
0.9211111068725586
0.9422222375869751
0.95333331823349
0.9399999976158142
0.9366666674613953
0.9633333086967468
0.9255555272102356
0.9266666769981384
0.9544444680213928
0.8955555558204651
0.9566666483879089
0.9477777481079102
0.9377777576446533
0.9633333086967468
0.9433333277702332
0.9311110973358154
0.9433333277702332
0.95333331823349
0.9444444179534912
0.9200000166893005
0.9544444680213928
0.9522222280502319
0.9700000286102295
0.9322222471237183
0.9344444274902344
0.9300000071525574
0.945555567741394
0.9144444465637207
0.9266666769981384
0.9411110877990723
0.9422222375869751
0.8888888955116272
0.8922222256660461
0.9266666769981384
0.9422222375869751
0.9222221970558167
0.9399999976158142
0.9599999785423279
0.9322222471237183
0.9522222280502319
0.9433333277702332
0.9599999785423279
0.9222221970558167
0.9188888669013977
0.9577777981758118
0.9266666769981384
0.9511111378669739
0.9377777576446533
0.9511111378669739
0.9566666483879089
0.9255555272102356
0.894444465637207
0.9355555772781372
0.9177777767181396
0.9333333373069763
0.9611111283302307
0.9377777576446533
0.9622222185134888
0.949999988079071
0.9311110973358154
0.9144444465637207
0.9311110973358154
0.9288889169692993
0.9166666865348816
0.9444444179534912
0.9388889074325562
0.9399999976158142
0.9255555272102356
0.9433333277702332
0.9522222280502319
0.9388889074325562
0.9466666579246521
0.9200000166893005
0.9088888764381409
0.948888897895813
0.9433333277702332
0.9466666579246521
0.949999988079071
0.9188888669013977
0.9288889169692993
0.9244444370269775
0.9288889169692993
0.9433333277702332
0.9266666769981384
0.9599999785423279
0.9244444370269775
0.9333333373069763
0.9333333373069763
0.9422222375869751
0.9399999976158142
0.9399999976158142
0.9111111164093018
0.9266666769981384
0.9322222471237183
0.9444444179534912
0.897777795791626
0.9399999976158142
0.9477777481079102
0.9477777481079102
0.9522222280502319
0.9333333373069763
0.945555567741394
0.9566666483879089
0.9266666769981384
0.9444444179534912
0.95333331823349
0.9188888669013977
0.9422222375869751
0.9577777981758118
0.945555567741394
0.945555567741394
0.9300000071525574
0.9377777576446533
0.945555567741394
0.9411110877990723
0.9477777481079102
0.9255555272102356
0.9222221970558167
0.9644444584846497
0.9355555772781372
0.95333331823349
0.9466666579246521
0.9388889074325562
0.9333333373069763
0.9344444274902344
0.9466666579246521
0.9444444179534912
0.9411110877990723
0.9677777886390686
0.9511111378669739
0.9444444179534912
0.9644444584846497
0.949999988079071
0.9655555486679077
0.945555567741394
0.9355555772781372
0.9555555582046509
0.9566666483879089
0.9277777671813965
0.9433333277702332
0.95333331823349
0.945555567741394
0.949999988079071
0.948888897895813
0.9333333373069763
0.9544444680213928
0.9222221970558167
0.9377777576446533
0.9355555772781372
0.9222221970558167
0.9377777576446533
0.9288889169692993
0.9577777981758118
0.9522222280502319
0.9544444680213928
0.9055555462837219
0.9399999976158142
0.9411110877990723
0.9399999976158142
0.948888897895813
0.9622222185134888
0.9655555486679077
0.9399999976158142
0.9622222185134888
0.9166666865348816
0.9477777481079102
0.9355555772781372
0.9155555367469788
0.9433333277702332
0.9433333277702332
0.9633333086967468
0.945555567741394
0.9422222375869751
0.9477777481079102
0.9277777671813965
0.9277777671813965
0.9144444465637207
0.9555555582046509
0.9666666388511658
0.9599999785423279
0.9355555772781372
0.9411110877990723
0.9188888669013977
0.9544444680213928
0.9544444680213928
0.949999988079071
0.948888897895813
0.9277777671813965
0.9333333373069763
0.9077777862548828
0.9333333373069763
0.9111111164093018
0.9388889074325562
0.9433333277702332
0.9344444274902344
0.9155555367469788
0.9588888883590698
0.9577777981758118
0.9622222185134888
0.9288889169692993
0.9411110877990723
0.9411110877990723
0.9288889169692993
0.9444444179534912
0.9088888764381409
0.9266666769981384
0.9111111164093018
0.9522222280502319
0.9688888788223267
0.9622222185134888
0.9422222375869751
0.9333333373069763
0.9433333277702332
0.9433333277702332
0.9622222185134888
0.9366666674613953
0.9688888788223267
0.9522222280502319
0.95333331823349
0.9333333373069763
0.945555567741394
0.9688888788223267
0.9344444274902344
0.9377777576446533
0.9355555772781372
0.948888897895813
0.9355555772781372
0.9722222089767456
0.9466666579246521
0.9466666579246521
0.9311110973358154
0.9544444680213928
0.9222221970558167
0.9288889169692993
0.9222221970558167
0.9111111164093018
0.945555567741394
0.9366666674613953
0.9566666483879089
0.9577777981758118
0.948888897895813
0.948888897895813
0.9611111283302307
0.8922222256660461
0.9433333277702332
0.9611111283302307
0.9522222280502319
0.9433333277702332
0.9466666579246521
0.9388889074325562
0.9300000071525574
0.9688888788223267
0.9466666579246521
0.9577777981758118
0.9344444274902344
0.9277777671813965
0.9399999976158142
0.9311110973358154
0.9677777886390686
0.9555555582046509
0.9144444465637207
0.9477777481079102
0.9411110877990723
0.9077777862548828
0.9244444370269775
0.9677777886390686
0.9366666674613953
0.9700000286102295
0.9622222185134888
0.9633333086967468
0.9133333563804626
0.9477777481079102
0.9200000166893005
0.9433333277702332
0.9355555772781372
0.9422222375869751
0.9377777576446533
0.9511111378669739
0.9433333277702332
0.9599999785423279
0.9566666483879089
0.8733333349227905
0.9444444179534912
0.9422222375869751
0.9555555582046509
0.9444444179534912
0.9366666674613953
0.9211111068725586
0.9522222280502319
0.9411110877990723
0.9244444370269775
0.9577777981758118
0.9077777862548828
0.9077777862548828
0.95333331823349
0.9555555582046509
0.9266666769981384
0.945555567741394
0.9322222471237183
0.949999988079071
0.9255555272102356
0.9511111378669739
0.9622222185134888
0.945555567741394
0.9655555486679077
0.9166666865348816
0.9599999785423279
0.9399999976158142
0.9433333277702332
0.9577777981758118
0.9300000071525574
0.9311110973358154
0.9166666865348816
0.9322222471237183
0.9444444179534912
0.9433333277702332
0.9233333468437195
0.9344444274902344
0.9399999976158142
0.9433333277702332
0.9133333563804626
0.945555567741394
0.9333333373069763
0.9622222185134888
0.948888897895813
0.9266666769981384
0.9188888669013977
0.9255555272102356
0.9522222280502319
0.9388889074325562
0.9611111283302307
0.9355555772781372
0.9422222375869751
0.949999988079071
0.9355555772781372
0.9566666483879089
0.9222221970558167
0.9477777481079102
0.9544444680213928
0.945555567741394
0.9266666769981384
0.9544444680213928
0.9355555772781372
0.9255555272102356
0.9544444680213928
0.9277777671813965
0.9411110877990723
0.9477777481079102
0.902222216129303
0.9377777576446533
0.9599999785423279
0.9377777576446533
0.9555555582046509
0.9577777981758118
0.9466666579246521
0.9433333277702332
0.945555567741394
0.9266666769981384
0.9300000071525574
0.9577777981758118
0.949999988079071
0.948888897895813
0.9544444680213928
0.9322222471237183
0.9666666388511658
0.948888897895813
0.9388889074325562
0.9044444561004639
0.9655555486679077
0.9311110973358154
0.9211111068725586
0.9088888764381409
0.9355555772781372
0.9311110973358154
0.9577777981758118
0.9411110877990723
0.9377777576446533
0.9544444680213928
0.95333331823349
0.9266666769981384
0.9200000166893005
0.9655555486679077
0.9733333587646484
0.948888897895813
0.9555555582046509
0.9399999976158142
0.9222221970558167
0.9588888883590698
0.9399999976158142
0.9466666579246521
0.9344444274902344
0.9588888883590698
0.9422222375869751
0.9444444179534912
0.9611111283302307
0.9411110877990723
0.9155555367469788
0.9477777481079102
0.9211111068725586
0.9366666674613953
0.9366666674613953
0.9411110877990723
0.9655555486679077
0.9511111378669739
0.9422222375869751
0.945555567741394
0.9422222375869751
0.9544444680213928
0.9144444465637207
0.9399999976158142
0.9166666865348816
0.9599999785423279
0.9688888788223267
0.949999988079071
0.9511111378669739
0.9522222280502319
0.9700000286102295
0.9366666674613953
0.9722222089767456
0.9411110877990723
0.9511111378669739
0.9200000166893005
0.9511111378669739
0.9611111283302307
0.9177777767181396
0.9366666674613953
0.945555567741394
0.9588888883590698
0.9244444370269775
0.9511111378669739
0.9300000071525574
0.9622222185134888
0.949999988079071
0.9522222280502319
0.9388889074325562
0.9266666769981384
0.9377777576446533
0.9677777886390686
0.9466666579246521
0.9388889074325562
0.9133333563804626
0.9644444584846497
0.9588888883590698
0.9666666388511658
0.9477777481079102
0.9477777481079102
0.9277777671813965
0.9255555272102356
0.9744444489479065
0.9233333468437195
0.9166666865348816
0.9577777981758118
0.9288889169692993
0.9444444179534912
0.9588888883590698
0.9655555486679077
0.9277777671813965
0.9666666388511658
0.948888897895813
0.95333331823349
0.9666666388511658
0.9155555367469788
0.949999988079071
0.945555567741394
0.9611111283302307
0.9511111378669739
0.9422222375869751
0.9544444680213928
0.9300000071525574
0.95333331823349
0.9422222375869751
0.9322222471237183
0.948888897895813
0.9366666674613953
0.9544444680213928
0.9466666579246521
0.945555567741394
0.9599999785423279
0.9244444370269775
0.9244444370269775
0.95333331823349
0.9433333277702332
0.9311110973358154
0.9344444274902344
0.9088888764381409
0.9522222280502319
0.9599999785423279
0.9511111378669739
0.948888897895813
0.9555555582046509
0.9399999976158142
0.9288889169692993
0.9377777576446533
0.9622222185134888
0.949999988079071
0.9377777576446533
0.9288889169692993
0.9366666674613953
0.898888885974884
0.9166666865348816
0.9544444680213928
0.9244444370269775
0.9466666579246521
0.9233333468437195
0.9411110877990723
0.9388889074325562
0.9222221970558167
0.9433333277702332
0.9544444680213928
0.945555567741394
0.9344444274902344
0.95333331823349
0.9599999785423279
0.9622222185134888
0.9388889074325562
0.9266666769981384
0.9555555582046509
0.9277777671813965
0.9377777576446533
0.9288889169692993
0.949999988079071
0.9422222375869751
0.9133333563804626
0.9399999976158142
0.9555555582046509
0.9522222280502319
0.945555567741394
0.9566666483879089
0.945555567741394
0.9544444680213928
0.9155555367469788
0.9444444179534912
0.9255555272102356
0.9300000071525574
0.9311110973358154
0.9622222185134888
0.9477777481079102
0.95333331823349
0.898888885974884
0.948888897895813
0.9411110877990723
0.9366666674613953
0.9466666579246521
0.9288889169692993
0.9211111068725586
0.9522222280502319
0.9311110973358154
0.9222221970558167
0.9433333277702332
0.9433333277702332
0.9344444274902344
0.9300000071525574
0.949999988079071
0.949999988079071
0.9599999785423279
0.9611111283302307
0.9477777481079102
0.949999988079071
0.9399999976158142
0.9333333373069763
0.9511111378669739
0.9177777767181396
0.9355555772781372
0.9333333373069763
0.9300000071525574
0.9244444370269775
0.9555555582046509
0.9444444179534912
0.9333333373069763
0.9277777671813965
0.9388889074325562
0.9422222375869751
0.8999999761581421
0.945555567741394
0.9388889074325562
0.9466666579246521
0.9622222185134888
0.9166666865348816
0.9255555272102356
0.9311110973358154
0.9722222089767456
0.9611111283302307
0.9555555582046509
0.9399999976158142
0.945555567741394
0.9422222375869751
0.9433333277702332
0.9388889074325562
0.9355555772781372
0.9100000262260437
0.95333331823349
0.945555567741394
0.9377777576446533
0.9522222280502319
0.95333331823349
0.9444444179534912
0.9366666674613953
0.9511111378669739
0.9233333468437195
0.9311110973358154
0.948888897895813
0.9522222280502319
0.9277777671813965
0.9177777767181396
0.945555567741394
0.9433333277702332
0.9688888788223267
0.9477777481079102
0.9611111283302307
0.9300000071525574
0.9522222280502319
0.9522222280502319
0.9522222280502319
0.9544444680213928
0.9366666674613953
0.9711111187934875
0.9177777767181396
0.9377777576446533
0.9411110877990723
0.9555555582046509
0.9388889074325562
0.9377777576446533
0.949999988079071
0.9422222375869751
0.9111111164093018
0.948888897895813
0.9188888669013977
0.9477777481079102
0.9722222089767456
0.949999988079071
0.902222216129303
0.9688888788223267
0.9688888788223267
0.9522222280502319
0.9466666579246521
0.9622222185134888
0.9388889074325562
0.9577777981758118
0.9311110973358154
0.9744444489479065
0.9122222065925598
0.9477777481079102
0.9566666483879089
0.9722222089767456
0.9355555772781372
0.9388889074325562
0.945555567741394
0.9333333373069763
0.948888897895813
0.9633333086967468
0.9333333373069763
0.9422222375869751
0.9155555367469788
0.9300000071525574
0.9588888883590698
0.9433333277702332
0.9577777981758118
0.9333333373069763
0.9477777481079102
0.9288889169692993
0.9222221970558167
0.9466666579246521
0.9433333277702332
0.9611111283302307
0.945555567741394
0.9444444179534912
0.9388889074325562
0.9622222185134888
0.949999988079071
0.894444465637207
0.948888897895813
0.945555567741394
0.9555555582046509
0.945555567741394
0.95333331823349
0.9288889169692993
0.948888897895813
0.949999988079071
0.95333331823349
0.9388889074325562
0.9333333373069763
0.9433333277702332
0.9466666579246521
0.9700000286102295
0.9688888788223267
0.9466666579246521
0.9355555772781372
0.9722222089767456
0.9366666674613953
0.9599999785423279
0.9577777981758118
0.9544444680213928
0.9466666579246521
0.9644444584846497
0.9700000286102295
0.9377777576446533
0.9300000071525574
0.9233333468437195
0.9311110973358154
0.9544444680213928
0.9522222280502319
0.9555555582046509
0.9244444370269775
0.9611111283302307
0.9366666674613953
0.9422222375869751
0.9599999785423279
0.9355555772781372
0.9399999976158142
0.9466666579246521
0.9300000071525574
0.9444444179534912
0.9266666769981384
0.9311110973358154
0.9211111068725586
0.9644444584846497
0.9311110973358154
0.9300000071525574
0.9599999785423279
0.9688888788223267
0.9744444489479065
0.9622222185134888
0.9399999976158142
0.9377777576446533
0.9188888669013977
0.9588888883590698
0.9611111283302307
0.9388889074325562
0.9200000166893005
0.948888897895813
0.9322222471237183
0.9633333086967468
0.9599999785423279
0.9366666674613953
0.9677777886390686
0.9311110973358154
0.95333331823349
0.949999988079071
0.9388889074325562
0.9477777481079102
0.945555567741394
0.9377777576446533
0.9366666674613953
0.9633333086967468
0.9477777481079102
0.9300000071525574
0.9633333086967468
0.95333331823349
0.9255555272102356
0.9233333468437195
0.949999988079071
0.9255555272102356
0.9566666483879089
0.9211111068725586
0.9355555772781372
0.9422222375869751
0.9433333277702332
0.949999988079071
0.9111111164093018
0.9544444680213928
0.945555567741394
0.9566666483879089
0.9611111283302307
0.9444444179534912
0.9333333373069763
0.9388889074325562
0.9711111187934875
0.948888897895813
0.9366666674613953
0.9266666769981384
0.949999988079071
0.9411110877990723
0.9333333373069763
0.9399999976158142
0.9544444680213928
0.948888897895813
0.9466666579246521
0.9588888883590698
0.95333331823349
0.9677777886390686
0.9266666769981384
0.9511111378669739
0.9611111283302307
0.9588888883590698
0.9333333373069763
0.9311110973358154
0.9366666674613953
0.9399999976158142
0.9577777981758118
0.9266666769981384
0.9444444179534912
0.9555555582046509
0.9399999976158142
0.9666666388511658
0.9555555582046509
0.9566666483879089
0.9266666769981384
0.9144444465637207
0.9566666483879089
0.9266666769981384
0.9399999976158142
0.9566666483879089
0.9633333086967468
0.9433333277702332
0.9766666889190674
0.9555555582046509
0.9677777886390686
0.948888897895813
0.9622222185134888
0.945555567741394
0.9555555582046509
0.9344444274902344
0.9344444274902344
0.9411110877990723
0.9388889074325562
0.9577777981758118
0.9322222471237183
0.9477777481079102
0.9555555582046509
0.9411110877990723
0.95333331823349
0.9566666483879089
0.9088888764381409
0.9522222280502319
0.9611111283302307
0.9388889074325562
0.9566666483879089
0.9200000166893005
0.9544444680213928
0.9377777576446533
0.9355555772781372
0.9688888788223267
0.95333331823349
0.9688888788223267
0.9666666388511658
0.9444444179534912
0.945555567741394
0.9466666579246521
0.9511111378669739
0.9300000071525574
0.9277777671813965
0.948888897895813
0.9544444680213928
0.9611111283302307
0.9677777886390686
0.9588888883590698
0.95333331823349
0.9322222471237183
0.9377777576446533
0.9355555772781372
0.9200000166893005
0.9611111283302307
0.9722222089767456
0.9466666579246521
0.9466666579246521
0.9555555582046509
0.95333331823349
0.9577777981758118
0.9355555772781372
0.9444444179534912
0.9611111283302307
0.9133333563804626
0.9522222280502319
0.9366666674613953
0.9311110973358154
0.9377777576446533
0.9444444179534912
0.9444444179534912
0.9288889169692993
0.9555555582046509
0.9399999976158142
0.9155555367469788
0.9599999785423279
0.945555567741394
0.9399999976158142
0.9655555486679077
0.9433333277702332
0.9200000166893005
0.9722222089767456
0.9399999976158142
0.9266666769981384
0.9633333086967468
0.945555567741394
0.95333331823349
0.9444444179534912
0.9444444179534912
0.9588888883590698
0.9599999785423279
0.9733333587646484
0.9277777671813965
0.9322222471237183
0.9366666674613953
0.9622222185134888
0.9566666483879089
0.9566666483879089
0.9399999976158142
0.9522222280502319
0.9577777981758118
0.9466666579246521
0.9322222471237183
0.9422222375869751
0.9611111283302307
0.9155555367469788
0.9577777981758118
0.9577777981758118
0.9599999785423279
0.9588888883590698
0.9577777981758118
0.9477777481079102
0.9733333587646484
0.9355555772781372
0.9555555582046509
0.9444444179534912
0.9255555272102356
0.9288889169692993
0.949999988079071
0.945555567741394
0.9688888788223267
0.9266666769981384
0.9477777481079102
0.9322222471237183
0.9644444584846497
0.9555555582046509
0.9622222185134888
0.9711111187934875
0.9388889074325562
0.9788888692855835
0.9511111378669739
0.9733333587646484
0.9166666865348816
0.9544444680213928
0.9511111378669739
0.9522222280502319
0.9311110973358154
0.9611111283302307
0.95333331823349
0.9333333373069763
0.9511111378669739
0.948888897895813
0.9177777767181396
0.9566666483879089
0.9188888669013977
0.9644444584846497
0.9766666889190674
0.9655555486679077
0.9344444274902344
0.9700000286102295
0.9522222280502319
0.945555567741394
0.9522222280502319
0.9588888883590698
0.9611111283302307
0.9599999785423279
0.9677777886390686
0.9433333277702332
0.948888897895813
0.9544444680213928
0.9588888883590698
0.9266666769981384
0.9277777671813965
0.9444444179534912
0.9355555772781372
0.9399999976158142
0.95333331823349
0.949999988079071
0.9322222471237183
0.9700000286102295
0.8888888955116272
0.9577777981758118
0.9411110877990723
0.9411110877990723
0.9444444179534912
0.9466666579246521
0.9577777981758118
0.9777777791023254
0.9399999976158142
0.9388889074325562
0.9511111378669739
0.9300000071525574
0.9155555367469788
0.9544444680213928
0.9566666483879089
0.9611111283302307
0.9733333587646484
0.9111111164093018
0.9300000071525574
0.9655555486679077
0.9522222280502319
0.9511111378669739
0.9144444465637207
0.9666666388511658
0.9633333086967468
0.9366666674613953
0.9377777576446533
0.9733333587646484
0.9566666483879089
0.9477777481079102
0.9222221970558167
0.9622222185134888
0.9588888883590698
0.9222221970558167
0.9177777767181396
0.95333331823349
0.9555555582046509
0.9422222375869751
0.9300000071525574
0.9577777981758118
0.945555567741394
0.9566666483879089
0.9277777671813965
0.9555555582046509
0.9377777576446533
0.9688888788223267
0.948888897895813
0.9388889074325562
0.9366666674613953
0.9655555486679077
0.9655555486679077
0.9633333086967468
0.9477777481079102
0.9311110973358154
0.949999988079071
0.9688888788223267
0.9611111283302307
0.9466666579246521
0.9355555772781372
0.9677777886390686
0.9599999785423279
0.9588888883590698
0.9333333373069763
0.9333333373069763
0.9566666483879089
0.948888897895813
0.9111111164093018
0.9544444680213928
0.9511111378669739
0.9555555582046509
0.945555567741394
0.9366666674613953
0.9577777981758118
0.9588888883590698
0.9333333373069763
0.9588888883590698
0.9177777767181396
0.9477777481079102
0.9433333277702332
0.9366666674613953
0.9555555582046509
0.9433333277702332
0.9433333277702332
0.9566666483879089
0.9355555772781372
0.95333331823349
0.949999988079071
0.9744444489479065
0.9599999785423279
0.9422222375869751
0.9311110973358154
0.9655555486679077
0.9577777981758118
0.9366666674613953
0.9422222375869751
0.9477777481079102
0.9333333373069763
0.9444444179534912
0.9622222185134888
0.9277777671813965
0.9555555582046509
0.9700000286102295
0.9688888788223267
0.9277777671813965
0.9399999976158142
0.9611111283302307
0.9544444680213928
0.9599999785423279
0.9288889169692993
0.9366666674613953
0.9477777481079102
0.9555555582046509
0.9477777481079102
0.9366666674613953
0.9399999976158142
0.95333331823349
0.9222221970558167
0.9322222471237183
0.9333333373069763
0.9444444179534912
0.9566666483879089
0.9466666579246521
0.9611111283302307
0.9622222185134888
0.9300000071525574
0.9477777481079102
0.9655555486679077
0.9388889074325562
0.9300000071525574
0.9311110973358154
0.948888897895813
0.9322222471237183
0.9644444584846497
0.9477777481079102
0.9688888788223267
0.9411110877990723
0.9333333373069763
0.9333333373069763
0.9311110973358154
0.9377777576446533
0.9444444179534912
0.95333331823349
0.9611111283302307
0.8866666555404663
0.9233333468437195
0.9555555582046509
0.9666666388511658
0.9088888764381409
0.9700000286102295
0.9633333086967468
0.9377777576446533
0.9388889074325562
0.9611111283302307
0.9511111378669739
0.9577777981758118
0.949999988079071
0.945555567741394
0.9422222375869751
0.9588888883590698
0.9211111068725586
0.9577777981758118
0.9233333468437195
0.95333331823349
0.9377777576446533
0.9511111378669739
0.9411110877990723
0.949999988079071
0.9566666483879089
0.9300000071525574
0.9466666579246521
0.9311110973358154
0.9733333587646484
0.9399999976158142
0.9711111187934875
0.9422222375869751
0.9611111283302307
0.9544444680213928
0.9466666579246521
0.9377777576446533
0.9233333468437195
0.9177777767181396
0.9522222280502319
0.9633333086967468
0.9511111378669739
0.9144444465637207
0.9366666674613953
0.9444444179534912
0.9288889169692993
0.9433333277702332
0.9522222280502319
0.9566666483879089
0.9677777886390686
0.9222221970558167
0.9677777886390686
0.945555567741394
0.9344444274902344
0.9666666388511658
0.9555555582046509
0.9188888669013977
0.9599999785423279
0.9399999976158142
0.9555555582046509
0.9311110973358154
0.9611111283302307
0.9688888788223267
0.9466666579246521
0.9522222280502319
0.9155555367469788
0.9633333086967468
0.9477777481079102
0.9599999785423279
0.9477777481079102
0.949999988079071
0.9344444274902344
0.9599999785423279
0.9399999976158142
0.9688888788223267
0.9577777981758118
0.949999988079071
0.95333331823349
0.9411110877990723
0.9433333277702332
0.945555567741394
0.9744444489479065
0.9344444274902344
0.9244444370269775
0.9544444680213928
0.9644444584846497
0.9466666579246521
0.9444444179534912
0.945555567741394
0.9555555582046509
0.9477777481079102
0.9344444274902344
0.948888897895813
0.9611111283302307
0.9288889169692993
0.95333331823349
0.9288889169692993
0.9511111378669739
0.9611111283302307
0.9466666579246521
0.945555567741394
0.9411110877990723
0.9633333086967468
0.9399999976158142
0.9599999785423279
0.9377777576446533
0.948888897895813
0.9577777981758118
0.95333331823349
0.9555555582046509
0.9388889074325562
0.9555555582046509
0.945555567741394
0.9444444179534912
0.9544444680213928
0.9399999976158142
0.9388889074325562
0.9822221994400024
0.9399999976158142
0.9688888788223267
0.9722222089767456
0.9611111283302307
0.9577777981758118
0.945555567741394
0.9566666483879089
0.9677777886390686
0.9622222185134888
0.9244444370269775
0.9611111283302307
0.949999988079071
0.949999988079071
0.9544444680213928
0.9388889074325562
0.9466666579246521
0.9355555772781372
0.9544444680213928
0.9688888788223267
0.9222221970558167
0.9566666483879089
0.945555567741394
0.9355555772781372
0.9200000166893005
0.9344444274902344
0.9577777981758118
0.949999988079071
0.945555567741394
0.9644444584846497
0.9544444680213928
0.9588888883590698
0.948888897895813
0.9688888788223267
0.9111111164093018
0.9655555486679077
0.9633333086967468
0.9344444274902344
0.9644444584846497
0.9611111283302307
0.9399999976158142
0.9477777481079102
0.9522222280502319
0.9411110877990723
0.9544444680213928
0.9477777481079102
0.9366666674613953
0.948888897895813
0.9588888883590698
0.8899999856948853
0.9511111378669739
0.9555555582046509
0.9544444680213928
0.9511111378669739
0.9599999785423279
0.9311110973358154
0.9744444489479065
0.897777795791626
0.9555555582046509
0.9433333277702332
0.9555555582046509
0.9466666579246521
0.9511111378669739
0.9277777671813965
0.9122222065925598
0.945555567741394
0.8966666460037231
0.9577777981758118
0.9577777981758118
0.9344444274902344
0.9388889074325562
0.949999988079071
0.9522222280502319
0.9466666579246521
0.9611111283302307
0.95333331823349
0.9511111378669739
0.9388889074325562
0.9444444179534912
0.9599999785423279
0.9566666483879089
0.9444444179534912
0.9477777481079102
0.9366666674613953
0.95333331823349
0.9666666388511658
0.9300000071525574
0.9366666674613953
0.9511111378669739
0.9388889074325562
0.949999988079071
0.9666666388511658
0.9366666674613953
0.9433333277702332
0.9633333086967468
0.9577777981758118
0.9111111164093018
0.9733333587646484
0.9688888788223267
0.9444444179534912
0.9677777886390686
0.945555567741394
0.9466666579246521
0.9411110877990723
0.9511111378669739
0.9599999785423279
0.9511111378669739
0.9288889169692993
0.9599999785423279
0.9355555772781372
0.9555555582046509
0.9633333086967468
0.95333331823349
0.948888897895813
0.9711111187934875
0.9422222375869751
0.9366666674613953
0.9655555486679077
0.948888897895813
0.9422222375869751
0.9244444370269775
0.9344444274902344
0.9677777886390686
0.9611111283302307
0.9433333277702332
0.9477777481079102
0.9555555582046509
0.9511111378669739
0.9566666483879089
0.9511111378669739
0.9466666579246521
0.9344444274902344
0.9166666865348816
0.945555567741394
0.95333331823349
0.9466666579246521
0.9588888883590698
0.9466666579246521
0.9200000166893005
0.9399999976158142
0.9566666483879089
0.9355555772781372
0.95333331823349
0.9611111283302307
0.9544444680213928
0.9588888883590698
0.9544444680213928
0.9588888883590698
0.9444444179534912
0.9300000071525574
0.9733333587646484
0.9255555272102356
0.945555567741394
0.9200000166893005
0.9611111283302307
0.9288889169692993
0.9588888883590698
0.9433333277702332
0.9355555772781372
0.9066666960716248
0.9611111283302307
0.948888897895813
0.9355555772781372
0.9444444179534912
0.9300000071525574
0.949999988079071
0.9544444680213928
0.9266666769981384
0.9300000071525574
0.9588888883590698
0.9633333086967468
0.9277777671813965
0.9711111187934875
0.9655555486679077
0.9255555272102356
0.9544444680213928
0.9399999976158142
0.9366666674613953
0.949999988079071
0.9566666483879089
0.9588888883590698
0.9522222280502319
0.948888897895813
0.9700000286102295
0.9522222280502319
0.9311110973358154
0.9055555462837219
0.9266666769981384
0.95333331823349
0.9577777981758118
0.9599999785423279
0.9466666579246521
0.9566666483879089
0.9733333587646484
0.9522222280502319
0.9644444584846497
0.9111111164093018
0.9377777576446533
0.9688888788223267
0.9588888883590698
0.9522222280502319
0.949999988079071
0.9188888669013977
0.9733333587646484
0.9577777981758118
0.9277777671813965
0.9577777981758118
0.9633333086967468
0.9233333468437195
0.9477777481079102
0.9544444680213928
0.9155555367469788
0.9566666483879089
0.948888897895813
0.9688888788223267
0.9577777981758118
0.9466666579246521
0.9577777981758118
0.9688888788223267
0.9644444584846497
0.9599999785423279
0.9599999785423279
0.9599999785423279
0.949999988079071
0.9633333086967468
0.9344444274902344
0.945555567741394
0.9388889074325562
0.9700000286102295
0.9766666889190674
0.9355555772781372
0.9577777981758118
0.9633333086967468
0.9444444179534912
0.9644444584846497
0.9399999976158142
0.9433333277702332
0.9366666674613953
0.9566666483879089
0.9322222471237183
0.95333331823349
0.9388889074325562
0.9155555367469788
0.9622222185134888
0.9177777767181396
0.9599999785423279
0.9377777576446533
0.9611111283302307
0.9277777671813965
0.9700000286102295
0.9544444680213928
0.9277777671813965
0.9544444680213928
0.9266666769981384
0.9644444584846497
0.9633333086967468
0.9555555582046509
0.9522222280502319
0.9744444489479065
0.9544444680213928
0.9411110877990723
0.9477777481079102
0.9411110877990723
0.9288889169692993
0.9622222185134888
0.9566666483879089
0.9377777576446533
0.9388889074325562
0.9155555367469788
0.945555567741394
0.9588888883590698
0.948888897895813
0.9399999976158142
0.9555555582046509
0.9544444680213928
0.9633333086967468
0.9555555582046509
0.9277777671813965
0.9333333373069763
0.9566666483879089
0.9622222185134888
0.9666666388511658
0.9622222185134888
0.9566666483879089
0.9355555772781372
0.9355555772781372
0.9644444584846497
0.9300000071525574
0.9233333468437195
0.9466666579246521
0.9588888883590698
0.9222221970558167
0.95333331823349
0.9566666483879089
0.9655555486679077
0.9633333086967468
0.949999988079071
0.9688888788223267
0.9611111283302307
0.9599999785423279
0.95333331823349
0.9355555772781372
0.9333333373069763
0.949999988079071
0.9655555486679077
0.95333331823349
0.9211111068725586
0.9522222280502319
0.9422222375869751
0.9444444179534912
0.9477777481079102
0.9255555272102356
0.9544444680213928
0.95333331823349
0.9633333086967468
0.9288889169692993
0.9711111187934875
0.9755555391311646
0.9433333277702332
0.9566666483879089
0.9388889074325562
0.95333331823349
0.9766666889190674
0.9411110877990723
0.949999988079071
0.9633333086967468
0.9622222185134888
0.9555555582046509
0.9355555772781372
0.95333331823349
0.95333331823349
0.949999988079071
0.9366666674613953
0.9599999785423279
0.9566666483879089
0.9700000286102295
0.9700000286102295
0.9399999976158142
0.9788888692855835
0.9511111378669739
0.9611111283302307
0.9477777481079102
0.9433333277702332
0.9577777981758118
0.9422222375869751
0.9377777576446533
0.9377777576446533
0.9722222089767456
0.9277777671813965
0.9622222185134888
0.9300000071525574
0.9655555486679077
0.9333333373069763
0.9444444179534912
0.9333333373069763
0.9388889074325562
0.9277777671813965
0.9300000071525574
0.9733333587646484
0.9411110877990723
0.9444444179534912
0.9644444584846497
0.9577777981758118
0.9555555582046509
0.9744444489479065
0.9666666388511658
0.9377777576446533
0.9644444584846497
0.9644444584846497
0.9555555582046509
0.9577777981758118
0.9466666579246521
0.9544444680213928
0.945555567741394
0.9233333468437195
0.9744444489479065
0.9688888788223267
0.9544444680213928
0.9399999976158142
0.9344444274902344
0.9399999976158142
0.9577777981758118
0.9599999785423279
0.9544444680213928
0.9566666483879089
0.9711111187934875
0.9655555486679077
0.9744444489479065
0.9188888669013977
0.9700000286102295
0.9577777981758118
0.9444444179534912
0.9544444680213928
0.9522222280502319
0.9655555486679077
0.9711111187934875
0.9444444179534912
0.9511111378669739
0.948888897895813
0.9677777886390686
0.9599999785423279
0.95333331823349
0.9433333277702332
0.9433333277702332
0.9477777481079102
0.9177777767181396
0.9655555486679077
0.949999988079071
0.9411110877990723
0.9288889169692993
0.9599999785423279
0.9333333373069763
0.9688888788223267
0.9555555582046509
0.9444444179534912
0.9433333277702332
0.949999988079071
0.9444444179534912
0.9544444680213928
0.9666666388511658
0.9477777481079102
0.9355555772781372
0.9555555582046509
0.9677777886390686
0.9777777791023254
0.9555555582046509
0.9422222375869751
0.9555555582046509
0.9211111068725586
0.9277777671813965
0.9522222280502319
0.9633333086967468
0.9800000190734863
0.9444444179534912
0.9788888692855835
0.9555555582046509
0.9633333086967468
0.9622222185134888
