4.295601844787598
4.124275207519531
4.0428385734558105
3.9095165729522705
3.7616126537323
3.57173228263855
3.682814598083496
3.3638076782226562
3.320828437805176
3.3568084239959717
3.305259943008423
3.1683828830718994
3.187861442565918
3.1895978450775146
3.211854934692383
3.027562379837036
3.1076555252075195
2.9691367149353027
3.0693390369415283
2.8622255325317383
2.8592708110809326
2.9114432334899902
2.6034090518951416
2.76566743850708
2.816767454147339
2.7336487770080566
2.6442954540252686
2.877568483352661
2.684915781021118
2.7239508628845215
2.6108505725860596
2.7106337547302246
2.4434547424316406
2.616762399673462
2.5794944763183594
2.3713440895080566
2.607023000717163
2.5469119548797607
2.4515438079833984
2.3058247566223145
2.4929652214050293
2.493366003036499
2.347783088684082
2.232333183288574
2.5959348678588867
2.290658473968506
2.404031276702881
2.4264676570892334
2.3659229278564453
2.3084170818328857
2.4158854484558105
2.315199375152588
2.407803535461426
2.2500483989715576
2.2678329944610596
2.099524974822998
2.3892760276794434
2.063932180404663
2.086554765701294
2.229020118713379
2.284757137298584
2.2812116146087646
2.0723330974578857
2.1077423095703125
2.2239556312561035
2.0605995655059814
2.2301530838012695
1.9825453758239746
2.0301098823547363
2.3549811840057373
2.061368703842163
2.103827476501465
2.1378283500671387
2.0241897106170654
2.024702310562134
2.0482447147369385
1.9786847829818726
2.0657382011413574
2.061554431915283
1.9960196018218994
2.0537519454956055
2.024333953857422
2.0001821517944336
2.0914978981018066
2.0413434505462646
2.011977195739746
2.094883441925049
1.8776295185089111
2.1289708614349365
1.95107102394104
1.9077835083007812
1.8538305759429932
1.7446894645690918
2.1254489421844482
2.0627522468566895
1.9465261697769165
1.8259564638137817
1.9782757759094238
2.0424304008483887
1.7012827396392822
2.0828359127044678
1.8695250749588013
1.9622552394866943
1.8234338760375977
1.8804916143417358
1.8629837036132812
1.8983197212219238
1.7454595565795898
1.782508373260498
1.8468906879425049
1.7733581066131592
1.8310333490371704
1.823455572128296
1.9978147745132446
1.8921377658843994
1.8563361167907715
1.9479172229766846
1.9474869966506958
1.8425556421279907
1.719359040260315
1.7390952110290527
1.7787706851959229
1.7641594409942627
2.0153918266296387
1.8731608390808105
1.8776090145111084
1.7552690505981445
1.7309813499450684
1.9718449115753174
1.5569084882736206
1.8591126203536987
1.8095483779907227
1.7987480163574219
1.805445909500122
1.6508088111877441
1.7947574853897095
1.6868295669555664
1.6739633083343506
1.7423497438430786
1.9063084125518799
1.8510282039642334
1.6047958135604858
1.800628423690796
1.7066800594329834
1.7634618282318115
1.7192192077636719
1.6457571983337402
1.7187614440917969
1.694476842880249
1.6363389492034912
1.754866600036621
1.925220251083374
1.6145851612091064
1.6738585233688354
1.7852997779846191
1.6978874206542969
1.6256847381591797
1.7518908977508545
1.7590086460113525
1.8703837394714355
1.688744306564331
1.6955511569976807
1.5929346084594727
1.8371269702911377
1.7192754745483398
1.641693115234375
1.7085750102996826
1.5521008968353271
1.7247555255889893
1.5763516426086426
1.6733489036560059
1.7584528923034668
1.6059846878051758
1.595247507095337
1.6618399620056152
1.5708024501800537
1.6317646503448486
1.685309648513794
1.5708425045013428
1.548328161239624
1.5912880897521973
1.6994054317474365
1.5158827304840088
1.5958974361419678
1.7365036010742188
1.6299219131469727
1.560972809791565
1.4654717445373535
1.6739790439605713
1.626429557800293
1.659208059310913
1.5254838466644287
1.693631649017334
1.5245652198791504
1.4964501857757568
1.5261967182159424
1.4844430685043335
1.662308931350708
1.5052742958068848
1.645493507385254
1.5611286163330078
1.556512475013733
1.5235474109649658
1.5646352767944336
1.5212039947509766
1.6631934642791748
1.464486837387085
1.4912950992584229
1.599980115890503
1.5864391326904297
1.5683228969573975
1.41611647605896
1.4625864028930664
1.6047849655151367
1.3764567375183105
1.5307624340057373
1.4621214866638184
1.6257174015045166
1.3757710456848145
1.509608268737793
1.4839195013046265
1.6045069694519043
1.5436687469482422
1.5070832967758179
1.5765552520751953
1.4720652103424072
1.456151008605957
1.6074950695037842
1.436227560043335
1.6202651262283325
1.385011911392212
1.4853415489196777
1.6010780334472656
1.3544995784759521
1.4676958322525024
1.390345573425293
1.4115407466888428
1.5918043851852417
1.4358899593353271
1.4748904705047607
1.4921348094940186
1.5190777778625488
1.6035537719726562
1.4717583656311035
1.4211862087249756
1.536728858947754
1.3877556324005127
1.465819001197815
1.6412379741668701
1.4474871158599854
1.4403555393218994
1.5910608768463135
1.4677561521530151
1.3468595743179321
1.3177422285079956
1.4429740905761719
1.3471176624298096
1.582866907119751
1.432861328125
1.4690622091293335
1.3267313241958618
1.4467616081237793
1.4267394542694092
1.4519915580749512
1.489999532699585
1.3975024223327637
1.2946138381958008
1.3827526569366455
1.5637826919555664
1.4763299226760864
1.4442667961120605
1.2852919101715088
1.4479641914367676
1.4565024375915527
1.4624114036560059
1.3185598850250244
1.4309780597686768
1.4526642560958862
1.389945387840271
1.4539352655410767
1.599341630935669
1.5118427276611328
1.399742603302002
1.4131712913513184
1.3165092468261719
1.3518307209014893
1.594538688659668
1.374406337738037
1.3208339214324951
1.4343860149383545
1.4173049926757812
1.416822910308838
1.2976001501083374
1.2880923748016357
1.4521429538726807
1.4116811752319336
1.3364686965942383
1.3730192184448242
1.342519998550415
1.3033480644226074
1.3926540613174438
1.3841664791107178
1.3420970439910889
1.330632209777832
1.2970943450927734
1.3155109882354736
1.3302146196365356
1.3343193531036377
1.3969926834106445
1.4123040437698364
1.4100686311721802
1.471482515335083
1.4440191984176636
1.3536834716796875
1.2799328565597534
1.3462896347045898
1.415327787399292
1.3294733762741089
1.5145032405853271
1.4206093549728394
1.4160304069519043
1.334331750869751
1.3463056087493896
1.3647265434265137
1.367966651916504
1.3600081205368042
1.3803291320800781
1.368956446647644
1.3591382503509521
1.3302199840545654
1.2212636470794678
1.4854953289031982
1.3237491846084595
1.3184740543365479
1.2679648399353027
1.310925006866455
1.3479349613189697
1.2075271606445312
1.2081360816955566
1.263917326927185
1.3411991596221924
1.3817381858825684
1.574978232383728
1.3011515140533447
1.3035675287246704
1.2969386577606201
1.4127041101455688
1.316151738166809
1.3790017366409302
1.4147498607635498
1.3179399967193604
1.3006787300109863
1.530386209487915
1.3961442708969116
1.4285900592803955
1.1939990520477295
1.3483738899230957
1.4017826318740845
1.3283506631851196
1.2580753564834595
1.4098752737045288
1.310379981994629
1.271675705909729
1.288731575012207
1.351952075958252
1.3205610513687134
1.3110716342926025
1.3495004177093506
1.3700335025787354
1.243019700050354
1.3479900360107422
1.2575953006744385
1.3394432067871094
1.282444953918457
1.3313450813293457
1.387969970703125
1.3506022691726685
1.3599717617034912
1.2880009412765503
1.3751660585403442
1.226344347000122
1.351812720298767
1.2628519535064697
1.3591265678405762
1.397217035293579
1.3109679222106934
1.4519338607788086
1.2603440284729004
1.3817884922027588
1.2225723266601562
1.3042502403259277
1.331207036972046
1.3403360843658447
1.3643269538879395
1.4094430208206177
1.3646365404129028
1.3570022583007812
1.279334306716919
1.3055808544158936
1.252051591873169
1.2638695240020752
1.2789382934570312
1.3378360271453857
1.301504135131836
1.3510613441467285
1.2457761764526367
1.4653358459472656
1.2796761989593506
1.303753137588501
1.406646966934204
1.2421185970306396
1.2358176708221436
1.4158892631530762
1.3706048727035522
1.2569319009780884
1.1733670234680176
1.1626728773117065
1.2874103784561157
1.2708476781845093
1.2671468257904053
1.253286361694336
1.2694671154022217
1.3263189792633057
1.3634916543960571
1.326218843460083
1.170229196548462
1.1677021980285645
1.2355396747589111
1.1886415481567383
1.3447818756103516
1.3005512952804565
1.3308203220367432
1.310422658920288
1.1810566186904907
1.289968490600586
1.3523333072662354
1.4254969358444214
1.2181719541549683
1.2447153329849243
1.2682342529296875
1.2715435028076172
1.2360827922821045
1.3662450313568115
1.2929978370666504
1.2376188039779663
1.2088112831115723
1.2395672798156738
1.243077039718628
1.2648379802703857
1.2580859661102295
1.2826275825500488
1.3105428218841553
1.2151286602020264
1.3471248149871826
1.359529972076416
1.2227694988250732
1.2464497089385986
1.3665423393249512
1.288755178451538
1.2846477031707764
1.3831599950790405
1.1091835498809814
1.2091262340545654
1.4287512302398682
1.1629328727722168
1.3619494438171387
1.1882824897766113
1.5013397932052612
1.230913519859314
1.2243316173553467
1.1790509223937988
1.2838926315307617
1.195082187652588
1.2454620599746704
1.1969618797302246
1.3135981559753418
1.2864861488342285
1.2393622398376465
1.4636929035186768
1.2790240049362183
1.2829957008361816
1.3774385452270508
1.254875659942627
1.2245235443115234
1.169360876083374
1.2576195001602173
1.161726474761963
1.2520191669464111
1.387099266052246
1.304046869277954
1.2951524257659912
1.2590084075927734
1.227259635925293
1.2946199178695679
1.2700977325439453
1.2536479234695435
1.249826192855835
1.2878693342208862
1.2105014324188232
1.1856364011764526
1.2548370361328125
1.22273588180542
1.2476470470428467
1.2328243255615234
1.2549610137939453
1.2238519191741943
1.165303349494934
1.267725944519043
1.3095226287841797
1.2782578468322754
1.1977933645248413
1.2890634536743164
1.2510986328125
1.245846152305603
1.1801323890686035
1.2267351150512695
1.0861417055130005
1.1663358211517334
1.2994444370269775
1.295557975769043
1.329020380973816
1.2214157581329346
1.2855453491210938
1.2044490575790405
1.2837505340576172
1.2164616584777832
1.2329039573669434
1.2059264183044434
1.1671316623687744
1.1548646688461304
1.3008015155792236
1.2149837017059326
1.1788392066955566
1.2238759994506836
1.2578378915786743
1.178494930267334
1.1712112426757812
1.249098539352417
1.1359103918075562
1.2870185375213623
1.1682488918304443
1.2920526266098022
1.173248529434204
1.2324514389038086
1.1662654876708984
1.130734920501709
1.2127931118011475
1.1230846643447876
1.2251231670379639
1.2894206047058105
1.131575584411621
1.1442029476165771
1.3445284366607666
1.3068089485168457
1.2730584144592285
1.2151665687561035
1.1405768394470215
1.2153730392456055
1.2872724533081055
1.2243927717208862
1.3011901378631592
1.1767759323120117
1.238891363143921
1.3212296962738037
1.2729732990264893
1.1378369331359863
1.2381105422973633
1.1628296375274658
1.1395891904830933
1.1984522342681885
1.1638669967651367
1.311498761177063
1.2992116212844849
1.194475769996643
1.1589781045913696
1.255751371383667
1.183098316192627
1.268612027168274
1.195899486541748
1.151039958000183
1.2080819606781006
1.2671418190002441
1.2570123672485352
1.1540288925170898
1.277906894683838
1.1362481117248535
1.1611111164093018
1.1731842756271362
1.2143361568450928
1.3074867725372314
1.3627948760986328
1.188926100730896
1.0996203422546387
1.2214186191558838
1.3070741891860962
1.1883714199066162
1.1823413372039795
1.165135145187378
1.1889991760253906
1.0460009574890137
1.065403938293457
1.0901572704315186
1.253941535949707
1.3466341495513916
1.194159984588623
1.2110891342163086
1.1277217864990234
1.257863163948059
1.2286864519119263
1.3381612300872803
1.1526163816452026
1.2297461032867432
1.2888238430023193
1.1739835739135742
1.1496741771697998
1.2719002962112427
1.084338665008545
1.142868995666504
1.249242901802063
1.2019537687301636
1.1875554323196411
1.2403364181518555
1.2725486755371094
1.223276138305664
1.1821249723434448
1.0789194107055664
1.2141550779342651
1.1405352354049683
1.1620209217071533
1.2007977962493896
1.1908628940582275
1.104356050491333
1.2099260091781616
1.1426103115081787
1.1258128881454468
1.1349352598190308
1.2334091663360596
1.1350853443145752
1.1795473098754883
1.089019775390625
1.1505953073501587
1.1190314292907715
1.032530426979065
1.0710797309875488
1.1743755340576172
1.233893632888794
1.3341703414916992
1.121843934059143
1.1427100896835327
1.1435751914978027
1.1465404033660889
1.230226755142212
1.1142081022262573
1.2753880023956299
1.149160623550415
1.2208014726638794
1.191725254058838
1.1980568170547485
1.1007444858551025
1.114715814590454
1.1097767353057861
1.080061674118042
1.1900782585144043
1.0826072692871094
1.0997682809829712
1.1302902698516846
1.2132704257965088
1.2033883333206177
1.3064460754394531
1.1051689386367798
1.1802396774291992
1.140798807144165
1.1603758335113525
1.1666268110275269
1.1214978694915771
1.0630013942718506
1.155970811843872
1.0986130237579346
1.1463196277618408
1.0638352632522583
1.192759394645691
1.108555793762207
1.1617944240570068
1.2756142616271973
1.3123478889465332
1.2099683284759521
1.2527363300323486
1.1794092655181885
1.1452937126159668
1.2145644426345825
1.1064934730529785
1.1790297031402588
1.168515920639038
1.1243430376052856
1.0766448974609375
1.2170013189315796
1.238783597946167
1.1454381942749023
1.1309154033660889
1.2841346263885498
1.1760050058364868
1.3086225986480713
1.2170041799545288
1.1451364755630493
1.1294469833374023
1.1902514696121216
1.073704719543457
1.1336634159088135
1.187098503112793
1.1193430423736572
1.1976275444030762
1.201014757156372
1.3315620422363281
1.241310477256775
1.084639072418213
1.083256483078003
1.1127903461456299
1.189979076385498
1.2971057891845703
1.1667578220367432
1.124948501586914
1.1802172660827637
1.0901460647583008
1.0876209735870361
1.1460069417953491
1.2417495250701904
1.2271785736083984
1.1524823904037476
1.1011464595794678
1.0866668224334717
1.095941185951233
1.19197416305542
1.110841989517212
1.1905403137207031
1.3547945022583008
1.1485300064086914
1.1738035678863525
1.2662019729614258
1.13185715675354
1.1891982555389404
1.126038670539856
1.0788911581039429
1.1557766199111938
1.1312472820281982
1.1589345932006836
1.2368948459625244
1.148493766784668
1.178957462310791
1.2021963596343994
1.1060070991516113
1.118497371673584
1.1225032806396484
1.057973861694336
1.211472749710083
1.1631877422332764
1.1923294067382812
1.1490201950073242
1.1369686126708984
1.2047685384750366
1.1734130382537842
1.2242714166641235
1.0958186388015747
1.1472737789154053
1.2416267395019531
1.1268141269683838
1.054915428161621
1.3567790985107422
1.0962681770324707
1.2259843349456787
1.2320430278778076
1.0919190645217896
1.0700807571411133
1.1671416759490967
1.1227221488952637
1.0784690380096436
1.1191387176513672
1.0484695434570312
1.1251041889190674
1.1452670097351074
1.2491748332977295
1.0825773477554321
1.1780757904052734
1.1962385177612305
1.0597999095916748
1.1333131790161133
1.1384661197662354
1.167067289352417
1.040574312210083
1.1993787288665771
0.9966435432434082
1.2424616813659668
1.1733849048614502
1.1432702541351318
1.1006547212600708
1.1180016994476318
1.0656317472457886
1.1748840808868408
1.2245712280273438
1.1324305534362793
1.0111932754516602
1.1036012172698975
1.078995704650879
1.0961965322494507
1.1894193887710571
1.1487449407577515
1.1263848543167114
1.1032352447509766
1.2274612188339233
1.097301721572876
1.0284662246704102
1.1154241561889648
1.095583200454712
1.0484894514083862
1.1500188112258911
1.1112116575241089
1.209176778793335
1.134265661239624
1.0732102394104004
1.2133655548095703
1.0793569087982178
1.1303880214691162
1.2722142934799194
1.2850345373153687
1.2384285926818848
1.1546297073364258
1.035199522972107
1.1176435947418213
1.003047227859497
1.2527146339416504
1.1240696907043457
1.1298892498016357
1.1735663414001465
1.1235047578811646
1.0815837383270264
1.134222388267517
1.111173152923584
1.1387161016464233
1.2157537937164307
1.1554765701293945
1.0847961902618408
1.1561623811721802
1.1280200481414795
1.0457634925842285
1.063118577003479
1.1703310012817383
1.2447681427001953
1.2312629222869873
1.1152093410491943
1.0969947576522827
1.1280906200408936
1.2483587265014648
1.130958080291748
1.1367011070251465
1.0587122440338135
1.1535758972167969
1.0775539875030518
1.1303660869598389
1.1475757360458374
1.186065673828125
1.0645767450332642
1.1757588386535645
1.0841721296310425
1.1003522872924805
1.2345569133758545
1.1743055582046509
1.1172361373901367
1.070343255996704
1.1223766803741455
1.0430479049682617
1.1757183074951172
1.2045220136642456
1.1164405345916748
1.1104443073272705
1.1028704643249512
1.1235527992248535
1.152923822402954
1.1174975633621216
1.054494857788086
1.1112961769104004
1.203192949295044
1.134498953819275
1.0776193141937256
1.0708794593811035
1.0387120246887207
1.0667492151260376
1.0765783786773682
1.104252576828003
1.0263969898223877
1.1853396892547607
1.0710830688476562
1.0105721950531006
1.1120023727416992
1.0599539279937744
1.0631816387176514
1.1631572246551514
1.1319167613983154
1.0579805374145508
1.0274666547775269
1.1006464958190918
1.1123424768447876
1.1272653341293335
1.0481982231140137
1.1427197456359863
1.0704666376113892
1.1144351959228516
1.1226539611816406
1.0823718309402466
1.12465238571167
1.1122370958328247
1.0929806232452393
1.0243912935256958
1.045700192451477
1.0210378170013428
1.0697357654571533
1.091937780380249
1.0809643268585205
1.2174806594848633
1.0131665468215942
1.0516886711120605
1.0349929332733154
1.072150468826294
1.0509814023971558
1.1393682956695557
1.078660011291504
1.1029036045074463
1.0098775625228882
1.0225495100021362
1.0573941469192505
1.1246404647827148
1.0229007005691528
1.1770721673965454
1.1190001964569092
1.0655288696289062
1.1204283237457275
1.152291178703308
1.0494896173477173
1.1132274866104126
1.1519811153411865
1.1081480979919434
1.193779468536377
1.1415348052978516
1.1140682697296143
1.109778642654419
1.1079416275024414
1.0140436887741089
1.0772660970687866
1.0453181266784668
1.1128544807434082
1.0157549381256104
1.0837161540985107
1.010432481765747
1.0697959661483765
1.1055021286010742
1.0533971786499023
1.1227624416351318
1.1533591747283936
1.1318906545639038
1.0750503540039062
1.0645275115966797
1.0948047637939453
1.1731903553009033
1.1246728897094727
1.0899767875671387
1.259058952331543
1.1360856294631958
1.0030286312103271
1.0502123832702637
1.1187752485275269
1.1957757472991943
1.0803142786026
1.0592890977859497
1.064322590827942
1.0823813676834106
1.1077415943145752
1.111606240272522
1.046138882637024
1.0428552627563477
1.0631157159805298
1.1509249210357666
1.1629483699798584
1.1210365295410156
1.187058448791504
1.0092698335647583
1.0411872863769531
1.0505735874176025
1.0295414924621582
1.070479393005371
0.9997282028198242
1.0399925708770752
1.197738766670227
1.1612036228179932
1.1405725479125977
1.077822208404541
1.004823088645935
1.1970493793487549
1.1114050149917603
1.0547069311141968
1.014486312866211
1.0919241905212402
1.1873862743377686
1.137403130531311
1.032809853553772
1.1655209064483643
1.128687858581543
1.0412030220031738
1.0789871215820312
1.0945857763290405
1.140400767326355
1.109283447265625
1.0533071756362915
1.1382038593292236
0.9727422595024109
1.044073462486267
1.0054616928100586
1.0741772651672363
1.0955142974853516
1.12192702293396
1.2187836170196533
1.0533862113952637
1.0437266826629639
1.1467604637145996
1.1354107856750488
1.1036033630371094
1.1074132919311523
1.0649943351745605
1.015211582183838
0.9600707292556763
1.0997459888458252
1.080996036529541
1.0222516059875488
1.0517065525054932
1.100029706954956
1.0447722673416138
1.0970649719238281
1.0572643280029297
1.0691081285476685
1.1043081283569336
1.0702646970748901
1.0144922733306885
1.0517832040786743
1.0329235792160034
1.0151416063308716
1.0418462753295898
1.099959135055542
1.1194169521331787
1.035849690437317
1.043201208114624
1.1680843830108643
1.0324379205703735
1.070218563079834
1.0752947330474854
1.0542120933532715
1.0479974746704102
1.1156847476959229
1.1481342315673828
0.9816880226135254
1.2155466079711914
1.0571238994598389
1.1269983053207397
1.0639359951019287
1.017305612564087
1.0945687294006348
1.0427953004837036
1.0088133811950684
1.0437524318695068
1.084672212600708
1.1281273365020752
1.0499972105026245
0.9886916875839233
1.0316448211669922
0.9431642293930054
1.1025495529174805
1.1163246631622314
1.0645520687103271
1.1344263553619385
1.2187788486480713
1.054771900177002
1.068961262702942
1.0904150009155273
1.1530790328979492
1.1035361289978027
1.0960524082183838
1.152444839477539
1.004136085510254
1.082901954650879
1.00300931930542
1.117276906967163
0.9333735704421997
1.1027865409851074
1.1419398784637451
0.973031759262085
1.1849417686462402
1.14565908908844
1.0438852310180664
1.0192371606826782
1.0326746702194214
1.0097908973693848
1.0639703273773193
1.0482497215270996
1.0525434017181396
0.9994104504585266
1.0301072597503662
1.1009153127670288
1.0233891010284424
0.9689021110534668
1.0506925582885742
1.063208818435669
1.087641954421997
1.1323606967926025
1.042323350906372
0.9908592700958252
1.1349040269851685
1.0397794246673584
1.1126563549041748
1.009321928024292
1.0789403915405273
1.00401771068573
1.058920979499817
0.9692544341087341
0.9307985305786133
1.1443777084350586
1.0358953475952148
1.0650312900543213
1.0204492807388306
1.113678216934204
1.0018706321716309
1.072548270225525
1.002461314201355
1.0936188697814941
1.0616233348846436
1.024885892868042
1.080155849456787
1.103060245513916
0.990115761756897
1.020556926727295
1.042069911956787
1.0782138109207153
1.0263042449951172
1.011687159538269
1.0915119647979736
0.9514086246490479
1.1040846109390259
1.0642682313919067
1.0990262031555176
1.1362626552581787
1.0583240985870361
1.0838093757629395
1.0323700904846191
1.0259450674057007
1.0429764986038208
1.0440059900283813
1.0667085647583008
1.0353057384490967
1.0158008337020874
1.0508322715759277
0.979782223701477
1.0329277515411377
1.0867950916290283
1.085845947265625
1.057096004486084
1.0052510499954224
1.1368484497070312
1.0351617336273193
1.0328147411346436
1.067037582397461
1.0721571445465088
1.1431152820587158
1.0778547525405884
1.0418682098388672
0.9873420000076294
1.1565093994140625
1.0412037372589111
1.0607444047927856
1.1157333850860596
1.184889316558838
1.1133253574371338
1.1535680294036865
1.0136045217514038
1.0739483833312988
1.150169849395752
1.0871282815933228
0.9990568161010742
1.0302155017852783
1.0167675018310547
1.066841959953308
1.073216199874878
1.1034300327301025
1.0562421083450317
1.0500845909118652
1.075254201889038
0.9889218807220459
1.1059587001800537
1.0130016803741455
1.147250771522522
1.038762092590332
0.9989752769470215
1.0983576774597168
1.0459214448928833
1.0560027360916138
1.062795877456665
1.0661969184875488
1.1004867553710938
1.035962700843811
1.1402881145477295
0.9966948628425598
1.0686345100402832
0.9772372245788574
1.0301088094711304
1.01841139793396
1.0055303573608398
1.058078408241272
1.039479374885559
1.0881257057189941
1.175323724746704
1.0656238794326782
1.0802139043807983
1.0079482793807983
0.9818207621574402
1.0670887231826782
1.061619758605957
0.9510245323181152
1.0821893215179443
1.0840437412261963
1.1812326908111572
0.9859709739685059
0.9989050030708313
1.004377007484436
1.0218279361724854
0.956741213798523
1.0771594047546387
1.028954267501831
1.095787525177002
1.0142767429351807
1.0205497741699219
1.1514381170272827
0.9953517913818359
0.989006519317627
0.9854612946510315
1.0861667394638062
0.9764050841331482
1.0589585304260254
1.1563301086425781
1.0640544891357422
1.0201396942138672
1.0101172924041748
1.0936167240142822
0.9440884590148926
0.9978762269020081
1.0646966695785522
1.0350124835968018
1.2069242000579834
1.0435903072357178
1.0262413024902344
1.1477539539337158
1.0379822254180908
1.0921297073364258
1.0999702215194702
1.1240487098693848
1.1007089614868164
1.0721261501312256
1.010844349861145
1.0554332733154297
1.0212078094482422
1.1162950992584229
1.0314221382141113
0.9987226128578186
0.9970844984054565
1.076723337173462
1.1696182489395142
0.9792548418045044
1.0212202072143555
1.080117106437683
1.0995635986328125
1.0251896381378174
0.9969228506088257
1.0726029872894287
1.174124002456665
1.0091642141342163
1.0428589582443237
1.0437490940093994
1.0012929439544678
1.0728366374969482
0.9954626560211182
1.1009681224822998
0.9341416358947754
1.019439458847046
0.9154459238052368
1.0669581890106201
1.0806655883789062
1.0758979320526123
1.0710389614105225
1.0008866786956787
1.0474679470062256
1.1285780668258667
0.9643208980560303
0.999773383140564
1.058382272720337
1.0194101333618164
1.1233787536621094
0.9558413624763489
1.0519989728927612
1.0367647409439087
1.0521471500396729
1.0459091663360596
1.145561933517456
1.0605796575546265
0.9779276847839355
1.1595911979675293
1.0330485105514526
0.9713338017463684
0.9845951795578003
0.9765447378158569
1.060796856880188
1.0253241062164307
1.0833375453948975
0.9931403398513794
1.0796527862548828
1.0386772155761719
0.9636149406433105
1.016169786453247
0.9930399656295776
1.026597499847412
1.031334400177002
1.01878023147583
0.9699046611785889
1.000177025794983
1.0492165088653564
0.9769023656845093
0.9876810908317566
0.9648475646972656
1.046999216079712
1.0575318336486816
1.001612901687622
1.002953052520752
1.038833737373352
0.9690132141113281
0.9195820093154907
1.039109230041504
1.0366549491882324
1.1007826328277588
1.0827726125717163
0.9139190316200256
1.0837254524230957
1.037394642829895
1.1565910577774048
1.0309462547302246
0.9838603734970093
0.9997745156288147
0.984192967414856
1.0129156112670898
1.1538035869598389
1.0504429340362549
0.9736975431442261
0.9506532549858093
0.9779605865478516
0.9532357454299927
0.9874670505523682
1.0085017681121826
0.981083869934082
1.0470995903015137
1.0736396312713623
1.045783281326294
0.9684194326400757
0.9768103361129761
1.0643326044082642
1.09537672996521
1.0215131044387817
0.9859309196472168
1.0145617723464966
0.9453409910202026
1.0132572650909424
1.0489733219146729
1.168758511543274
1.0375442504882812
1.0245919227600098
1.0122348070144653
1.1481400728225708
1.061626672744751
1.023762822151184
1.0243124961853027
1.0320148468017578
1.0246349573135376
1.0916959047317505
0.9963603019714355
1.0883278846740723
1.0199689865112305
0.9769798517227173
1.0992329120635986
1.093390941619873
1.0644779205322266
1.0531505346298218
1.00407874584198
1.0677130222320557
0.9314030408859253
1.0883331298828125
1.0143917798995972
0.9120814800262451
1.0512555837631226
1.059755563735962
1.1225707530975342
0.9853672981262207
1.0688337087631226
0.9988219738006592
1.0487756729125977
1.0486788749694824
1.0245466232299805
1.0802561044692993
1.0706276893615723
1.0351918935775757
1.0001623630523682
0.9870727062225342
1.086992621421814
1.030017614364624
0.9839176535606384
0.9573566317558289
0.9874848127365112
1.036720871925354
1.0296285152435303
1.0424035787582397
1.0321635007858276
1.0215095281600952
1.081498622894287
0.9715892672538757
1.059574007987976
1.0021483898162842
1.0468816757202148
1.0974639654159546
1.0296211242675781
0.9583441019058228
1.0953969955444336
0.9649945497512817
1.0881543159484863
1.0599256753921509
1.0564687252044678
0.9761025905609131
1.11154043674469
0.9567632675170898
1.0478932857513428
1.0215718746185303
1.055213451385498
1.0263488292694092
1.0234819650650024
1.1153794527053833
0.9864804744720459
1.0126314163208008
0.9934271574020386
1.0710042715072632
1.0348119735717773
1.0185661315917969
0.9704149961471558
1.0049000978469849
1.0186080932617188
1.1355260610580444
0.9781091809272766
0.9631818532943726
1.0013887882232666
0.9836567044258118
1.0736472606658936
0.9631588459014893
1.0197582244873047
1.0815460681915283
0.9865006804466248
1.0094082355499268
0.927884042263031
1.0018486976623535
0.9994339346885681
1.0313698053359985
0.9892995357513428
0.9814813137054443
1.0228022336959839
0.9773422479629517
0.9769500494003296
1.044722080230713
1.0777411460876465
0.9935331344604492
0.9357202053070068
0.9838019013404846
1.0220102071762085
1.197784662246704
1.1106549501419067
1.0946714878082275
1.0055677890777588
0.9893255233764648
0.9801546335220337
1.027346134185791
0.9919873476028442
0.9498327374458313
1.0124149322509766
1.0145509243011475
1.0562388896942139
1.0275921821594238
0.9902989268302917
1.0572761297225952
0.9948999881744385
0.9981414079666138
0.9797803163528442
0.9969745874404907
0.9823087453842163
1.075871229171753
1.0068978071212769
0.9255214929580688
1.0526857376098633
1.0679837465286255
0.9748370051383972
0.9121485948562622
1.0371217727661133
1.038547158241272
1.0144977569580078
0.9756351709365845
0.9843786954879761
1.025940179824829
1.020041584968567
0.9654208421707153
1.0132195949554443
0.952143669128418
1.0222768783569336
0.9793144464492798
0.9658260345458984
0.954637348651886
0.9964703321456909
0.9596722722053528
0.914113461971283
0.9881839752197266
1.0334535837173462
0.9725240468978882
1.029841661453247
1.1041920185089111
1.0828325748443604
1.0378859043121338
1.006317138671875
0.9728202819824219
1.0168241262435913
1.0604742765426636
1.2387404441833496
0.9868501424789429
0.9887251853942871
0.9548467993736267
0.9436245560646057
1.137474775314331
0.9531242251396179
0.9429718255996704
0.9631005525588989
1.0081833600997925
0.9865570068359375
0.9588590264320374
1.0723061561584473
1.0073018074035645
1.0230849981307983
0.997826099395752
1.0506319999694824
0.9820229411125183
0.9618273377418518
1.0008716583251953
0.9742275476455688
1.0419673919677734
1.0715378522872925
0.9666849374771118
1.0230178833007812
1.018146276473999
0.9547234177589417
0.9670296311378479
1.0720853805541992
0.9751819968223572
0.9751110076904297
0.9699362516403198
0.9958968162536621
1.0032374858856201
0.996825098991394
1.0909380912780762
0.9368307590484619
0.9970310926437378
0.9624911546707153
1.0236417055130005
0.9905955791473389
0.9860562682151794
1.0188984870910645
0.977044939994812
1.0033000707626343
0.9708855152130127
0.977527916431427
1.0083107948303223
1.0002613067626953
1.074921727180481
0.9106326103210449
1.0450630187988281
1.0279661417007446
0.9443707466125488
1.0189228057861328
0.969101071357727
1.0118626356124878
1.0183923244476318
1.070671558380127
0.9806393980979919
1.0305465459823608
1.0313880443572998
1.0022395849227905
1.006558895111084
0.9590574502944946
0.9960654973983765
1.0302754640579224
0.9889392852783203
0.9376078844070435
0.9860494136810303
1.0787307024002075
1.097434639930725
0.9508148431777954
1.1276230812072754
0.9786726236343384
0.9182074069976807
0.9498130083084106
1.1145665645599365
1.003306269645691
0.9589146375656128
1.1220462322235107
1.0676991939544678
1.0078996419906616
0.959918737411499
0.973373293876648
1.0230025053024292
0.9411269426345825
0.9724426865577698
0.9948616027832031
1.0136483907699585
1.0024654865264893
0.947640061378479
0.9794800877571106
1.0463697910308838
0.9740404486656189
0.9532270431518555
0.9942896366119385
0.962597668170929
1.0351656675338745
0.9882041215896606
1.1259441375732422
0.9938806891441345
0.9495302438735962
0.9577086567878723
0.9336578845977783
0.8955740332603455
1.0476891994476318
0.9888767004013062
0.9096390008926392
1.0566507577896118
0.9536134004592896
0.9841764569282532
1.019778847694397
1.030717134475708
0.9462268948554993
1.0231351852416992
0.9694477319717407
1.0279401540756226
0.9628549218177795
0.9656240940093994
0.9682680368423462
0.9780849814414978
0.9157335758209229
1.0841580629348755
1.0071507692337036
0.9267572164535522
0.9663906097412109
0.9420454502105713
0.9552856683731079
0.9298926591873169
0.9811388850212097
1.0316075086593628
0.9390925168991089
0.9817956686019897
0.9624136090278625
1.048154354095459
1.0105592012405396
0.9649224281311035
0.9314154386520386
0.9695603847503662
0.9328349828720093
1.0702595710754395
1.0597140789031982
0.9434592723846436
1.0395063161849976
0.9233654737472534
0.9709985256195068
0.9314299821853638
0.9821150898933411
0.9740553498268127
0.9890619516372681
0.9404467344284058
1.076264500617981
0.9960212111473083
1.0248463153839111
0.9807319045066833
0.9854780435562134
0.991804838180542
0.9526600241661072
0.9998196363449097
0.9627581834793091
0.9851564764976501
1.0157604217529297
0.9353021383285522
0.9922460317611694
0.9551206231117249
1.0666298866271973
0.8874590396881104
0.9751169681549072
0.9901429414749146
1.1044788360595703
1.1361687183380127
0.9895024299621582
1.0599286556243896
0.9275468587875366
0.9424862861633301
1.0698349475860596
0.9303808212280273
1.0130457878112793
1.1002960205078125
0.9793698787689209
0.9957247376441956
0.9280263185501099
0.9954099059104919
0.9229941368103027
0.9658940434455872
0.9909313917160034
0.9226784706115723
1.038724660873413
0.9793171882629395
1.0516457557678223
0.9796555638313293
1.0045760869979858
0.9652310609817505
0.9423079490661621
1.044910192489624
1.0864520072937012
0.9841929078102112
0.9843937158584595
0.8951271772384644
0.9617528915405273
0.9865269064903259
1.0106332302093506
1.0177242755889893
1.0005558729171753
1.031335711479187
0.965072512626648
0.9418541789054871
1.0765584707260132
0.9820023775100708
0.9884456992149353
0.892694354057312
0.9937191009521484
1.00469970703125
0.960432767868042
0.9468494653701782
0.9713085889816284
1.0151073932647705
0.9558424949645996
0.9077738523483276
0.9626808166503906
0.9810360670089722
0.9618722796440125
0.9735145568847656
0.9431025981903076
0.9178575277328491
0.9828453063964844
0.9876283407211304
0.9052889347076416
1.009738802909851
1.0227062702178955
0.9947713613510132
1.0085194110870361
1.0066604614257812
0.9876086711883545
0.9827508330345154
0.9368470311164856
1.0458186864852905
0.9749489426612854
1.0476603507995605
0.9880276918411255
0.9795645475387573
0.9400253295898438
0.9427989721298218
1.0190484523773193
1.0225071907043457
0.9738420844078064
0.9392412900924683
1.0512380599975586
0.9591275453567505
1.0218180418014526
0.948110818862915
1.0374387502670288
1.0123701095581055
0.9947894215583801
0.9403973817825317
0.9840819835662842
0.963138222694397
0.9410409927368164
0.9829177260398865
0.9719697833061218
0.9600394368171692
1.0344054698944092
0.9750151634216309
1.0145330429077148
0.9147500991821289
0.9812052249908447
0.9886324405670166
0.9846910238265991
0.9966781735420227
1.0487167835235596
0.9942233562469482
0.942402720451355
0.9922273755073547
0.9747796058654785
0.9205642938613892
1.0321862697601318
0.9466920495033264
0.9523025751113892
1.0065934658050537
0.9118074178695679
0.9433746933937073
1.0270617008209229
1.0435634851455688
0.9677075147628784
0.9500344395637512
1.038806676864624
1.059878945350647
0.8953543901443481
1.0512269735336304
1.0522656440734863
0.977831244468689
1.051375389099121
1.0084203481674194
0.9647456407546997
0.9835958480834961
0.9443849325180054
0.9802442789077759
0.9283879399299622
0.947760820388794
0.9290186166763306
0.942130446434021
0.9077511429786682
0.9755775928497314
1.0117759704589844
0.9468162059783936
0.9322183132171631
0.9731689691543579
0.9614487290382385
0.9937381148338318
0.9970186948776245
0.9389627575874329
0.9151022434234619
0.9124537706375122
0.9531134366989136
0.9283363819122314
0.9748458862304688
0.955915093421936
0.9442273378372192
0.963080883026123
0.9881539344787598
0.9465794563293457
0.9964000582695007
0.9030879735946655
1.0596308708190918
1.0557405948638916
0.9659712910652161
1.0007801055908203
0.9469692707061768
0.9893485307693481
0.9495930671691895
1.0007483959197998
0.9341036677360535
1.1055550575256348
1.048924207687378
0.9097822308540344
0.9831104278564453
0.9076051712036133
1.0809876918792725
1.0700490474700928
0.9495319128036499
0.9030293226242065
0.9966861009597778
0.9935281872749329
1.0477972030639648
0.8890215754508972
1.0410374402999878
1.0553269386291504
0.9334194660186768
1.1315720081329346
0.9774665236473083
1.024582028388977
0.921860933303833
1.0284830331802368
0.9830672740936279
0.8964114189147949
0.9156210422515869
0.987430214881897
0.9880889654159546
0.8986028432846069
1.0069479942321777
0.952540397644043
0.9908056259155273
0.9239190816879272
0.9975553750991821
0.95644211769104
0.9441349506378174
0.9440377950668335
0.9497315883636475
0.9481416344642639
0.897003173828125
0.9973905086517334
1.0204968452453613
1.0229610204696655
1.0064096450805664
0.9401753544807434
0.9392362833023071
0.9887518882751465
0.9362202882766724
0.9539210796356201
0.9273290038108826
0.9998432397842407
0.9577608108520508
1.009971022605896
1.0102723836898804
0.9745824337005615
1.0614120960235596
1.0350923538208008
0.9879943132400513
0.9379730224609375
0.9653899669647217
0.9299668073654175
1.0218088626861572
0.9744477868080139
1.0106300115585327
1.0403172969818115
0.92191082239151
0.8888030052185059
0.9437006115913391
1.0065996646881104
0.96917724609375
0.9238368272781372
1.08380126953125
1.0114458799362183
0.9531447887420654
0.9448312520980835
0.925504207611084
0.9786872863769531
0.9894551634788513
1.0243319272994995
0.9584225416183472
0.943172812461853
0.9474948644638062
1.0082428455352783
1.0362581014633179
0.9545345902442932
0.9329564571380615
0.99821937084198
0.9932597875595093
1.0629956722259521
1.0123926401138306
0.9656651020050049
1.002959132194519
0.9805210828781128
0.9806024432182312
1.0102535486221313
0.9638163447380066
0.9862775206565857
1.0095908641815186
1.0666557550430298
0.9466455578804016
0.959837019443512
1.0463900566101074
1.0781128406524658
0.917639970779419
0.9444960355758667
0.9038040637969971
0.9363844394683838
0.980424165725708
1.0051054954528809
0.9734479188919067
1.0609610080718994
0.9150083661079407
0.9770475625991821
0.9472655057907104
1.000624418258667
0.9930217266082764
0.9582629203796387
1.022219181060791
0.9360167980194092
1.005279302597046
0.9560455083847046
0.9370007514953613
1.010066032409668
1.0097811222076416
0.9678598046302795
0.9616938233375549
0.952019453048706
0.9859811067581177
0.8763529062271118
1.0288417339324951
0.9811379909515381
1.0225646495819092
0.9525165557861328
0.9218565225601196
0.9293004274368286
0.9199818968772888
0.9862112998962402
0.9592785835266113
0.9958971738815308
0.9802746772766113
0.9332478642463684
0.8559263944625854
0.8611445426940918
0.9040389657020569
0.9777160882949829
1.0132313966751099
0.9846925735473633
0.9424787759780884
0.9777551889419556
1.0244356393814087
0.9788811206817627
1.016681432723999
0.9987884759902954
0.952424168586731
0.9018740653991699
0.9945052862167358
0.9794618487358093
0.9892208576202393
0.9145311117172241
0.9900781512260437
0.9162696003913879
1.0331298112869263
1.056208610534668
0.9531258940696716
1.0758342742919922
0.9888408184051514
0.9191746115684509
0.9119004011154175
0.9669163227081299
0.889794647693634
0.9351452589035034
1.1754331588745117
0.885087251663208
0.9679308533668518
0.8783901929855347
0.9290758371353149
1.0287418365478516
0.9433209896087646
1.0516513586044312
0.9631437063217163
0.903926432132721
0.9604510068893433
0.9156053066253662
0.9499154090881348
0.9256826639175415
0.9439995884895325
0.9898679852485657
0.9595812559127808
0.9181810617446899
0.9557679295539856
0.9287221431732178
1.0034314393997192
0.9648069143295288
0.8771843910217285
0.9246145486831665
0.904672384262085
0.983518123626709
0.981218695640564
0.8964323997497559
0.9053689241409302
0.9790666103363037
0.9562597274780273
0.9962494373321533
0.936787486076355
0.9456572532653809
1.0125648975372314
0.9617925882339478
1.0360724925994873
1.0121662616729736
0.9728043675422668
0.9808367490768433
0.956540584564209
0.9938439130783081
0.9991600513458252
0.922302782535553
0.9356058239936829
1.040071964263916
0.944211483001709
0.9658228158950806
0.968308687210083
0.9847621917724609
1.000970721244812
0.8894616365432739
0.8856028318405151
0.9517372846603394
0.9931033849716187
0.9378632307052612
0.9400601387023926
1.0076335668563843
0.9740267992019653
0.9796767234802246
0.9065860509872437
0.9380542039871216
0.9193969964981079
0.905540406703949
0.9923840165138245
0.9931107759475708
0.9785964488983154
0.9179890155792236
0.9412807822227478
0.9548060894012451
0.9548741579055786
0.9470548629760742
0.9667872190475464
0.8790948390960693
1.0190011262893677
0.9925787448883057
1.013903260231018
0.9848421812057495
0.9670529365539551
0.9957996606826782
0.9230358600616455
0.9434801936149597
0.9584074020385742
0.9359397888183594
0.9114760160446167
0.9041152000427246
0.9149047136306763
0.8945764303207397
0.9073662757873535
0.9537110328674316
1.097017526626587
0.899811327457428
0.9026848077774048
0.9608374834060669
0.9194856882095337
0.9134067893028259
0.9608504772186279
1.085868239402771
0.9849532246589661
0.8805727362632751
0.8822199106216431
0.979367733001709
0.8751916885375977
0.9421689510345459
0.9490393400192261
1.0275928974151611
0.8995457887649536
0.9884005784988403
0.9446638822555542
0.9612858295440674
0.9413925409317017
1.0157849788665771
0.9124633073806763
0.9604059457778931
0.9779285192489624
0.9606912136077881
0.9546213746070862
0.9404951333999634
0.9414230585098267
0.9509614706039429
0.9208354949951172
1.0150095224380493
0.9368685483932495
0.9986218214035034
0.9049956798553467
0.9422354102134705
0.9517273902893066
0.9523569345474243
0.9469646215438843
0.9732629060745239
0.9376283288002014
1.0162159204483032
0.963760495185852
0.9409021139144897
0.9242645502090454
0.905343770980835
0.9492019414901733
0.9248953461647034
0.9200800657272339
0.8489043712615967
0.9453290700912476
0.9451068043708801
0.9596849083900452
0.9580742716789246
1.0201997756958008
0.9917924404144287
0.9437801837921143
0.9306933879852295
0.9699303507804871
0.9549469947814941
0.9360532760620117
0.965776801109314
1.0200755596160889
0.9978827238082886
0.9526250958442688
0.9255090951919556
0.9727965593338013
0.9271271228790283
1.0651521682739258
0.8661437034606934
0.9188388586044312
0.9014986753463745
0.9724878072738647
0.9821866750717163
0.991721510887146
0.9627596735954285
1.005486249923706
1.0447444915771484
0.9279385805130005
0.9737523198127747
0.9782096147537231
0.9594367146492004
0.9408075213432312
0.9135345220565796
0.9394469261169434
0.9389772415161133
0.9492754936218262
0.9409269094467163
1.045452356338501
0.9507542848587036
0.9580602049827576
0.8672099113464355
0.8701875805854797
0.9589554667472839
0.9492608308792114
0.9388403296470642
0.9426718950271606
0.9328433275222778
0.8696980476379395
0.9755849838256836
0.9116551280021667
0.9261398315429688
0.8430652618408203
0.9308598041534424
0.930114209651947
0.9318872690200806
0.9287996888160706
0.9781414270401001
0.9378501176834106
0.941247820854187
0.9827584624290466
0.9058038592338562
0.9922234416007996
0.92336106300354
0.9616029262542725
1.0008944272994995
0.8657462000846863
1.0000535249710083
0.8854933977127075
0.901483416557312
0.9524009227752686
0.9961666464805603
1.0995893478393555
0.9096847176551819
0.899648904800415
0.893698513507843
0.8739655017852783
0.921570897102356
0.9411605596542358
0.9538263082504272
1.040279746055603
1.0344882011413574
0.863877534866333
0.9212177991867065
0.985648512840271
1.0123541355133057
0.9711410999298096
0.9935492277145386
0.9758555293083191
0.9168458580970764
0.9360785484313965
0.89156174659729
0.9285393953323364
0.9122838973999023
0.9703717827796936
0.8589743375778198
0.9759015440940857
0.9142305850982666
0.8612972497940063
0.9755148887634277
0.9182093143463135
0.9468467235565186
0.940818190574646
0.9501122236251831
0.8862926959991455
0.9606199264526367
0.9096486568450928
0.909400224685669
1.0150336027145386
0.9609200954437256
0.9727427363395691
0.9314285516738892
0.9555650949478149
0.9796764850616455
0.8899111747741699
0.9401644468307495
0.9190264344215393
0.9363428354263306
0.9129282832145691
0.9847763776779175
1.0216768980026245
0.9616423845291138
0.9095665812492371
0.9207501411437988
0.9422861337661743
0.9836708307266235
0.9551249742507935
0.9509362578392029
0.9443159699440002
0.953132152557373
0.9646140336990356
0.9034128785133362
0.9543229341506958
0.8839081525802612
0.8904199004173279
0.8687465190887451
1.0646615028381348
0.9299095273017883
0.8838856220245361
0.9209954738616943
1.0153757333755493
0.8775109052658081
0.9301802515983582
0.9321832060813904
1.0472384691238403
0.9247352480888367
0.9202805757522583
0.9685683250427246
0.9197248220443726
0.9415374994277954
0.8727665543556213
0.9198644161224365
1.0284764766693115
0.9173814058303833
0.9503269195556641
0.9788197875022888
0.8828688859939575
0.8779774904251099
0.9530668258666992
0.8569124341011047
0.9678818583488464
0.9072638750076294
0.9234708547592163
0.9662535190582275
0.911859393119812
1.0162694454193115
0.9319394826889038
0.9631575345993042
0.9465922713279724
0.9946309924125671
1.0045766830444336
0.8727097511291504
0.9274734854698181
0.9411482214927673
0.9311578273773193
0.9423490762710571
0.9270389676094055
1.034605622291565
0.9198410511016846
0.9667073488235474
0.9817063808441162
0.9293217658996582
0.9074609875679016
0.9709216356277466
0.942864716053009
0.9221090078353882
0.923966646194458
0.8985188603401184
0.9092236757278442
0.9691224098205566
0.9405885934829712
0.9359381794929504
0.8951034545898438
0.9882485866546631
0.9140316247940063
0.9099447727203369
1.0469924211502075
0.9699835777282715
0.9594464302062988
0.9282282590866089
1.0322537422180176
0.9511416554450989
1.0701544284820557
0.8711096048355103
0.9164422154426575
0.9218547344207764
0.9423865675926208
0.9333439469337463
0.8837593793869019
0.9554517269134521
0.906257688999176
0.9405056238174438
0.9138725996017456
0.9473034739494324
0.9331373572349548
0.9564316272735596
0.9154314994812012
0.9252707362174988
0.941834032535553
1.0095739364624023
0.9987497925758362
0.9356141090393066
0.8942791223526001
0.9283109903335571
0.9765129089355469
0.8662164211273193
0.9512814283370972
0.9346843957901001
0.874312698841095
0.9347359538078308
0.9759336709976196
0.8973530530929565
0.8903156518936157
0.9673271775245667
0.8735933303833008
0.9211623668670654
0.9590665102005005
0.9302904009819031
0.9272212982177734
0.9624250531196594
0.9673553109169006
0.8762019276618958
1.0324831008911133
0.917198657989502
0.9421546459197998
1.0067315101623535
0.997029721736908
0.869522213935852
0.9355376958847046
1.0629347562789917
1.0335919857025146
0.8827502727508545
0.9292324781417847
0.9365152716636658
0.975116491317749
0.8571075797080994
0.9794578552246094
1.0237808227539062
0.9399577379226685
0.9656141996383667
0.884057879447937
0.9994766712188721
0.9976459741592407
0.9663982391357422
0.8837510347366333
0.9600235223770142
0.9499553442001343
0.904211163520813
0.9448792934417725
0.9507273435592651
0.9192719459533691
0.9275956153869629
0.8536193370819092
1.0027379989624023
0.9484591484069824
0.9097223281860352
0.9618276953697205
0.883894681930542
0.9327133893966675
0.8876852989196777
0.943048357963562
1.0866903066635132
0.9213443398475647
0.9204608201980591
1.0116881132125854
0.9093284606933594
0.8754554390907288
0.9311399459838867
0.9576172232627869
0.9212717413902283
0.8713474273681641
0.9123548269271851
0.9800001382827759
0.9739429950714111
0.9473150968551636
0.9070113897323608
0.853304922580719
0.8911467790603638
0.9410706162452698
0.9141845703125
0.8841884136199951
0.9214699268341064
0.9823976755142212
0.8822988271713257
0.9009989500045776
0.9119067192077637
0.8805251121520996
0.8697046637535095
0.8673039078712463
0.9039202928543091
0.9774487614631653
0.8747397661209106
0.9168331027030945
0.99937903881073
0.9052431583404541
0.8877588510513306
0.933754563331604
0.9426295757293701
0.8853354454040527
0.8581734299659729
0.9607623815536499
0.9309078454971313
0.9690802097320557
0.9332146644592285
0.8940991163253784
0.9337828159332275
0.9227327108383179
0.885881781578064
0.8165131211280823
0.9728997945785522
0.9198125600814819
0.9919152855873108
0.9589195251464844
0.8885632157325745
0.9187824130058289
0.8705060482025146
0.8591864109039307
0.8909735679626465
0.9752316474914551
0.9084479808807373
0.8664518594741821
0.9599907398223877
0.8865711688995361
0.8707579374313354
0.9274534583091736
0.8915027379989624
0.9219166040420532
0.9162436723709106
0.9261162281036377
0.9519859552383423
0.9084850549697876
0.9260134696960449
0.8543795347213745
0.9166795015335083
0.9305717945098877
0.9210719466209412
1.0146484375
0.9049418568611145
0.8481553196907043
0.9025086760520935
0.9479608535766602
1.060257077217102
0.9241557121276855
0.9998046159744263
0.9339269399642944
0.9685716032981873
0.9185421466827393
0.8878958821296692
0.8669529557228088
0.9075189828872681
0.8903313875198364
0.9279731512069702
0.8962336778640747
0.954707145690918
0.8849878311157227
0.8917839527130127
0.899134635925293
0.9285075664520264
0.9120103120803833
0.8919843435287476
0.8958383798599243
0.9003182649612427
0.8542836308479309
0.8812226057052612
0.9240701198577881
0.9950463771820068
0.9283173680305481
0.9359856843948364
0.8848735094070435
0.8950488567352295
0.9469139575958252
0.9413068294525146
0.9347726106643677
0.8569164276123047
0.9197807312011719
0.8701092004776001
1.0272608995437622
0.9473203420639038
0.8784055709838867
0.8429890871047974
0.9915023446083069
0.9894065856933594
0.9487155675888062
0.9740139842033386
0.928600013256073
1.0121665000915527
0.8449150323867798
0.9052234888076782
0.9495204091072083
0.9671965837478638
0.9481462240219116
0.9186691045761108
0.9657390117645264
0.9232598543167114
0.8957092761993408
0.8431389331817627
0.9440957307815552
0.9443203210830688
0.9189465641975403
0.9119800925254822
0.8906278610229492
1.0092597007751465
0.8674789071083069
0.9639886617660522
0.9004323482513428
0.9033654928207397
0.8752365112304688
0.8946150541305542
0.9022999405860901
0.9727095365524292
0.8563978672027588
0.9285287261009216
1.006348729133606
0.989879846572876
0.8884515166282654
0.9862722158432007
0.9015979766845703
0.8881465196609497
0.8947633504867554
0.8735789656639099
0.9204847812652588
0.903793215751648
0.7980077862739563
0.8929290771484375
0.8605303764343262
0.8959037065505981
0.9659428596496582
0.8801624774932861
0.9424235820770264
0.9677523374557495
0.9287131428718567
0.9250257015228271
0.9431816935539246
0.984602689743042
1.031756043434143
0.8674647212028503
0.9012964367866516
0.8619422912597656
0.8769465684890747
0.9180865287780762
0.8986189365386963
0.9112464785575867
1.0155112743377686
0.9509558081626892
1.094579815864563
0.8899468183517456
0.8950554728507996
0.9195641279220581
0.8200578689575195
0.9306491017341614
0.9402618408203125
0.8960179090499878
0.931993842124939
0.9002074599266052
0.8974072337150574
0.9420938491821289
0.909862756729126
0.9171090126037598
0.9656146764755249
0.9033247232437134
0.915184736251831
0.8652341365814209
0.89703369140625
0.9434038996696472
0.915319561958313
0.9626423716545105
0.8428144454956055
0.8926347494125366
0.9265363812446594
0.9166105389595032
0.9013763666152954
0.8955506086349487
0.9469617605209351
0.8818874359130859
0.8760462999343872
0.888752281665802
0.8666747808456421
0.9692634344100952
0.8470814228057861
0.950382649898529
0.9582685232162476
0.8620173931121826
0.9314926862716675
1.0410645008087158
0.9414684772491455
0.9150227308273315
0.9112445116043091
0.945155143737793
0.9218528270721436
0.959687352180481
0.8554702401161194
0.8779240250587463
0.9006493091583252
0.9352284669876099
0.8839281797409058
0.9461091160774231
0.9615316987037659
0.8648669719696045
0.9039808511734009
0.8728874325752258
0.8792294859886169
0.9157135486602783
0.9184117913246155
0.9331115484237671
0.8711819052696228
0.85576331615448
0.8934638500213623
1.011934518814087
0.9352800846099854
0.9199028611183167
0.9853606224060059
0.9726414084434509
0.8766011595726013
0.9699116945266724
0.9377784729003906
0.8229823708534241
0.9712842106819153
0.828697919845581
0.9509223699569702
0.909574031829834
0.9885616302490234
0.9472336173057556
1.0060592889785767
0.9168097376823425
0.9384757280349731
0.9546470642089844
0.8661629557609558
0.92594975233078
0.8578702211380005
0.9458105564117432
0.8924852013587952
0.9301910996437073
0.9145776629447937
0.9073591232299805
0.9618242979049683
0.9052079916000366
0.9105054140090942
0.9547682404518127
0.8957321643829346
0.8910028338432312
0.8211362361907959
0.8961285948753357
0.8872226476669312
0.9644674062728882
0.9450695514678955
0.8899539709091187
0.8981053233146667
0.9069865942001343
0.9188758134841919
0.8845117688179016
0.9068577289581299
0.9322590231895447
0.9141151905059814
0.9663864374160767
0.9471408724784851
0.8676048517227173
0.867135763168335
0.9527046084403992
0.9282300472259521
0.9133158922195435
0.8870490789413452
0.896152675151825
0.8692916035652161
0.8527705669403076
0.9443252086639404
0.9252902269363403
0.901164174079895
0.9758936166763306
0.9045996069908142
0.8720669746398926
0.9775980710983276
0.8425921201705933
0.9033336639404297
0.8821002244949341
0.9219318628311157
0.969244122505188
0.9464267492294312
0.9278402924537659
0.9244593381881714
0.944972038269043
0.9145115613937378
0.9253921508789062
0.8910279870033264
0.9432374835014343
0.882079005241394
0.8804686069488525
1.0259501934051514
0.887803316116333
0.8782823085784912
0.8907174468040466
0.8535619974136353
0.9250892996788025
0.8805234432220459
0.8787695169448853
0.9613031148910522
0.8977178335189819
0.9136972427368164
0.87576824426651
0.9354506731033325
0.9851996302604675
0.9476024508476257
0.8991470336914062
0.896626353263855
1.0364927053451538
0.8563824892044067
0.8805253505706787
0.9100746512413025
0.9268827438354492
0.8844292163848877
0.9291364550590515
0.9226092100143433
0.969569206237793
0.9698720574378967
0.9114998579025269
0.8688827753067017
0.9097194075584412
0.8991854786872864
0.8513021469116211
0.9172971844673157
0.8832644820213318
0.8591409921646118
0.9088597297668457
1.0020054578781128
0.9334107637405396
0.9495353698730469
0.9394688606262207
0.9003685116767883
0.9318108558654785
0.9503148198127747
0.8981205224990845
0.8971207141876221
0.903427004814148
0.9555978178977966
0.9726167917251587
0.9057877659797668
0.8518140316009521
0.8834419250488281
0.9308518767356873
0.8930606842041016
0.9000547528266907
0.853523850440979
0.9434143304824829
0.908765435218811
0.9404979348182678
0.999282717704773
0.8543039560317993
1.047626256942749
0.9312883615493774
0.8800028562545776
0.964167058467865
0.8560069799423218
0.9644633531570435
0.9006229043006897
0.8515423536300659
0.8915226459503174
0.9474679827690125
0.9412672519683838
0.9505213499069214
0.9273844957351685
0.9134587645530701
0.9903465509414673
0.9556452631950378
0.8620547652244568
0.8877969980239868
0.897199273109436
0.8654493093490601
0.9530850648880005
0.9274073839187622
0.9564968347549438
0.861176609992981
0.8983167409896851
0.8917571306228638
0.9107115268707275
0.8599908351898193
0.9538583755493164
0.8885465860366821
0.9145140051841736
0.8059647083282471
0.8755068778991699
0.9218938946723938
0.8749816417694092
0.9351296424865723
0.9204643964767456
0.9050642251968384
0.9473377466201782
0.9449808597564697
0.8577654957771301
0.8829979300498962
0.9395509958267212
0.975104570388794
0.8423953056335449
0.9156022071838379
0.939265787601471
0.9499344825744629
0.9027365446090698
0.8753037452697754
0.9719443321228027
0.8580161333084106
0.978527843952179
0.8434851169586182
0.8999282121658325
0.9826411008834839
0.8855544328689575
0.9211045503616333
0.9283551573753357
0.8990508317947388
0.897714376449585
1.0416287183761597
0.8410179615020752
0.9478647708892822
0.8894330263137817
0.8419346809387207
0.8910192251205444
0.9159007668495178
0.9307267665863037
0.9079279899597168
0.8942283987998962
0.8590759038925171
0.8895135521888733
0.8547145128250122
0.9013836979866028
0.8857195377349854
0.8393168449401855
0.8940874338150024
0.8351349830627441
0.9485790133476257
0.9128899574279785
0.9834965467453003
0.9718480110168457
0.9039912223815918
0.8986666202545166
0.959317684173584
0.9731907844543457
0.8837136030197144
0.9556677341461182
0.9556203484535217
0.9187799692153931
0.8673560619354248
0.906356930732727
0.8805577158927917
0.9289979338645935
0.8853054642677307
0.8946418166160583
0.9363200664520264
0.8761358857154846
0.8402531147003174
0.8667948246002197
0.9194823503494263
0.9151939153671265
0.8328497409820557
0.9664018154144287
0.9701443910598755
0.95207279920578
0.8992705345153809
0.9772195219993591
0.978872537612915
0.9341453313827515
0.8638023734092712
0.9087753295898438
0.9481633901596069
0.994041919708252
0.843583345413208
0.8968523144721985
0.9314498901367188
0.895417332649231
0.8161916732788086
0.8838114738464355
0.9089217185974121
0.9304358959197998
0.9490932822227478
0.8846889734268188
0.8846640586853027
0.931594729423523
0.8627598285675049
0.9301989078521729
0.9000699520111084
0.920866847038269
0.9005236625671387
0.8679967522621155
0.899732232093811
0.8807330131530762
0.85454261302948
0.9375261664390564
0.9244294762611389
0.894630491733551
0.9104771614074707
0.8742045164108276
0.8837919235229492
0.8855210542678833
0.9497919082641602
0.8512905836105347
0.9578689336776733
0.9065737128257751
0.9801962375640869
0.9288109540939331
0.8629124164581299
0.9624444246292114
0.9376564025878906
0.9469283819198608
0.89549720287323
0.8365825414657593
0.8861933946609497
0.9167835116386414
0.9536060094833374
0.9162423610687256
0.8796722888946533
0.8945221900939941
0.9417186975479126
0.8733029365539551
0.9161450862884521
0.8394163846969604
0.8880589008331299
0.8799899816513062
0.9320788979530334
0.8987312316894531
0.8521867990493774
0.9529936909675598
0.9457916617393494
0.8714514970779419
0.8680973052978516
0.9224117398262024
0.8726599216461182
0.8836933970451355
0.9372954368591309
0.9152044057846069
0.8606594800949097
0.95399010181427
0.9352654814720154
0.9130303263664246
0.9058879613876343
0.8550913333892822
0.890825629234314
0.9009481072425842
0.8329803347587585
0.9137784838676453
0.8601438999176025
0.8750802278518677
0.907856822013855
0.9860715866088867
0.8589941263198853
0.8543246388435364
0.877123236656189
0.8593224883079529
0.8322240114212036
0.8836161494255066
0.9729779958724976
0.9009146690368652
0.9293333292007446
0.9493365287780762
0.8212509155273438
0.9190529584884644
0.922731876373291
0.8622385263442993
0.8910306096076965
0.895074725151062
0.9210856556892395
0.9719994068145752
0.961455225944519
0.8286255598068237
0.8666582107543945
0.847022294998169
0.9094928503036499
0.9485642313957214
0.9503691792488098
0.8734174966812134
0.880294919013977
0.8886388540267944
0.9981528520584106
0.8565431833267212
0.93861985206604
0.8898574113845825
0.8727474212646484
0.8845257759094238
0.8542850613594055
0.8947397470474243
0.8663878440856934
0.8557301759719849
0.9034981727600098
0.9382852911949158
0.940326452255249
0.8745850324630737
0.9074969291687012
0.853541374206543
0.8811148405075073
0.8868973255157471
0.823247492313385
0.9814539551734924
0.8947585225105286
0.8538903594017029
0.9102529287338257
0.9010537266731262
0.9145756363868713
0.9104093313217163
0.9095429182052612
0.9032087326049805
0.8849843144416809
0.8569116592407227
0.8719388246536255
0.9132017493247986
0.9071863889694214
0.9318063259124756
0.9316989183425903
0.887313187122345
0.9736624360084534
0.8989020586013794
0.8702064752578735
0.9621857404708862
0.8815371990203857
0.8089467883110046
0.8693892359733582
0.9205549955368042
0.8320797681808472
1.023057460784912
0.9265254139900208
0.8823239803314209
0.83740234375
0.8317168951034546
0.9251158237457275
0.9478070735931396
0.893242597579956
0.8560316562652588
0.9034129977226257
0.8577290177345276
0.9001230597496033
0.8339205384254456
0.9269349575042725
0.8653918504714966
0.8883171081542969
0.8486316800117493
0.9256137013435364
0.8624728918075562
0.90412837266922
0.9427302479743958
0.8524045348167419
0.8722418546676636
0.9530186653137207
0.8828452825546265
0.8448372483253479
0.825753927230835
0.9077415466308594
0.9957225322723389
0.9894490838050842
0.8972522020339966
0.8842432498931885
0.8905330896377563
0.8833911418914795
0.9227150678634644
0.8405052423477173
0.8718504905700684
1.0216938257217407
0.8978346586227417
0.9005162715911865
0.9101665019989014
0.8551380634307861
0.939079225063324
0.9215425848960876
0.8750892877578735
0.917189359664917
0.9566887617111206
0.8604660034179688
0.8644286394119263
0.9106846451759338
0.8954545259475708
0.8762840032577515
0.8581739664077759
0.860064685344696
0.8587533831596375
0.9232052564620972
0.9406278133392334
0.9059957265853882
0.8985931873321533
1.0000109672546387
0.8651812672615051
0.8180217742919922
0.9138579368591309
0.836464524269104
0.9004722833633423
0.9605716466903687
0.8536993861198425
0.8653700947761536
0.9508705735206604
0.8871606588363647
0.7945139408111572
0.8840480446815491
0.933749794960022
0.9368835091590881
0.9113165140151978
0.853142499923706
0.9078071117401123
0.9081741571426392
0.9091845154762268
0.9520155787467957
0.9618890285491943
1.068475365638733
0.9558992385864258
0.8787325620651245
0.9025322198867798
0.9002341032028198
0.9031491279602051
0.9492379426956177
0.8914068937301636
0.9041059017181396
0.9557595252990723
0.8849742412567139
0.8677226305007935
0.9132192134857178
0.9111921787261963
0.8668019771575928
0.9326607584953308
0.8805170059204102
0.9590451717376709
0.916572093963623
0.8620684146881104
0.9363843202590942
0.8871551752090454
0.9472708702087402
0.9026867747306824
0.8782387971878052
0.8445268869400024
0.8548537492752075
0.9150223731994629
0.8393005132675171
0.8499547839164734
0.8734681606292725
0.9003615379333496
0.9031987190246582
0.9516156911849976
0.9049343466758728
0.9041637778282166
0.9419865608215332
0.8209125995635986
0.9182589054107666
0.9351622462272644
0.879615068435669
0.9297723770141602
0.9177852869033813
0.9185422658920288
0.8995509147644043
0.8988003730773926
0.9978616237640381
0.9572604894638062
0.9269677400588989
0.9073348045349121
0.926695704460144
0.8751269578933716
0.8909456133842468
0.8537408113479614
0.8955191373825073
0.9161394238471985
0.8623291254043579
0.8957933187484741
0.9053589105606079
0.9194219708442688
0.9328621029853821
0.8619203567504883
0.8599328994750977
0.934819221496582
0.8189190626144409
0.8805816173553467
0.8270367383956909
0.8497207164764404
0.9577509760856628
0.9803541898727417
0.8768231868743896
0.8987002372741699
0.8732695579528809
0.9715480208396912
0.8710135221481323
0.8532427549362183
0.8807638883590698
0.8521394729614258
0.8360090255737305
0.8626077175140381
0.8995569348335266
0.9652661085128784
0.854695200920105
0.8626333475112915
0.8504748344421387
0.9496980905532837
0.9104746580123901
0.8913269639015198
1.0231857299804688
0.9089909791946411
0.8830075263977051
0.8508207201957703
0.855318546295166
1.001654863357544
0.9414956569671631
0.8934910297393799
0.8186897039413452
0.8354382514953613
0.875930905342102
0.8323326110839844
0.9266747832298279
0.8815227150917053
0.8925359845161438
0.7718899250030518
0.8714622259140015
0.8636685609817505
0.9616127014160156
0.8851268291473389
0.9387046098709106
0.8642363548278809
0.8784359693527222
0.8584796190261841
0.8566001653671265
0.8013023138046265
0.877261757850647
0.9168015122413635
0.8459330201148987
0.8982081413269043
0.9072486758232117
0.9117997884750366
0.9275828003883362
0.8860563039779663
0.8772822618484497
0.913942813873291
0.9292346239089966
0.9802390336990356
0.848899245262146
0.9294952750205994
0.8786454200744629
0.8638801574707031
0.7976280450820923
0.8443973660469055
0.92833411693573
0.888960599899292
0.8725670576095581
0.925777018070221
0.9159842729568481
0.8976249694824219
0.8454605340957642
0.8322111368179321
0.90503990650177
0.895811140537262
0.8341821432113647
0.9063113927841187
0.8706443309783936
0.8677811622619629
0.9090874195098877
0.8937100172042847
0.9453920722007751
0.9189013838768005
0.8647558689117432
0.9027723073959351
0.8992076516151428
0.8355372548103333
0.9339553117752075
0.9215619564056396
0.832186222076416
0.9944999814033508
0.8514461517333984
0.8643327951431274
0.8991929292678833
0.836405873298645
0.8511780500411987
0.9167948961257935
0.868300199508667
0.8464081287384033
0.8683052062988281
0.9604648351669312
0.860174298286438
0.8738802671432495
0.8233308792114258
0.8878539204597473
0.9015841484069824
0.9216839075088501
0.8710471391677856
1.0589125156402588
0.9036263227462769
0.8926491737365723
0.8595061302185059
1.012453556060791
1.0029789209365845
0.9557488560676575
0.8742002248764038
0.9455169439315796
0.8877071142196655
0.8531936407089233
0.9086822271347046
0.8616838455200195
0.8905249834060669
0.831875205039978
0.9037187695503235
0.9583096504211426
0.8522822856903076
0.8972179293632507
0.8917009830474854
0.8910731673240662
0.8551559448242188
0.8421347141265869
0.9172377586364746
0.9787435531616211
0.915207028388977
0.9221919775009155
0.8934630751609802
0.8630779981613159
0.8882995843887329
0.8453992605209351
0.8533399701118469
0.912997305393219
0.9477431774139404
0.9286503195762634
0.9444957971572876
0.9180597066879272
0.8827378153800964
0.8804490566253662
0.8698251247406006
0.9090346097946167
0.884162425994873
0.8466575145721436
0.8920385837554932
0.89417564868927
0.9919986724853516
0.9712783694267273
0.86495041847229
0.8642557859420776
0.8574910163879395
0.9055575132369995
0.9215322732925415
0.8973397016525269
0.9015213251113892
0.915389358997345
0.8901982307434082
0.9125642776489258
0.8495915532112122
0.9359235167503357
0.947542667388916
0.8995232582092285
0.8989719748497009
0.888883650302887
0.9395884275436401
0.9376142621040344
0.8971073627471924
0.910369873046875
0.8700278997421265
1.0164358615875244
0.8786429166793823
0.8560066819190979
0.8584363460540771
0.858183741569519
0.8927710056304932
0.873103141784668
0.8583414554595947
0.9174272418022156
0.8828570246696472
0.8545035123825073
0.9671053886413574
0.8833735585212708
0.8675229549407959
0.8917806148529053
0.8774306774139404
0.8936252593994141
0.8884435892105103
0.8857908844947815
0.8803167343139648
0.8870459794998169
0.941747784614563
0.9423617720603943
0.8465241193771362
0.908901035785675
0.8536533713340759
0.8810657858848572
0.870011568069458
0.9078052043914795
0.8875037431716919
0.8973643779754639
0.882733941078186
0.8768979907035828
0.8289772272109985
0.8685272932052612
0.8578121662139893
0.8256436586380005
0.88676917552948
0.8561439514160156
0.8966516256332397
0.8711530566215515
0.8794738054275513
0.8471896648406982
0.9161369800567627
0.8785181045532227
0.8592026829719543
0.9029853343963623
0.8360850811004639
0.8416348695755005
0.9258605241775513
0.7873352766036987
0.9359623193740845
0.9161919951438904
0.9223392605781555
0.9451190829277039
0.9071803689002991
0.8552672863006592
0.819476842880249
0.8490149974822998
0.8385903835296631
0.9669508934020996
0.895119309425354
0.9110885262489319
0.8445062637329102
0.8713699579238892
0.8524652719497681
0.8563034534454346
0.874642014503479
0.8224151134490967
0.9191753268241882
0.8722025156021118
0.9057232141494751
0.9482431411743164
0.8812638521194458
0.8749839067459106
0.8172341585159302
0.8431077003479004
0.8741182088851929
0.8731113076210022
0.8767400979995728
0.8923394680023193
0.9744738340377808
0.8724166750907898
0.8453289270401001
0.8352351188659668
0.9392063021659851
0.8680276870727539
0.9539732336997986
0.8313931226730347
0.8343302011489868
0.8614908456802368
0.8557844161987305
0.9257664680480957
0.8970447778701782
0.9685986042022705
0.9182842969894409
0.967915415763855
0.9221842288970947
0.9020105600357056
0.8964290618896484
0.9781175851821899
0.8381893038749695
0.8644474744796753
0.8577347993850708
0.9288632869720459
0.9021427035331726
0.8767226338386536
0.9294025897979736
0.8745690584182739
1.0439691543579102
0.9198782444000244
0.9480063319206238
0.8566591143608093
0.8161046504974365
0.8362635374069214
0.8578252792358398
0.8712203502655029
0.9082189798355103
0.8730081915855408
0.869855523109436
0.8607946634292603
0.817596971988678
0.85108482837677
0.8698299527168274
0.9324051141738892
0.8547194004058838
0.8287869691848755
0.894616425037384
0.8889310359954834
0.8684008717536926
0.8693903684616089
0.8948094844818115
0.8307173252105713
0.8818011283874512
0.8872348070144653
0.8908745050430298
0.8794201612472534
0.8883768320083618
0.90871661901474
0.9507393836975098
0.9512875080108643
0.911421537399292
0.8925438523292542
0.8401408195495605
0.8464022874832153
0.8466660976409912
0.8835314512252808
0.8246190547943115
1.0001009702682495
0.8413631916046143
0.861253023147583
0.8625642657279968
0.8761741518974304
0.8989033699035645
0.8519836664199829
0.9071890115737915
0.8491367697715759
0.8425588607788086
0.8564624786376953
0.8855675458908081
0.912241518497467
0.8701847791671753
0.9126797914505005
0.8188564777374268
0.8393314480781555
0.903504490852356
0.8642288446426392
0.9003239870071411
0.9681175947189331
0.909260094165802
0.8618468046188354
0.8985570669174194
0.8226457238197327
0.7992804646492004
0.8332117795944214
0.9500057697296143
0.8763408660888672
0.9449412822723389
0.8854439854621887
0.8961783647537231
0.8996971845626831
0.8600332736968994
0.8664562702178955
0.898737370967865
0.8489333987236023
0.8544812202453613
1.0209095478057861
0.8819923400878906
0.8848216533660889
0.851939857006073
0.8835831880569458
0.8980131149291992
0.9077621698379517
0.8471821546554565
0.9148961305618286
0.9032981395721436
0.8350365161895752
0.9599560499191284
0.9497202634811401
0.8538780212402344
0.8949191570281982
0.9260346293449402
0.8485903143882751
0.8782769441604614
0.873215913772583
0.8886616230010986
0.9123972654342651
0.8406326770782471
0.8643912076950073
0.8440406322479248
0.9368077516555786
0.8278316259384155
0.8791645765304565
0.8724289536476135
0.8692398071289062
0.8982291221618652
0.9024075269699097
0.943811297416687
0.9330471158027649
0.8971977233886719
0.9068754315376282
0.92451012134552
0.8690739274024963
0.8712236881256104
0.8751142024993896
0.9582024812698364
0.8947097063064575
0.8967942595481873
0.8119375705718994
0.8516165018081665
0.9200668334960938
0.9234957695007324
0.947020411491394
0.8709527254104614
0.8750689029693604
0.8256980776786804
0.9161802530288696
0.8654158115386963
0.8662765026092529
0.8938255310058594
0.8192880153656006
0.9351977705955505
0.8891193866729736
0.8542740345001221
0.8930732607841492
0.8806960582733154
0.8454883694648743
0.9032734036445618
0.9409481287002563
0.852422833442688
0.9188188314437866
0.8951622843742371
0.89283287525177
0.9730120897293091
0.8929111361503601
0.8278529644012451
0.8874930739402771
0.8616646528244019
0.8445860147476196
0.9028001427650452
0.8861033320426941
0.86016845703125
0.9507434368133545
0.915741503238678
0.8276154398918152
0.8723852038383484
0.8677103519439697
0.8430383205413818
0.9042096138000488
0.8318572044372559
0.8369725942611694
0.87135910987854
0.9917368292808533
0.8132952451705933
0.9156286716461182
0.9134582281112671
0.9514710903167725
0.9120528101921082
0.8999365568161011
0.8581284284591675
0.8660238981246948
0.8628315925598145
0.8328539133071899
0.8374971151351929
0.958903968334198
0.9331789016723633
0.8142515420913696
0.8173359632492065
0.8838485479354858
0.8454960584640503
0.8909437656402588
0.9184115529060364
0.8293365240097046
0.8888883590698242
0.8612886667251587
0.8917323350906372
0.8268265724182129
0.8938633799552917
0.855721116065979
0.8588056564331055
0.8785034418106079
0.9577597379684448
0.8689930438995361
0.9304074048995972
0.8845440149307251
0.9260885715484619
0.9113574624061584
0.8333305716514587
0.8550249934196472
0.8724948763847351
0.8859180212020874
0.8997417092323303
0.8476743102073669
0.9574323892593384
0.870817244052887
0.9398472309112549
0.8609405755996704
0.8404982089996338
0.8388382196426392
0.8533488512039185
0.8672122359275818
0.8202228546142578
0.893919825553894
0.8116525411605835
0.8931694030761719
0.839936375617981
0.924728274345398
0.906441867351532
0.8458914756774902
0.946419358253479
0.8982446193695068
0.8927449584007263
0.8470906019210815
0.9417412281036377
0.8598114252090454
0.9006557464599609
0.8279286623001099
0.8314768075942993
0.8537209033966064
0.9008033871650696
0.9351297616958618
0.8872170448303223
0.8279210329055786
0.836357593536377
0.8825775980949402
0.9298226833343506
0.8198869228363037
0.8232022523880005
0.8602488040924072
0.8326293230056763
0.8412548303604126
0.9214348196983337
0.9176442623138428
0.8012955188751221
0.9064189195632935
0.9461156129837036
0.8268102407455444
0.8898231387138367
0.8875528573989868
0.8210986852645874
0.8175510168075562
0.91623854637146
0.8352100849151611
0.8609927296638489
0.8353478908538818
0.8256595134735107
0.9435490369796753
0.8524175882339478
0.8983551263809204
0.8477364778518677
0.871986985206604
0.8903917074203491
0.8588204979896545
0.8987606763839722
0.8371716141700745
0.8520407676696777
0.8909698724746704
0.8609730005264282
0.8877536654472351
0.8577398061752319
0.8672187328338623
0.8461192846298218
0.8318098783493042
0.9304403066635132
0.911608099937439
0.8481384515762329
0.8733329772949219
0.8948428630828857
0.8876441121101379
0.9935065507888794
0.8624057769775391
0.8435007333755493
0.8691899180412292
0.8952244520187378
0.8479621410369873
0.8771771192550659
0.9105013608932495
0.8765525817871094
0.8174849152565002
0.8717575073242188
0.9195138216018677
0.9030507802963257
0.9183088541030884
0.9638234972953796
0.9712169766426086
0.8283697962760925
0.8964996337890625
0.8503092527389526
0.9088466763496399
0.8945678472518921
0.9041402339935303
0.9080337285995483
0.8719832301139832
0.8794643878936768
0.8787318468093872
0.9026448726654053
0.8211891651153564
0.8163597583770752
0.8330253958702087
0.9163752794265747
0.903813362121582
0.820965051651001
0.9024212956428528
0.8501302003860474
0.9464148283004761
0.8780944347381592
0.9180865287780762
0.9490642547607422
0.8695577383041382
0.8309165239334106
0.8707729578018188
0.8894424438476562
0.8763266801834106
0.8880988955497742
0.8446648120880127
0.9017741680145264
0.8803974390029907
0.9001272916793823
0.9058124423027039
0.8970520496368408
0.8516485095024109
0.8736583590507507
0.8592420816421509
0.9727652072906494
0.8402512073516846
0.8789288401603699
0.8981708884239197
0.8618699908256531
0.9184585213661194
0.8965392112731934
0.8599070310592651
0.9093269109725952
0.9160645604133606
0.9029096961021423
0.8497976064682007
0.9169822931289673
0.9083974361419678
0.8696596622467041
0.8388264179229736
0.8358142375946045
0.8471150398254395
0.8597559332847595
0.8649479150772095
0.9170886874198914
0.918521523475647
0.850231945514679
0.9382826089859009
0.886066734790802
0.8771932721138
0.9048383235931396
0.9120072722434998
0.8497421741485596
0.8661477565765381
0.89256751537323
0.9724721908569336
0.8799299001693726
0.8824223279953003
0.9684495329856873
0.8507734537124634
0.8971186876296997
0.8728083372116089
0.8129659295082092
0.9381887912750244
1.002808928489685
0.9000359177589417
0.7969895601272583
0.826015830039978
0.8225373029708862
0.9051896333694458
0.8905306458473206
0.8895306587219238
0.862252414226532
0.8671325445175171
0.8526440858840942
0.9704394340515137
0.8719688057899475
0.8945001363754272
0.8445199728012085
0.8652429580688477
0.869664192199707
0.8689371943473816
0.9140840768814087
0.871235728263855
0.9703138470649719
0.9098671078681946
0.8758360147476196
0.8871859312057495
0.9139267206192017
0.9467390775680542
0.8559087514877319
0.8744895458221436
0.8349207639694214
0.8579018115997314
0.8408561944961548
0.9152414202690125
0.8566270470619202
0.8195689916610718
0.8571844696998596
0.8267139196395874
0.9082438349723816
0.7991408705711365
0.9560002088546753
0.9060201048851013
0.8826282024383545
0.8377630710601807
0.8762575387954712
0.877689778804779
0.8443089723587036
0.8513820171356201
0.9856663346290588
0.872229278087616
0.8998233079910278
0.8747656941413879
0.8328880071640015
0.8684609532356262
0.9801918268203735
0.8151096105575562
0.8196301460266113
0.8457517623901367
0.8825104236602783
0.8263717293739319
0.8880723714828491
0.8688023686408997
0.873070240020752
0.8329460620880127
0.8814398050308228
0.8744779229164124
0.8562800884246826
0.8015813827514648
0.8990956544876099
0.9108986854553223
0.8531773090362549
0.9106175899505615
0.8620581030845642
0.8123083114624023
0.9681485891342163
0.8878529071807861
0.9577916860580444
0.8727700710296631
0.8431364893913269
0.8726891279220581
0.8445663452148438
0.9007233381271362
0.8425864577293396
0.8896210193634033
0.9228038191795349
0.8334715366363525
0.8667261600494385
0.8428065776824951
0.8925644755363464
0.8870193958282471
0.8613457679748535
0.8005748391151428
0.8519448041915894
0.9384096264839172
0.8349435329437256
0.8859745860099792
0.8564905524253845
0.8960474133491516
0.8654500246047974
0.8987051248550415
0.8366029262542725
0.8253538608551025
0.8395596146583557
0.878869891166687
0.9102483987808228
0.8507037162780762
0.8441927433013916
0.8135082721710205
0.8097115159034729
0.8536078929901123
0.8919631242752075
0.7878955602645874
0.8617473840713501
0.809669017791748
0.8275412321090698
0.8313412666320801
0.8553739786148071
0.8151969909667969
0.8147088885307312
0.8635814189910889
0.8958656787872314
0.9004436731338501
0.8912124633789062
0.8533311486244202
0.8622009754180908
0.876920223236084
0.9101070165634155
0.8328181505203247
0.9100991487503052
0.8462406396865845
0.8115167021751404
0.9051188230514526
0.9008522033691406
0.8591484427452087
0.8969972729682922
0.8637496829032898
0.9188313484191895
0.9023362398147583
0.9508122205734253
0.8136962652206421
0.8896274566650391
0.8927768468856812
0.8235467672348022
0.8249013423919678
0.7987843155860901
0.8292415142059326
0.9102570414543152
0.9166961908340454
0.9863460063934326
0.8395909070968628
0.8342865705490112
0.8941572308540344
0.899502158164978
0.8459546566009521
0.8974189758300781
0.8371437788009644
0.826914370059967
0.9186240434646606
0.8395437002182007
0.9105051159858704
0.8120291829109192
0.8492584228515625
0.9085661172866821
0.9135340452194214
0.8489475846290588
0.88116854429245
0.8626316785812378
0.8212547302246094
0.8592283129692078
0.9104097485542297
0.8237971067428589
0.8387454748153687
0.9139248132705688
0.9405244588851929
0.8491448760032654
0.9162029027938843
0.8812692165374756
0.9490181803703308
0.9307982921600342
0.8351341485977173
0.8735748529434204
0.8309124708175659
0.9625048637390137
0.8775393962860107
0.8833697438240051
0.8302500247955322
0.8180983066558838
0.8584152460098267
0.8775835037231445
0.8759225010871887
0.7820373773574829
0.866432249546051
0.8866478800773621
0.8746898174285889
0.8458613157272339
0.8744021058082581
0.8665863275527954
0.8974449634552002
0.8805131912231445
0.8544320464134216
0.8592526912689209
0.8838200569152832
0.8619064688682556
0.8281573057174683
0.9291526675224304
0.8513131141662598
0.8169838786125183
0.863757848739624
0.8771829605102539
0.9141652584075928
0.9037957191467285
0.9048991203308105
0.8340063095092773
0.9267123341560364
0.9031882286071777
0.8462873101234436
0.8847494125366211
0.8121682405471802
0.8454594016075134
0.8498557806015015
0.9230691194534302
0.9428279995918274
0.8621433973312378
0.9316540956497192
0.8615567684173584
0.840999960899353
0.8214938640594482
0.8841273784637451
0.8134404420852661
0.8478802442550659
0.810011625289917
0.8341453075408936
0.8172403573989868
0.8508787155151367
0.8303133249282837
0.9362390041351318
0.9178643226623535
0.8897093534469604
0.8909003734588623
0.8342015743255615
0.8838179111480713
0.8733878135681152
0.8561683893203735
0.8666832447052002
0.8310788869857788
0.8501514196395874
0.9514614343643188
0.8344887495040894
0.835111141204834
0.8946463465690613
0.8525800108909607
0.9442248940467834
0.8206750154495239
0.8651280999183655
0.9150761961936951
0.8196148872375488
0.866153359413147
0.8188362717628479
0.8130728006362915
0.8720779418945312
0.8599488139152527
0.8452935218811035
0.8657544255256653
0.893918514251709
0.9195759296417236
0.8612324595451355
0.8499913215637207
0.794356644153595
0.8129022717475891
0.8185668587684631
0.8347635269165039
0.9090343713760376
0.9224562644958496
0.9168182015419006
0.9471662640571594
0.8302915096282959
0.8188508749008179
0.8784258365631104
0.8879600167274475
0.8462242484092712
0.8656342029571533
0.8326349258422852
0.8817769289016724
0.8771095275878906
0.8061131834983826
0.9322308301925659
0.9081777334213257
0.9125760793685913
0.9044200778007507
0.8741157054901123
0.880117654800415
0.8707776665687561
0.9329766035079956
0.8322374820709229
0.8927668333053589
0.9356242418289185
0.8263593912124634
0.8656419515609741
0.8834775686264038
0.8347512483596802
0.8781781196594238
0.9490078687667847
0.7966040372848511
0.8902726173400879
0.9109237194061279
0.822421669960022
0.8993756175041199
0.8323755860328674
0.8854637145996094
0.8795479536056519
0.8479543924331665
0.8188188076019287
0.8077800869941711
0.8862624168395996
0.8687120676040649
0.9931904077529907
0.803537130355835
0.846047043800354
0.8153165578842163
0.8717688322067261
0.8738858103752136
0.8424848914146423
0.837844967842102
0.9197725653648376
0.8856377601623535
0.8235937356948853
0.9592676758766174
0.8611656427383423
0.8178460597991943
0.8457417488098145
0.8261375427246094
0.8198525905609131
0.8675036430358887
0.8199814558029175
0.8985698223114014
0.7944161295890808
0.8794489502906799
0.9013498425483704
0.9023830890655518
0.8287227749824524
0.8613998293876648
0.8159042596817017
0.920119047164917
0.843308687210083
0.8881447911262512
0.815643846988678
0.8218146562576294
0.8303756713867188
0.8133379220962524
0.8552191853523254
0.7642618417739868
0.8544540405273438
0.7987395524978638
0.9174091815948486
0.8478403091430664
0.8444862365722656
0.8520696759223938
0.8894518613815308
0.8622804880142212
0.8710627555847168
0.9105263352394104
0.8317297697067261
0.8872750997543335
0.9186742305755615
0.7971757650375366
0.8983386158943176
0.8543667793273926
0.7913984656333923
0.8292586803436279
0.8891748189926147
0.8275952339172363
0.8332420587539673
0.8612598180770874
0.8421165943145752
0.8232549428939819
0.797016441822052
0.8571368455886841
0.8077540397644043
0.8632611036300659
0.8658061027526855
0.8674435019493103
0.8331124186515808
0.9187641143798828
0.9263361096382141
0.8798006176948547
0.8961349725723267
0.868657112121582
0.8201671838760376
0.8650522232055664
0.8586001396179199
0.8501546382904053
1.0415072441101074
0.8386794924736023
0.8783142566680908
0.8939418196678162
0.8598612546920776
0.8639768362045288
0.8728996515274048
0.7871865630149841
0.8825735449790955
0.8543695211410522
0.8309460878372192
0.9449403285980225
0.9423980116844177
0.8638162612915039
0.8243870139122009
0.8876574039459229
0.7646201848983765
0.9543105363845825
0.8942834138870239
0.8162422180175781
0.8409647345542908
0.8731756806373596
0.9623256921768188
0.8201245069503784
0.8223822116851807
0.8761876225471497
0.8803762793540955
0.8063305616378784
0.8504120111465454
0.8283477425575256
0.907118558883667
0.818621039390564
0.8387370109558105
0.8948643207550049
0.9598486423492432
0.8315809965133667
0.8392108678817749
0.8898194432258606
0.8717918395996094
0.8273940086364746
0.8476571440696716
0.8544893860816956
0.867271900177002
0.8415229320526123
0.8731499314308167
0.8097683787345886
0.8394577503204346
0.8656556606292725
0.9064587354660034
0.829641580581665
0.7933697700500488
0.8278203010559082
0.8653649091720581
0.881743311882019
0.8845534324645996
0.8473992347717285
0.8049241304397583
0.8484038710594177
0.8604746460914612
0.7971893548965454
0.8151135444641113
0.8486382961273193
0.8874596357345581
0.9092887043952942
0.8366970419883728
0.8867695331573486
0.9255821704864502
0.8310079574584961
0.8241561055183411
0.8291709423065186
0.8647481203079224
0.8520035743713379
0.8490345478057861
0.8337554931640625
0.903156042098999
0.8152424693107605
1.012415885925293
0.879749596118927
0.8655644655227661
0.849494993686676
0.8546772003173828
0.8555837869644165
0.8731498718261719
0.8515886068344116
0.8889473676681519
0.8506592512130737
0.850875973701477
0.8189710378646851
0.8262176513671875
0.8885881304740906
0.9093950390815735
0.8081352710723877
0.8088194727897644
0.8872232437133789
0.8819202184677124
0.839266300201416
0.8871141076087952
0.84263014793396
0.8339953422546387
0.9161880016326904
0.8254316449165344
0.7932371497154236
0.8389562368392944
0.9337360858917236
0.8690338134765625
0.8499041795730591
0.8565082550048828
0.8622992634773254
0.9231653213500977
0.9200547337532043
0.8828541040420532
0.8420232534408569
0.9035046100616455
0.8725625276565552
0.8984911441802979
0.8678407073020935
0.9182518720626831
0.8690891861915588
0.9295588731765747
0.8853741884231567
0.8675047159194946
0.8402326107025146
0.80499267578125
0.8241715431213379
0.9034454822540283
0.8499822616577148
0.8013085126876831
0.8403221368789673
0.9414914846420288
0.9276197552680969
0.8652709722518921
0.9007883071899414
0.8098340034484863
0.8503744602203369
0.7991153001785278
0.8929274678230286
0.878193736076355
0.9006560444831848
0.917084813117981
0.8802574872970581
0.8804762363433838
0.8104093074798584
0.8498486280441284
1.0021203756332397
0.9095379114151001
0.8447548747062683
0.8099138736724854
0.9454917907714844
0.8013416528701782
0.7918164730072021
0.8954583406448364
0.8761033415794373
0.8187680244445801
0.8317731618881226
0.8318977355957031
0.8746377825737
0.8449199199676514
0.8686025142669678
0.8409770727157593
0.9790619611740112
0.8415642976760864
0.920691967010498
0.8191194534301758
0.8973177671432495
0.8473289012908936
0.8790212869644165
0.8571523427963257
0.8376469016075134
0.929154634475708
0.8487858772277832
0.9008275270462036
0.8258191347122192
0.8910714983940125
0.769500195980072
0.8809977769851685
0.7927496433258057
0.8286886215209961
0.8392254710197449
0.9261631965637207
0.9437021017074585
0.9326561689376831
0.8317750096321106
0.8324241042137146
0.8410552740097046
0.9436201453208923
0.8957135677337646
0.8987478017807007
0.9060856699943542
0.849190354347229
0.8601871728897095
0.8191547393798828
0.8217439651489258
0.9567590951919556
0.8244674801826477
0.8607373833656311
0.8802661895751953
0.8279563784599304
0.8479329347610474
0.9279620051383972
0.8589268922805786
0.8531752824783325
0.8587828874588013
0.916430652141571
0.8016707897186279
0.7900524139404297
0.8672990798950195
0.8589632511138916
0.9210695028305054
0.8108551502227783
0.827214241027832
0.8275734186172485
0.8486076593399048
0.8392300009727478
0.8929736018180847
0.8505291938781738
0.8795326352119446
0.8031378388404846
0.8159899711608887
0.8463804125785828
0.8184542655944824
0.8661694526672363
0.877308189868927
0.871833086013794
0.8209043741226196
0.8924351930618286
0.8722854852676392
0.850669264793396
0.853951096534729
0.8478643894195557
0.8640433549880981
0.876740574836731
0.8354393839836121
0.8518064022064209
0.8972450494766235
0.8345178365707397
0.7992414236068726
0.9783499240875244
0.829598069190979
0.9158564805984497
0.813363790512085
0.8073405027389526
0.8846266269683838
0.873494565486908
0.8733854293823242
0.8014419078826904
0.8570011258125305
0.8152194023132324
0.8762458562850952
0.8607934713363647
0.8124493360519409
0.8234536051750183
0.8644115924835205
0.9885836839675903
0.8522388935089111
0.8702884912490845
0.869624137878418
0.8630828857421875
0.8401991724967957
0.8647456169128418
0.7872986793518066
0.8785518407821655
0.8264344930648804
0.8072694540023804
0.827362060546875
0.8183114528656006
0.87221360206604
0.8606758117675781
0.825747013092041
0.8183480501174927
0.9370824694633484
0.8391128778457642
0.8892049193382263
0.8602731823921204
0.8543699979782104
0.866826593875885
0.861244797706604
0.8737382292747498
0.8285480737686157
0.8103870153427124
0.8529836535453796
0.8220769166946411
0.83984375
0.8994492292404175
0.9498062133789062
0.893438458442688
0.8310830593109131
0.8628329038619995
0.852729082107544
0.8246948719024658
0.8583908081054688
0.8057042956352234
0.8721182346343994
0.7924888134002686
0.944198489189148
0.797993004322052
0.822217583656311
0.8734526038169861
0.8296223878860474
0.8213258981704712
0.8514903783798218
0.8389759063720703
0.8364928960800171
0.8818075656890869
0.8389419913291931
0.8566411733627319
0.879849910736084
0.8278104066848755
0.8286471366882324
1.000199556350708
0.8565585613250732
0.8118215799331665
0.8672783374786377
0.8048438429832458
0.833884596824646
0.9110816717147827
0.765640377998352
0.9909696578979492
0.869853138923645
0.8738107681274414
0.8715753555297852
0.8629348278045654
0.8447073698043823
0.9031054973602295
0.9019036293029785
0.8661798238754272
0.9266237020492554
0.8480154275894165
0.8301184773445129
0.856995165348053
0.8618987798690796
0.843453586101532
0.8418691158294678
0.8411104083061218
0.8109052777290344
0.8944602012634277
0.8068846464157104
0.8744860887527466
0.8400653600692749
0.8001934885978699
0.827979326248169
0.8279047012329102
0.8481247425079346
0.8763753175735474
0.8186246156692505
0.82419753074646
0.898198664188385
0.8498225212097168
0.8411449790000916
0.8684965372085571
0.8245441913604736
0.8041529655456543
0.8641476631164551
0.854667067527771
0.828008234500885
0.8268975615501404
0.9188605546951294
0.7771146893501282
0.8071218729019165
0.8668355941772461
0.7980015277862549
0.8856106400489807
0.8382218480110168
0.8831630349159241
0.8272868394851685
0.81754469871521
0.8566431999206543
0.877083420753479
0.8136914968490601
0.8506730198860168
0.8899096250534058
0.807296872138977
0.8844805955886841
0.8408706188201904
0.8419301509857178
0.8645915985107422
0.8629286289215088
0.8281241655349731
0.8292076587677002
0.8694958686828613
0.9093613624572754
0.9035873413085938
0.7944165468215942
0.8278115391731262
0.8749816417694092
0.8561240434646606
0.8238939642906189
0.8702265024185181
0.8853181600570679
0.8688890337944031
0.8425929546356201
0.8600987195968628
0.9606411457061768
0.8703597784042358
0.8435111045837402
0.8783113956451416
0.8718992471694946
0.8711362481117249
0.9332056045532227
0.8947097063064575
0.8428124785423279
0.8880327939987183
0.8546829223632812
0.8600941300392151
0.8763103485107422
0.8120414018630981
0.8301069736480713
0.842729389667511
0.8621752858161926
0.89537513256073
0.8022604584693909
0.9262601733207703
0.8681957721710205
0.8854591846466064
0.8136312961578369
0.9101277589797974
0.8326220512390137
0.8419232368469238
0.9509372115135193
0.9500069618225098
0.8414520025253296
0.8467748165130615
0.8704296350479126
0.8685355186462402
0.9041208028793335
0.8832239508628845
0.8181444406509399
0.8962734937667847
0.8994305729866028
0.8594169616699219
0.809995174407959
0.9060945510864258
0.836544930934906
0.8501617908477783
0.8767753839492798
0.8439621925354004
0.9056293368339539
0.8839820623397827
0.8417972326278687
0.837922990322113
0.8201403021812439
0.8496795892715454
0.8442569971084595
0.7972158193588257
0.8238434195518494
0.9080789089202881
0.9506466388702393
0.9117944240570068
0.8474891185760498
0.830533504486084
0.8295679092407227
0.8608454465866089
0.8388581275939941
0.8269597887992859
0.843902051448822
0.8166384696960449
0.9561642408370972
0.8805997371673584
0.7968369126319885
0.8223131895065308
0.87037593126297
0.839225172996521
0.9257140159606934
0.7964560389518738
0.840508222579956
0.8700367212295532
0.8454514741897583
0.8462942242622375
0.9108831882476807
0.835337221622467
0.8713147640228271
0.9221035242080688
0.8033360242843628
0.8398965001106262
0.8122996091842651
0.8567118048667908
0.8584551215171814
0.8644602298736572
0.81007981300354
0.8405882120132446
0.8320472240447998
0.8618096113204956
0.8335870504379272
0.8475390672683716
0.8379558324813843
0.8651726841926575
0.8505886793136597
0.853218674659729
0.7879324555397034
0.7790622711181641
0.8890588283538818
0.8253323435783386
0.8047875761985779
0.8311834931373596
0.7916334271430969
0.8908767104148865
0.8497339487075806
0.8725801110267639
0.8048341870307922
0.8874099254608154
0.9134892225265503
0.8636746406555176
0.9226422309875488
0.8377695083618164
0.9199411869049072
0.8419058322906494
0.8719136714935303
0.8278444409370422
0.8749326467514038
0.7736340761184692
0.8388341665267944
0.8682489395141602
0.8543561697006226
0.9082169532775879
0.8218115568161011
0.8162409067153931
0.8631824254989624
0.854392945766449
0.7980207204818726
0.8137298822402954
0.8566312789916992
0.8328667879104614
0.8647667169570923
0.9198896884918213
0.7982316017150879
0.8389240503311157
0.8827632665634155
0.8972301483154297
0.9122540354728699
0.8481994867324829
0.8980704545974731
0.8797779083251953
0.8354508280754089
0.8236409425735474
0.869937539100647
0.7992064952850342
0.8357197046279907
0.909637451171875
0.8933905363082886
0.8197709321975708
0.8115630745887756
0.83246910572052
0.8438830971717834
0.8226245641708374
0.8880656361579895
0.8933798670768738
0.8117722272872925
0.8807821273803711
0.9394506216049194
0.8468363285064697
0.8070881366729736
0.9131866693496704
0.8515280485153198
0.8058500289916992
0.8037651777267456
0.797053337097168
0.8420412540435791
0.8585497140884399
0.7974913120269775
0.8251700401306152
0.8399870991706848
0.9131416082382202
0.8579723834991455
0.8474290370941162
0.7993728518486023
0.8022173643112183
0.921440601348877
0.8263449668884277
0.8775210976600647
0.905466616153717
0.8561185598373413
0.8793448209762573
0.8461084961891174
0.8442144393920898
0.821304976940155
0.8678675889968872
0.831966757774353
0.7987501621246338
0.8315736055374146
0.8221503496170044
0.8903605341911316
0.8436110019683838
0.7860498428344727
0.8603687286376953
0.8518040180206299
0.8227396011352539
0.8346086740493774
0.8404029607772827
0.8847326040267944
0.840998649597168
0.8199870586395264
0.8724159002304077
0.8715848922729492
0.836200475692749
0.8389792442321777
0.7900303602218628
0.8251206874847412
0.8629209995269775
0.7665799856185913
0.8513150811195374
0.806820273399353
0.8514134883880615
0.8324803113937378
0.8165631890296936
0.853114902973175
0.852988600730896
0.8720851540565491
0.7780349254608154
0.8693636655807495
0.825058102607727
0.9304467439651489
0.8089908361434937
0.8610547780990601
0.8866598606109619
0.8723646402359009
0.9239579439163208
0.8934797048568726
0.9280673265457153
0.7987416982650757
0.8541569709777832
0.8531936407089233
0.7911863327026367
0.8244985342025757
0.8430976867675781
0.7943012714385986
0.8072527647018433
0.896180272102356
0.8370791673660278
0.8244191408157349
0.8198850154876709
0.805105447769165
0.8530738949775696
0.8207858800888062
0.8351321816444397
0.9161359071731567
0.7897162437438965
0.76015305519104
0.8564475774765015
0.8254964351654053
0.8461118936538696
0.8663750290870667
0.7857034206390381
0.8270492553710938
0.8556982278823853
0.8179869651794434
0.7913857102394104
0.8280741572380066
0.7805843949317932
0.9040765762329102
0.8187657594680786
0.8420833349227905
0.890372097492218
0.8567408323287964
0.823064923286438
0.8036916255950928
0.8332303762435913
0.8685209155082703
0.8185832500457764
0.8586703538894653
0.8151560425758362
0.8043951988220215
0.8430548310279846
0.8547389507293701
0.8518983125686646
0.8641617894172668
0.9554010629653931
0.7916483283042908
0.8380880355834961
0.8473122119903564
0.8801537752151489
0.8183362483978271
0.8679864406585693
0.7707188129425049
0.829219400882721
0.8424665331840515
0.873197615146637
0.8077021837234497
0.8713364601135254
0.8260049223899841
0.8112120628356934
0.8426556587219238
0.9151657819747925
0.8399659991264343
0.7888679504394531
0.8099503517150879
0.8118932247161865
0.9160995483398438
0.807357668876648
0.9034217596054077
0.8703867197036743
0.8431797027587891
0.858049750328064
0.7726287245750427
0.9027420282363892
0.7603569030761719
0.8200885653495789
0.84515380859375
0.8371254205703735
