0.2139655169656222
0.26733716423141546
0.3073946351463767
0.32699233670344297
0.3474521070890043
0.3595210728289067
0.36695402329680565
0.37988505726573113
0.39051724165335466
0.4003448273943759
0.41385057380144624
0.41475095762603587
0.4313218391489709
0.44438697329197807
0.44454023019335737
0.44921455814920624
0.45988505736164664
0.46028735548600386
0.4663984672776584
0.4737547880959237
0.48068965457636736
0.4823180067128149
0.4854406123531276
0.48482758406249954
0.4985440606358408
0.5049425260774021
0.5128352470781611
0.5128735593338122
0.5138122596959959
0.5192911866410025
0.5130842900139162
0.5303448262228363
0.5375095782266266
0.5327969351034055
0.537088120291973
0.5369923356278189
0.5494444464472519
0.543371644170805
0.5530076640090723
0.5579118762893238
0.5635440611633761
0.5651149417477093
0.566168579561957
0.5632183892630983
0.5712452088964397
0.5697509567627962
0.5794444428435688
0.5860727991180859
0.5818199244723923
0.580555553922708
0.5946360136243118
0.5891953999626225
0.5962068986618656
0.597375477867565
0.597260535448447
0.6022413770357767
0.6086398484720581
0.6100191552748625
0.608601531420631
0.6131800781378801
0.6189272013203851
0.6109770080824007
0.6173371655502539
0.6187356309644108
0.6212260548410744
0.6307662845343008
0.6231992347487088
0.6314367816365999
0.632452105653697
0.6277203076872332
0.6390038293668594
0.6360919537215397
0.6368199247738411
0.6381992314053678
0.6459770106721199
0.6454406134013472
0.6495402297754397
0.6441570890360865
0.6441379305960118
0.6483141762771826
0.6486973183593531
0.6552298839749962
0.6541570866930073
0.658409963051478
0.6604980836654532
0.6646168584796204
0.6624137940763057
0.670766286808869
0.662107280958658
0.672854407422844
0.6649233719398235
0.6720689668737608
0.6643678189694197
0.6740229921094303
0.6723371661942581
0.6730076643242233
0.6757854421933492
0.6777011481509811
0.6809003832696499
0.6864942538327184
0.6868773938595564
0.6830268193935526
0.6868965533272974
0.6902298821114946
0.6849999999862978
0.6902873564040524
0.6903448238455016
0.6936398467113232
0.6965134102722694
0.6941954027647259
0.692356322003507
0.6920881226830099
0.6975478920443304
0.695229886934675
0.6949808450265863
0.7028735643145682
0.7024904218898422
0.7008429114845978
0.7062835278867305
0.70637931289344
0.7074137953506119
0.7012260532242128
0.7030842937957281
0.7018773946268805
0.7099233732141298
0.7028927193290886
0.7083716481581501
0.7053256706259716
0.7125287347141354
0.7041187755677892
0.7095019149369207
0.7189080458262871
0.7149808437659823
0.721513413149735
0.7206896564056133
0.7156896556930981
0.7184482768349264
0.7188505739316173
0.7162835245159851
0.7221839085392568
0.7177586212925527
0.7259578567811813
0.7224137920072708
0.7256896533500189
0.7245593855435821
0.7322605368734776
0.7317624510019675
0.7303448281754022
0.727605363418316
0.7316283539108847
0.7313409954652019
0.7340613024673243
0.7344252895349743
0.7382758633158673
0.7350574714699011
0.7340038305726545
0.7394444442343437
0.7357471283824965
0.7289463600208019
0.7316475085828497
0.741187738961187
0.7406321818801178
0.7384865924544718
0.7364176254847954
0.7423371634949213
0.7410919549821438
0.7431992354064152
0.7386015341884788
0.7366091954982144
0.745708811557156
0.7387164759224859
0.7436590040552205
0.7422222248439131
0.7477586214569794
0.7497509577493559
0.7485249021957661
0.7497318006795028
0.7501340994889709
0.7502873584456827
0.7551149445018549
0.7525095788911841
0.7502107274258274
0.7524521069965143
0.7578160923787918
0.7479310364558779
0.7579310344553541
0.7553448300252016
0.7550383124543333
0.7606704954443306
0.7606704978422186
0.7607279704219994
0.7589080450178562
0.7552490415929378
0.7521264357813473
0.7636973162492117
0.7610919554343168
0.7563218385323711
0.7543295022399946
0.7648850559503183
0.7632950181248545
0.7661302682312056
0.7651340988860733
0.7635249067312
0.765536399750874
0.7717241374240524
0.7606513424851429
0.7642528740153915
0.7672988488071266
0.7678544055456402
0.771647507089308
0.769310345252355
0.7702107271928896
0.7685249026479393
0.7712643691178026
0.7695402307757016
0.767816092776156
0.7728927221106386
0.7656896556245869
0.7759770103569689
0.7705938679048385
0.7724712662313177
0.7731609183481369
0.7713793098241434
0.7783333337169954
0.7737356304437265
0.7777969347334456
0.7771072815889599
0.7755363970652394
0.7784291170109278
0.7764559374458488
0.776015325524341
0.7750383142767281
0.7725287336727669
0.7801341003385084
0.7736015330100882
0.7830076632143437
0.7807854413986206
0.7818007650731624
0.7809578550272974
0.7861877416057148
0.7842528724122322
0.7784291173534832
0.7822413790500027
0.7805172407079017
0.7814559402136967
0.7835249027301525
0.7859770110968886
0.7827394628661802
0.7797892710258221
0.7868965518200535
0.7866091961148142
0.7874712656284201
0.791053639403705
0.787624519104245
0.786781607345603
0.7894252860683134
0.7883524891288801
0.7923754785937824
0.7866666673243731
0.7956130257968245
0.7784099623389628
0.7888314189582035
0.792452108243416
0.7913793106188719
0.790057471086239
0.7936590022739323
0.7922222213498478
0.7886973198117881
0.7926053637745737
0.7964367804856136
0.7918582390779736
0.7937931014203478
0.7918965504772362
0.7902873562670302
0.7959003808169529
0.8001915696023525
0.7983716435130985
0.7927969337879927
0.7940038305589523
0.7933141760442449
0.796781606715301
0.7995402275145739
0.7989272005941676
0.8007279672156805
0.7971839089503233
0.7924904203277895
0.8059961675912485
0.8034865914405077
0.8013026806814917
0.8058812248295751
0.8029693478140337
0.8009961685915102
0.7998467437152205
0.8050766285808607
0.7963793092760546
0.7976053634594227
0.8027777774580593
0.805249042552093
0.8061302677653301
0.8034482769582464
0.805555554299519
0.8001532551200911
0.8101724129298638
0.7942145590124459
0.8054980824048492
0.8098659011824377
0.8081800773225981
0.8041762456126597
0.8034865880149534
0.8078735648900613
0.8077011471507193
0.8049233699667042
0.8077777750875758
0.8089846742564234
0.8129118763167282
0.8121839049218715
0.8108620688147928
0.8119348650691153
0.8085057464824326
0.8092720303042181
0.8072222224597273
0.8122413785293184
0.8042145587246994
0.8100191560284845
0.8116283526365784
0.8127203073309756
0.8159386971216093
0.8201724136697834
0.8145593856943065
0.811628352294023
0.8131226054553328
0.8149425284615879
0.8124712664505531
0.817835249092387
0.8102873532936491
0.8106513383059666
0.8135440620197647
0.8125670487168192
0.8176053639115959
0.8166666647483563
0.8142337168770275
0.8202490422917509
0.8075478947025606
0.8135440620197647
0.8174137932130661
0.8193103441561775
0.8137547887604812
0.8162260524842931
0.8235632184593157
0.8182567036014864
0.8188505734520397
0.8179118770292435
0.8180459754905481
0.8202298841942316
0.8176436766810801
0.8222222239121624
0.8233524879504894
0.8226628354911146
0.8202107281520449
0.8186590017258436
0.8208429107720825
0.8226053639390003
0.8212260531968084
0.8189080432913769
0.8232183891466294
0.8237739482830311
0.8266283534039026
0.8212452088964397
0.8226819911907459
0.823352490005822
0.824961686613916
0.8204789264448757
0.8259770085756806
0.8164176248956001
0.8300957844175142
0.827911876741497
0.8251915690542637
0.8309578556438972
0.8200766283205185
0.8262835240912163
0.8230459768881743
0.8207279673252983
0.8254597687173164
0.8278544027914946
0.825766282520075
0.8225862051563702
0.8254214562903875
0.828122606222657
0.8248084259444269
0.82601532545583
0.8248658981816522
0.8279501898535366
0.827835246064197
0.8223563186053572
0.827394633115023
0.8255172416396525
0.824655172468602
0.8293103407854321
0.8297126440481207
0.8247126423079392
0.8311302665321306
0.8319348658638439
0.8271072780948946
0.8310344825530874
0.8286781598781717
0.8251724143822988
0.8333141735230369
0.8280268181329486
0.83019157045189
0.8316475077607166
0.827298850848757
0.829731799747752
0.828352487292783
0.8332950178234056
0.832279693463753
0.8345210720067737
0.8322605353662338
0.8298659002643892
0.8393486566927241
0.8288122614224752
0.83273946348278
0.8316858239557551
0.836532568452002
0.8359578556713017
0.8369923367582518
0.8325862079516224
0.8331226055649505
0.8341762433791983
0.8333524883478537
0.8362452093212084
0.8342911881962042
0.838160917334173
0.8343869728603582
0.833429117654932
0.8359195387911522
0.8315134096419674
0.8427586182095539
0.8350957844449186
0.8374329503925367
0.833141762977359
0.838390803200075
0.8325478914140285
0.8397701125720451
0.8337931026672495
0.8391187721970438
0.840229883276183
0.8403065125832613
0.8428544059567068
0.8387547888975034
0.8393295009930929
0.8394444437547662
0.8438505756443945
0.8351149428849933
0.840095784472323
0.8370114938281048
0.8342911854557608
0.8417241357523819
0.8373946352251644
0.8407854376168087
0.838716474415242
0.841532565738963
0.8466858226677467
0.8479885041028604
0.8405747112186476
0.837011495540882
0.8390613020151511
0.8415900379761883
0.8412643660759104
0.8441187729095591
0.8387164740726866
0.8420689650650682
0.8437356315124994
0.8436590032330875
0.8371455926319649
0.8443103442931997
0.8450766264022082
0.83871647681313
0.84427203118116
0.843256706478952
0.8409961667554132
0.8428735613137827
0.8420881214498104
0.844080461167741
0.8431800751165411
0.8401532532839939
0.8427586219776636
0.8464367821298796
0.8451149419121359
0.8411685790138683
0.8414367824450306
0.846072795404785
0.8418390788566107
0.8449233674454963
0.8447701167101147
0.8439846751333653
0.8447126431026678
0.8435057463317082
0.8418390805693878
0.8446934856902594
0.8456704962527615
