6.273987878328082
2.636873191800611
2.4224540255535607
2.334287000798631
2.256860901569498
2.2040045124360885
2.1709944208463035
2.125317141242411
2.087526112452321
2.0557463696633262
2.002214326940734
2.0072692502504106
1.9460818836058693
1.9113055138752377
1.898243843138903
1.8981714488446026
1.8592469836103505
1.8527003238941062
1.834007481733958
1.81744387163513
1.7828860632304488
1.7765901198332337
1.7780288163272815
1.7715061046611305
1.7204647920597558
1.7051848666421299
1.6837043871824768
1.6797471532876465
1.6791273595272809
1.661696825219297
1.6796380815834835
1.6330795986899014
1.612775761505653
1.621864120165507
1.6007208481602284
1.600816816434093
1.5527905814949123
1.5881616521155697
1.5559730981958324
1.5308631877789551
1.521892503075216
1.5108153018458137
1.5213387039886124
1.5165005141291126
1.500645047631757
1.4916531258615955
1.4786865581041095
1.4510458666702797
1.469225955420527
1.4596118282997745
1.4250264859747612
1.4380041902092682
1.4173214778132823
1.4063854984853459
1.417964507793558
1.3983409123859187
1.3747865845417153
1.3760369125453906
1.376665801494971
1.364353032632806
1.338300815944014
1.36585165748651
1.3448270723737519
1.3490685443768555
1.3372997614158981
1.3060655032081165
1.3280849785640323
1.307401606748844
1.2963352641840091
1.3170432900560314
1.2829812028627285
1.278248769798498
1.290243652702748
1.2838136855213123
1.2641968418811929
1.2600574647558147
1.2466397148439254
1.2527109662006641
1.25214082584984
1.2473264603779233
1.24580803582038
1.2235293511686653
1.2246658031282753
1.2166722461409953
1.2161750820861466
1.20104922679649
1.2049524917684753
1.1877015904448498
1.206636918344717
1.1766613656762002
1.2012876416074818
1.1744071142426853
1.1911860646187573
1.174591561158498
1.1717881639113372
1.166446277122388
1.1623346791870293
1.1490080418257878
1.1539124401136376
1.1258074264416749
1.1363161449459778
1.1399964361355222
1.1242398804631726
1.12280048652627
1.1395305833597293
1.1215533497689785
1.124314198206211
1.1047330262332127
1.105274390900272
1.1099243900556675
1.1077271203200023
1.1116383325779575
1.1047115952804172
1.0976063280270016
1.1057193056605328
1.0866009041495708
1.080716641127378
1.0850607701416672
1.068723908786116
1.0756577267043892
1.06836719862346
1.081725930688025
1.0773202872824394
1.0786250517971214
1.05722885262007
1.0736836691697438
1.0588804377221512
1.0677802795651314
1.0500605013863793
1.0675390554570603
1.061474603825602
1.02598909948064
1.041315844346737
1.0343415524767734
1.025402337655254
1.0343526502450306
1.0272758657904877
1.0330438634444927
1.034406226941909
1.029143923658064
1.028825110745156
1.01036232607118
1.020579614173407
1.009570282081078
1.007510691196069
0.9930829892213318
0.9910649352375118
0.9951691024604885
1.0003619402989574
0.9927461818716992
0.9927563341869705
0.9890170902356334
0.9893289705117544
0.9714867030752117
0.9796958452668684
0.9825945171131485
0.9715227827258494
0.9733638229041264
0.9966640609434281
0.9879076635015422
0.9655520631664101
0.966348184936348
0.9729825683023737
0.9733086906630417
0.9583350865320227
0.9660877249706751
0.9605429148536989
0.9734119961316559
0.971047585037933
0.94869408045692
0.9656848856087389
0.957460053693289
0.9553709924221039
0.9482851960193152
0.9406507587295839
0.9385805393772564
0.9394615230889156
0.9358912798865088
0.9359802124144017
0.9253313746945612
0.9279919759980564
0.9360911996885278
0.9301120193525293
0.9204233340148268
0.9481361069898496
0.9188081303547169
0.9200485461744768
0.9264884573974829
0.9030795974292974
0.9115423505333649
0.9056857187172462
0.9185135326851374
0.9231178109673248
0.9186648777846632
0.9000106022275728
0.9129285024500441
0.9154354292770912
0.9227935754019638
0.9004663914099507
0.9035077769865935
0.894992980121196
0.8944936726970234
0.8974433877002234
0.8936716485982654
0.881241078691921
0.908857926212508
0.8925997957415964
0.8944686212758909
0.8891623818326271
0.8789680829678459
0.8810578276371134
0.8828229297851694
0.8830194415032179
0.8773499360714836
0.8857357166279322
0.8799576314016321
0.8732473264480459
0.8930968933406918
0.8718169972129252
0.8804741769001402
0.8753130411964724
0.8788405334812471
0.873203007654212
0.8576326938881271
0.8674270174969202
0.8657578144265318
0.8585173175937828
0.8675991454343687
0.8544517813742846
0.8558963091894128
0.8661405128994207
0.8598883614457887
0.8721920364889605
0.8500088747890516
0.8639380637256578
0.8447789471039827
0.8465922776309923
0.8471061666121428
0.8482563509338203
0.8376903763447685
0.843876134047563
0.8543148390178023
0.8460579332949101
0.8427252166572659
0.8519207643366408
0.8407150616591004
0.8403286447470215
0.8399318377862032
0.8485372275456615
0.8336619056504349
0.8333948364203003
0.8272318956495701
0.8200539604000662
0.8273238882251169
0.8344159338666105
0.8234598215284019
0.8267805052214655
0.8166383015013289
0.835654099782308
0.8085364606873743
0.8455665635651556
0.8283691515867737
0.8148213895573013
0.8221027782593651
0.8213427190122933
0.8173380189243404
0.8213700902187961
0.8346404145503866
0.8168079483097997
0.8076304673463449
0.8204079708833804
0.8140701548806553
0.8140825262700004
0.826853493506881
0.8066847111986971
0.7963486659800869
0.8017731466512571
0.8113928745532858
0.8176287364685673
0.8145105962095589
0.805541682859947
0.794846173675581
0.801266949409726
0.7958166058036102
0.797883935015777
0.8143460418301067
0.7884274287813011
0.7881346543629965
0.7929694121596457
0.7827976065120478
0.7850600395394468
0.793767967785912
0.8004896250264398
0.7909142320183502
0.8067843674243181
0.8019323948471025
0.7898371127145044
0.7860075954733223
0.7764123856336221
0.7820063918486408
0.779105166251632
0.7904927710006977
0.7721487071322298
0.806156280739554
0.7808754156375753
0.7684652897818335
0.7753877447939467
0.787250102593981
0.7866168738096609
0.7742372795768168
0.7786810620762836
0.7792859029495853
0.7718090788386334
0.7722631740844113
0.7593029922452467
0.7587595650519448
0.7668109210743301
0.7622237767296276
0.7722996887804447
0.7698652425716663
0.7747298684613458
0.7636303911949026
0.7806618878211098
0.7676436329024962
0.7633648425683208
0.7572680225317505
0.7530777341332929
0.7428783452373812
0.7544087301725628
0.7636726707562633
0.7546207014171556
0.7566646721171236
0.7587086102743258
0.7420588053505996
0.7645181256464157
0.7705017030239105
0.757667445588386
0.7628592348646843
0.7484093986708542
0.74864244803615
0.751589944650387
0.7405705760265219
0.777659754643495
0.7570427224553865
0.7499442908955717
0.7402949641490805
0.7597137189459526
0.7505509240188818
0.7362507352198677
0.7434126724456919
0.7430584780101118
0.7438784991872722
0.7462435768938612
0.742756627071863
0.7471414629755349
0.7293633811775295
0.7315256684675984
0.7370593770482075
0.7353533446446232
0.742100812922949
0.7361808888528539
0.7260668037951677
0.7394721528579449
0.745606434071201
0.7367443068959247
0.7349909814609878
0.7201289911379759
0.7348555884827143
0.7314090735610874
0.7321208756545494
0.7265317440032959
0.742468476980582
0.7227327097421405
0.7475350834857458
0.7144095346160318
0.7214544675816065
0.7293059010615294
0.7113191464851643
0.7348169071235876
0.7219499123507532
0.72921041510571
0.7318016146791393
0.7218888134791933
0.719933942474168
0.7220822857029137
0.7283576202803644
0.7261290043249897
0.720458540423163
0.7241059192295732
0.7242411882027813
0.7225935445434746
0.7192946730673998
0.7194483023265312
0.7336007387473665
0.7229880515871376
0.7207846233899566
0.7237335159175697
0.7130221669701324
0.7124731879809807
0.7237259396191301
0.7117025883033358
0.704938155481185
0.7232542404498177
0.7071430871541473
0.7127087040879261
0.7200305544096848
0.7079879593575138
0.7195324517529587
0.7145907409574793
0.7051049412667066
0.7233303531833079
0.7125961773696987
0.7132377425829569
0.7002620854596983
0.7061217798926365
0.7013285581407875
0.709523254769972
0.7124877770741781
0.6943763974069179
0.7158699641967642
0.7099785061403253
0.7072700512135166
0.7007442798422671
0.7002207513513237
0.6950404092498209
0.7054363019850062
0.7046184029387331
0.7010430484667591
0.7045027490319877
0.7002604309169725
0.6995522040745308
0.6959584776697487
0.701200391026749
0.7030291742291944
0.6913348015012413
0.7021109835169781
0.6829176058714417
0.7011823493173752
0.6904253332779325
0.7037716429123934
0.6875331610783764
0.703375368111435
0.6897413867643509
0.700468001009404
0.6861556615980192
0.6824397252893996
0.6866290504219889
0.6768238198483127
0.690968313778954
0.6897494171200127
0.6867506219737831
0.673043319891239
0.6986640280690687
0.6866427322571305
0.694449372675227
0.7023616657517422
0.6821770560124825
0.6919314200165628
0.6788275396001751
0.687192227991148
0.6828594540042439
0.6683192581966005
0.6697793858147215
0.6812490762650282
0.6943712261901505
0.687340188643028
0.6867123002978577
0.6824185377222368
0.6706696729892971
0.6829361775140653
0.6761647373780437
0.6771856275783188
0.6752911470402246
0.6946086465627298
0.6752468446890513
0.6737427322686403
0.6873523868706034
0.674418490508507
0.6764230858320477
0.681315012019256
0.6776429954273947
0.6814582272507679
0.6753618980961285
0.6740746850940003
0.6875943705953401
0.6809122757665043
0.6673678365247003
0.6720420920300758
0.6817719145067807
0.6825267823263147
0.6696644459647694
0.6777539695131367
0.6713843645378091
0.6717447936534882
0.673575117327701
0.6744218653646009
0.6753266452030203
0.6770513749670708
0.6740329558479374
0.6699037971510284
