0.1388888955116272
0.20777778327465057
0.19777777791023254
0.25
0.25
0.26777777075767517
0.28777778148651123
0.324444442987442
0.3233333230018616
0.371111124753952
0.3799999952316284
0.44111111760139465
0.46222221851348877
0.5
0.5344444513320923
0.5022222399711609
0.5600000023841858
0.550000011920929
0.5866666436195374
0.5444444417953491
0.6111111044883728
0.5755555629730225
0.6466666460037231
0.6655555367469788
0.6388888955116272
0.6299999952316284
0.6722221970558167
0.6311110854148865
0.6100000143051147
0.6688888669013977
0.6811110973358154
0.7177777886390686
0.7300000190734863
0.7511110901832581
0.7177777886390686
0.7477777600288391
0.7144444584846497
0.7411110997200012
0.8066666722297668
0.7444444298744202
0.7744444608688354
0.7688888907432556
0.7833333611488342
0.75
0.8166666626930237
0.7977777719497681
0.7977777719497681
0.7866666913032532
0.7977777719497681
0.800000011920929
0.7877777814865112
0.7922222018241882
0.7811111211776733
0.801111102104187
0.8277778029441833
0.8077777624130249
0.8088889122009277
0.8266666531562805
0.8288888931274414
0.8244444727897644
0.8366666436195374
0.8322222232818604
0.8088889122009277
0.8355555534362793
0.8533333539962769
0.8333333134651184
0.8399999737739563
0.8422222137451172
0.851111114025116
0.8188889026641846
0.8544444441795349
0.8433333039283752
0.8577777743339539
0.8455555438995361
0.8322222232818604
0.8455555438995361
0.847777783870697
0.8355555534362793
0.8822222352027893
0.8788889050483704
0.8355555534362793
0.8533333539962769
0.852222204208374
0.847777783870697
0.8277778029441833
0.8922222256660461
0.8611111044883728
0.8722222447395325
0.894444465637207
0.8588888645172119
0.8922222256660461
0.8344444632530212
0.8544444441795349
0.8655555844306946
0.8722222447395325
0.8355555534362793
0.8700000047683716
0.8866666555404663
0.8877778053283691
0.8844444155693054
0.898888885974884
0.8877778053283691
0.8644444346427917
0.8822222352027893
0.9011111259460449
0.8833333253860474
0.8877778053283691
0.8911111354827881
0.902222216129303
0.8966666460037231
0.8711110949516296
0.8666666746139526
0.851111114025116
0.8811110854148865
0.9177777767181396
0.9011111259460449
0.8877778053283691
0.9044444561004639
0.8755555748939514
0.9066666960716248
0.8955555558204651
0.897777795791626
0.8955555558204651
0.9133333563804626
0.9133333563804626
0.9111111164093018
0.9166666865348816
0.902222216129303
0.9077777862548828
0.8677777647972107
0.9055555462837219
0.9255555272102356
0.9177777767181396
0.9055555462837219
0.9011111259460449
0.9200000166893005
0.9222221970558167
0.8999999761581421
0.9144444465637207
0.9155555367469788
0.9322222471237183
0.897777795791626
0.903333306312561
0.9333333373069763
0.9288889169692993
0.9188888669013977
0.9166666865348816
0.9100000262260437
0.9288889169692993
0.9088888764381409
0.9177777767181396
0.9088888764381409
0.9366666674613953
0.9222221970558167
0.9177777767181396
0.9177777767181396
0.9277777671813965
0.9155555367469788
0.9133333563804626
0.9166666865348816
0.9077777862548828
0.9133333563804626
0.9211111068725586
0.9277777671813965
0.9322222471237183
0.9277777671813965
0.9277777671813965
0.9255555272102356
0.902222216129303
0.9166666865348816
0.9222221970558167
0.9222221970558167
0.9100000262260437
0.9222221970558167
0.9411110877990723
0.9322222471237183
0.9377777576446533
0.9055555462837219
0.9333333373069763
0.9477777481079102
0.9188888669013977
0.9300000071525574
0.9466666579246521
0.9088888764381409
0.9322222471237183
0.9177777767181396
0.9166666865348816
0.9277777671813965
0.9300000071525574
0.9566666483879089
0.9377777576446533
0.9355555772781372
0.9366666674613953
0.9222221970558167
0.9166666865348816
0.9188888669013977
0.9433333277702332
0.9211111068725586
0.9322222471237183
0.9399999976158142
0.9399999976158142
0.9377777576446533
0.9511111378669739
0.9411110877990723
0.9300000071525574
0.9233333468437195
0.9277777671813965
0.9355555772781372
0.9266666769981384
0.945555567741394
0.9222221970558167
0.9366666674613953
0.9444444179534912
0.9411110877990723
0.9344444274902344
0.9200000166893005
0.945555567741394
0.9366666674613953
0.9422222375869751
0.949999988079071
0.9477777481079102
0.949999988079071
0.9377777576446533
0.9277777671813965
0.9322222471237183
0.949999988079071
0.9377777576446533
0.949999988079071
0.945555567741394
0.948888897895813
0.9166666865348816
0.9322222471237183
0.9211111068725586
0.9344444274902344
0.9433333277702332
0.9133333563804626
0.95333331823349
0.9311110973358154
0.9433333277702332
0.9333333373069763
0.9477777481079102
0.9422222375869751
0.945555567741394
0.9355555772781372
0.9322222471237183
0.9322222471237183
0.9333333373069763
0.9444444179534912
0.9522222280502319
0.9433333277702332
0.9222221970558167
0.9477777481079102
0.9411110877990723
0.9511111378669739
0.9377777576446533
0.9544444680213928
0.9288889169692993
0.9599999785423279
0.9255555272102356
0.9377777576446533
0.95333331823349
0.9366666674613953
0.9399999976158142
0.9200000166893005
0.9644444584846497
0.949999988079071
0.9233333468437195
0.945555567741394
0.948888897895813
0.9611111283302307
0.948888897895813
0.9544444680213928
0.9566666483879089
0.9555555582046509
0.9555555582046509
0.9477777481079102
0.9622222185134888
0.9611111283302307
0.949999988079071
0.9399999976158142
0.9477777481079102
0.949999988079071
0.9366666674613953
0.9477777481079102
0.9466666579246521
0.9477777481079102
0.948888897895813
0.9555555582046509
0.9577777981758118
0.9433333277702332
0.949999988079071
0.9422222375869751
0.9566666483879089
0.9466666579246521
0.9355555772781372
0.9388889074325562
0.9522222280502319
0.949999988079071
0.9444444179534912
0.945555567741394
0.9477777481079102
0.95333331823349
0.9644444584846497
0.9466666579246521
0.949999988079071
0.9511111378669739
0.949999988079071
0.9688888788223267
0.9399999976158142
0.9566666483879089
0.9599999785423279
0.948888897895813
0.9511111378669739
0.9611111283302307
0.95333331823349
0.9411110877990723
0.9555555582046509
0.9511111378669739
0.9577777981758118
0.9588888883590698
0.9588888883590698
0.9522222280502319
0.9477777481079102
0.9677777886390686
0.9633333086967468
0.95333331823349
0.945555567741394
0.9599999785423279
0.9611111283302307
0.9433333277702332
0.945555567741394
0.9544444680213928
0.9433333277702332
0.9522222280502319
0.9555555582046509
0.9611111283302307
0.9655555486679077
0.9588888883590698
0.9599999785423279
0.9477777481079102
0.9588888883590698
0.9411110877990723
0.9544444680213928
0.9655555486679077
0.9555555582046509
0.9644444584846497
0.9666666388511658
0.949999988079071
0.95333331823349
0.9544444680213928
0.945555567741394
0.949999988079071
0.949999988079071
0.9566666483879089
0.9677777886390686
0.9622222185134888
0.9599999785423279
0.9611111283302307
0.9688888788223267
0.9588888883590698
0.9555555582046509
0.9599999785423279
0.9611111283302307
0.9466666579246521
0.9622222185134888
0.9555555582046509
0.9388889074325562
0.9377777576446533
0.9522222280502319
0.9599999785423279
0.9588888883590698
0.9555555582046509
0.9466666579246521
0.9599999785423279
0.9544444680213928
0.9633333086967468
0.9555555582046509
0.9644444584846497
0.9622222185134888
0.9655555486679077
0.9522222280502319
0.9622222185134888
0.9700000286102295
0.9366666674613953
0.9511111378669739
0.9666666388511658
0.9644444584846497
0.948888897895813
0.9544444680213928
0.9677777886390686
0.9544444680213928
0.9555555582046509
0.9688888788223267
0.9655555486679077
0.949999988079071
0.9377777576446533
0.9633333086967468
0.9611111283302307
0.9555555582046509
0.9655555486679077
0.9700000286102295
0.9599999785423279
0.9700000286102295
0.9466666579246521
0.9766666889190674
0.9577777981758118
0.9666666388511658
0.9544444680213928
0.9766666889190674
0.9744444489479065
0.9555555582046509
0.9444444179534912
0.9666666388511658
0.9644444584846497
0.9644444584846497
0.9566666483879089
0.9588888883590698
0.9611111283302307
0.9666666388511658
0.9666666388511658
0.9544444680213928
0.9633333086967468
0.9644444584846497
0.9577777981758118
0.9433333277702332
0.9322222471237183
0.9711111187934875
0.9644444584846497
0.9733333587646484
0.95333331823349
0.9644444584846497
0.9555555582046509
0.9577777981758118
0.9655555486679077
0.9655555486679077
0.9655555486679077
0.9611111283302307
0.9555555582046509
0.9700000286102295
0.9666666388511658
0.9611111283302307
0.9611111283302307
0.9477777481079102
0.9711111187934875
0.9666666388511658
0.9755555391311646
0.9544444680213928
0.9611111283302307
0.9622222185134888
0.9466666579246521
0.9677777886390686
0.9666666388511658
0.9655555486679077
0.9577777981758118
0.9644444584846497
0.9611111283302307
0.9688888788223267
0.9700000286102295
0.9566666483879089
0.9577777981758118
0.9655555486679077
0.9566666483879089
0.9700000286102295
0.9733333587646484
0.948888897895813
0.9688888788223267
0.9566666483879089
0.9677777886390686
0.9566666483879089
0.9633333086967468
0.9655555486679077
0.949999988079071
0.9688888788223267
0.9544444680213928
0.9611111283302307
0.9633333086967468
0.9733333587646484
0.9622222185134888
0.9577777981758118
0.9366666674613953
0.9644444584846497
0.9599999785423279
0.9522222280502319
0.9622222185134888
0.9755555391311646
0.9588888883590698
0.9733333587646484
0.9566666483879089
0.9644444584846497
0.95333331823349
0.9711111187934875
0.9544444680213928
0.9599999785423279
0.9622222185134888
0.9644444584846497
0.9566666483879089
0.9522222280502319
0.9522222280502319
0.9766666889190674
0.9611111283302307
0.9700000286102295
0.9577777981758118
0.9644444584846497
0.9411110877990723
0.9644444584846497
0.9633333086967468
0.9655555486679077
0.9588888883590698
0.9588888883590698
0.9622222185134888
0.9522222280502319
0.9622222185134888
0.9644444584846497
0.9544444680213928
0.9566666483879089
0.9644444584846497
0.9655555486679077
0.9744444489479065
0.9744444489479065
0.9788888692855835
0.9722222089767456
0.9622222185134888
0.9766666889190674
0.9688888788223267
0.9611111283302307
0.9666666388511658
0.9611111283302307
0.9677777886390686
0.9599999785423279
0.9711111187934875
0.9644444584846497
0.9700000286102295
0.9599999785423279
0.9633333086967468
0.9588888883590698
0.9599999785423279
0.9700000286102295
0.9677777886390686
0.9700000286102295
0.9644444584846497
0.9388889074325562
0.9677777886390686
0.9733333587646484
0.9633333086967468
0.9688888788223267
0.9611111283302307
0.9644444584846497
0.9722222089767456
0.9755555391311646
0.9477777481079102
0.95333331823349
0.9622222185134888
0.9555555582046509
0.948888897895813
0.9588888883590698
0.9744444489479065
0.9544444680213928
0.9611111283302307
0.9744444489479065
0.9599999785423279
0.9688888788223267
0.9544444680213928
0.9733333587646484
0.9599999785423279
0.9611111283302307
0.9644444584846497
0.9800000190734863
0.9722222089767456
0.9722222089767456
0.9722222089767456
0.9711111187934875
0.9611111283302307
0.9622222185134888
0.9722222089767456
0.9611111283302307
0.95333331823349
0.948888897895813
0.9611111283302307
0.9744444489479065
0.9744444489479065
0.9611111283302307
0.9700000286102295
0.9655555486679077
0.9677777886390686
0.95333331823349
0.9688888788223267
0.9711111187934875
0.9755555391311646
0.9577777981758118
0.9744444489479065
0.9722222089767456
0.9744444489479065
0.9700000286102295
0.9577777981758118
0.9677777886390686
0.9688888788223267
0.9599999785423279
0.9800000190734863
0.9611111283302307
0.9566666483879089
0.9766666889190674
0.9700000286102295
0.9755555391311646
0.9599999785423279
0.9722222089767456
0.9611111283302307
0.9622222185134888
0.9766666889190674
0.9666666388511658
0.9700000286102295
0.9644444584846497
0.9677777886390686
0.9599999785423279
0.9711111187934875
0.9777777791023254
0.9577777981758118
0.9655555486679077
0.9688888788223267
0.9744444489479065
0.9744444489479065
0.9766666889190674
0.9677777886390686
0.9622222185134888
0.9644444584846497
0.9811111092567444
0.9733333587646484
0.9822221994400024
0.9655555486679077
0.9811111092567444
0.9511111378669739
0.9588888883590698
0.9677777886390686
0.9666666388511658
0.9733333587646484
0.9666666388511658
0.9733333587646484
0.9688888788223267
0.9822221994400024
0.9633333086967468
0.9744444489479065
0.9688888788223267
0.9711111187934875
0.9711111187934875
0.9755555391311646
0.9788888692855835
0.9677777886390686
0.9577777981758118
0.9700000286102295
0.9744444489479065
0.9677777886390686
0.9655555486679077
0.9688888788223267
0.9722222089767456
0.9722222089767456
0.9822221994400024
0.9688888788223267
0.9644444584846497
0.9644444584846497
0.9611111283302307
0.9622222185134888
0.9599999785423279
0.9766666889190674
0.9800000190734863
0.9711111187934875
0.9722222089767456
0.9711111187934875
0.9755555391311646
0.9811111092567444
0.9544444680213928
0.9744444489479065
0.9711111187934875
0.9633333086967468
0.9611111283302307
0.9711111187934875
0.9722222089767456
0.9555555582046509
0.9666666388511658
0.9866666793823242
0.9777777791023254
0.9744444489479065
0.9599999785423279
0.9777777791023254
0.9722222089767456
0.9755555391311646
0.9688888788223267
0.9711111187934875
0.9788888692855835
0.9733333587646484
0.9766666889190674
0.9722222089767456
0.9777777791023254
0.9788888692855835
0.9733333587646484
0.9755555391311646
0.9788888692855835
0.9622222185134888
0.9677777886390686
0.9622222185134888
0.9655555486679077
0.9566666483879089
0.9833333492279053
0.9711111187934875
0.9800000190734863
0.9688888788223267
0.9677777886390686
0.9777777791023254
0.9666666388511658
0.9633333086967468
0.9688888788223267
0.9622222185134888
0.9766666889190674
0.9722222089767456
0.9844444394111633
0.9777777791023254
0.9711111187934875
0.9666666388511658
0.9811111092567444
0.9744444489479065
0.9766666889190674
0.9655555486679077
0.9777777791023254
0.9677777886390686
0.9711111187934875
0.9711111187934875
0.9722222089767456
0.9733333587646484
0.9599999785423279
0.9777777791023254
0.9711111187934875
0.9711111187934875
0.9777777791023254
0.9766666889190674
0.9788888692855835
0.9544444680213928
0.9777777791023254
0.9722222089767456
0.945555567741394
0.9633333086967468
0.9711111187934875
0.9688888788223267
0.9655555486679077
0.9688888788223267
0.9677777886390686
0.9688888788223267
0.9666666388511658
0.9677777886390686
0.9722222089767456
0.9677777886390686
0.9611111283302307
0.9711111187934875
0.9677777886390686
0.9688888788223267
0.9811111092567444
0.9700000286102295
0.9700000286102295
0.9700000286102295
0.9766666889190674
0.9644444584846497
0.9722222089767456
0.9677777886390686
0.9755555391311646
0.9700000286102295
0.9755555391311646
0.9766666889190674
0.9866666793823242
0.9633333086967468
0.9688888788223267
0.9733333587646484
0.9788888692855835
0.9822221994400024
0.9522222280502319
0.9722222089767456
0.9611111283302307
0.9711111187934875
0.9722222089767456
0.9700000286102295
0.9855555295944214
0.9800000190734863
0.9800000190734863
0.9733333587646484
0.9733333587646484
0.9744444489479065
0.9711111187934875
0.9700000286102295
0.9788888692855835
0.9722222089767456
0.9644444584846497
0.9722222089767456
0.9755555391311646
0.9688888788223267
0.9700000286102295
0.9777777791023254
0.9800000190734863
0.9755555391311646
0.9811111092567444
0.9655555486679077
0.9677777886390686
0.9855555295944214
0.9722222089767456
0.9711111187934875
0.9755555391311646
0.9744444489479065
0.9700000286102295
0.9844444394111633
0.9688888788223267
0.9800000190734863
0.9733333587646484
0.9766666889190674
0.9655555486679077
0.9700000286102295
0.9722222089767456
0.9833333492279053
0.9766666889190674
0.9633333086967468
0.9688888788223267
0.9766666889190674
0.9700000286102295
0.9700000286102295
0.9700000286102295
0.9722222089767456
0.9822221994400024
0.9822221994400024
0.9666666388511658
0.9555555582046509
0.9566666483879089
0.9788888692855835
0.9711111187934875
0.9788888692855835
0.9722222089767456
0.9788888692855835
0.9755555391311646
0.9766666889190674
0.9744444489479065
0.9755555391311646
0.9677777886390686
0.9866666793823242
0.9800000190734863
0.9700000286102295
0.9800000190734863
0.9700000286102295
0.9811111092567444
0.9866666793823242
0.9744444489479065
0.9733333587646484
0.9788888692855835
0.9800000190734863
0.9711111187934875
0.9711111187934875
0.9811111092567444
0.9822221994400024
0.9622222185134888
0.9744444489479065
0.9788888692855835
0.9800000190734863
0.9700000286102295
0.9788888692855835
0.9777777791023254
0.9822221994400024
0.9733333587646484
0.9744444489479065
0.9733333587646484
0.9633333086967468
0.9766666889190674
0.9822221994400024
0.9733333587646484
0.948888897895813
0.9788888692855835
0.9833333492279053
0.9766666889190674
0.9722222089767456
0.9733333587646484
0.9722222089767456
0.9711111187934875
0.9766666889190674
0.9744444489479065
0.9766666889190674
0.9722222089767456
0.9877777695655823
0.9700000286102295
0.9822221994400024
0.9766666889190674
0.9877777695655823
0.9855555295944214
0.9644444584846497
0.9655555486679077
0.9866666793823242
0.9700000286102295
0.9744444489479065
0.9788888692855835
0.9866666793823242
0.9822221994400024
0.9733333587646484
0.9700000286102295
0.9588888883590698
0.9800000190734863
0.9777777791023254
0.9766666889190674
0.9611111283302307
0.9822221994400024
0.9833333492279053
0.9722222089767456
0.9633333086967468
0.9766666889190674
0.9777777791023254
0.9744444489479065
0.9622222185134888
0.9844444394111633
0.9777777791023254
0.9755555391311646
0.9744444489479065
0.9733333587646484
0.9733333587646484
0.9766666889190674
0.9822221994400024
0.9777777791023254
0.9722222089767456
0.9777777791023254
0.9800000190734863
0.9766666889190674
0.9744444489479065
0.9744444489479065
0.9755555391311646
0.9833333492279053
0.9733333587646484
0.9866666793823242
0.9711111187934875
0.9811111092567444
0.9733333587646484
0.9788888692855835
0.9788888692855835
0.9744444489479065
0.9711111187934875
0.9811111092567444
0.9788888692855835
0.9744444489479065
0.9788888692855835
0.9811111092567444
0.9877777695655823
0.9800000190734863
0.9688888788223267
0.9655555486679077
0.9866666793823242
0.9788888692855835
0.9700000286102295
0.9700000286102295
0.9688888788223267
0.9744444489479065
0.9833333492279053
0.9855555295944214
0.9844444394111633
0.9755555391311646
0.9811111092567444
0.9744444489479065
0.9822221994400024
0.9655555486679077
0.9599999785423279
0.9766666889190674
0.9911110997200012
0.9733333587646484
0.9788888692855835
0.9822221994400024
0.9800000190734863
0.9744444489479065
0.9744444489479065
0.9888888597488403
0.9677777886390686
0.9811111092567444
0.9800000190734863
0.9800000190734863
0.9755555391311646
0.9800000190734863
0.9844444394111633
0.9844444394111633
0.9811111092567444
0.9700000286102295
0.9744444489479065
0.9766666889190674
0.9755555391311646
0.9811111092567444
0.9755555391311646
0.9711111187934875
0.9700000286102295
0.9711111187934875
0.9811111092567444
0.9788888692855835
0.9800000190734863
0.9733333587646484
0.9722222089767456
0.9744444489479065
0.9777777791023254
0.9788888692855835
0.9844444394111633
0.9855555295944214
0.9833333492279053
0.9822221994400024
0.9811111092567444
0.9777777791023254
0.9755555391311646
0.9822221994400024
0.9700000286102295
0.9755555391311646
0.9666666388511658
0.9777777791023254
0.9788888692855835
0.9877777695655823
0.9777777791023254
0.9766666889190674
0.9866666793823242
0.9711111187934875
0.9755555391311646
0.9822221994400024
0.9811111092567444
0.9844444394111633
0.9722222089767456
0.9588888883590698
0.9700000286102295
0.9688888788223267
0.9822221994400024
0.9777777791023254
0.9566666483879089
0.9722222089767456
0.9844444394111633
0.9622222185134888
0.9844444394111633
0.9599999785423279
0.9766666889190674
0.9755555391311646
0.9866666793823242
0.9788888692855835
0.9833333492279053
0.9777777791023254
0.9666666388511658
0.9811111092567444
0.9777777791023254
0.9777777791023254
0.9833333492279053
0.9833333492279053
0.9733333587646484
0.9788888692855835
0.9722222089767456
0.9744444489479065
0.9788888692855835
0.9788888692855835
0.9833333492279053
0.9855555295944214
0.9633333086967468
0.9655555486679077
0.9644444584846497
0.9766666889190674
0.9811111092567444
0.9711111187934875
0.9744444489479065
0.9788888692855835
0.9755555391311646
0.9822221994400024
0.9811111092567444
0.9777777791023254
0.9755555391311646
0.9655555486679077
0.9766666889190674
0.9766666889190674
0.9866666793823242
0.9722222089767456
0.9755555391311646
0.9777777791023254
0.9688888788223267
0.9766666889190674
0.9800000190734863
0.9744444489479065
0.992222249507904
0.9711111187934875
0.9844444394111633
0.9755555391311646
0.9755555391311646
0.9655555486679077
0.9766666889190674
0.9755555391311646
0.9866666793823242
0.9833333492279053
0.9788888692855835
0.9822221994400024
0.9866666793823242
0.9833333492279053
0.9888888597488403
0.9800000190734863
0.9688888788223267
0.9822221994400024
0.9766666889190674
0.9733333587646484
0.9788888692855835
0.9722222089767456
0.9722222089767456
0.9744444489479065
0.9733333587646484
0.9800000190734863
0.9800000190734863
0.9722222089767456
0.9800000190734863
0.9677777886390686
0.9844444394111633
0.9722222089767456
0.9722222089767456
0.9822221994400024
0.9800000190734863
0.9833333492279053
0.9788888692855835
0.9700000286102295
0.9844444394111633
0.9877777695655823
0.9733333587646484
0.9755555391311646
0.9711111187934875
0.9777777791023254
0.9855555295944214
0.9733333587646484
0.9788888692855835
0.9766666889190674
0.9800000190734863
0.9788888692855835
0.9777777791023254
0.9811111092567444
0.9855555295944214
0.9888888597488403
0.9800000190734863
0.9777777791023254
0.9733333587646484
0.9700000286102295
0.9777777791023254
0.945555567741394
0.9855555295944214
0.9900000095367432
0.9866666793823242
0.9733333587646484
0.9877777695655823
0.9711111187934875
0.9788888692855835
0.9833333492279053
0.9822221994400024
0.9733333587646484
0.9833333492279053
0.9911110997200012
0.9744444489479065
0.9755555391311646
0.9866666793823242
0.9777777791023254
0.9766666889190674
0.9811111092567444
0.9766666889190674
0.9744444489479065
0.9677777886390686
0.9788888692855835
0.9755555391311646
0.9844444394111633
0.9900000095367432
0.9833333492279053
0.9877777695655823
0.9866666793823242
0.9811111092567444
0.9744444489479065
0.9655555486679077
0.9788888692855835
0.9822221994400024
0.9833333492279053
0.9766666889190674
0.9733333587646484
0.9800000190734863
0.9833333492279053
0.9777777791023254
0.9811111092567444
0.9822221994400024
0.9833333492279053
0.9733333587646484
0.9788888692855835
0.9811111092567444
0.9755555391311646
0.9766666889190674
0.9611111283302307
0.9777777791023254
0.9877777695655823
0.9866666793823242
0.9811111092567444
0.9888888597488403
0.9766666889190674
0.9822221994400024
0.9888888597488403
0.9766666889190674
0.9766666889190674
0.9744444489479065
0.9833333492279053
0.9866666793823242
0.9844444394111633
0.9822221994400024
0.9800000190734863
0.9900000095367432
0.9744444489479065
0.9733333587646484
0.9844444394111633
0.9833333492279053
0.9700000286102295
0.9711111187934875
0.9833333492279053
0.9822221994400024
0.9833333492279053
0.9766666889190674
0.9866666793823242
0.9788888692855835
0.9800000190734863
0.9755555391311646
0.9877777695655823
0.9700000286102295
0.9677777886390686
0.9833333492279053
0.9800000190734863
0.9877777695655823
0.9755555391311646
0.9788888692855835
0.9744444489479065
0.9811111092567444
0.9688888788223267
0.9844444394111633
0.9855555295944214
0.9788888692855835
0.9833333492279053
0.9855555295944214
0.9777777791023254
0.9711111187934875
0.9833333492279053
0.9800000190734863
0.9888888597488403
0.9788888692855835
0.9855555295944214
0.9711111187934875
0.9777777791023254
0.9811111092567444
0.9788888692855835
0.9833333492279053
0.9844444394111633
0.9844444394111633
0.9711111187934875
0.9733333587646484
0.9788888692855835
0.9833333492279053
0.9888888597488403
0.9888888597488403
0.9755555391311646
0.9611111283302307
0.9722222089767456
0.9866666793823242
0.9822221994400024
0.9800000190734863
0.9844444394111633
0.9733333587646484
0.9733333587646484
0.9722222089767456
0.9755555391311646
0.9844444394111633
0.9766666889190674
0.9800000190734863
0.9833333492279053
0.9844444394111633
0.9877777695655823
0.9877777695655823
0.9633333086967468
0.9788888692855835
0.9755555391311646
0.9700000286102295
0.9811111092567444
0.9811111092567444
0.9911110997200012
0.9700000286102295
0.9744444489479065
0.9777777791023254
0.9666666388511658
0.9855555295944214
0.9844444394111633
0.9844444394111633
0.9766666889190674
0.9888888597488403
0.9788888692855835
0.9833333492279053
0.9866666793823242
0.9844444394111633
0.9777777791023254
0.9788888692855835
0.9800000190734863
0.9800000190734863
0.9800000190734863
0.9744444489479065
0.9877777695655823
0.9855555295944214
0.9800000190734863
0.9833333492279053
0.9822221994400024
0.9788888692855835
0.9722222089767456
0.9866666793823242
0.9766666889190674
0.9888888597488403
0.9888888597488403
0.9800000190734863
0.9866666793823242
0.9766666889190674
0.9722222089767456
0.9833333492279053
0.9800000190734863
0.9911110997200012
0.9800000190734863
0.9900000095367432
0.9700000286102295
0.9666666388511658
0.9766666889190674
0.9911110997200012
0.9655555486679077
0.9688888788223267
0.9911110997200012
0.9777777791023254
0.9744444489479065
0.9766666889190674
0.9811111092567444
0.9844444394111633
0.9855555295944214
0.9766666889190674
0.9866666793823242
0.9800000190734863
0.9755555391311646
0.9877777695655823
0.9833333492279053
0.9833333492279053
0.9833333492279053
0.9722222089767456
0.9777777791023254
0.9744444489479065
0.9722222089767456
0.9844444394111633
0.9877777695655823
0.9900000095367432
0.9811111092567444
0.9777777791023254
0.9622222185134888
0.9877777695655823
0.9888888597488403
0.9811111092567444
0.9888888597488403
0.9844444394111633
0.9866666793823242
0.9900000095367432
0.9877777695655823
0.9877777695655823
0.9744444489479065
0.9833333492279053
0.9755555391311646
0.9877777695655823
0.9722222089767456
0.9888888597488403
0.9866666793823242
0.9866666793823242
0.9811111092567444
0.9988889098167419
0.9800000190734863
0.9766666889190674
0.9822221994400024
0.9622222185134888
0.9911110997200012
0.9833333492279053
0.9877777695655823
0.9766666889190674
0.9833333492279053
0.9877777695655823
0.9700000286102295
0.9866666793823242
0.9755555391311646
0.9811111092567444
0.9877777695655823
0.9811111092567444
0.9877777695655823
0.9766666889190674
0.9877777695655823
0.9888888597488403
0.9844444394111633
0.9844444394111633
0.9877777695655823
0.9833333492279053
0.9788888692855835
0.9911110997200012
0.9800000190734863
0.9877777695655823
0.9855555295944214
0.9800000190734863
0.9777777791023254
0.9833333492279053
0.9777777791023254
0.9877777695655823
0.9788888692855835
0.9777777791023254
0.9822221994400024
0.9900000095367432
0.9777777791023254
0.9833333492279053
0.9866666793823242
0.9844444394111633
0.9844444394111633
0.9911110997200012
0.9700000286102295
0.9822221994400024
0.9855555295944214
0.9800000190734863
0.9866666793823242
0.9844444394111633
0.9911110997200012
0.9822221994400024
0.9677777886390686
0.9822221994400024
0.9777777791023254
0.9888888597488403
0.9911110997200012
0.9788888692855835
0.9777777791023254
0.9877777695655823
0.9811111092567444
0.9900000095367432
0.9766666889190674
0.9844444394111633
0.9900000095367432
0.9788888692855835
0.9822221994400024
0.9733333587646484
0.9833333492279053
0.9788888692855835
0.9877777695655823
0.9844444394111633
0.9811111092567444
0.9711111187934875
0.9711111187934875
0.9711111187934875
0.9944444298744202
0.9655555486679077
0.9788888692855835
0.9733333587646484
0.9777777791023254
0.9844444394111633
0.9822221994400024
0.9711111187934875
0.9888888597488403
0.9833333492279053
0.9844444394111633
0.9822221994400024
0.9844444394111633
0.9833333492279053
0.9822221994400024
0.9744444489479065
0.9788888692855835
0.9900000095367432
0.9811111092567444
0.9888888597488403
0.9822221994400024
0.9711111187934875
0.9877777695655823
0.9855555295944214
0.9833333492279053
0.9822221994400024
0.9833333492279053
0.9866666793823242
0.9855555295944214
0.9733333587646484
0.9811111092567444
0.9755555391311646
0.9855555295944214
0.9844444394111633
0.9855555295944214
0.9855555295944214
0.9800000190734863
0.9855555295944214
0.9844444394111633
0.9800000190734863
0.9833333492279053
0.9844444394111633
0.9766666889190674
0.9866666793823242
0.9888888597488403
0.9766666889190674
0.9900000095367432
0.9866666793823242
0.9777777791023254
0.9866666793823242
0.9788888692855835
0.9855555295944214
0.9800000190734863
0.9911110997200012
0.9855555295944214
0.992222249507904
0.9833333492279053
0.9866666793823242
0.9811111092567444
0.9811111092567444
0.9777777791023254
0.9811111092567444
0.9800000190734863
0.9811111092567444
0.9855555295944214
0.9866666793823242
0.9866666793823242
0.9788888692855835
0.9866666793823242
0.9822221994400024
0.9722222089767456
0.9788888692855835
0.9788888692855835
0.9788888692855835
0.9822221994400024
0.9855555295944214
0.9811111092567444
0.9811111092567444
0.9788888692855835
0.9822221994400024
0.9866666793823242
0.9844444394111633
0.9755555391311646
0.9833333492279053
0.9822221994400024
0.9844444394111633
0.9800000190734863
0.9888888597488403
0.9911110997200012
0.9866666793823242
0.9844444394111633
0.9888888597488403
0.9811111092567444
0.9811111092567444
0.9800000190734863
0.9877777695655823
0.9744444489479065
0.9800000190734863
0.9822221994400024
0.9711111187934875
0.9822221994400024
0.9777777791023254
0.9633333086967468
0.9777777791023254
0.9800000190734863
0.9833333492279053
0.9744444489479065
0.9777777791023254
0.9744444489479065
0.9866666793823242
0.9877777695655823
0.9755555391311646
0.9866666793823242
0.9866666793823242
0.9844444394111633
0.9700000286102295
0.9888888597488403
0.9855555295944214
0.995555579662323
0.9833333492279053
0.9766666889190674
0.9822221994400024
0.9888888597488403
0.9866666793823242
0.9788888692855835
0.9888888597488403
0.9755555391311646
0.9866666793823242
0.9811111092567444
0.9855555295944214
0.9844444394111633
0.9755555391311646
0.9777777791023254
0.9822221994400024
0.9844444394111633
0.9866666793823242
0.9844444394111633
0.9766666889190674
0.9855555295944214
0.9866666793823242
0.9777777791023254
0.9788888692855835
0.9833333492279053
0.9911110997200012
0.9788888692855835
0.9911110997200012
0.9877777695655823
0.9866666793823242
0.9788888692855835
0.9877777695655823
0.9866666793823242
0.9755555391311646
0.9788888692855835
0.9766666889190674
0.9855555295944214
0.9811111092567444
0.9822221994400024
0.9833333492279053
0.9788888692855835
0.9855555295944214
0.9744444489479065
0.9733333587646484
0.9833333492279053
0.9866666793823242
0.9833333492279053
0.9788888692855835
0.9900000095367432
0.9811111092567444
0.9777777791023254
0.9788888692855835
0.9822221994400024
0.9833333492279053
0.9866666793823242
0.9800000190734863
0.9788888692855835
0.9800000190734863
0.9744444489479065
0.9911110997200012
0.9811111092567444
0.9855555295944214
0.9822221994400024
0.9888888597488403
0.9777777791023254
0.9833333492279053
0.992222249507904
0.9811111092567444
0.9844444394111633
0.9866666793823242
0.9811111092567444
0.9888888597488403
0.9844444394111633
0.9855555295944214
0.9833333492279053
0.9877777695655823
0.9877777695655823
0.9822221994400024
0.9777777791023254
0.9877777695655823
0.9822221994400024
0.9811111092567444
0.9855555295944214
0.9866666793823242
0.9888888597488403
0.9833333492279053
0.9888888597488403
0.9877777695655823
0.9822221994400024
0.9866666793823242
0.9811111092567444
0.9777777791023254
0.9877777695655823
0.9844444394111633
0.9788888692855835
0.9855555295944214
0.9888888597488403
0.9844444394111633
0.9833333492279053
0.9822221994400024
0.9822221994400024
0.9877777695655823
0.9788888692855835
0.9777777791023254
0.9822221994400024
0.9866666793823242
0.9866666793823242
0.9788888692855835
0.9766666889190674
0.9866666793823242
0.9788888692855835
0.9855555295944214
0.9900000095367432
0.9866666793823242
0.9777777791023254
0.9877777695655823
0.9944444298744202
0.9900000095367432
0.992222249507904
0.9800000190734863
0.9855555295944214
0.9822221994400024
0.992222249507904
0.9777777791023254
0.9788888692855835
0.9855555295944214
0.9777777791023254
0.9844444394111633
0.9911110997200012
0.9744444489479065
0.9866666793823242
0.9800000190734863
0.9822221994400024
0.9911110997200012
0.9700000286102295
0.9844444394111633
0.9866666793823242
0.9822221994400024
0.9800000190734863
0.9855555295944214
0.9833333492279053
0.9788888692855835
0.9822221994400024
0.9766666889190674
0.9822221994400024
0.9800000190734863
0.9900000095367432
0.9888888597488403
0.9877777695655823
0.9855555295944214
0.9800000190734863
0.9866666793823242
0.9900000095367432
0.9766666889190674
0.9822221994400024
0.9911110997200012
0.9877777695655823
0.9822221994400024
0.9766666889190674
0.9877777695655823
0.9855555295944214
0.9744444489479065
0.9788888692855835
0.9900000095367432
0.9822221994400024
0.9855555295944214
0.9733333587646484
0.9833333492279053
0.9900000095367432
0.9822221994400024
0.9833333492279053
0.9822221994400024
0.9766666889190674
0.9788888692855835
0.9800000190734863
0.9788888692855835
0.9855555295944214
0.9877777695655823
0.9844444394111633
0.9888888597488403
0.9788888692855835
0.9877777695655823
0.9877777695655823
0.9900000095367432
0.9811111092567444
0.9911110997200012
0.9788888692855835
0.9944444298744202
0.9911110997200012
0.9811111092567444
0.992222249507904
0.9877777695655823
0.9833333492279053
0.9822221994400024
0.9900000095367432
0.992222249507904
0.9877777695655823
0.9877777695655823
0.9866666793823242
0.9744444489479065
0.9888888597488403
0.9877777695655823
0.9777777791023254
0.9866666793823242
0.995555579662323
0.9844444394111633
0.9822221994400024
0.9900000095367432
0.9900000095367432
0.9688888788223267
0.9822221994400024
0.9911110997200012
0.9833333492279053
0.9733333587646484
0.9677777886390686
0.9933333396911621
0.9711111187934875
0.9822221994400024
0.9900000095367432
0.9811111092567444
0.9844444394111633
0.9800000190734863
0.9877777695655823
0.9766666889190674
0.9900000095367432
0.9888888597488403
0.9766666889190674
0.9900000095367432
0.9833333492279053
0.9877777695655823
0.9888888597488403
0.9844444394111633
0.9900000095367432
0.9833333492279053
0.9822221994400024
0.9800000190734863
0.9900000095367432
0.9933333396911621
0.9811111092567444
0.9844444394111633
0.9855555295944214
0.9811111092567444
0.9833333492279053
0.9944444298744202
0.9811111092567444
0.9744444489479065
0.9911110997200012
0.9877777695655823
0.9911110997200012
0.9822221994400024
0.9866666793823242
0.9877777695655823
0.9911110997200012
0.9822221994400024
0.9844444394111633
0.9800000190734863
0.9800000190734863
0.995555579662323
0.9833333492279053
0.9788888692855835
0.9777777791023254
0.9933333396911621
0.9833333492279053
0.9777777791023254
0.9822221994400024
0.9822221994400024
0.9844444394111633
0.9822221994400024
0.9855555295944214
0.9877777695655823
0.9800000190734863
0.9866666793823242
0.9844444394111633
0.9888888597488403
0.9911110997200012
0.9844444394111633
0.9855555295944214
0.9866666793823242
0.9877777695655823
0.9855555295944214
0.9900000095367432
0.9877777695655823
0.9744444489479065
0.9877777695655823
0.9788888692855835
0.9755555391311646
0.9855555295944214
0.9855555295944214
0.9777777791023254
0.9688888788223267
0.9788888692855835
0.9755555391311646
0.9855555295944214
0.9844444394111633
0.9800000190734863
0.9855555295944214
0.9833333492279053
0.9766666889190674
0.9811111092567444
0.9900000095367432
0.9888888597488403
0.9811111092567444
0.9755555391311646
0.9866666793823242
0.9755555391311646
0.9822221994400024
0.9800000190734863
0.992222249507904
0.9900000095367432
0.9855555295944214
0.9711111187934875
0.9888888597488403
0.9811111092567444
0.9911110997200012
0.9844444394111633
0.9888888597488403
0.9777777791023254
0.9877777695655823
0.9777777791023254
0.9855555295944214
0.9822221994400024
0.9866666793823242
0.9788888692855835
0.9822221994400024
0.9744444489479065
0.9911110997200012
0.9788888692855835
0.9811111092567444
0.9833333492279053
0.995555579662323
0.9877777695655823
0.9877777695655823
0.992222249507904
0.9766666889190674
0.9766666889190674
0.9888888597488403
0.9866666793823242
0.9844444394111633
0.9877777695655823
0.995555579662323
0.9911110997200012
0.9811111092567444
0.9744444489479065
0.9800000190734863
0.992222249507904
0.9900000095367432
0.9833333492279053
0.9833333492279053
0.9733333587646484
0.9877777695655823
0.9866666793823242
0.9866666793823242
0.9866666793823242
0.9766666889190674
0.9833333492279053
0.9844444394111633
0.9855555295944214
0.9833333492279053
0.9877777695655823
0.9855555295944214
0.9866666793823242
0.9777777791023254
0.9855555295944214
0.9788888692855835
0.9855555295944214
0.9911110997200012
0.9811111092567444
0.9744444489479065
0.992222249507904
0.9866666793823242
0.9888888597488403
0.9877777695655823
0.9866666793823242
0.9855555295944214
0.9888888597488403
0.9888888597488403
0.9888888597488403
0.9788888692855835
0.9844444394111633
0.9788888692855835
0.9911110997200012
0.9822221994400024
0.9855555295944214
0.9788888692855835
0.9855555295944214
0.9844444394111633
0.9888888597488403
0.9977777600288391
0.9877777695655823
0.9911110997200012
0.9877777695655823
0.9633333086967468
0.9866666793823242
0.9822221994400024
0.9888888597488403
0.9900000095367432
0.9888888597488403
0.9822221994400024
0.9855555295944214
0.9855555295944214
0.9844444394111633
0.9888888597488403
0.9900000095367432
0.9855555295944214
0.9844444394111633
0.9888888597488403
0.9777777791023254
0.9833333492279053
0.9911110997200012
0.9866666793823242
0.9866666793823242
0.9855555295944214
0.9766666889190674
0.9833333492279053
0.9888888597488403
0.992222249507904
0.9777777791023254
0.9877777695655823
0.9800000190734863
0.9866666793823242
0.9844444394111633
0.9877777695655823
0.9833333492279053
0.9844444394111633
0.9911110997200012
0.992222249507904
0.9888888597488403
0.9888888597488403
0.9755555391311646
0.9933333396911621
0.9888888597488403
0.9822221994400024
0.9855555295944214
0.9911110997200012
0.9877777695655823
0.9788888692855835
0.9811111092567444
0.9788888692855835
0.9722222089767456
0.9855555295944214
0.9866666793823242
0.9811111092567444
0.9855555295944214
0.9888888597488403
0.9877777695655823
0.9944444298744202
0.9855555295944214
0.9766666889190674
0.9844444394111633
0.9833333492279053
0.9877777695655823
0.9833333492279053
0.9855555295944214
0.9866666793823242
0.9900000095367432
0.9700000286102295
0.9833333492279053
0.9911110997200012
0.9911110997200012
0.9677777886390686
0.9800000190734863
0.9811111092567444
0.9844444394111633
0.9844444394111633
0.9900000095367432
0.9811111092567444
0.9833333492279053
0.992222249507904
0.9877777695655823
0.9888888597488403
0.9933333396911621
0.996666669845581
0.9844444394111633
0.9877777695655823
0.9877777695655823
0.9900000095367432
0.9877777695655823
0.9833333492279053
0.9855555295944214
0.9688888788223267
0.9733333587646484
0.9866666793823242
0.9811111092567444
0.9855555295944214
0.9900000095367432
0.9911110997200012
0.9833333492279053
0.9811111092567444
0.9911110997200012
0.9844444394111633
0.9866666793823242
0.9888888597488403
0.9866666793823242
0.992222249507904
0.9888888597488403
0.9866666793823242
0.9866666793823242
0.9788888692855835
0.9822221994400024
0.9911110997200012
0.9788888692855835
0.9833333492279053
0.9877777695655823
0.9855555295944214
0.9777777791023254
0.9900000095367432
0.9933333396911621
0.9811111092567444
0.9877777695655823
0.9866666793823242
0.9811111092567444
0.9744444489479065
0.992222249507904
0.9877777695655823
0.9900000095367432
0.9811111092567444
0.9900000095367432
0.992222249507904
0.9855555295944214
0.992222249507904
0.9777777791023254
0.9944444298744202
0.9866666793823242
0.9888888597488403
0.9911110997200012
0.9800000190734863
0.9900000095367432
0.9911110997200012
0.9844444394111633
0.9788888692855835
0.992222249507904
0.9811111092567444
0.9855555295944214
0.9877777695655823
0.9822221994400024
0.9800000190734863
0.9822221994400024
0.9855555295944214
0.9844444394111633
0.992222249507904
0.992222249507904
0.9766666889190674
0.9811111092567444
0.9911110997200012
0.9811111092567444
0.9855555295944214
0.9844444394111633
0.9888888597488403
0.9888888597488403
0.9855555295944214
0.9811111092567444
0.992222249507904
0.9833333492279053
0.996666669845581
0.9844444394111633
0.9911110997200012
0.9866666793823242
0.9933333396911621
0.9933333396911621
0.9877777695655823
0.9933333396911621
0.9788888692855835
0.9900000095367432
0.9877777695655823
0.9844444394111633
0.9855555295944214
0.9855555295944214
0.9822221994400024
0.9844444394111633
0.9888888597488403
0.992222249507904
0.9811111092567444
0.9866666793823242
0.9866666793823242
0.9822221994400024
0.9833333492279053
0.9855555295944214
0.9888888597488403
0.9755555391311646
0.9844444394111633
0.9822221994400024
0.9877777695655823
0.9811111092567444
0.9755555391311646
0.9833333492279053
0.9888888597488403
0.9822221994400024
0.9855555295944214
0.9855555295944214
0.9877777695655823
0.9877777695655823
0.9911110997200012
0.9877777695655823
0.9900000095367432
0.9911110997200012
0.9911110997200012
0.9900000095367432
0.9844444394111633
0.9866666793823242
0.9933333396911621
0.9822221994400024
0.992222249507904
0.9888888597488403
0.9877777695655823
0.9900000095367432
0.9811111092567444
0.9900000095367432
0.9933333396911621
0.9855555295944214
0.9877777695655823
0.9877777695655823
0.9844444394111633
0.992222249507904
0.9855555295944214
0.9811111092567444
0.9844444394111633
0.9888888597488403
0.9866666793823242
0.9900000095367432
0.992222249507904
0.9811111092567444
0.9866666793823242
0.9911110997200012
0.9933333396911621
0.9900000095367432
0.9711111187934875
0.9900000095367432
0.9722222089767456
0.9844444394111633
0.9822221994400024
0.9888888597488403
0.9844444394111633
0.9877777695655823
0.992222249507904
0.9866666793823242
0.9888888597488403
0.992222249507904
0.9855555295944214
0.9866666793823242
0.9788888692855835
0.9811111092567444
0.9811111092567444
0.9844444394111633
0.9733333587646484
0.9900000095367432
0.9866666793823242
0.9888888597488403
0.9866666793823242
0.9855555295944214
0.9900000095367432
0.9844444394111633
0.9866666793823242
0.9800000190734863
0.9933333396911621
0.9833333492279053
0.9877777695655823
0.9933333396911621
0.9833333492279053
0.9866666793823242
0.9855555295944214
0.9833333492279053
0.9855555295944214
0.9866666793823242
0.9777777791023254
0.9833333492279053
0.9822221994400024
0.9877777695655823
0.9844444394111633
0.9877777695655823
0.9933333396911621
0.9866666793823242
0.9800000190734863
0.9900000095367432
0.9888888597488403
0.9811111092567444
0.9911110997200012
0.9911110997200012
0.9877777695655823
0.9833333492279053
0.9866666793823242
0.9822221994400024
0.9933333396911621
0.9833333492279053
0.996666669845581
0.9900000095367432
0.9811111092567444
0.9855555295944214
0.9911110997200012
0.9900000095367432
0.9777777791023254
0.9766666889190674
0.9800000190734863
0.9888888597488403
0.9855555295944214
0.9866666793823242
0.9855555295944214
0.9755555391311646
0.9855555295944214
0.9933333396911621
0.9888888597488403
0.9900000095367432
0.9833333492279053
0.9855555295944214
0.9911110997200012
0.9911110997200012
0.9800000190734863
0.9866666793823242
0.9800000190734863
0.992222249507904
0.9911110997200012
0.9833333492279053
0.995555579662323
0.9844444394111633
0.9877777695655823
0.995555579662323
0.9933333396911621
0.9911110997200012
0.9855555295944214
0.9911110997200012
0.992222249507904
0.9933333396911621
0.992222249507904
0.9800000190734863
0.9900000095367432
0.9944444298744202
0.9911110997200012
0.9766666889190674
0.9855555295944214
0.9877777695655823
0.9911110997200012
0.9822221994400024
0.9944444298744202
0.9888888597488403
0.9911110997200012
0.9866666793823242
0.9844444394111633
0.992222249507904
0.9866666793823242
0.9933333396911621
0.9900000095367432
0.992222249507904
0.9933333396911621
0.9877777695655823
0.9777777791023254
0.9822221994400024
0.992222249507904
0.9933333396911621
0.9811111092567444
0.992222249507904
0.9944444298744202
0.9711111187934875
0.9866666793823242
0.9933333396911621
0.9844444394111633
0.9900000095367432
0.9844444394111633
0.9877777695655823
0.9866666793823242
0.9822221994400024
0.9866666793823242
0.9877777695655823
0.9888888597488403
0.9911110997200012
0.9888888597488403
0.9844444394111633
0.992222249507904
0.9900000095367432
0.9877777695655823
0.9877777695655823
0.9866666793823242
0.9766666889190674
0.9911110997200012
0.9866666793823242
0.9900000095367432
0.9888888597488403
0.9811111092567444
0.9855555295944214
0.9844444394111633
0.9911110997200012
0.9911110997200012
0.9944444298744202
0.996666669845581
0.9900000095367432
0.9633333086967468
0.9888888597488403
0.9811111092567444
0.9844444394111633
0.992222249507904
0.9888888597488403
0.9944444298744202
0.9877777695655823
0.9877777695655823
0.9822221994400024
0.9866666793823242
0.9766666889190674
0.9833333492279053
0.9877777695655823
0.9877777695655823
0.9811111092567444
0.9833333492279053
0.9833333492279053
0.9877777695655823
0.9933333396911621
0.9855555295944214
0.9822221994400024
0.9844444394111633
0.9911110997200012
0.9911110997200012
0.9866666793823242
0.9900000095367432
0.995555579662323
0.9911110997200012
0.9888888597488403
0.9900000095367432
0.9911110997200012
0.9844444394111633
0.9855555295944214
0.9855555295944214
0.9911110997200012
0.9877777695655823
0.9900000095367432
0.9911110997200012
0.9766666889190674
0.9933333396911621
0.9888888597488403
0.9844444394111633
0.9900000095367432
0.9866666793823242
0.9911110997200012
0.9933333396911621
0.9877777695655823
0.9844444394111633
0.9900000095367432
0.9855555295944214
0.9844444394111633
0.992222249507904
0.9933333396911621
0.992222249507904
0.992222249507904
0.9844444394111633
0.9711111187934875
0.9888888597488403
0.9877777695655823
0.9900000095367432
0.9911110997200012
0.9877777695655823
0.9811111092567444
0.992222249507904
0.9844444394111633
0.9844444394111633
0.9944444298744202
0.992222249507904
0.9911110997200012
0.9833333492279053
0.9844444394111633
0.9944444298744202
0.9877777695655823
0.9911110997200012
0.9877777695655823
0.992222249507904
0.9933333396911621
0.9888888597488403
0.9900000095367432
0.9800000190734863
0.9744444489479065
0.995555579662323
0.9911110997200012
0.992222249507904
0.9877777695655823
0.9844444394111633
0.9855555295944214
0.9933333396911621
0.996666669845581
0.995555579662323
0.9866666793823242
0.9944444298744202
0.9944444298744202
0.9911110997200012
0.9900000095367432
0.9944444298744202
0.9822221994400024
0.9855555295944214
0.9833333492279053
0.9900000095367432
0.992222249507904
0.996666669845581
0.9855555295944214
0.9866666793823242
0.9855555295944214
0.9933333396911621
0.9866666793823242
0.9900000095367432
0.9877777695655823
0.9888888597488403
0.9933333396911621
0.9711111187934875
0.9866666793823242
0.9844444394111633
0.9888888597488403
0.9911110997200012
0.992222249507904
0.9866666793823242
0.9877777695655823
0.9888888597488403
0.9855555295944214
0.9888888597488403
0.992222249507904
0.9900000095367432
0.9933333396911621
0.9900000095367432
0.9822221994400024
0.992222249507904
0.9933333396911621
0.9900000095367432
0.9866666793823242
0.996666669845581
0.9911110997200012
0.9911110997200012
0.992222249507904
0.9888888597488403
0.9866666793823242
0.9911110997200012
0.9900000095367432
0.9855555295944214
0.9944444298744202
0.9900000095367432
0.9833333492279053
0.9811111092567444
0.9933333396911621
0.9888888597488403
0.9888888597488403
0.9900000095367432
0.9866666793823242
0.9844444394111633
0.9855555295944214
0.9811111092567444
0.9877777695655823
0.9855555295944214
0.9866666793823242
0.9888888597488403
0.996666669845581
0.9866666793823242
0.9822221994400024
0.9855555295944214
0.9900000095367432
0.9911110997200012
0.992222249507904
0.9866666793823242
0.9866666793823242
0.9888888597488403
0.9888888597488403
0.9877777695655823
0.9877777695655823
0.992222249507904
0.9866666793823242
0.9855555295944214
0.9877777695655823
0.9911110997200012
0.9866666793823242
0.992222249507904
0.9900000095367432
0.992222249507904
0.9933333396911621
0.9911110997200012
0.9933333396911621
0.9888888597488403
0.9822221994400024
0.9888888597488403
0.9844444394111633
0.9877777695655823
0.9866666793823242
0.9944444298744202
0.9888888597488403
0.992222249507904
0.9866666793823242
0.9911110997200012
0.9822221994400024
0.9877777695655823
0.9844444394111633
0.9800000190734863
0.9877777695655823
0.9855555295944214
0.9877777695655823
0.9866666793823242
0.9811111092567444
0.9888888597488403
0.9900000095367432
0.9844444394111633
0.9933333396911621
0.9944444298744202
0.9855555295944214
0.9755555391311646
0.9788888692855835
0.9833333492279053
0.9822221994400024
0.992222249507904
0.9711111187934875
0.9800000190734863
0.9911110997200012
0.9866666793823242
0.9844444394111633
0.9911110997200012
0.9811111092567444
0.9900000095367432
0.9888888597488403
0.9877777695655823
0.9811111092567444
0.9866666793823242
0.9822221994400024
0.9900000095367432
0.9855555295944214
0.9877777695655823
0.9866666793823242
0.992222249507904
0.9788888692855835
0.9944444298744202
0.9844444394111633
0.9911110997200012
0.9844444394111633
0.9822221994400024
0.9866666793823242
0.9944444298744202
0.9877777695655823
0.9855555295944214
0.9855555295944214
0.9900000095367432
0.9788888692855835
0.9888888597488403
0.9877777695655823
0.9933333396911621
0.9933333396911621
0.9911110997200012
0.9822221994400024
0.9788888692855835
0.992222249507904
0.9888888597488403
0.992222249507904
0.9933333396911621
0.9844444394111633
0.9877777695655823
0.9855555295944214
0.9900000095367432
0.9811111092567444
0.9877777695655823
0.9788888692855835
0.9900000095367432
0.9900000095367432
0.9844444394111633
0.992222249507904
0.9844444394111633
0.9866666793823242
0.9888888597488403
0.9900000095367432
0.9822221994400024
0.9788888692855835
0.9866666793823242
0.9911110997200012
0.9944444298744202
0.9944444298744202
0.9877777695655823
0.9833333492279053
0.9900000095367432
0.992222249507904
0.9855555295944214
0.9855555295944214
0.9855555295944214
0.9900000095367432
0.9888888597488403
0.9833333492279053
0.9788888692855835
0.9855555295944214
0.9877777695655823
0.992222249507904
0.9822221994400024
0.992222249507904
0.9877777695655823
0.9822221994400024
0.9900000095367432
0.9911110997200012
0.9888888597488403
0.9855555295944214
0.995555579662323
0.9900000095367432
0.9866666793823242
0.9900000095367432
0.9877777695655823
0.9911110997200012
1.0
0.9911110997200012
0.992222249507904
0.9944444298744202
0.9855555295944214
0.9844444394111633
0.995555579662323
0.9811111092567444
0.9900000095367432
0.992222249507904
0.9900000095367432
0.9866666793823242
0.9877777695655823
0.996666669845581
0.9900000095367432
0.9933333396911621
0.9888888597488403
0.9855555295944214
0.992222249507904
0.9855555295944214
0.9844444394111633
0.996666669845581
0.9833333492279053
0.9911110997200012
0.992222249507904
0.9844444394111633
0.9866666793823242
0.9911110997200012
0.9900000095367432
0.9822221994400024
0.9877777695655823
0.9888888597488403
0.9888888597488403
0.9866666793823242
0.995555579662323
0.9911110997200012
0.9866666793823242
0.9900000095367432
0.9855555295944214
0.992222249507904
0.9844444394111633
0.9844444394111633
0.9733333587646484
0.9900000095367432
0.9944444298744202
0.9877777695655823
0.9822221994400024
0.9822221994400024
0.9888888597488403
0.9911110997200012
0.9900000095367432
0.9822221994400024
0.9855555295944214
0.9833333492279053
0.992222249507904
0.9866666793823242
0.9855555295944214
0.9900000095367432
0.9944444298744202
0.9911110997200012
0.996666669845581
0.9733333587646484
0.9900000095367432
0.9877777695655823
0.9933333396911621
0.9988889098167419
0.992222249507904
0.9888888597488403
0.9777777791023254
0.9888888597488403
0.9877777695655823
0.9822221994400024
0.9866666793823242
0.992222249507904
0.9900000095367432
0.9800000190734863
0.9911110997200012
0.992222249507904
0.996666669845581
0.9944444298744202
0.9933333396911621
0.9855555295944214
0.9866666793823242
0.9933333396911621
0.9911110997200012
0.9866666793823242
0.9800000190734863
0.9866666793823242
0.9911110997200012
0.992222249507904
0.9900000095367432
0.9844444394111633
0.996666669845581
0.9866666793823242
0.992222249507904
0.9877777695655823
0.9688888788223267
0.9900000095367432
0.9844444394111633
0.9866666793823242
0.9866666793823242
0.9933333396911621
0.9811111092567444
0.9766666889190674
0.9888888597488403
0.9844444394111633
0.992222249507904
0.9911110997200012
0.9911110997200012
0.9911110997200012
0.9900000095367432
0.9933333396911621
0.9800000190734863
0.9933333396911621
0.9944444298744202
0.9900000095367432
0.9900000095367432
0.992222249507904
0.9700000286102295
0.996666669845581
0.9844444394111633
0.9911110997200012
0.9877777695655823
0.9888888597488403
0.9877777695655823
0.992222249507904
0.9877777695655823
0.9811111092567444
0.9944444298744202
0.9877777695655823
0.9933333396911621
0.9944444298744202
0.9855555295944214
0.9866666793823242
0.9855555295944214
0.9844444394111633
0.9855555295944214
0.992222249507904
0.9933333396911621
0.9833333492279053
0.9888888597488403
0.995555579662323
0.9900000095367432
0.9933333396911621
0.9888888597488403
0.9933333396911621
0.9944444298744202
0.9933333396911621
0.995555579662323
0.9888888597488403
0.992222249507904
0.9866666793823242
0.9877777695655823
0.9844444394111633
0.9844444394111633
0.9833333492279053
0.9822221994400024
0.9855555295944214
0.9911110997200012
0.992222249507904
0.9844444394111633
0.9900000095367432
0.995555579662323
0.992222249507904
0.9877777695655823
0.9900000095367432
0.9933333396911621
0.9877777695655823
0.9755555391311646
0.9844444394111633
0.9900000095367432
0.9866666793823242
0.9877777695655823
0.9877777695655823
0.992222249507904
0.9688888788223267
0.9855555295944214
0.9844444394111633
0.9944444298744202
0.9844444394111633
0.9900000095367432
0.9877777695655823
0.9888888597488403
0.9888888597488403
0.9911110997200012
0.9844444394111633
0.9933333396911621
0.9822221994400024
0.9900000095367432
0.9888888597488403
0.9766666889190674
0.9944444298744202
0.9844444394111633
0.992222249507904
0.992222249507904
0.9933333396911621
0.9988889098167419
0.9877777695655823
0.996666669845581
0.992222249507904
0.9900000095367432
0.9811111092567444
0.9877777695655823
0.9888888597488403
0.9900000095367432
0.9911110997200012
0.9877777695655823
0.9866666793823242
0.995555579662323
0.9888888597488403
0.9833333492279053
0.9844444394111633
0.9833333492279053
0.9766666889190674
0.9888888597488403
0.9855555295944214
0.9855555295944214
0.9833333492279053
0.9900000095367432
0.9755555391311646
0.995555579662323
0.9877777695655823
0.9700000286102295
0.9855555295944214
0.9933333396911621
0.9911110997200012
0.9877777695655823
0.9877777695655823
0.9933333396911621
0.9911110997200012
0.9888888597488403
0.9844444394111633
0.9888888597488403
0.9933333396911621
0.9855555295944214
0.9855555295944214
0.9844444394111633
0.996666669845581
0.9944444298744202
0.9888888597488403
0.9933333396911621
0.9833333492279053
0.9866666793823242
0.9844444394111633
0.9855555295944214
0.9855555295944214
0.9811111092567444
0.992222249507904
0.9833333492279053
0.9855555295944214
0.9900000095367432
0.9855555295944214
0.992222249507904
0.9866666793823242
0.9900000095367432
0.9900000095367432
0.9933333396911621
0.9800000190734863
0.9877777695655823
0.9844444394111633
0.9844444394111633
0.992222249507904
0.9833333492279053
0.9933333396911621
0.992222249507904
0.9900000095367432
0.9811111092567444
0.9911110997200012
0.9855555295944214
0.992222249507904
0.9888888597488403
0.9900000095367432
0.9866666793823242
0.9933333396911621
0.9900000095367432
0.995555579662323
0.992222249507904
0.9911110997200012
0.992222249507904
0.9855555295944214
0.992222249507904
0.9866666793823242
0.9822221994400024
0.9877777695655823
0.995555579662323
0.9888888597488403
0.9833333492279053
0.9788888692855835
0.9866666793823242
0.9900000095367432
0.9855555295944214
0.9888888597488403
0.9877777695655823
0.9944444298744202
0.9811111092567444
0.9822221994400024
0.9900000095367432
0.9911110997200012
0.992222249507904
0.992222249507904
0.9900000095367432
0.9877777695655823
0.9911110997200012
0.9933333396911621
0.9888888597488403
0.9933333396911621
0.992222249507904
0.9911110997200012
0.9855555295944214
0.9911110997200012
0.9933333396911621
0.9866666793823242
0.992222249507904
0.9755555391311646
0.9900000095367432
0.9888888597488403
0.9866666793823242
0.9888888597488403
0.9944444298744202
0.9911110997200012
0.9844444394111633
0.9888888597488403
0.9911110997200012
0.9933333396911621
0.9977777600288391
0.9822221994400024
0.9888888597488403
0.9877777695655823
0.9900000095367432
0.9933333396911621
0.9833333492279053
0.992222249507904
0.9811111092567444
0.9833333492279053
0.9844444394111633
0.9944444298744202
0.992222249507904
0.9877777695655823
0.9900000095367432
0.9888888597488403
0.9844444394111633
0.9855555295944214
0.9933333396911621
0.9900000095367432
0.9844444394111633
0.9900000095367432
0.9900000095367432
0.9911110997200012
0.992222249507904
0.9911110997200012
0.9944444298744202
0.992222249507904
0.9822221994400024
0.9900000095367432
0.9911110997200012
0.9888888597488403
0.9900000095367432
0.9911110997200012
0.9933333396911621
0.9933333396911621
0.9866666793823242
0.9888888597488403
0.9911110997200012
0.9900000095367432
0.9900000095367432
0.9822221994400024
0.9888888597488403
0.9877777695655823
0.9866666793823242
0.9822221994400024
0.9888888597488403
0.9888888597488403
0.9911110997200012
0.9888888597488403
0.9911110997200012
0.9866666793823242
0.992222249507904
0.9888888597488403
0.9877777695655823
0.9933333396911621
0.9888888597488403
0.9944444298744202
0.9933333396911621
0.9877777695655823
0.9888888597488403
0.995555579662323
0.9855555295944214
0.9811111092567444
0.992222249507904
0.9944444298744202
0.9844444394111633
0.9911110997200012
0.9822221994400024
0.9888888597488403
0.9933333396911621
0.996666669845581
0.9888888597488403
0.9911110997200012
0.9822221994400024
0.9844444394111633
0.9911110997200012
0.9888888597488403
1.0
0.9888888597488403
0.9900000095367432
0.9933333396911621
0.9888888597488403
0.9911110997200012
0.9900000095367432
0.9911110997200012
0.9888888597488403
0.9933333396911621
0.9888888597488403
0.995555579662323
0.9900000095367432
0.9900000095367432
0.9900000095367432
0.9855555295944214
0.9900000095367432
0.9877777695655823
0.9911110997200012
0.9900000095367432
0.9900000095367432
0.9900000095367432
0.9944444298744202
0.995555579662323
0.9988889098167419
0.9933333396911621
0.9866666793823242
0.992222249507904
0.9822221994400024
0.9933333396911621
0.9877777695655823
0.9800000190734863
0.996666669845581
0.992222249507904
0.995555579662323
0.9866666793823242
0.992222249507904
0.9844444394111633
0.9933333396911621
0.9844444394111633
0.9866666793823242
0.992222249507904
0.9900000095367432
0.9855555295944214
0.9888888597488403
0.9888888597488403
0.9888888597488403
0.992222249507904
0.9988889098167419
0.9977777600288391
0.9900000095367432
0.9911110997200012
0.9911110997200012
0.9888888597488403
0.9933333396911621
0.9888888597488403
0.9855555295944214
0.9911110997200012
0.995555579662323
0.9933333396911621
0.9777777791023254
0.9944444298744202
0.9888888597488403
0.9900000095367432
0.996666669845581
0.9833333492279053
0.9855555295944214
0.9844444394111633
0.9911110997200012
0.992222249507904
0.9933333396911621
0.9944444298744202
0.9911110997200012
0.995555579662323
0.9888888597488403
0.9911110997200012
0.992222249507904
0.9877777695655823
0.9900000095367432
0.995555579662323
0.9900000095367432
0.9911110997200012
0.9877777695655823
0.9888888597488403
0.9844444394111633
0.9888888597488403
0.9933333396911621
0.9944444298744202
0.992222249507904
0.9777777791023254
0.9888888597488403
0.9855555295944214
0.9866666793823242
0.9911110997200012
0.9933333396911621
0.9877777695655823
0.9944444298744202
0.9866666793823242
0.9833333492279053
0.9933333396911621
0.9900000095367432
0.9877777695655823
0.9811111092567444
0.9822221994400024
0.9911110997200012
0.995555579662323
0.9855555295944214
0.9866666793823242
0.9900000095367432
0.9788888692855835
0.995555579662323
0.9933333396911621
0.9911110997200012
0.9877777695655823
0.9877777695655823
0.9933333396911621
0.9900000095367432
0.9911110997200012
0.9844444394111633
0.9900000095367432
0.9855555295944214
0.9777777791023254
0.9944444298744202
0.9933333396911621
0.992222249507904
0.9944444298744202
0.9877777695655823
0.9800000190734863
0.9933333396911621
0.9722222089767456
0.9866666793823242
0.9944444298744202
0.9844444394111633
0.9888888597488403
0.9944444298744202
0.9855555295944214
0.9944444298744202
0.9822221994400024
0.9900000095367432
0.995555579662323
0.9866666793823242
0.9888888597488403
0.9833333492279053
0.9855555295944214
0.9877777695655823
0.9766666889190674
0.9722222089767456
0.9844444394111633
0.9900000095367432
0.9866666793823242
0.9900000095367432
0.9888888597488403
0.9888888597488403
0.995555579662323
0.9900000095367432
0.9944444298744202
0.9944444298744202
1.0
0.9933333396911621
0.9911110997200012
0.9888888597488403
0.9888888597488403
0.992222249507904
0.9811111092567444
0.9866666793823242
0.9866666793823242
0.995555579662323
0.9822221994400024
0.9944444298744202
0.992222249507904
0.9900000095367432
0.9900000095367432
0.9844444394111633
0.9855555295944214
0.9888888597488403
0.9888888597488403
0.9722222089767456
0.995555579662323
0.995555579662323
0.9933333396911621
0.9877777695655823
0.9911110997200012
0.9822221994400024
0.9877777695655823
0.9900000095367432
0.9900000095367432
0.995555579662323
0.9855555295944214
0.992222249507904
0.992222249507904
0.9900000095367432
0.9888888597488403
0.9900000095367432
0.9977777600288391
0.992222249507904
0.9877777695655823
0.9822221994400024
0.9911110997200012
0.9911110997200012
0.995555579662323
0.9877777695655823
0.9900000095367432
0.9844444394111633
0.992222249507904
0.9800000190734863
0.9911110997200012
0.9933333396911621
0.9888888597488403
0.9855555295944214
0.9866666793823242
0.9911110997200012
0.995555579662323
0.9933333396911621
0.9866666793823242
0.9911110997200012
0.9800000190734863
0.9766666889190674
0.9688888788223267
0.9866666793823242
0.9888888597488403
0.9933333396911621
0.9822221994400024
0.9911110997200012
0.9855555295944214
0.992222249507904
0.995555579662323
0.9933333396911621
0.9911110997200012
0.9888888597488403
0.992222249507904
0.9844444394111633
0.992222249507904
0.9766666889190674
0.9866666793823242
0.9944444298744202
0.9888888597488403
0.9811111092567444
0.9777777791023254
0.9888888597488403
0.995555579662323
0.9877777695655823
0.9933333396911621
0.992222249507904
0.995555579662323
0.9944444298744202
0.9944444298744202
0.9911110997200012
0.992222249507904
0.995555579662323
0.9977777600288391
0.992222249507904
0.9900000095367432
0.9900000095367432
0.9988889098167419
0.9833333492279053
0.9900000095367432
0.996666669845581
0.9911110997200012
0.9855555295944214
0.9877777695655823
0.9933333396911621
0.9888888597488403
0.9944444298744202
0.9866666793823242
0.9811111092567444
0.9900000095367432
0.9888888597488403
0.992222249507904
0.9933333396911621
0.9877777695655823
0.9888888597488403
0.995555579662323
0.9900000095367432
0.992222249507904
0.9900000095367432
0.9900000095367432
0.9855555295944214
0.9911110997200012
0.992222249507904
0.9877777695655823
0.9800000190734863
0.9933333396911621
0.9888888597488403
0.9900000095367432
0.9833333492279053
0.995555579662323
0.9888888597488403
0.9911110997200012
0.9933333396911621
0.992222249507904
0.9900000095367432
0.9900000095367432
0.992222249507904
0.9911110997200012
0.9900000095367432
0.9933333396911621
0.9877777695655823
0.9933333396911621
0.9844444394111633
0.9977777600288391
0.996666669845581
0.9888888597488403
0.9911110997200012
0.992222249507904
0.9844444394111633
0.9933333396911621
0.9944444298744202
0.9888888597488403
0.9888888597488403
0.9777777791023254
0.9933333396911621
0.9900000095367432
0.992222249507904
0.992222249507904
0.9944444298744202
0.9888888597488403
0.9933333396911621
0.992222249507904
0.9888888597488403
0.9911110997200012
0.9900000095367432
0.9877777695655823
0.9900000095367432
0.9944444298744202
0.9900000095367432
0.9933333396911621
0.9911110997200012
0.9911110997200012
0.992222249507904
0.996666669845581
0.992222249507904
0.9888888597488403
0.9833333492279053
0.9944444298744202
0.995555579662323
0.995555579662323
0.9911110997200012
0.995555579662323
0.9944444298744202
0.9911110997200012
0.9933333396911621
0.9933333396911621
0.9866666793823242
0.9888888597488403
0.9777777791023254
0.9877777695655823
0.9977777600288391
0.992222249507904
0.9944444298744202
0.9866666793823242
0.9977777600288391
0.9866666793823242
0.9877777695655823
0.9933333396911621
0.9888888597488403
0.996666669845581
0.9944444298744202
0.9866666793823242
0.992222249507904
0.995555579662323
0.9833333492279053
0.992222249507904
0.9933333396911621
0.9900000095367432
0.9888888597488403
0.995555579662323
0.9900000095367432
0.9866666793823242
0.992222249507904
0.9900000095367432
0.9777777791023254
0.9844444394111633
0.995555579662323
0.9900000095367432
0.9900000095367432
0.9866666793823242
0.9888888597488403
0.9888888597488403
0.996666669845581
0.9977777600288391
0.9988889098167419
0.9911110997200012
0.9911110997200012
0.9888888597488403
0.9766666889190674
0.9822221994400024
0.9888888597488403
0.9933333396911621
0.9855555295944214
0.992222249507904
0.9944444298744202
0.9888888597488403
0.9977777600288391
0.9933333396911621
0.9988889098167419
0.9888888597488403
0.9911110997200012
0.9755555391311646
0.9888888597488403
0.9933333396911621
0.9855555295944214
0.9888888597488403
0.9888888597488403
0.9888888597488403
0.9833333492279053
0.9911110997200012
0.9933333396911621
0.9933333396911621
0.9944444298744202
0.9933333396911621
0.9933333396911621
0.9877777695655823
0.992222249507904
0.9888888597488403
0.9911110997200012
0.9844444394111633
0.9933333396911621
0.9933333396911621
0.9888888597488403
0.995555579662323
0.9855555295944214
0.9977777600288391
0.9911110997200012
0.9900000095367432
0.992222249507904
0.995555579662323
0.9888888597488403
0.9888888597488403
0.9877777695655823
0.995555579662323
0.9900000095367432
0.992222249507904
0.995555579662323
0.9911110997200012
0.9900000095367432
0.992222249507904
0.9944444298744202
0.9911110997200012
0.9944444298744202
0.992222249507904
0.9877777695655823
0.9944444298744202
0.9844444394111633
0.9888888597488403
0.9888888597488403
0.9888888597488403
0.9911110997200012
0.9944444298744202
0.9900000095367432
0.9911110997200012
0.9855555295944214
0.9911110997200012
0.9888888597488403
0.9877777695655823
0.9777777791023254
0.9866666793823242
0.9855555295944214
0.9811111092567444
0.9900000095367432
0.995555579662323
0.9977777600288391
0.9877777695655823
0.9888888597488403
0.9933333396911621
0.9655555486679077
0.9888888597488403
0.9833333492279053
0.9811111092567444
0.9911110997200012
0.9888888597488403
0.9911110997200012
0.9911110997200012
0.995555579662323
0.9911110997200012
0.9911110997200012
0.9933333396911621
0.9933333396911621
0.995555579662323
0.9788888692855835
0.9888888597488403
0.9888888597488403
0.9944444298744202
0.992222249507904
0.992222249507904
0.9877777695655823
0.9877777695655823
0.9888888597488403
0.9877777695655823
0.996666669845581
0.9877777695655823
0.995555579662323
0.9933333396911621
0.9911110997200012
0.9933333396911621
0.995555579662323
0.995555579662323
0.992222249507904
0.9933333396911621
0.9833333492279053
0.9944444298744202
0.9844444394111633
0.9900000095367432
0.9911110997200012
0.992222249507904
0.995555579662323
0.9877777695655823
0.9888888597488403
0.9933333396911621
0.992222249507904
0.9866666793823242
0.9888888597488403
0.9822221994400024
0.9944444298744202
0.9855555295944214
0.9933333396911621
0.9933333396911621
0.9900000095367432
0.9933333396911621
0.9911110997200012
0.9855555295944214
0.9866666793823242
0.9900000095367432
0.9911110997200012
0.9911110997200012
0.9844444394111633
0.9888888597488403
0.9900000095367432
0.9944444298744202
0.9877777695655823
0.9900000095367432
0.9811111092567444
0.995555579662323
0.9822221994400024
0.9911110997200012
0.9866666793823242
0.992222249507904
0.995555579662323
0.9855555295944214
0.9933333396911621
0.9866666793823242
0.9911110997200012
0.9888888597488403
0.992222249507904
0.9888888597488403
0.9833333492279053
0.9866666793823242
0.9911110997200012
0.9877777695655823
0.992222249507904
0.9933333396911621
0.9877777695655823
0.9911110997200012
0.992222249507904
0.9900000095367432
0.992222249507904
0.9822221994400024
0.9888888597488403
0.9900000095367432
0.9933333396911621
0.9900000095367432
0.9888888597488403
0.9911110997200012
0.9733333587646484
0.9900000095367432
0.9933333396911621
0.9933333396911621
0.995555579662323
0.9900000095367432
0.9811111092567444
0.9977777600288391
0.9944444298744202
0.9866666793823242
0.9911110997200012
0.9855555295944214
0.9822221994400024
0.9877777695655823
0.9944444298744202
0.9911110997200012
0.996666669845581
0.9866666793823242
0.9788888692855835
0.9911110997200012
0.9888888597488403
0.9855555295944214
0.9933333396911621
0.995555579662323
0.9888888597488403
0.992222249507904
0.992222249507904
0.9900000095367432
0.9933333396911621
0.9933333396911621
0.9911110997200012
0.9900000095367432
0.992222249507904
0.9866666793823242
0.9833333492279053
0.9944444298744202
0.9933333396911621
0.9933333396911621
0.9733333587646484
0.9866666793823242
0.9888888597488403
0.9911110997200012
0.9944444298744202
0.995555579662323
0.9933333396911621
0.9911110997200012
0.992222249507904
0.9877777695655823
0.9911110997200012
0.992222249507904
0.9900000095367432
0.9888888597488403
0.9800000190734863
0.9911110997200012
0.9888888597488403
0.9933333396911621
0.995555579662323
0.992222249507904
0.9844444394111633
0.9877777695655823
0.992222249507904
0.9933333396911621
0.9944444298744202
0.9977777600288391
0.9933333396911621
0.9888888597488403
0.995555579662323
0.9866666793823242
0.992222249507904
0.9988889098167419
0.992222249507904
0.9888888597488403
0.9900000095367432
0.992222249507904
0.992222249507904
0.9944444298744202
0.9911110997200012
0.9833333492279053
0.9911110997200012
0.9900000095367432
0.9900000095367432
0.9877777695655823
0.9822221994400024
0.9933333396911621
0.9877777695655823
0.9944444298744202
0.9944444298744202
0.9900000095367432
0.9877777695655823
0.9933333396911621
0.9977777600288391
0.996666669845581
0.9900000095367432
0.9900000095367432
0.9933333396911621
0.9911110997200012
0.9911110997200012
0.9900000095367432
0.996666669845581
0.9822221994400024
0.992222249507904
0.9877777695655823
0.9900000095367432
0.9888888597488403
0.992222249507904
0.9933333396911621
0.9866666793823242
0.9844444394111633
0.9911110997200012
0.9866666793823242
0.992222249507904
0.9933333396911621
0.9911110997200012
0.9877777695655823
0.995555579662323
0.9888888597488403
0.992222249507904
0.9911110997200012
0.9866666793823242
0.995555579662323
0.9900000095367432
0.9911110997200012
0.996666669845581
0.9888888597488403
0.992222249507904
0.9866666793823242
0.996666669845581
0.9855555295944214
0.9944444298744202
0.9933333396911621
0.995555579662323
0.9877777695655823
0.9833333492279053
0.9933333396911621
0.9855555295944214
0.992222249507904
0.9977777600288391
0.995555579662323
0.9900000095367432
0.992222249507904
0.9844444394111633
0.9888888597488403
0.9900000095367432
0.9933333396911621
0.9866666793823242
0.995555579662323
0.992222249507904
0.9900000095367432
0.9933333396911621
0.9911110997200012
0.9911110997200012
0.995555579662323
0.9855555295944214
0.9911110997200012
0.9888888597488403
0.9855555295944214
0.9944444298744202
0.9988889098167419
0.9877777695655823
0.9933333396911621
0.9944444298744202
0.9911110997200012
0.9944444298744202
0.992222249507904
0.9944444298744202
0.9944444298744202
0.995555579662323
0.9777777791023254
0.995555579662323
0.9822221994400024
0.992222249507904
0.9933333396911621
0.9933333396911621
0.992222249507904
0.9900000095367432
0.9900000095367432
0.9911110997200012
0.992222249507904
0.9888888597488403
0.9844444394111633
0.9988889098167419
0.9866666793823242
0.9911110997200012
0.9944444298744202
0.9944444298744202
0.9911110997200012
0.992222249507904
0.9944444298744202
0.9888888597488403
0.9933333396911621
0.9877777695655823
0.9911110997200012
0.992222249507904
0.9933333396911621
0.9722222089767456
0.9933333396911621
0.9911110997200012
0.9911110997200012
0.9911110997200012
0.995555579662323
0.9911110997200012
0.9911110997200012
0.9977777600288391
0.995555579662323
0.9944444298744202
0.9888888597488403
0.992222249507904
0.9911110997200012
0.9900000095367432
0.9933333396911621
0.9888888597488403
0.9933333396911621
0.9855555295944214
0.9911110997200012
0.9877777695655823
0.9944444298744202
0.9911110997200012
0.9855555295944214
0.9822221994400024
0.9933333396911621
0.9888888597488403
0.9944444298744202
0.9888888597488403
0.9977777600288391
0.9933333396911621
0.992222249507904
0.9888888597488403
0.9933333396911621
0.9822221994400024
0.9888888597488403
0.9888888597488403
0.996666669845581
0.9911110997200012
0.9900000095367432
0.9977777600288391
0.9977777600288391
0.9933333396911621
0.9900000095367432
0.9911110997200012
0.9877777695655823
0.9911110997200012
0.9900000095367432
0.9944444298744202
0.992222249507904
0.9911110997200012
0.9933333396911621
0.9900000095367432
0.9822221994400024
0.992222249507904
0.9888888597488403
0.9855555295944214
0.992222249507904
0.992222249507904
0.9911110997200012
0.995555579662323
0.9877777695655823
0.996666669845581
0.9933333396911621
0.995555579662323
0.996666669845581
0.9888888597488403
0.995555579662323
0.995555579662323
0.9944444298744202
0.992222249507904
0.9833333492279053
0.992222249507904
0.9944444298744202
0.992222249507904
0.995555579662323
0.9944444298744202
0.992222249507904
0.9866666793823242
0.992222249507904
0.992222249507904
0.9911110997200012
0.992222249507904
0.9933333396911621
0.995555579662323
0.995555579662323
0.9888888597488403
0.9933333396911621
0.9911110997200012
0.992222249507904
0.992222249507904
0.9900000095367432
0.9900000095367432
0.9988889098167419
0.9866666793823242
0.9900000095367432
0.996666669845581
0.995555579662323
0.9900000095367432
0.9944444298744202
0.9933333396911621
0.9911110997200012
0.9877777695655823
0.995555579662323
0.9944444298744202
0.9888888597488403
0.9944444298744202
0.995555579662323
0.9900000095367432
0.996666669845581
0.9888888597488403
0.992222249507904
0.9900000095367432
0.9933333396911621
0.992222249507904
0.9833333492279053
0.995555579662323
0.9933333396911621
0.9933333396911621
0.9977777600288391
0.9911110997200012
0.9844444394111633
0.9944444298744202
0.9888888597488403
0.9833333492279053
0.9911110997200012
0.995555579662323
0.9944444298744202
0.9844444394111633
0.9900000095367432
0.9911110997200012
0.9944444298744202
0.9877777695655823
0.9877777695655823
0.9944444298744202
0.9744444489479065
0.9988889098167419
0.9900000095367432
0.992222249507904
0.9911110997200012
0.9888888597488403
0.9933333396911621
0.9900000095367432
0.9900000095367432
0.9866666793823242
0.9800000190734863
0.9844444394111633
0.9933333396911621
0.992222249507904
0.996666669845581
0.9866666793823242
0.9866666793823242
0.9888888597488403
0.992222249507904
0.995555579662323
0.996666669845581
0.9933333396911621
0.995555579662323
0.9900000095367432
0.9944444298744202
0.9911110997200012
0.9866666793823242
0.992222249507904
0.9944444298744202
0.9877777695655823
0.9900000095367432
0.9888888597488403
0.996666669845581
0.9933333396911621
0.9877777695655823
0.995555579662323
0.9822221994400024
0.9833333492279053
0.992222249507904
0.9933333396911621
0.9911110997200012
0.9900000095367432
0.9877777695655823
0.9933333396911621
0.9900000095367432
0.9844444394111633
0.9888888597488403
0.9855555295944214
0.9900000095367432
0.9944444298744202
0.9888888597488403
0.9911110997200012
0.9866666793823242
0.9900000095367432
0.9933333396911621
0.9977777600288391
0.9900000095367432
0.9888888597488403
0.9911110997200012
0.9888888597488403
0.9933333396911621
0.995555579662323
0.9911110997200012
0.9944444298744202
0.9866666793823242
0.992222249507904
0.9911110997200012
0.992222249507904
0.9933333396911621
0.9833333492279053
0.992222249507904
0.9866666793823242
0.995555579662323
0.9911110997200012
0.9844444394111633
0.9800000190734863
0.9888888597488403
0.9866666793823242
0.9911110997200012
0.9877777695655823
0.9988889098167419
0.9844444394111633
0.9911110997200012
0.9900000095367432
0.9900000095367432
0.9888888597488403
0.9911110997200012
0.992222249507904
0.9933333396911621
0.995555579662323
0.9900000095367432
0.9944444298744202
0.995555579662323
0.9944444298744202
0.9844444394111633
0.9877777695655823
0.9844444394111633
0.9944444298744202
0.9911110997200012
0.9877777695655823
0.995555579662323
0.996666669845581
0.9888888597488403
0.9911110997200012
0.996666669845581
0.9755555391311646
0.9933333396911621
0.9877777695655823
0.9900000095367432
0.9877777695655823
0.9933333396911621
0.9900000095367432
0.9800000190734863
0.992222249507904
0.996666669845581
0.992222249507904
0.995555579662323
0.9833333492279053
0.992222249507904
0.9911110997200012
0.9988889098167419
0.9911110997200012
0.995555579662323
0.9911110997200012
0.9933333396911621
0.9877777695655823
0.995555579662323
0.9944444298744202
0.9911110997200012
0.9900000095367432
0.9933333396911621
0.9833333492279053
0.9977777600288391
0.9866666793823242
0.9900000095367432
0.9933333396911621
0.9855555295944214
0.9933333396911621
0.9944444298744202
0.9977777600288391
0.9933333396911621
0.9944444298744202
0.9911110997200012
0.9977777600288391
0.992222249507904
0.9944444298744202
0.9888888597488403
0.992222249507904
0.992222249507904
0.992222249507904
0.9855555295944214
0.9911110997200012
0.9888888597488403
0.9777777791023254
0.9911110997200012
0.9977777600288391
0.9866666793823242
0.9877777695655823
0.9900000095367432
0.996666669845581
0.992222249507904
0.9888888597488403
0.9911110997200012
0.9877777695655823
0.995555579662323
0.9911110997200012
0.9911110997200012
0.9900000095367432
0.9866666793823242
0.9888888597488403
0.992222249507904
0.9911110997200012
0.9944444298744202
0.9933333396911621
0.9744444489479065
0.9944444298744202
0.9911110997200012
0.9855555295944214
0.992222249507904
1.0
0.995555579662323
0.9900000095367432
0.9944444298744202
0.996666669845581
0.9888888597488403
0.996666669845581
0.9900000095367432
0.992222249507904
0.9877777695655823
0.9900000095367432
0.995555579662323
0.9900000095367432
0.9933333396911621
0.9944444298744202
0.996666669845581
0.9866666793823242
0.9900000095367432
0.9911110997200012
0.992222249507904
0.9977777600288391
0.9988889098167419
0.992222249507904
0.992222249507904
0.992222249507904
0.996666669845581
0.9911110997200012
0.996666669845581
0.9911110997200012
0.9822221994400024
0.995555579662323
0.995555579662323
0.992222249507904
0.9944444298744202
0.9777777791023254
0.992222249507904
0.995555579662323
0.992222249507904
0.9977777600288391
0.9933333396911621
0.9900000095367432
0.9977777600288391
0.992222249507904
0.9944444298744202
0.992222249507904
0.9877777695655823
0.992222249507904
0.996666669845581
0.9755555391311646
0.9933333396911621
0.995555579662323
0.9933333396911621
0.9855555295944214
0.9933333396911621
0.9933333396911621
0.9911110997200012
0.9888888597488403
0.992222249507904
0.9911110997200012
0.9911110997200012
0.9888888597488403
0.9744444489479065
0.9900000095367432
0.995555579662323
0.9933333396911621
0.9911110997200012
0.9911110997200012
0.995555579662323
0.9900000095367432
0.995555579662323
0.9900000095367432
0.9911110997200012
0.9900000095367432
0.9888888597488403
0.9944444298744202
0.9900000095367432
0.9900000095367432
0.9866666793823242
0.9877777695655823
0.9911110997200012
0.9933333396911621
0.9933333396911621
0.9900000095367432
0.9944444298744202
0.9944444298744202
0.9911110997200012
0.995555579662323
0.992222249507904
0.9888888597488403
0.992222249507904
0.9888888597488403
0.9911110997200012
0.9933333396911621
0.9933333396911621
0.9911110997200012
0.996666669845581
0.995555579662323
0.996666669845581
0.9888888597488403
0.9933333396911621
0.9944444298744202
0.9944444298744202
0.992222249507904
0.9877777695655823
0.995555579662323
0.996666669845581
0.995555579662323
0.992222249507904
0.9822221994400024
0.992222249507904
0.9888888597488403
0.995555579662323
0.9844444394111633
0.9944444298744202
0.992222249507904
0.996666669845581
0.9888888597488403
0.9811111092567444
0.9933333396911621
0.9933333396911621
0.9911110997200012
0.9944444298744202
0.992222249507904
0.9911110997200012
0.992222249507904
0.9866666793823242
0.995555579662323
0.9866666793823242
0.9944444298744202
0.9866666793823242
0.995555579662323
0.9877777695655823
0.9777777791023254
0.9933333396911621
0.9911110997200012
0.9944444298744202
0.995555579662323
0.9944444298744202
0.995555579662323
0.995555579662323
0.992222249507904
0.9911110997200012
0.992222249507904
0.9844444394111633
0.9877777695655823
0.9944444298744202
0.996666669845581
0.9900000095367432
0.9888888597488403
0.992222249507904
0.9933333396911621
0.9844444394111633
0.9944444298744202
0.9933333396911621
0.9911110997200012
0.9844444394111633
0.992222249507904
0.9900000095367432
0.9877777695655823
0.992222249507904
0.9877777695655823
0.9888888597488403
0.9977777600288391
0.995555579662323
0.9855555295944214
0.9900000095367432
0.9866666793823242
0.9933333396911621
0.9900000095367432
0.9877777695655823
0.9933333396911621
0.995555579662323
0.9911110997200012
0.9866666793823242
0.9911110997200012
0.9877777695655823
0.992222249507904
0.9900000095367432
0.996666669845581
0.9933333396911621
0.992222249507904
0.9944444298744202
0.9944444298744202
0.9933333396911621
0.9900000095367432
0.9911110997200012
0.9866666793823242
0.9900000095367432
0.992222249507904
0.9911110997200012
0.9933333396911621
0.992222249507904
0.9944444298744202
0.9911110997200012
0.992222249507904
0.9911110997200012
0.9933333396911621
0.9888888597488403
0.9900000095367432
0.9911110997200012
0.995555579662323
0.9933333396911621
0.9822221994400024
0.9866666793823242
0.9933333396911621
0.9944444298744202
0.9933333396911621
0.9944444298744202
0.9944444298744202
0.995555579662323
0.9911110997200012
0.9944444298744202
0.992222249507904
0.9911110997200012
0.9888888597488403
0.9944444298744202
0.996666669845581
0.9944444298744202
0.9933333396911621
0.9933333396911621
0.9911110997200012
0.9911110997200012
0.9911110997200012
0.996666669845581
0.9944444298744202
0.9900000095367432
0.995555579662323
0.9744444489479065
0.9900000095367432
0.9833333492279053
0.9911110997200012
0.9933333396911621
0.996666669845581
0.9988889098167419
0.9888888597488403
0.9933333396911621
0.9944444298744202
0.9944444298744202
0.9933333396911621
0.995555579662323
0.9944444298744202
0.9944444298744202
0.9944444298744202
0.9900000095367432
0.9911110997200012
0.9877777695655823
0.995555579662323
0.9900000095367432
0.9911110997200012
0.9877777695655823
0.992222249507904
0.9933333396911621
0.9944444298744202
0.9877777695655823
0.992222249507904
0.9877777695655823
0.9977777600288391
0.9877777695655823
0.9900000095367432
0.9900000095367432
0.9911110997200012
0.9933333396911621
0.9933333396911621
0.9900000095367432
0.9944444298744202
0.9900000095367432
0.995555579662323
0.9877777695655823
0.9888888597488403
0.9800000190734863
0.995555579662323
0.992222249507904
0.9877777695655823
0.9877777695655823
0.9944444298744202
0.9900000095367432
0.9866666793823242
0.9944444298744202
0.9933333396911621
0.9944444298744202
0.9911110997200012
0.996666669845581
0.9911110997200012
0.992222249507904
0.9911110997200012
0.995555579662323
0.9933333396911621
0.9877777695655823
0.9933333396911621
0.992222249507904
0.9855555295944214
0.9866666793823242
0.995555579662323
0.9888888597488403
0.9844444394111633
0.992222249507904
0.9911110997200012
0.9911110997200012
0.9811111092567444
0.992222249507904
0.9900000095367432
0.9888888597488403
0.9900000095367432
0.9900000095367432
0.995555579662323
0.9911110997200012
0.9933333396911621
0.995555579662323
0.9866666793823242
0.996666669845581
0.996666669845581
0.992222249507904
0.992222249507904
0.992222249507904
0.996666669845581
0.9933333396911621
0.9900000095367432
0.996666669845581
0.9900000095367432
0.992222249507904
0.9888888597488403
0.9988889098167419
0.9888888597488403
0.9855555295944214
0.9888888597488403
0.992222249507904
0.9888888597488403
0.9855555295944214
0.9944444298744202
0.9900000095367432
0.9933333396911621
0.9944444298744202
0.995555579662323
0.9900000095367432
0.9944444298744202
0.9877777695655823
0.992222249507904
0.992222249507904
0.9911110997200012
0.995555579662323
0.9833333492279053
0.9900000095367432
0.992222249507904
0.9888888597488403
0.9944444298744202
0.9833333492279053
0.9900000095367432
0.9911110997200012
0.995555579662323
0.9866666793823242
0.9888888597488403
0.992222249507904
0.9977777600288391
0.9822221994400024
0.992222249507904
0.9933333396911621
0.9900000095367432
0.9911110997200012
0.9877777695655823
0.996666669845581
0.9833333492279053
0.992222249507904
0.9900000095367432
0.995555579662323
0.9900000095367432
0.996666669845581
0.996666669845581
0.992222249507904
0.995555579662323
0.9944444298744202
0.9900000095367432
0.996666669845581
0.992222249507904
0.9911110997200012
0.9877777695655823
0.9933333396911621
0.9944444298744202
0.9944444298744202
0.9844444394111633
0.9933333396911621
0.995555579662323
0.992222249507904
0.992222249507904
0.9911110997200012
0.9911110997200012
0.992222249507904
0.9933333396911621
0.9900000095367432
0.996666669845581
0.992222249507904
0.9944444298744202
0.9977777600288391
0.9933333396911621
0.9900000095367432
0.9944444298744202
0.9944444298744202
0.9900000095367432
0.9933333396911621
0.992222249507904
0.9900000095367432
0.992222249507904
0.995555579662323
0.9944444298744202
0.992222249507904
0.996666669845581
0.9888888597488403
0.9933333396911621
0.9900000095367432
0.9988889098167419
0.995555579662323
0.9944444298744202
0.992222249507904
0.9977777600288391
0.9933333396911621
0.996666669845581
0.9900000095367432
0.9888888597488403
0.9866666793823242
0.9866666793823242
0.9888888597488403
0.992222249507904
0.995555579662323
0.995555579662323
0.996666669845581
0.9911110997200012
0.9944444298744202
0.9911110997200012
0.996666669845581
0.9933333396911621
0.9844444394111633
0.995555579662323
0.9944444298744202
0.9977777600288391
0.9933333396911621
0.9933333396911621
0.9944444298744202
0.9888888597488403
0.9933333396911621
0.996666669845581
0.995555579662323
0.9911110997200012
0.9911110997200012
0.9900000095367432
0.9911110997200012
0.9900000095367432
0.9944444298744202
0.9977777600288391
0.995555579662323
0.9977777600288391
0.995555579662323
0.9933333396911621
0.996666669845581
0.9900000095367432
0.9877777695655823
0.996666669845581
0.9977777600288391
0.9777777791023254
0.9944444298744202
0.9788888692855835
0.992222249507904
0.992222249507904
0.9933333396911621
0.9977777600288391
0.9944444298744202
0.9900000095367432
0.9944444298744202
0.9933333396911621
0.9944444298744202
0.9844444394111633
0.9866666793823242
0.996666669845581
0.9866666793823242
0.9900000095367432
0.9866666793823242
0.9944444298744202
0.9933333396911621
0.995555579662323
0.9911110997200012
0.9944444298744202
0.995555579662323
0.9855555295944214
0.9877777695655823
0.9911110997200012
0.9933333396911621
0.9911110997200012
0.992222249507904
0.992222249507904
0.9944444298744202
0.9911110997200012
0.9877777695655823
0.995555579662323
0.992222249507904
0.995555579662323
0.9933333396911621
0.9855555295944214
0.9944444298744202
0.9977777600288391
0.9911110997200012
0.992222249507904
0.996666669845581
0.995555579662323
0.992222249507904
0.9944444298744202
0.9944444298744202
0.9977777600288391
0.9933333396911621
0.996666669845581
0.9911110997200012
0.992222249507904
0.9911110997200012
0.9944444298744202
0.996666669845581
0.9888888597488403
0.9900000095367432
0.9977777600288391
0.992222249507904
0.996666669845581
0.9900000095367432
0.995555579662323
0.9933333396911621
0.996666669845581
0.992222249507904
0.9888888597488403
0.9933333396911621
0.9933333396911621
0.992222249507904
0.9888888597488403
0.9888888597488403
0.9855555295944214
0.9944444298744202
0.9944444298744202
0.9911110997200012
0.9911110997200012
0.9844444394111633
0.992222249507904
0.9944444298744202
0.992222249507904
0.996666669845581
0.9933333396911621
0.9833333492279053
0.9933333396911621
0.992222249507904
0.9877777695655823
0.9911110997200012
0.9933333396911621
0.9933333396911621
0.9911110997200012
0.9900000095367432
0.996666669845581
0.9911110997200012
0.992222249507904
0.9977777600288391
0.9866666793823242
0.9888888597488403
0.995555579662323
0.9900000095367432
0.992222249507904
0.996666669845581
0.992222249507904
0.996666669845581
0.9888888597488403
0.9933333396911621
0.9877777695655823
0.9888888597488403
0.9933333396911621
0.9977777600288391
0.9822221994400024
0.9988889098167419
0.9933333396911621
0.9888888597488403
0.9844444394111633
0.9933333396911621
0.995555579662323
0.9933333396911621
0.995555579662323
0.9900000095367432
0.992222249507904
0.9944444298744202
0.9933333396911621
0.9944444298744202
0.9900000095367432
0.9977777600288391
0.9933333396911621
0.9900000095367432
0.996666669845581
0.9933333396911621
0.9911110997200012
0.9933333396911621
0.992222249507904
0.9866666793823242
0.992222249507904
0.9933333396911621
0.9933333396911621
0.9888888597488403
0.9944444298744202
0.9933333396911621
0.9822221994400024
0.992222249507904
0.9933333396911621
0.9977777600288391
0.992222249507904
0.995555579662323
0.9911110997200012
0.992222249507904
0.996666669845581
0.995555579662323
0.992222249507904
0.992222249507904
0.9944444298744202
0.9900000095367432
0.9911110997200012
0.9933333396911621
0.996666669845581
0.9933333396911621
0.996666669845581
0.9933333396911621
0.9988889098167419
0.9911110997200012
0.995555579662323
0.996666669845581
0.9900000095367432
0.9900000095367432
0.9944444298744202
0.9944444298744202
0.9944444298744202
0.9888888597488403
0.995555579662323
0.9933333396911621
0.9944444298744202
0.9933333396911621
0.996666669845581
0.995555579662323
0.9977777600288391
0.9944444298744202
0.9900000095367432
0.992222249507904
0.9988889098167419
0.9944444298744202
0.9800000190734863
0.9933333396911621
0.9877777695655823
0.995555579662323
0.992222249507904
0.9900000095367432
0.9988889098167419
0.9877777695655823
0.9988889098167419
0.992222249507904
0.9855555295944214
0.9911110997200012
0.992222249507904
0.996666669845581
0.9866666793823242
0.9944444298744202
0.9911110997200012
0.9900000095367432
0.995555579662323
0.992222249507904
0.9911110997200012
0.9944444298744202
0.9933333396911621
0.992222249507904
0.9933333396911621
0.9888888597488403
0.9977777600288391
0.9900000095367432
0.995555579662323
0.9944444298744202
0.9933333396911621
0.9900000095367432
0.9900000095367432
0.9911110997200012
0.9933333396911621
0.9911110997200012
0.995555579662323
0.995555579662323
0.9888888597488403
0.9944444298744202
0.9944444298744202
0.9888888597488403
0.996666669845581
0.9933333396911621
0.9977777600288391
0.9977777600288391
0.9855555295944214
0.9977777600288391
0.9900000095367432
0.9944444298744202
1.0
0.9944444298744202
0.9944444298744202
0.9911110997200012
0.995555579662323
0.9933333396911621
0.992222249507904
0.992222249507904
0.9977777600288391
0.992222249507904
0.9977777600288391
0.9933333396911621
0.9933333396911621
0.9833333492279053
0.9888888597488403
0.992222249507904
0.9811111092567444
0.9977777600288391
0.9800000190734863
0.9944444298744202
0.992222249507904
0.9866666793823242
0.9933333396911621
0.9977777600288391
0.9877777695655823
0.9911110997200012
0.9844444394111633
0.9933333396911621
0.996666669845581
0.992222249507904
0.9811111092567444
0.9911110997200012
0.996666669845581
0.9933333396911621
0.9855555295944214
0.9944444298744202
0.995555579662323
0.995555579662323
0.9900000095367432
0.9877777695655823
0.9900000095367432
0.996666669845581
0.9933333396911621
0.9911110997200012
0.996666669845581
0.992222249507904
0.9944444298744202
0.9911110997200012
0.9911110997200012
0.992222249507904
0.9988889098167419
0.9977777600288391
0.9933333396911621
0.9888888597488403
0.9933333396911621
0.9944444298744202
0.9977777600288391
0.992222249507904
0.9900000095367432
0.9900000095367432
0.9944444298744202
0.9911110997200012
0.992222249507904
0.9844444394111633
0.9977777600288391
0.9933333396911621
0.9933333396911621
0.9977777600288391
0.996666669845581
0.9855555295944214
0.9944444298744202
0.996666669845581
0.9866666793823242
0.9933333396911621
0.996666669845581
0.992222249507904
0.992222249507904
0.9988889098167419
0.996666669845581
0.9933333396911621
0.9800000190734863
0.9933333396911621
0.9866666793823242
0.9944444298744202
0.9944444298744202
0.9900000095367432
0.9944444298744202
0.9944444298744202
0.9977777600288391
0.996666669845581
0.996666669845581
0.9933333396911621
0.9977777600288391
0.992222249507904
0.9911110997200012
0.996666669845581
0.995555579662323
0.9877777695655823
0.9933333396911621
0.996666669845581
0.9877777695655823
0.9877777695655823
0.9933333396911621
0.996666669845581
0.9888888597488403
0.9866666793823242
0.9911110997200012
0.9900000095367432
0.992222249507904
0.9944444298744202
0.9888888597488403
0.9933333396911621
0.9800000190734863
0.9877777695655823
0.995555579662323
0.9944444298744202
0.9788888692855835
0.992222249507904
0.9900000095367432
0.9977777600288391
0.9888888597488403
0.995555579662323
0.9944444298744202
0.9944444298744202
0.9777777791023254
0.995555579662323
0.9788888692855835
0.9977777600288391
0.9933333396911621
0.9877777695655823
0.9944444298744202
0.9911110997200012
0.995555579662323
0.9900000095367432
0.9811111092567444
0.992222249507904
0.992222249507904
0.9900000095367432
0.996666669845581
0.9888888597488403
0.995555579662323
0.9755555391311646
0.9911110997200012
0.995555579662323
0.995555579662323
0.9944444298744202
0.9933333396911621
0.992222249507904
0.9855555295944214
0.9977777600288391
0.996666669845581
0.992222249507904
0.9988889098167419
0.9977777600288391
0.992222249507904
0.9866666793823242
0.9866666793823242
0.9900000095367432
0.9944444298744202
0.992222249507904
0.9977777600288391
0.995555579662323
0.9944444298744202
0.992222249507904
0.995555579662323
0.9900000095367432
0.9944444298744202
0.9944444298744202
0.9933333396911621
0.992222249507904
0.992222249507904
0.992222249507904
0.992222249507904
0.9944444298744202
0.9888888597488403
0.9844444394111633
0.9822221994400024
0.995555579662323
0.9944444298744202
0.9911110997200012
0.995555579662323
0.9944444298744202
0.9944444298744202
0.9911110997200012
0.992222249507904
0.9911110997200012
0.9911110997200012
0.9977777600288391
0.9888888597488403
0.992222249507904
0.9900000095367432
0.9877777695655823
0.9888888597488403
0.996666669845581
0.9911110997200012
0.9933333396911621
0.996666669845581
0.996666669845581
0.9911110997200012
0.9944444298744202
0.996666669845581
