0.12999999523162842
0.20333333313465118
0.19333332777023315
0.17666666209697723
0.1666666716337204
0.18666666746139526
0.20999999344348907
0.20000000298023224
0.27666667103767395
0.30666667222976685
0.24666666984558105
0.27000001072883606
0.28999999165534973
0.3166666626930237
0.4033333361148834
0.3700000047683716
0.2933333218097687
0.36000001430511475
0.40666666626930237
0.34333333373069763
0.4633333384990692
0.36000001430511475
0.47333332896232605
0.3866666555404663
0.33666667342185974
0.4333333373069763
0.46000000834465027
0.49666666984558105
0.46666666865348816
0.46000000834465027
0.476666659116745
0.4933333396911621
0.503333330154419
0.5266666412353516
0.476666659116745
0.3233333230018616
0.5766666531562805
0.4166666567325592
0.5
0.43666666746139526
0.3866666555404663
0.5299999713897705
0.41333332657814026
0.5699999928474426
0.43666666746139526
0.476666659116745
0.5366666913032532
0.41333332657814026
0.49666666984558105
0.5266666412353516
0.5899999737739563
0.5733333230018616
0.5533333420753479
0.5833333134651184
0.6566666960716248
0.4300000071525574
0.5833333134651184
0.5566666722297668
0.5299999713897705
0.4233333468437195
0.5766666531562805
0.5933333039283752
0.5
0.46000000834465027
0.5799999833106995
0.5733333230018616
0.6800000071525574
0.4466666579246521
0.4699999988079071
0.54666668176651
0.6033333539962769
0.596666693687439
0.6033333539962769
0.6133333444595337
0.6633333563804626
0.5366666913032532
0.6466666460037231
0.47333332896232605
0.5799999833106995
0.5866666436195374
0.5799999833106995
0.6033333539962769
0.6700000166893005
0.7133333086967468
0.5433333516120911
0.5533333420753479
0.5333333611488342
0.5533333420753479
0.6133333444595337
0.6266666650772095
0.5733333230018616
0.6399999856948853
0.6033333539962769
0.5699999928474426
0.596666693687439
0.6233333349227905
0.54666668176651
0.5766666531562805
0.5733333230018616
0.5299999713897705
0.7200000286102295
0.5400000214576721
0.5133333206176758
0.6333333253860474
0.6066666841506958
0.6399999856948853
0.5600000023841858
0.70333331823349
0.7733333110809326
0.6966666579246521
0.6000000238418579
0.653333306312561
0.6433333158493042
0.5899999737739563
0.6600000262260437
0.7066666483879089
0.6200000047683716
0.70333331823349
0.6966666579246521
0.6100000143051147
0.6633333563804626
0.7200000286102295
0.6466666460037231
0.6700000166893005
0.6366666555404663
0.5766666531562805
0.6600000262260437
0.6266666650772095
0.7400000095367432
0.699999988079071
0.6899999976158142
0.7066666483879089
0.6200000047683716
0.6433333158493042
0.6066666841506958
0.6866666674613953
0.6233333349227905
0.6966666579246521
0.6733333468437195
0.7099999785423279
0.6466666460037231
0.7400000095367432
0.6700000166893005
0.6866666674613953
0.699999988079071
0.7099999785423279
0.7233333587646484
0.7599999904632568
0.5566666722297668
0.6666666865348816
0.7166666388511658
0.7599999904632568
0.7866666913032532
0.6966666579246521
0.7166666388511658
0.7133333086967468
0.6600000262260437
0.5799999833106995
0.7200000286102295
0.7266666889190674
0.800000011920929
0.6266666650772095
0.6833333373069763
0.699999988079071
0.7766666412353516
0.7799999713897705
0.753333330154419
0.6700000166893005
0.6933333277702332
0.7133333086967468
0.6666666865348816
0.6933333277702332
0.8533333539962769
0.6200000047683716
0.6266666650772095
0.6499999761581421
0.75
0.7733333110809326
0.6800000071525574
0.70333331823349
0.7200000286102295
0.7933333516120911
0.699999988079071
0.7300000190734863
0.7633333206176758
0.7900000214576721
0.6233333349227905
0.7099999785423279
0.7366666793823242
0.7333333492279053
0.746666669845581
0.5533333420753479
0.70333331823349
0.7333333492279053
0.7866666913032532
0.7200000286102295
0.8066666722297668
0.8233333230018616
0.7200000286102295
0.8033333420753479
0.7300000190734863
0.6733333468437195
0.7333333492279053
0.6733333468437195
0.5866666436195374
0.6399999856948853
0.6766666769981384
0.7133333086967468
0.7933333516120911
0.6366666555404663
0.75
0.6833333373069763
0.6499999761581421
0.7766666412353516
0.6666666865348816
0.7900000214576721
0.7200000286102295
0.7300000190734863
0.7666666507720947
0.846666693687439
0.800000011920929
0.6866666674613953
0.7366666793823242
0.7833333611488342
0.6333333253860474
0.7200000286102295
0.7066666483879089
0.6800000071525574
0.6733333468437195
0.8566666841506958
0.6700000166893005
0.7733333110809326
0.7433333396911621
0.7866666913032532
0.7733333110809326
0.6966666579246521
0.7366666793823242
0.7900000214576721
0.7233333587646484
0.7733333110809326
0.8933333158493042
0.75
0.7066666483879089
0.753333330154419
0.7699999809265137
0.7433333396911621
0.746666669845581
0.6866666674613953
0.7799999713897705
0.8133333325386047
0.6266666650772095
0.6166666746139526
0.7200000286102295
0.7900000214576721
0.8266666531562805
0.8199999928474426
0.7699999809265137
0.7766666412353516
0.6633333563804626
0.7133333086967468
0.6800000071525574
0.6666666865348816
0.7400000095367432
0.8266666531562805
0.7366666793823242
0.7566666603088379
0.8166666626930237
0.6633333563804626
0.8199999928474426
0.7833333611488342
0.6966666579246521
0.7266666889190674
0.6800000071525574
0.8166666626930237
0.8199999928474426
0.7866666913032532
0.8066666722297668
0.75
0.7799999713897705
0.7400000095367432
0.7900000214576721
0.7266666889190674
0.7733333110809326
0.7766666412353516
0.746666669845581
0.7633333206176758
0.7699999809265137
0.8299999833106995
0.8100000023841858
0.7766666412353516
0.7799999713897705
0.746666669845581
0.7733333110809326
0.846666693687439
0.7866666913032532
0.746666669845581
0.6666666865348816
0.7300000190734863
0.7400000095367432
0.8299999833106995
0.7666666507720947
0.7200000286102295
0.8533333539962769
0.8333333134651184
0.7599999904632568
0.7266666889190674
0.7799999713897705
0.7933333516120911
0.8033333420753479
0.7200000286102295
0.7633333206176758
0.7833333611488342
0.699999988079071
0.7400000095367432
0.8433333039283752
0.7266666889190674
0.7433333396911621
0.7666666507720947
0.7633333206176758
0.8266666531562805
0.8033333420753479
0.8133333325386047
0.8066666722297668
0.7766666412353516
0.8199999928474426
0.7833333611488342
0.8133333325386047
0.8166666626930237
0.7733333110809326
0.75
0.7900000214576721
0.8799999952316284
0.7933333516120911
0.8366666436195374
0.8033333420753479
0.7733333110809326
0.7333333492279053
0.8299999833106995
0.8166666626930237
0.79666668176651
0.8566666841506958
0.8133333325386047
0.8399999737739563
0.8233333230018616
0.7900000214576721
0.8100000023841858
0.7866666913032532
0.8866666555404663
0.7233333587646484
0.8366666436195374
0.7366666793823242
0.746666669845581
0.7733333110809326
0.7566666603088379
0.8966666460037231
0.7566666603088379
0.7166666388511658
0.8333333134651184
0.70333331823349
0.75
0.753333330154419
0.79666668176651
0.6933333277702332
0.8366666436195374
0.6333333253860474
0.8266666531562805
0.7900000214576721
0.8166666626930237
0.8566666841506958
0.8333333134651184
0.7099999785423279
0.8266666531562805
0.8266666531562805
0.7433333396911621
0.7733333110809326
0.79666668176651
0.7933333516120911
0.7633333206176758
0.7733333110809326
0.7866666913032532
0.7866666913032532
0.7766666412353516
0.7566666603088379
0.6700000166893005
0.8066666722297668
0.8133333325386047
0.8633333444595337
0.8700000047683716
0.7400000095367432
0.8066666722297668
0.8100000023841858
0.8133333325386047
0.7799999713897705
0.753333330154419
0.6800000071525574
0.7799999713897705
0.8299999833106995
0.8199999928474426
0.7666666507720947
0.7333333492279053
0.9300000071525574
0.8399999737739563
0.800000011920929
0.8700000047683716
0.8100000023841858
0.8666666746139526
0.8433333039283752
0.7633333206176758
0.8066666722297668
0.7566666603088379
0.6633333563804626
0.7833333611488342
0.8199999928474426
0.8399999737739563
0.8100000023841858
0.8566666841506958
0.800000011920929
0.8166666626930237
0.8366666436195374
0.7599999904632568
0.7799999713897705
0.8333333134651184
0.7799999713897705
0.8533333539962769
0.7300000190734863
0.846666693687439
0.8433333039283752
0.7666666507720947
0.9066666960716248
0.7799999713897705
0.8500000238418579
0.8933333158493042
0.8700000047683716
0.8133333325386047
0.9200000166893005
0.75
0.8600000143051147
0.8166666626930237
0.7799999713897705
0.7666666507720947
0.8866666555404663
0.8999999761581421
0.8233333230018616
0.8166666626930237
0.8933333158493042
0.7933333516120911
0.7833333611488342
0.8066666722297668
0.8433333039283752
0.8266666531562805
0.6866666674613953
0.7833333611488342
0.8700000047683716
0.7766666412353516
0.753333330154419
0.8133333325386047
0.8633333444595337
0.7699999809265137
0.800000011920929
0.8733333349227905
0.8199999928474426
0.8133333325386047
0.8399999737739563
0.8133333325386047
0.7400000095367432
0.8133333325386047
0.8333333134651184
0.7300000190734863
0.70333331823349
0.8666666746139526
0.846666693687439
0.7433333396911621
0.8566666841506958
0.8333333134651184
0.8266666531562805
0.7599999904632568
0.7566666603088379
0.846666693687439
0.75
0.7266666889190674
0.8333333134651184
0.7866666913032532
0.75
0.8066666722297668
0.846666693687439
0.8166666626930237
0.8366666436195374
0.79666668176651
0.8366666436195374
0.7900000214576721
0.8399999737739563
0.7900000214576721
0.8333333134651184
0.9100000262260437
0.8433333039283752
0.79666668176651
0.8700000047683716
0.8399999737739563
0.8600000143051147
0.8633333444595337
0.7699999809265137
0.8933333158493042
0.7300000190734863
0.8500000238418579
0.8533333539962769
0.7766666412353516
0.8433333039283752
0.8233333230018616
0.9066666960716248
0.8999999761581421
0.8833333253860474
0.846666693687439
0.8933333158493042
0.846666693687439
0.800000011920929
0.8233333230018616
0.79666668176651
0.8166666626930237
0.7699999809265137
0.8833333253860474
0.8166666626930237
0.8100000023841858
0.8966666460037231
0.8799999952316284
0.8833333253860474
0.9133333563804626
0.8733333349227905
0.7233333587646484
0.7833333611488342
0.8299999833106995
0.8066666722297668
0.8866666555404663
0.8700000047683716
0.8600000143051147
0.8266666531562805
0.8866666555404663
0.8399999737739563
0.7799999713897705
0.8333333134651184
0.9100000262260437
0.8166666626930237
0.8433333039283752
0.8666666746139526
0.8799999952316284
0.7933333516120911
0.846666693687439
0.8399999737739563
0.8433333039283752
0.9300000071525574
0.75
0.8199999928474426
0.8833333253860474
0.8799999952316284
0.8566666841506958
0.8399999737739563
0.8700000047683716
0.8500000238418579
0.8500000238418579
0.8766666650772095
0.8500000238418579
0.846666693687439
0.8566666841506958
0.8799999952316284
0.8799999952316284
0.8999999761581421
0.79666668176651
0.8399999737739563
0.7900000214576721
0.8500000238418579
0.8366666436195374
0.8999999761581421
0.8700000047683716
0.8766666650772095
0.800000011920929
0.8399999737739563
0.8500000238418579
0.8500000238418579
0.7633333206176758
0.7699999809265137
0.8266666531562805
0.8600000143051147
0.8666666746139526
0.8600000143051147
0.8733333349227905
0.8700000047683716
0.8633333444595337
0.8733333349227905
0.8633333444595337
0.8666666746139526
0.8566666841506958
0.8600000143051147
0.9100000262260437
0.8666666746139526
0.903333306312561
0.9133333563804626
0.7733333110809326
0.8866666555404663
0.9333333373069763
0.8133333325386047
0.8100000023841858
0.8033333420753479
0.8433333039283752
0.8266666531562805
0.8500000238418579
0.7933333516120911
0.8933333158493042
0.8333333134651184
0.8700000047683716
0.8166666626930237
0.8666666746139526
0.8433333039283752
0.8899999856948853
0.8999999761581421
0.8433333039283752
0.8966666460037231
0.7900000214576721
0.9133333563804626
0.8700000047683716
0.8966666460037231
0.8299999833106995
0.7799999713897705
0.7900000214576721
0.8433333039283752
0.8133333325386047
0.8233333230018616
0.8899999856948853
0.8366666436195374
0.8999999761581421
0.8633333444595337
0.8333333134651184
0.8666666746139526
0.9100000262260437
0.7866666913032532
0.8533333539962769
0.8233333230018616
0.8666666746139526
0.8933333158493042
0.8366666436195374
0.8166666626930237
0.8633333444595337
0.9233333468437195
0.8933333158493042
0.8733333349227905
0.8533333539962769
0.8299999833106995
0.8533333539962769
0.8833333253860474
0.8566666841506958
0.8500000238418579
0.9366666674613953
0.8799999952316284
0.8966666460037231
0.8533333539962769
0.8799999952316284
0.8399999737739563
0.8899999856948853
0.8866666555404663
0.9200000166893005
0.8999999761581421
0.8533333539962769
0.8966666460037231
0.8899999856948853
0.8866666555404663
0.7833333611488342
0.9300000071525574
0.8333333134651184
0.8233333230018616
0.8433333039283752
0.903333306312561
0.8733333349227905
0.8866666555404663
0.8799999952316284
0.8566666841506958
0.8966666460037231
0.9066666960716248
0.9333333373069763
0.8299999833106995
0.8233333230018616
0.903333306312561
0.8500000238418579
0.8600000143051147
0.8533333539962769
0.903333306312561
0.8933333158493042
0.8733333349227905
0.8233333230018616
0.9433333277702332
0.8600000143051147
0.800000011920929
0.8333333134651184
0.8433333039283752
0.7566666603088379
0.8266666531562805
0.8633333444595337
0.8533333539962769
0.9066666960716248
0.8266666531562805
0.79666668176651
0.8866666555404663
0.7599999904632568
0.8666666746139526
0.8199999928474426
0.8899999856948853
0.8866666555404663
0.8299999833106995
0.800000011920929
0.8366666436195374
0.8333333134651184
0.8733333349227905
0.8066666722297668
0.8500000238418579
0.8366666436195374
0.753333330154419
0.8833333253860474
0.846666693687439
0.79666668176651
0.8700000047683716
0.8299999833106995
0.8833333253860474
0.8366666436195374
0.8600000143051147
0.9100000262260437
0.9233333468437195
0.9399999976158142
0.9133333563804626
0.8100000023841858
0.8766666650772095
0.8700000047683716
0.9300000071525574
0.8233333230018616
0.8600000143051147
0.8600000143051147
0.8700000047683716
0.8833333253860474
0.8799999952316284
0.8600000143051147
0.9333333373069763
0.8733333349227905
0.9133333563804626
0.8399999737739563
0.8566666841506958
0.8533333539962769
0.9166666865348816
0.9233333468437195
0.8533333539962769
0.8333333134651184
0.9066666960716248
0.8433333039283752
0.8500000238418579
0.903333306312561
0.8766666650772095
0.8833333253860474
0.8966666460037231
0.8366666436195374
0.8533333539962769
0.8566666841506958
0.8799999952316284
0.8266666531562805
0.8333333134651184
0.8866666555404663
0.8233333230018616
0.8966666460037231
0.903333306312561
0.7866666913032532
0.8066666722297668
0.8999999761581421
0.8199999928474426
0.9133333563804626
0.8766666650772095
0.800000011920929
0.8299999833106995
0.9200000166893005
0.8299999833106995
0.8933333158493042
0.8799999952316284
0.8899999856948853
0.9233333468437195
0.8266666531562805
0.8633333444595337
0.9300000071525574
0.8199999928474426
0.9166666865348816
0.8566666841506958
0.8766666650772095
0.8866666555404663
0.9066666960716248
0.7833333611488342
0.9133333563804626
0.8366666436195374
0.903333306312561
0.8700000047683716
0.903333306312561
0.846666693687439
0.8166666626930237
0.8933333158493042
0.8966666460037231
0.9166666865348816
0.8166666626930237
0.8966666460037231
0.8899999856948853
0.9100000262260437
0.8199999928474426
0.9333333373069763
0.8166666626930237
0.8633333444595337
0.8799999952316284
0.8933333158493042
0.75
0.9100000262260437
0.8766666650772095
0.8600000143051147
0.9133333563804626
0.8600000143051147
0.8566666841506958
0.8866666555404663
0.8700000047683716
0.9266666769981384
0.8766666650772095
0.8833333253860474
0.8133333325386047
0.8799999952316284
0.8666666746139526
0.8833333253860474
0.8133333325386047
0.9266666769981384
0.800000011920929
0.9633333086967468
0.8766666650772095
0.7799999713897705
0.8233333230018616
0.8766666650772095
0.8600000143051147
0.8500000238418579
0.8766666650772095
0.9066666960716248
0.8666666746139526
0.8866666555404663
0.9066666960716248
0.7766666412353516
0.8966666460037231
0.7833333611488342
0.8533333539962769
0.8199999928474426
0.846666693687439
0.8233333230018616
0.9066666960716248
0.8766666650772095
0.9066666960716248
0.8799999952316284
0.7900000214576721
0.8700000047683716
0.8366666436195374
0.8966666460037231
0.8500000238418579
0.8033333420753479
0.9300000071525574
0.8766666650772095
0.8700000047683716
0.9166666865348816
0.8600000143051147
0.8100000023841858
0.8733333349227905
0.8700000047683716
0.8799999952316284
0.8733333349227905
0.8799999952316284
0.8199999928474426
0.8566666841506958
0.8833333253860474
0.9133333563804626
0.8633333444595337
0.9200000166893005
0.9100000262260437
0.9300000071525574
0.8533333539962769
0.8766666650772095
0.8833333253860474
0.8033333420753479
0.8833333253860474
0.9200000166893005
0.8899999856948853
0.8600000143051147
0.9166666865348816
0.8899999856948853
0.8733333349227905
0.846666693687439
0.9266666769981384
0.8700000047683716
0.9333333373069763
0.8899999856948853
0.8833333253860474
0.9133333563804626
0.8966666460037231
0.8500000238418579
0.8566666841506958
0.8700000047683716
0.8533333539962769
0.8700000047683716
0.8833333253860474
0.8866666555404663
0.9100000262260437
0.79666668176651
0.8633333444595337
0.8433333039283752
0.8966666460037231
0.9200000166893005
0.9266666769981384
0.8999999761581421
0.9133333563804626
0.8666666746139526
0.9300000071525574
0.8866666555404663
0.8766666650772095
0.8833333253860474
0.9166666865348816
0.8733333349227905
0.8833333253860474
0.8033333420753479
0.8433333039283752
0.9100000262260437
0.9633333086967468
0.8866666555404663
0.8700000047683716
0.8600000143051147
0.9200000166893005
0.9066666960716248
0.8933333158493042
0.800000011920929
0.8733333349227905
0.9133333563804626
0.7933333516120911
0.903333306312561
0.9200000166893005
0.8766666650772095
0.903333306312561
0.8433333039283752
0.8299999833106995
0.8600000143051147
0.9200000166893005
0.8366666436195374
0.9200000166893005
0.9366666674613953
0.8933333158493042
0.9200000166893005
0.8933333158493042
0.8899999856948853
0.8666666746139526
0.8733333349227905
0.9066666960716248
0.903333306312561
0.8566666841506958
0.8533333539962769
0.9133333563804626
0.9300000071525574
0.9133333563804626
0.9233333468437195
0.9366666674613953
0.8733333349227905
0.8366666436195374
0.9066666960716248
0.9599999785423279
0.9200000166893005
0.903333306312561
0.8600000143051147
0.8999999761581421
0.9333333373069763
0.7766666412353516
0.9133333563804626
0.9399999976158142
0.8299999833106995
0.9233333468437195
0.8833333253860474
0.9300000071525574
0.9100000262260437
0.8966666460037231
0.9066666960716248
0.903333306312561
0.8899999856948853
0.9200000166893005
0.903333306312561
0.9333333373069763
0.8433333039283752
0.8433333039283752
0.8366666436195374
0.9066666960716248
0.9300000071525574
0.9433333277702332
0.8500000238418579
0.8833333253860474
0.8733333349227905
0.8799999952316284
0.8366666436195374
0.8866666555404663
0.8799999952316284
0.8600000143051147
0.9266666769981384
0.8966666460037231
0.8833333253860474
0.8866666555404663
0.8399999737739563
0.8399999737739563
0.949999988079071
0.7900000214576721
0.8966666460037231
0.846666693687439
0.903333306312561
0.8566666841506958
0.9433333277702332
0.8933333158493042
0.8500000238418579
0.8933333158493042
0.9100000262260437
0.8533333539962769
0.8999999761581421
0.8899999856948853
0.8733333349227905
0.9233333468437195
0.9333333373069763
0.846666693687439
0.846666693687439
0.8899999856948853
0.8399999737739563
0.9233333468437195
0.8999999761581421
0.8766666650772095
0.8533333539962769
0.8799999952316284
0.9200000166893005
0.8866666555404663
0.9433333277702332
0.8533333539962769
0.8433333039283752
0.8799999952316284
0.8799999952316284
0.9566666483879089
0.8766666650772095
0.8899999856948853
0.9266666769981384
0.9333333373069763
0.9266666769981384
0.903333306312561
0.8633333444595337
0.8700000047683716
0.9100000262260437
0.8433333039283752
0.9133333563804626
0.9399999976158142
0.9133333563804626
0.8666666746139526
0.8566666841506958
0.8266666531562805
0.903333306312561
0.8133333325386047
0.8633333444595337
0.8833333253860474
0.9066666960716248
0.8933333158493042
0.9100000262260437
0.9266666769981384
0.8733333349227905
0.9100000262260437
0.8566666841506958
0.8899999856948853
0.8999999761581421
0.9266666769981384
0.8666666746139526
0.8833333253860474
0.8966666460037231
0.8999999761581421
0.8766666650772095
0.9100000262260437
0.7799999713897705
0.9700000286102295
0.8633333444595337
0.8833333253860474
0.8899999856948853
0.8133333325386047
0.8833333253860474
0.9066666960716248
0.8999999761581421
0.8799999952316284
0.9233333468437195
0.8766666650772095
0.8866666555404663
0.949999988079071
0.8666666746139526
0.8799999952316284
0.8533333539962769
0.9399999976158142
0.95333331823349
0.8799999952316284
0.9166666865348816
0.9266666769981384
0.8799999952316284
0.8933333158493042
0.800000011920929
0.9333333373069763
0.8666666746139526
0.8733333349227905
0.8833333253860474
0.8366666436195374
0.8899999856948853
0.8333333134651184
0.9066666960716248
0.9100000262260437
0.8733333349227905
0.9066666960716248
0.95333331823349
0.8666666746139526
0.8299999833106995
0.9266666769981384
0.8966666460037231
0.8700000047683716
0.8700000047683716
0.9066666960716248
0.9133333563804626
0.8999999761581421
0.8933333158493042
0.9300000071525574
0.8966666460037231
0.8533333539962769
0.9266666769981384
0.8999999761581421
0.9233333468437195
0.846666693687439
0.8766666650772095
0.903333306312561
0.8733333349227905
0.8999999761581421
0.8333333134651184
0.8633333444595337
0.8966666460037231
0.9366666674613953
0.9066666960716248
0.8633333444595337
0.8266666531562805
0.9433333277702332
0.9133333563804626
0.8899999856948853
0.8966666460037231
0.9599999785423279
0.8633333444595337
0.9066666960716248
0.8833333253860474
0.8899999856948853
0.9200000166893005
0.9100000262260437
0.9100000262260437
0.8766666650772095
0.8866666555404663
0.8866666555404663
0.9433333277702332
0.9200000166893005
0.8033333420753479
0.8333333134651184
0.8733333349227905
0.8066666722297668
0.8399999737739563
0.9700000286102295
0.8833333253860474
0.8833333253860474
0.8199999928474426
0.9266666769981384
0.800000011920929
0.9300000071525574
0.8966666460037231
0.9333333373069763
0.9100000262260437
0.903333306312561
0.9433333277702332
0.8199999928474426
0.7833333611488342
0.9433333277702332
0.9133333563804626
0.9066666960716248
0.9700000286102295
0.9166666865348816
0.8866666555404663
0.8733333349227905
0.8766666650772095
0.8633333444595337
0.9100000262260437
0.8799999952316284
0.9133333563804626
0.9666666388511658
0.8766666650772095
0.8966666460037231
0.9266666769981384
0.8700000047683716
0.8866666555404663
0.9300000071525574
0.8866666555404663
0.8666666746139526
0.9366666674613953
0.8666666746139526
0.8933333158493042
0.9433333277702332
0.9166666865348816
0.9466666579246521
0.8799999952316284
0.8933333158493042
0.8999999761581421
0.8933333158493042
0.9599999785423279
0.8766666650772095
0.9399999976158142
0.903333306312561
0.846666693687439
0.8999999761581421
0.9200000166893005
0.9433333277702332
0.8866666555404663
0.8966666460037231
0.8299999833106995
0.8899999856948853
0.8233333230018616
0.8999999761581421
0.9133333563804626
0.949999988079071
0.9300000071525574
0.9333333373069763
0.9266666769981384
0.8833333253860474
0.9300000071525574
0.8833333253860474
0.8999999761581421
0.8633333444595337
0.9366666674613953
0.8866666555404663
0.9133333563804626
0.8899999856948853
0.8866666555404663
0.9166666865348816
0.8566666841506958
0.9233333468437195
0.903333306312561
0.9066666960716248
0.8666666746139526
0.8966666460037231
0.8166666626930237
0.8966666460037231
0.9266666769981384
0.9399999976158142
0.8333333134651184
0.9300000071525574
0.9200000166893005
0.8899999856948853
0.9466666579246521
0.9266666769981384
0.9466666579246521
0.8299999833106995
0.9233333468437195
0.8533333539962769
0.9133333563804626
0.8899999856948853
0.9200000166893005
0.8633333444595337
0.8866666555404663
0.9066666960716248
0.903333306312561
0.8899999856948853
0.9266666769981384
0.8533333539962769
0.8799999952316284
0.8733333349227905
0.9233333468437195
0.8600000143051147
0.8966666460037231
0.9166666865348816
0.8766666650772095
0.846666693687439
0.9200000166893005
0.8833333253860474
0.903333306312561
0.8199999928474426
0.9166666865348816
0.8700000047683716
0.9166666865348816
0.9599999785423279
0.8799999952316284
0.9800000190734863
0.8966666460037231
0.8333333134651184
0.9366666674613953
0.9200000166893005
0.9233333468437195
0.9066666960716248
0.8966666460037231
0.8633333444595337
0.8933333158493042
0.8866666555404663
0.8866666555404663
0.8733333349227905
0.8866666555404663
0.8999999761581421
0.9300000071525574
0.8633333444595337
0.9333333373069763
0.9266666769981384
0.8399999737739563
0.8633333444595337
0.8833333253860474
0.9133333563804626
0.9066666960716248
0.8899999856948853
0.8933333158493042
0.8399999737739563
0.8933333158493042
0.9066666960716248
0.8233333230018616
0.8633333444595337
0.8833333253860474
0.8700000047683716
0.8566666841506958
0.8399999737739563
0.8600000143051147
0.8799999952316284
0.9433333277702332
0.8766666650772095
0.9233333468437195
0.9166666865348816
0.8366666436195374
0.8700000047683716
0.9399999976158142
0.8666666746139526
0.9333333373069763
0.9566666483879089
0.8633333444595337
0.8766666650772095
0.8333333134651184
0.8866666555404663
0.7933333516120911
0.9233333468437195
0.9733333587646484
0.8799999952316284
0.9333333373069763
0.9333333373069763
0.9233333468437195
0.8799999952316284
0.9333333373069763
0.949999988079071
0.9200000166893005
0.9200000166893005
0.9233333468437195
0.95333331823349
0.9366666674613953
0.9300000071525574
0.9300000071525574
0.9200000166893005
0.903333306312561
0.9200000166893005
0.9366666674613953
0.9266666769981384
0.9733333587646484
0.9133333563804626
0.8666666746139526
0.8766666650772095
0.9133333563804626
0.7566666603088379
0.9566666483879089
0.9266666769981384
0.9100000262260437
0.9100000262260437
0.903333306312561
0.8933333158493042
0.9100000262260437
0.9266666769981384
0.8133333325386047
0.9300000071525574
0.8799999952316284
0.9100000262260437
0.9066666960716248
0.8733333349227905
0.9066666960716248
0.9166666865348816
0.8366666436195374
0.8733333349227905
0.949999988079071
0.9233333468437195
0.8899999856948853
0.8533333539962769
0.9466666579246521
0.9466666579246521
0.9133333563804626
0.8600000143051147
0.9300000071525574
0.9066666960716248
0.8533333539962769
0.8666666746139526
0.9233333468437195
0.8566666841506958
0.9233333468437195
0.8666666746139526
0.846666693687439
0.7933333516120911
0.9266666769981384
0.8833333253860474
0.9166666865348816
0.9300000071525574
0.9166666865348816
0.8600000143051147
0.9100000262260437
0.8566666841506958
0.9133333563804626
0.9166666865348816
0.9100000262260437
0.8999999761581421
0.9466666579246521
0.9200000166893005
0.9133333563804626
0.8866666555404663
0.8766666650772095
0.8733333349227905
0.9466666579246521
0.9200000166893005
0.8500000238418579
0.949999988079071
0.9466666579246521
0.9366666674613953
0.8233333230018616
0.8766666650772095
0.8966666460037231
0.9100000262260437
0.9300000071525574
0.8500000238418579
0.9399999976158142
0.8700000047683716
0.95333331823349
0.9133333563804626
0.8933333158493042
0.9066666960716248
0.9333333373069763
0.8600000143051147
0.9133333563804626
0.8199999928474426
0.8666666746139526
0.9233333468437195
0.8433333039283752
0.9433333277702332
0.8666666746139526
0.9233333468437195
0.903333306312561
0.9200000166893005
0.9300000071525574
0.903333306312561
0.8833333253860474
0.8799999952316284
0.8399999737739563
0.8500000238418579
0.8766666650772095
0.9100000262260437
0.8866666555404663
0.9133333563804626
0.949999988079071
0.9233333468437195
0.9133333563804626
0.8899999856948853
0.8700000047683716
0.8999999761581421
0.846666693687439
0.9200000166893005
0.8733333349227905
0.8966666460037231
0.9200000166893005
0.9200000166893005
0.8899999856948853
0.9300000071525574
0.8500000238418579
0.9133333563804626
0.9466666579246521
0.8633333444595337
0.9133333563804626
0.95333331823349
0.9300000071525574
0.8966666460037231
0.9366666674613953
0.9300000071525574
0.9399999976158142
0.8933333158493042
0.8766666650772095
0.9100000262260437
0.8633333444595337
0.8933333158493042
0.8966666460037231
0.8500000238418579
0.9300000071525574
0.9266666769981384
0.8833333253860474
0.8899999856948853
0.9266666769981384
0.7666666507720947
0.9066666960716248
0.9166666865348816
0.8533333539962769
0.9466666579246521
0.9366666674613953
0.9066666960716248
0.8799999952316284
0.9399999976158142
0.9633333086967468
0.8299999833106995
0.9733333587646484
0.903333306312561
0.9399999976158142
0.9433333277702332
0.9133333563804626
0.8866666555404663
0.8399999737739563
0.79666668176651
0.8899999856948853
0.8533333539962769
0.8866666555404663
0.9133333563804626
0.9200000166893005
0.9399999976158142
0.8899999856948853
0.9433333277702332
0.9466666579246521
0.949999988079071
0.903333306312561
0.8899999856948853
0.8833333253860474
0.9166666865348816
0.9100000262260437
0.949999988079071
0.9766666889190674
0.9566666483879089
0.8766666650772095
0.9100000262260437
0.9566666483879089
0.9366666674613953
0.9133333563804626
0.9599999785423279
0.9066666960716248
0.9300000071525574
0.8833333253860474
0.8933333158493042
0.846666693687439
0.9133333563804626
0.8999999761581421
0.8633333444595337
0.9566666483879089
0.903333306312561
0.949999988079071
0.9366666674613953
0.8533333539962769
0.8933333158493042
0.8633333444595337
0.8833333253860474
0.8766666650772095
0.9566666483879089
0.95333331823349
0.9333333373069763
0.9300000071525574
0.9100000262260437
0.9166666865348816
0.9233333468437195
0.8566666841506958
0.9100000262260437
0.9399999976158142
0.9300000071525574
0.8899999856948853
0.9333333373069763
0.903333306312561
0.8733333349227905
0.9300000071525574
0.9200000166893005
0.8833333253860474
0.9266666769981384
0.9366666674613953
0.903333306312561
0.9300000071525574
0.9566666483879089
0.9100000262260437
0.95333331823349
0.9066666960716248
0.9266666769981384
0.8733333349227905
0.9100000262260437
0.9200000166893005
0.9366666674613953
0.8966666460037231
0.9066666960716248
0.9133333563804626
0.9666666388511658
0.9566666483879089
0.9733333587646484
0.9166666865348816
0.9433333277702332
0.9100000262260437
0.8399999737739563
0.8766666650772095
0.9300000071525574
0.8799999952316284
0.9366666674613953
0.9266666769981384
0.9666666388511658
0.9599999785423279
0.8899999856948853
0.9100000262260437
0.8399999737739563
0.8933333158493042
0.9133333563804626
0.9133333563804626
0.9399999976158142
0.9133333563804626
0.95333331823349
0.8799999952316284
0.9366666674613953
0.9200000166893005
0.8366666436195374
0.8266666531562805
0.8666666746139526
0.95333331823349
0.9433333277702332
0.95333331823349
0.8700000047683716
0.8766666650772095
0.9233333468437195
0.8833333253860474
0.9100000262260437
0.9300000071525574
0.8799999952316284
0.9366666674613953
0.8999999761581421
0.9133333563804626
0.9399999976158142
0.8933333158493042
0.9300000071525574
0.8966666460037231
0.8999999761581421
0.8966666460037231
0.9433333277702332
0.8899999856948853
0.8199999928474426
0.903333306312561
0.9700000286102295
0.9100000262260437
0.9100000262260437
0.8933333158493042
0.9399999976158142
0.9599999785423279
0.9399999976158142
0.9166666865348816
0.8866666555404663
0.9100000262260437
0.9266666769981384
0.9433333277702332
0.9366666674613953
0.9166666865348816
0.8999999761581421
0.9366666674613953
0.9266666769981384
0.9433333277702332
0.9366666674613953
0.8933333158493042
0.9233333468437195
0.9233333468437195
0.9066666960716248
0.8999999761581421
0.9100000262260437
0.8899999856948853
0.903333306312561
0.9466666579246521
0.95333331823349
0.9200000166893005
0.8733333349227905
0.9133333563804626
0.8633333444595337
0.9333333373069763
0.9133333563804626
0.9300000071525574
0.8833333253860474
0.949999988079071
0.8066666722297668
0.9133333563804626
0.9266666769981384
0.903333306312561
0.9633333086967468
0.8933333158493042
0.9333333373069763
0.9233333468437195
0.9300000071525574
0.9100000262260437
0.9133333563804626
0.8999999761581421
0.9433333277702332
0.903333306312561
0.9433333277702332
0.9066666960716248
0.9200000166893005
0.8600000143051147
0.846666693687439
0.9466666579246521
0.9300000071525574
0.8966666460037231
0.9399999976158142
0.9266666769981384
0.9566666483879089
0.9233333468437195
0.8533333539962769
0.9733333587646484
0.9399999976158142
0.9133333563804626
0.9200000166893005
0.9166666865348816
0.9100000262260437
0.8566666841506958
0.9266666769981384
0.9200000166893005
0.9666666388511658
0.9399999976158142
0.8866666555404663
0.9333333373069763
0.949999988079071
0.8833333253860474
0.9133333563804626
0.8799999952316284
0.949999988079071
0.9233333468437195
0.9366666674613953
0.9300000071525574
0.9466666579246521
0.9166666865348816
0.8633333444595337
0.9266666769981384
0.9233333468437195
0.9733333587646484
0.9399999976158142
0.8999999761581421
0.9300000071525574
0.8566666841506958
0.8899999856948853
0.846666693687439
0.9333333373069763
0.9466666579246521
0.9399999976158142
0.8966666460037231
0.9166666865348816
0.9166666865348816
0.9566666483879089
0.9433333277702332
0.9333333373069763
0.8700000047683716
0.9266666769981384
0.9300000071525574
0.8866666555404663
0.9466666579246521
0.9266666769981384
0.9366666674613953
0.9100000262260437
0.8500000238418579
0.903333306312561
0.8766666650772095
0.9700000286102295
0.9266666769981384
0.9366666674613953
0.9100000262260437
0.9366666674613953
0.8966666460037231
0.95333331823349
0.9200000166893005
0.9399999976158142
0.8633333444595337
0.9200000166893005
0.9133333563804626
0.95333331823349
0.9700000286102295
0.8966666460037231
0.949999988079071
0.9599999785423279
0.8866666555404663
0.9233333468437195
0.8600000143051147
0.9766666889190674
0.8533333539962769
0.8833333253860474
0.9599999785423279
0.9266666769981384
0.9466666579246521
0.9700000286102295
0.8766666650772095
0.9566666483879089
0.9300000071525574
0.9566666483879089
0.8799999952316284
0.9133333563804626
0.8600000143051147
0.9566666483879089
0.9333333373069763
0.9066666960716248
0.9333333373069763
0.95333331823349
0.8933333158493042
0.9233333468437195
0.949999988079071
0.9433333277702332
0.8600000143051147
0.8899999856948853
0.8833333253860474
0.9200000166893005
0.9433333277702332
0.9333333373069763
0.9700000286102295
0.8933333158493042
0.8933333158493042
0.9433333277702332
0.9066666960716248
0.8966666460037231
0.846666693687439
0.9433333277702332
0.9233333468437195
0.8566666841506958
0.9266666769981384
0.9166666865348816
0.8933333158493042
0.95333331823349
0.95333331823349
0.9466666579246521
0.9300000071525574
0.9300000071525574
0.9066666960716248
0.8766666650772095
0.9700000286102295
0.9566666483879089
0.9666666388511658
0.8966666460037231
0.9233333468437195
0.9266666769981384
0.9333333373069763
0.9266666769981384
0.9066666960716248
0.9366666674613953
0.9633333086967468
0.8899999856948853
0.9100000262260437
0.9599999785423279
0.903333306312561
0.9166666865348816
0.9466666579246521
0.9166666865348816
0.9399999976158142
0.8999999761581421
0.9200000166893005
0.9300000071525574
0.9300000071525574
0.8999999761581421
0.9599999785423279
0.8633333444595337
0.8633333444595337
0.9100000262260437
0.9700000286102295
0.95333331823349
0.8933333158493042
0.9133333563804626
0.949999988079071
0.9300000071525574
0.8733333349227905
0.846666693687439
0.8600000143051147
0.9399999976158142
0.9666666388511658
0.9300000071525574
0.9300000071525574
0.903333306312561
0.9100000262260437
0.9433333277702332
0.9100000262260437
0.9300000071525574
0.8833333253860474
0.8999999761581421
0.8899999856948853
0.8999999761581421
0.9100000262260437
0.9266666769981384
0.8999999761581421
0.9366666674613953
0.9100000262260437
0.9200000166893005
0.9466666579246521
0.8799999952316284
0.8866666555404663
0.9300000071525574
0.9233333468437195
0.8299999833106995
0.903333306312561
0.9433333277702332
0.903333306312561
0.9133333563804626
0.9200000166893005
0.95333331823349
0.9133333563804626
0.9266666769981384
0.9200000166893005
0.9466666579246521
0.9100000262260437
0.9266666769981384
0.9300000071525574
0.9066666960716248
0.9066666960716248
0.9366666674613953
0.9233333468437195
0.8500000238418579
0.9166666865348816
0.9599999785423279
0.9100000262260437
0.8700000047683716
0.8899999856948853
0.9066666960716248
0.9166666865348816
0.9733333587646484
0.9300000071525574
0.9333333373069763
0.8999999761581421
0.9166666865348816
0.95333331823349
0.949999988079071
0.9366666674613953
0.9766666889190674
0.9566666483879089
0.9233333468437195
0.9300000071525574
0.9233333468437195
0.8733333349227905
0.8966666460037231
0.8700000047683716
0.903333306312561
0.9399999976158142
0.9599999785423279
0.8633333444595337
0.9166666865348816
0.949999988079071
0.9399999976158142
0.8966666460037231
0.9700000286102295
0.9366666674613953
0.9366666674613953
0.9399999976158142
0.9166666865348816
0.9599999785423279
0.8700000047683716
0.9233333468437195
0.9666666388511658
0.9066666960716248
0.9300000071525574
0.9100000262260437
0.9433333277702332
0.9133333563804626
0.9200000166893005
0.9166666865348816
0.8966666460037231
0.9166666865348816
0.9133333563804626
0.9100000262260437
0.9133333563804626
0.9399999976158142
0.9399999976158142
0.9466666579246521
0.9133333563804626
0.8733333349227905
0.9133333563804626
0.9333333373069763
0.9566666483879089
0.9666666388511658
0.9233333468437195
0.9200000166893005
0.949999988079071
0.9100000262260437
0.8933333158493042
0.9833333492279053
0.9633333086967468
0.9266666769981384
0.9166666865348816
0.9366666674613953
0.9166666865348816
0.9633333086967468
0.9300000071525574
0.9399999976158142
0.8933333158493042
0.9300000071525574
0.9333333373069763
0.8966666460037231
0.9566666483879089
0.9066666960716248
0.9366666674613953
0.8999999761581421
0.7799999713897705
0.9266666769981384
0.9466666579246521
0.9333333373069763
0.9633333086967468
0.9066666960716248
0.9166666865348816
0.9166666865348816
0.9100000262260437
0.8966666460037231
0.8866666555404663
0.903333306312561
0.9599999785423279
0.9433333277702332
0.8999999761581421
0.9833333492279053
0.9700000286102295
0.95333331823349
0.903333306312561
0.903333306312561
0.9666666388511658
0.9066666960716248
0.9466666579246521
0.903333306312561
0.8866666555404663
0.9466666579246521
0.8633333444595337
0.9366666674613953
0.9399999976158142
0.95333331823349
0.9633333086967468
0.9266666769981384
0.8899999856948853
0.949999988079071
0.95333331823349
0.8933333158493042
0.9666666388511658
0.9133333563804626
0.9133333563804626
0.8966666460037231
0.903333306312561
0.903333306312561
0.9566666483879089
0.8799999952316284
0.9300000071525574
0.9733333587646484
0.95333331823349
0.9599999785423279
0.8766666650772095
0.903333306312561
0.9300000071525574
0.8766666650772095
0.9300000071525574
0.8933333158493042
0.9133333563804626
0.9266666769981384
0.9166666865348816
0.9566666483879089
0.9300000071525574
0.9100000262260437
0.9666666388511658
0.9066666960716248
0.9366666674613953
0.9666666388511658
0.8899999856948853
0.8999999761581421
0.9599999785423279
0.9800000190734863
0.9700000286102295
0.9200000166893005
0.9300000071525574
0.9100000262260437
0.9566666483879089
0.8666666746139526
0.8766666650772095
0.9100000262260437
0.903333306312561
0.9566666483879089
0.8866666555404663
0.8999999761581421
0.8666666746139526
0.9066666960716248
0.9233333468437195
0.8733333349227905
0.9200000166893005
0.9333333373069763
0.9333333373069763
0.95333331823349
0.95333331823349
0.9066666960716248
0.9166666865348816
0.9466666579246521
0.8700000047683716
0.9366666674613953
0.9566666483879089
0.9700000286102295
0.8033333420753479
0.9399999976158142
0.8999999761581421
0.9166666865348816
0.9399999976158142
0.9399999976158142
0.9333333373069763
0.8999999761581421
0.949999988079071
0.9433333277702332
0.9433333277702332
0.9333333373069763
0.9700000286102295
0.9166666865348816
0.9266666769981384
0.9233333468437195
0.8999999761581421
0.8666666746139526
0.949999988079071
0.9333333373069763
0.9066666960716248
0.949999988079071
0.8899999856948853
0.903333306312561
0.9333333373069763
0.9366666674613953
0.9233333468437195
0.8733333349227905
0.9333333373069763
0.9366666674613953
0.9333333373069763
0.9166666865348816
0.9333333373069763
0.95333331823349
0.9200000166893005
0.9200000166893005
0.95333331823349
0.949999988079071
0.903333306312561
0.9433333277702332
0.9599999785423279
0.9733333587646484
0.9300000071525574
0.9399999976158142
0.9599999785423279
0.9266666769981384
0.8666666746139526
0.9433333277702332
0.8766666650772095
0.95333331823349
0.8833333253860474
0.9133333563804626
0.9733333587646484
0.9366666674613953
0.8500000238418579
0.9166666865348816
0.9333333373069763
0.8933333158493042
0.9399999976158142
0.949999988079071
0.9166666865348816
0.9366666674613953
0.9433333277702332
0.949999988079071
0.8933333158493042
0.9100000262260437
0.9633333086967468
0.9399999976158142
0.8999999761581421
0.9166666865348816
0.9200000166893005
0.9133333563804626
0.9433333277702332
0.9266666769981384
0.9100000262260437
0.9266666769981384
0.8733333349227905
0.8600000143051147
0.8733333349227905
0.9200000166893005
0.9066666960716248
0.9266666769981384
0.8899999856948853
0.9133333563804626
0.949999988079071
0.8766666650772095
0.9233333468437195
0.9133333563804626
0.949999988079071
0.9466666579246521
0.9766666889190674
0.95333331823349
0.9399999976158142
0.9100000262260437
0.8833333253860474
0.9266666769981384
0.9466666579246521
0.9333333373069763
0.9100000262260437
0.9566666483879089
0.9166666865348816
0.9633333086967468
0.9300000071525574
0.9433333277702332
0.9466666579246521
0.9399999976158142
0.9399999976158142
0.9066666960716248
0.9200000166893005
0.8999999761581421
0.9133333563804626
0.8433333039283752
0.8966666460037231
0.9466666579246521
0.9300000071525574
0.8933333158493042
0.9300000071525574
0.9666666388511658
0.9233333468437195
0.8566666841506958
0.8600000143051147
0.949999988079071
0.8966666460037231
0.95333331823349
0.9200000166893005
0.9133333563804626
0.9300000071525574
0.8999999761581421
0.9466666579246521
0.9700000286102295
0.9333333373069763
0.903333306312561
0.9800000190734863
0.8733333349227905
0.949999988079071
0.9666666388511658
0.9200000166893005
0.9133333563804626
0.9466666579246521
0.9300000071525574
0.9266666769981384
0.9466666579246521
0.9233333468437195
0.8933333158493042
0.949999988079071
0.8966666460037231
0.8999999761581421
0.9433333277702332
0.9166666865348816
0.9466666579246521
0.9433333277702332
0.9066666960716248
0.9433333277702332
0.8633333444595337
0.9399999976158142
0.9133333563804626
0.9433333277702332
0.8933333158493042
0.9200000166893005
0.8799999952316284
0.9433333277702332
0.8899999856948853
0.9666666388511658
0.9333333373069763
0.8766666650772095
0.9433333277702332
0.9599999785423279
0.9266666769981384
0.95333331823349
0.9266666769981384
0.8999999761581421
0.9266666769981384
0.8966666460037231
0.8866666555404663
0.8666666746139526
0.9366666674613953
0.9633333086967468
0.9166666865348816
0.8933333158493042
0.9100000262260437
0.9566666483879089
0.9333333373069763
0.8899999856948853
0.8533333539962769
0.9133333563804626
0.9466666579246521
0.8899999856948853
0.9066666960716248
0.9300000071525574
0.9700000286102295
0.8700000047683716
0.9466666579246521
0.8933333158493042
0.9100000262260437
0.9366666674613953
0.9633333086967468
0.9233333468437195
0.9566666483879089
0.9466666579246521
0.9333333373069763
0.9200000166893005
0.8933333158493042
0.9433333277702332
0.9333333373069763
0.8999999761581421
0.903333306312561
0.9166666865348816
0.8966666460037231
0.9733333587646484
0.9333333373069763
0.9666666388511658
0.95333331823349
0.949999988079071
0.903333306312561
0.949999988079071
0.9566666483879089
0.9233333468437195
0.9466666579246521
0.8700000047683716
0.9700000286102295
0.9566666483879089
0.9766666889190674
0.9233333468437195
0.9200000166893005
0.9266666769981384
0.9433333277702332
0.9466666579246521
0.9100000262260437
0.9599999785423279
0.95333331823349
0.95333331823349
0.9300000071525574
0.9666666388511658
0.8999999761581421
0.9166666865348816
0.9399999976158142
0.9300000071525574
0.9266666769981384
0.9399999976158142
0.9366666674613953
0.9166666865348816
0.9133333563804626
0.9466666579246521
0.9399999976158142
0.9133333563804626
0.9233333468437195
0.9666666388511658
0.95333331823349
0.9700000286102295
0.9599999785423279
0.9100000262260437
0.9466666579246521
0.9366666674613953
0.9333333373069763
0.9200000166893005
0.9300000071525574
0.9233333468437195
0.949999988079071
0.9399999976158142
0.8999999761581421
0.9466666579246521
0.9333333373069763
0.9266666769981384
0.9166666865348816
0.9466666579246521
0.8866666555404663
0.8966666460037231
0.9200000166893005
0.8600000143051147
0.9100000262260437
0.9766666889190674
0.8899999856948853
0.9433333277702332
0.9666666388511658
0.9566666483879089
0.9599999785423279
0.9566666483879089
0.8933333158493042
0.95333331823349
0.8933333158493042
0.9800000190734863
0.9566666483879089
0.9300000071525574
0.9166666865348816
0.8866666555404663
0.95333331823349
0.9733333587646484
0.9166666865348816
0.949999988079071
0.9266666769981384
0.8533333539962769
0.9333333373069763
0.9333333373069763
0.9599999785423279
0.9466666579246521
0.8833333253860474
0.9100000262260437
0.9800000190734863
0.903333306312561
0.949999988079071
0.9666666388511658
0.9566666483879089
0.9700000286102295
0.8766666650772095
0.9433333277702332
0.8199999928474426
0.9100000262260437
0.8999999761581421
0.95333331823349
0.9233333468437195
0.9133333563804626
0.9100000262260437
0.9266666769981384
0.9233333468437195
0.9666666388511658
0.9133333563804626
0.9333333373069763
0.9466666579246521
0.903333306312561
0.9166666865348816
0.9300000071525574
0.9233333468437195
0.8899999856948853
0.95333331823349
0.8833333253860474
0.9599999785423279
0.9433333277702332
0.9700000286102295
0.9266666769981384
0.9233333468437195
0.8999999761581421
0.9100000262260437
0.9800000190734863
0.9366666674613953
0.9766666889190674
0.9166666865348816
0.9100000262260437
0.9566666483879089
0.8399999737739563
0.903333306312561
0.9433333277702332
0.9599999785423279
0.8999999761581421
0.9666666388511658
0.9766666889190674
0.9633333086967468
0.9833333492279053
0.8933333158493042
0.9433333277702332
0.95333331823349
0.9266666769981384
0.9266666769981384
0.9766666889190674
0.9633333086967468
0.9266666769981384
0.9166666865348816
0.9566666483879089
0.8500000238418579
0.9233333468437195
0.95333331823349
0.9566666483879089
0.9366666674613953
0.8100000023841858
0.8966666460037231
0.9466666579246521
0.8766666650772095
0.8799999952316284
0.9566666483879089
0.9700000286102295
0.9466666579246521
0.8833333253860474
0.9200000166893005
0.9200000166893005
0.9266666769981384
0.9599999785423279
0.9566666483879089
0.9566666483879089
0.8899999856948853
0.95333331823349
0.9433333277702332
0.9566666483879089
0.9700000286102295
0.95333331823349
0.9333333373069763
0.9666666388511658
0.8833333253860474
0.9200000166893005
0.949999988079071
0.949999988079071
0.9366666674613953
0.9333333373069763
0.9566666483879089
0.9066666960716248
0.8966666460037231
0.95333331823349
0.95333331823349
0.9300000071525574
0.9700000286102295
0.9333333373069763
0.9100000262260437
0.9466666579246521
0.9266666769981384
0.9766666889190674
0.9433333277702332
0.9800000190734863
0.9366666674613953
0.9466666579246521
0.9566666483879089
0.8833333253860474
0.9233333468437195
0.8833333253860474
0.9233333468437195
0.9333333373069763
0.9666666388511658
0.8666666746139526
0.9266666769981384
0.9366666674613953
0.9233333468437195
0.8999999761581421
0.9366666674613953
0.9399999976158142
0.9100000262260437
0.9333333373069763
0.8999999761581421
0.9100000262260437
0.9433333277702332
0.9200000166893005
0.95333331823349
0.9233333468437195
0.9066666960716248
0.9599999785423279
0.9366666674613953
0.8899999856948853
0.8966666460037231
0.9100000262260437
0.9433333277702332
0.9066666960716248
0.9333333373069763
0.9366666674613953
0.949999988079071
0.8899999856948853
0.8899999856948853
0.9433333277702332
0.9766666889190674
0.9166666865348816
0.9666666388511658
0.9666666388511658
0.9133333563804626
0.9300000071525574
0.8766666650772095
0.9433333277702332
0.9366666674613953
0.9100000262260437
0.9399999976158142
0.9399999976158142
0.9566666483879089
0.9733333587646484
0.9566666483879089
0.9300000071525574
0.9366666674613953
0.9599999785423279
0.9733333587646484
0.9233333468437195
0.9366666674613953
0.9833333492279053
0.9333333373069763
0.95333331823349
0.9733333587646484
0.9633333086967468
0.903333306312561
0.9466666579246521
0.9166666865348816
0.9266666769981384
0.9100000262260437
0.9266666769981384
0.95333331823349
0.9233333468437195
0.9766666889190674
0.8966666460037231
0.949999988079071
0.8999999761581421
0.8933333158493042
0.9633333086967468
0.8899999856948853
0.9266666769981384
0.8999999761581421
0.9733333587646484
0.9599999785423279
0.9666666388511658
0.9233333468437195
0.9266666769981384
0.9666666388511658
0.8633333444595337
0.9599999785423279
0.9066666960716248
0.9166666865348816
0.9366666674613953
0.9833333492279053
0.9233333468437195
0.9599999785423279
0.9166666865348816
0.9133333563804626
0.9233333468437195
0.9466666579246521
0.9433333277702332
0.9566666483879089
0.9666666388511658
0.95333331823349
0.9200000166893005
0.949999988079071
0.9633333086967468
0.8799999952316284
0.9300000071525574
0.8966666460037231
0.903333306312561
0.8166666626930237
0.9633333086967468
0.9233333468437195
0.9333333373069763
0.903333306312561
0.9166666865348816
0.9166666865348816
0.9333333373069763
0.9100000262260437
0.9100000262260437
0.9433333277702332
0.9233333468437195
0.9666666388511658
0.8966666460037231
0.9200000166893005
0.9599999785423279
0.95333331823349
0.9633333086967468
0.9666666388511658
0.9800000190734863
0.9266666769981384
0.9666666388511658
0.9833333492279053
0.9100000262260437
0.8833333253860474
0.9333333373069763
0.95333331823349
0.9666666388511658
0.9566666483879089
0.9700000286102295
0.8866666555404663
0.8666666746139526
0.8700000047683716
0.9433333277702332
0.9200000166893005
0.9366666674613953
0.9433333277702332
0.9100000262260437
0.9266666769981384
0.9333333373069763
0.9066666960716248
0.949999988079071
0.9200000166893005
0.9233333468437195
0.8700000047683716
0.9466666579246521
0.9333333373069763
0.9366666674613953
0.9599999785423279
0.9433333277702332
0.9366666674613953
0.9666666388511658
0.9700000286102295
0.949999988079071
0.8866666555404663
0.9333333373069763
0.9666666388511658
0.8966666460037231
0.9066666960716248
0.9333333373069763
0.9233333468437195
0.9233333468437195
0.95333331823349
0.8700000047683716
0.9433333277702332
0.9433333277702332
0.9200000166893005
0.9666666388511658
0.9700000286102295
0.9566666483879089
0.9566666483879089
0.9300000071525574
0.9599999785423279
0.9433333277702332
0.9200000166893005
0.9466666579246521
0.9466666579246521
0.8799999952316284
0.9233333468437195
0.949999988079071
0.8700000047683716
0.9466666579246521
0.9066666960716248
0.9666666388511658
0.9933333396911621
0.9200000166893005
0.95333331823349
0.9233333468437195
0.9166666865348816
0.9233333468437195
0.903333306312561
0.9300000071525574
0.9066666960716248
0.8799999952316284
0.9466666579246521
0.9466666579246521
0.8833333253860474
0.9466666579246521
0.9399999976158142
0.9833333492279053
0.949999988079071
0.9733333587646484
0.8966666460037231
0.9266666769981384
0.9666666388511658
0.949999988079071
0.9200000166893005
0.8999999761581421
0.846666693687439
0.9433333277702332
0.9266666769981384
0.95333331823349
0.8866666555404663
0.8833333253860474
0.949999988079071
0.9133333563804626
0.9433333277702332
0.9733333587646484
0.8700000047683716
0.9233333468437195
0.9300000071525574
0.9599999785423279
0.9333333373069763
0.9233333468437195
0.8899999856948853
0.9599999785423279
0.9700000286102295
0.9300000071525574
0.9700000286102295
0.8899999856948853
0.9066666960716248
0.9200000166893005
0.9700000286102295
0.9200000166893005
0.9633333086967468
0.9100000262260437
0.9466666579246521
0.9733333587646484
0.9166666865348816
0.9333333373069763
0.9200000166893005
0.8833333253860474
0.9200000166893005
0.9366666674613953
0.9633333086967468
0.9433333277702332
0.9200000166893005
0.949999988079071
0.9566666483879089
0.9100000262260437
0.9300000071525574
0.9466666579246521
0.9399999976158142
0.9633333086967468
0.9633333086967468
0.9300000071525574
0.9633333086967468
0.8666666746139526
0.8866666555404663
0.9633333086967468
0.95333331823349
0.9800000190734863
0.9300000071525574
0.9300000071525574
0.9766666889190674
0.9100000262260437
0.949999988079071
0.903333306312561
0.9266666769981384
0.9433333277702332
0.9300000071525574
0.9200000166893005
0.8999999761581421
0.9399999976158142
0.9566666483879089
0.9100000262260437
0.9666666388511658
0.9133333563804626
0.949999988079071
0.8833333253860474
0.9100000262260437
0.9366666674613953
0.9133333563804626
0.9633333086967468
0.95333331823349
0.9466666579246521
0.9733333587646484
0.9633333086967468
0.9399999976158142
0.9166666865348816
0.846666693687439
0.9366666674613953
0.9566666483879089
0.9433333277702332
0.9633333086967468
0.9233333468437195
0.9633333086967468
0.9566666483879089
0.8966666460037231
0.8333333134651184
0.9399999976158142
0.9666666388511658
0.9466666579246521
0.8833333253860474
0.9633333086967468
0.9266666769981384
0.9733333587646484
0.9300000071525574
0.9466666579246521
0.8766666650772095
0.8933333158493042
0.95333331823349
0.9333333373069763
0.949999988079071
0.95333331823349
0.9266666769981384
0.8966666460037231
0.9100000262260437
0.8833333253860474
0.95333331823349
0.903333306312561
0.8700000047683716
0.9333333373069763
0.9366666674613953
0.9333333373069763
0.8766666650772095
0.9399999976158142
0.9166666865348816
0.8799999952316284
0.9200000166893005
0.8633333444595337
0.9566666483879089
0.9833333492279053
0.9433333277702332
0.9233333468437195
0.9233333468437195
0.9233333468437195
0.9566666483879089
0.9399999976158142
0.9833333492279053
0.9566666483879089
0.8733333349227905
0.9133333563804626
0.9666666388511658
0.9300000071525574
0.949999988079071
0.9733333587646484
0.9566666483879089
0.9566666483879089
0.9300000071525574
0.8999999761581421
0.9800000190734863
0.9333333373069763
0.9566666483879089
0.9266666769981384
0.9566666483879089
0.9833333492279053
0.9666666388511658
0.9233333468437195
0.9100000262260437
0.9066666960716248
0.949999988079071
0.8700000047683716
0.9633333086967468
0.8866666555404663
0.9633333086967468
0.9200000166893005
0.9599999785423279
0.9200000166893005
0.9433333277702332
0.9399999976158142
0.9900000095367432
0.9700000286102295
0.95333331823349
0.9466666579246521
0.9300000071525574
0.95333331823349
0.9366666674613953
0.8500000238418579
0.9566666483879089
0.8733333349227905
0.8766666650772095
0.9666666388511658
0.903333306312561
0.8899999856948853
0.9733333587646484
0.9366666674613953
0.9466666579246521
0.95333331823349
0.9200000166893005
0.9766666889190674
0.9166666865348816
0.9366666674613953
0.9433333277702332
0.9466666579246521
0.949999988079071
0.95333331823349
0.9366666674613953
0.9666666388511658
0.9300000071525574
0.9100000262260437
0.8633333444595337
0.9666666388511658
0.903333306312561
0.9800000190734863
0.9066666960716248
0.8733333349227905
0.9133333563804626
0.9666666388511658
0.9399999976158142
0.9566666483879089
0.903333306312561
0.9466666579246521
0.949999988079071
0.9566666483879089
0.9466666579246521
0.9433333277702332
0.95333331823349
0.9599999785423279
0.9666666388511658
0.9366666674613953
0.9433333277702332
0.9433333277702332
0.9333333373069763
0.9700000286102295
0.9233333468437195
0.95333331823349
0.9566666483879089
0.949999988079071
0.9366666674613953
0.9366666674613953
0.9233333468437195
0.9399999976158142
0.9066666960716248
0.9399999976158142
0.9133333563804626
0.9399999976158142
0.9399999976158142
0.9233333468437195
0.9333333373069763
0.9733333587646484
0.9399999976158142
0.9566666483879089
0.8899999856948853
0.9333333373069763
0.9333333373069763
0.9333333373069763
0.95333331823349
0.8799999952316284
0.9633333086967468
0.9399999976158142
0.9200000166893005
0.9200000166893005
0.9566666483879089
0.8899999856948853
0.9666666388511658
0.9200000166893005
0.9133333563804626
0.95333331823349
0.8733333349227905
0.9366666674613953
0.95333331823349
0.9599999785423279
0.9200000166893005
0.9066666960716248
0.9599999785423279
0.9166666865348816
0.9266666769981384
0.9333333373069763
0.9300000071525574
0.9599999785423279
0.903333306312561
0.9599999785423279
0.9100000262260437
0.9766666889190674
0.9866666793823242
0.9666666388511658
0.9700000286102295
0.9233333468437195
0.9366666674613953
0.949999988079071
0.9833333492279053
0.8899999856948853
0.9266666769981384
0.9200000166893005
0.95333331823349
0.9066666960716248
0.9633333086967468
0.8700000047683716
0.9800000190734863
0.9833333492279053
0.9300000071525574
0.9433333277702332
0.9233333468437195
0.9466666579246521
0.9266666769981384
0.9166666865348816
0.8566666841506958
0.949999988079071
0.949999988079071
0.9566666483879089
0.9066666960716248
0.9333333373069763
0.9466666579246521
0.9433333277702332
0.9200000166893005
0.9233333468437195
0.9300000071525574
0.9366666674613953
0.9300000071525574
0.95333331823349
0.9233333468437195
0.9766666889190674
0.9566666483879089
0.9300000071525574
0.9333333373069763
0.9466666579246521
0.9366666674613953
0.9399999976158142
0.9599999785423279
0.8966666460037231
0.9399999976158142
0.9166666865348816
0.9433333277702332
0.9433333277702332
0.9266666769981384
0.949999988079071
0.9366666674613953
0.9100000262260437
0.8833333253860474
0.9466666579246521
0.95333331823349
0.9300000071525574
0.9599999785423279
0.9599999785423279
0.949999988079071
0.9300000071525574
0.8833333253860474
0.9433333277702332
0.9733333587646484
0.949999988079071
0.9700000286102295
0.949999988079071
0.9300000071525574
0.9066666960716248
0.9333333373069763
0.949999988079071
0.9266666769981384
0.9566666483879089
0.9333333373069763
0.9566666483879089
0.9566666483879089
0.949999988079071
0.9300000071525574
0.9066666960716248
0.9300000071525574
0.9233333468437195
0.9433333277702332
0.9133333563804626
0.9166666865348816
0.9700000286102295
0.9166666865348816
0.9333333373069763
0.9566666483879089
0.9433333277702332
0.8966666460037231
0.9300000071525574
0.9700000286102295
0.9300000071525574
0.9566666483879089
0.9333333373069763
0.7733333110809326
0.9266666769981384
0.9433333277702332
0.8966666460037231
0.9300000071525574
0.9399999976158142
0.9100000262260437
0.9399999976158142
0.9766666889190674
0.9399999976158142
0.9166666865348816
0.95333331823349
0.9666666388511658
0.9700000286102295
0.8866666555404663
0.9766666889190674
0.9700000286102295
0.9200000166893005
0.9166666865348816
0.8766666650772095
0.9300000071525574
0.95333331823349
0.95333331823349
0.8899999856948853
0.9366666674613953
0.8966666460037231
0.9466666579246521
0.9366666674613953
0.9300000071525574
0.9399999976158142
0.9566666483879089
0.9599999785423279
0.8299999833106995
0.9066666960716248
0.9566666483879089
0.9233333468437195
0.9133333563804626
0.9200000166893005
0.9733333587646484
0.95333331823349
0.9333333373069763
0.9700000286102295
0.9599999785423279
0.9133333563804626
0.9066666960716248
0.9466666579246521
0.9466666579246521
0.95333331823349
0.9666666388511658
0.9666666388511658
0.9599999785423279
0.9566666483879089
0.8799999952316284
0.8899999856948853
0.9633333086967468
0.9700000286102295
0.9666666388511658
0.949999988079071
0.9800000190734863
0.9300000071525574
0.9566666483879089
0.9800000190734863
0.9666666388511658
0.8966666460037231
0.9433333277702332
0.9433333277702332
0.9200000166893005
0.9399999976158142
0.9233333468437195
0.9633333086967468
0.9733333587646484
0.9700000286102295
0.9166666865348816
0.9399999976158142
0.9666666388511658
0.9833333492279053
0.9833333492279053
0.949999988079071
0.8899999856948853
0.9399999976158142
0.9933333396911621
0.9200000166893005
0.9566666483879089
0.9333333373069763
0.9366666674613953
0.9599999785423279
0.9700000286102295
0.9399999976158142
0.9700000286102295
0.9666666388511658
0.95333331823349
0.9366666674613953
0.903333306312561
0.9166666865348816
0.9633333086967468
0.9333333373069763
0.9366666674613953
0.9399999976158142
0.9733333587646484
0.9566666483879089
0.95333331823349
0.9133333563804626
0.9300000071525574
0.9433333277702332
0.9733333587646484
0.9566666483879089
0.9200000166893005
0.9666666388511658
0.9599999785423279
0.9233333468437195
0.9433333277702332
0.9466666579246521
0.9133333563804626
0.8566666841506958
0.9599999785423279
0.9700000286102295
0.9433333277702332
0.9333333373069763
0.9766666889190674
0.95333331823349
0.9633333086967468
0.9200000166893005
0.95333331823349
0.9633333086967468
0.9466666579246521
0.9300000071525574
0.9266666769981384
0.9666666388511658
0.9733333587646484
0.9233333468437195
0.9466666579246521
0.9233333468437195
0.9300000071525574
0.9666666388511658
0.9233333468437195
0.903333306312561
0.9266666769981384
0.9233333468437195
0.9800000190734863
0.8933333158493042
0.9433333277702332
0.9766666889190674
0.95333331823349
0.95333331823349
0.9399999976158142
0.9166666865348816
0.9399999976158142
0.9666666388511658
0.9700000286102295
0.8933333158493042
0.9599999785423279
0.8500000238418579
0.9433333277702332
0.9666666388511658
0.95333331823349
0.9800000190734863
0.9100000262260437
0.9300000071525574
0.9333333373069763
0.949999988079071
0.9733333587646484
0.949999988079071
0.9666666388511658
0.9200000166893005
0.9166666865348816
0.9700000286102295
0.95333331823349
0.8999999761581421
0.9766666889190674
0.9233333468437195
0.9433333277702332
0.9466666579246521
0.8666666746139526
0.9599999785423279
0.8999999761581421
0.9599999785423279
0.8500000238418579
0.9566666483879089
0.9266666769981384
0.9333333373069763
0.9566666483879089
0.9700000286102295
0.8799999952316284
0.9433333277702332
0.9100000262260437
0.9633333086967468
0.9466666579246521
0.9599999785423279
0.9166666865348816
0.9633333086967468
0.9800000190734863
0.9800000190734863
0.9566666483879089
0.9233333468437195
0.9466666579246521
0.9666666388511658
0.8866666555404663
0.9133333563804626
0.9433333277702332
0.9066666960716248
0.8866666555404663
0.9266666769981384
0.9566666483879089
0.9066666960716248
0.9433333277702332
0.9366666674613953
0.9566666483879089
0.9333333373069763
0.9399999976158142
0.9399999976158142
0.9599999785423279
0.9566666483879089
0.9766666889190674
0.9766666889190674
0.95333331823349
0.9100000262260437
0.9200000166893005
0.9366666674613953
0.9166666865348816
0.9399999976158142
0.9433333277702332
0.949999988079071
0.9433333277702332
0.9633333086967468
0.9700000286102295
0.9233333468437195
0.9599999785423279
0.9566666483879089
0.9599999785423279
0.9399999976158142
0.9666666388511658
0.9866666793823242
0.95333331823349
0.9466666579246521
0.9466666579246521
0.9666666388511658
0.8266666531562805
0.9333333373069763
0.9599999785423279
0.9333333373069763
0.9433333277702332
0.8899999856948853
0.9166666865348816
0.9433333277702332
0.949999988079071
0.9599999785423279
0.8933333158493042
0.9366666674613953
0.9333333373069763
0.9200000166893005
0.95333331823349
0.95333331823349
0.949999988079071
0.9633333086967468
0.9233333468437195
0.8899999856948853
0.9766666889190674
0.9599999785423279
0.8866666555404663
0.8966666460037231
0.9666666388511658
0.9399999976158142
0.9566666483879089
0.9333333373069763
0.8500000238418579
0.8833333253860474
0.9766666889190674
0.9300000071525574
0.9599999785423279
0.9300000071525574
0.9733333587646484
0.9599999785423279
0.9466666579246521
0.9233333468437195
0.9366666674613953
0.9566666483879089
0.9233333468437195
0.9266666769981384
0.9333333373069763
0.903333306312561
0.9800000190734863
0.9599999785423279
0.9633333086967468
0.9866666793823242
0.9733333587646484
0.95333331823349
0.9800000190734863
0.9333333373069763
0.9599999785423279
0.9466666579246521
0.949999988079071
0.8833333253860474
0.9700000286102295
0.9700000286102295
0.9366666674613953
0.95333331823349
0.9266666769981384
0.9333333373069763
0.8266666531562805
0.9700000286102295
0.949999988079071
0.95333331823349
0.95333331823349
0.9466666579246521
0.95333331823349
0.9133333563804626
0.9399999976158142
0.9200000166893005
0.9300000071525574
0.9333333373069763
0.9599999785423279
0.9700000286102295
0.9633333086967468
0.9166666865348816
0.9066666960716248
0.9366666674613953
0.9300000071525574
0.8933333158493042
0.9733333587646484
0.9766666889190674
0.9833333492279053
0.9800000190734863
0.8966666460037231
0.9599999785423279
0.9333333373069763
0.9566666483879089
0.9233333468437195
0.9833333492279053
0.9566666483879089
0.9200000166893005
0.9100000262260437
0.95333331823349
0.9866666793823242
0.9333333373069763
0.9466666579246521
0.9466666579246521
0.9366666674613953
0.9633333086967468
0.9233333468437195
0.9633333086967468
0.95333331823349
0.9566666483879089
0.9866666793823242
0.949999988079071
0.95333331823349
0.9800000190734863
0.9100000262260437
0.9599999785423279
0.9333333373069763
0.9433333277702332
0.9466666579246521
0.9633333086967468
0.9766666889190674
0.9466666579246521
0.9633333086967468
0.9466666579246521
0.8933333158493042
0.9300000071525574
0.9833333492279053
0.9366666674613953
0.9133333563804626
0.9366666674613953
0.9200000166893005
0.8966666460037231
0.9633333086967468
0.9733333587646484
0.9433333277702332
0.9066666960716248
0.9666666388511658
0.903333306312561
0.9266666769981384
0.9599999785423279
0.9633333086967468
0.9300000071525574
0.9366666674613953
0.9666666388511658
0.95333331823349
0.9233333468437195
0.9633333086967468
0.9566666483879089
0.9266666769981384
0.9866666793823242
0.9833333492279053
0.9366666674613953
0.9733333587646484
0.9566666483879089
0.9666666388511658
0.9766666889190674
0.9433333277702332
0.9433333277702332
0.8933333158493042
0.9300000071525574
0.9266666769981384
0.95333331823349
0.9300000071525574
0.9433333277702332
0.9666666388511658
0.9599999785423279
0.9766666889190674
0.9233333468437195
0.9633333086967468
0.949999988079071
0.9433333277702332
0.9633333086967468
0.9733333587646484
0.903333306312561
0.9466666579246521
0.9200000166893005
0.95333331823349
0.9166666865348816
0.9366666674613953
0.8999999761581421
0.9700000286102295
0.9200000166893005
0.9433333277702332
0.9700000286102295
0.9633333086967468
0.9399999976158142
0.9266666769981384
0.9566666483879089
0.9333333373069763
0.9333333373069763
0.9200000166893005
0.9133333563804626
0.9733333587646484
0.8866666555404663
0.9566666483879089
0.9666666388511658
0.949999988079071
0.9633333086967468
0.8500000238418579
0.9100000262260437
0.9700000286102295
0.9166666865348816
0.9399999976158142
0.8999999761581421
0.9233333468437195
0.9566666483879089
0.9800000190734863
0.9566666483879089
0.9566666483879089
0.9900000095367432
0.9566666483879089
0.9399999976158142
0.8966666460037231
0.9466666579246521
0.9333333373069763
0.9733333587646484
0.9633333086967468
0.95333331823349
0.9166666865348816
0.9599999785423279
0.9466666579246521
0.9700000286102295
0.9700000286102295
0.9166666865348816
0.9633333086967468
0.9566666483879089
0.903333306312561
0.9466666579246521
0.9366666674613953
0.9333333373069763
0.8600000143051147
0.9900000095367432
0.9399999976158142
0.9066666960716248
0.9766666889190674
0.9633333086967468
0.8999999761581421
0.9200000166893005
0.9433333277702332
0.9566666483879089
0.9900000095367432
0.9800000190734863
0.9266666769981384
0.949999988079071
0.95333331823349
0.9633333086967468
0.9433333277702332
0.9399999976158142
0.9733333587646484
0.9566666483879089
0.9566666483879089
0.9233333468437195
0.9366666674613953
0.949999988079071
0.9100000262260437
0.95333331823349
0.9433333277702332
0.8833333253860474
0.8899999856948853
0.95333331823349
0.9433333277702332
0.9666666388511658
0.8866666555404663
0.9633333086967468
0.9700000286102295
0.9399999976158142
0.9599999785423279
0.9599999785423279
0.9599999785423279
0.9266666769981384
0.9633333086967468
0.9700000286102295
0.9300000071525574
0.9433333277702332
0.9100000262260437
0.9566666483879089
0.8500000238418579
0.9633333086967468
0.9700000286102295
0.8899999856948853
0.9666666388511658
0.9733333587646484
0.9766666889190674
0.9200000166893005
0.9466666579246521
0.8999999761581421
0.9599999785423279
0.9066666960716248
0.9566666483879089
0.8799999952316284
0.9833333492279053
0.9566666483879089
0.9200000166893005
0.9766666889190674
0.95333331823349
0.9866666793823242
0.9566666483879089
0.9599999785423279
0.9866666793823242
0.9266666769981384
0.9200000166893005
0.9333333373069763
0.9633333086967468
0.9200000166893005
0.9633333086967468
0.8933333158493042
0.9633333086967468
0.9133333563804626
0.9333333373069763
0.9599999785423279
0.9233333468437195
0.8899999856948853
0.9066666960716248
0.9599999785423279
0.9800000190734863
0.9566666483879089
0.9633333086967468
0.9766666889190674
0.9733333587646484
0.9399999976158142
0.9266666769981384
0.95333331823349
0.9066666960716248
0.9266666769981384
0.95333331823349
0.9366666674613953
0.9466666579246521
0.9433333277702332
0.9566666483879089
0.95333331823349
0.949999988079071
0.9733333587646484
0.9866666793823242
0.8899999856948853
0.9266666769981384
0.9399999976158142
0.9633333086967468
0.9433333277702332
0.9666666388511658
0.9466666579246521
0.9933333396911621
0.9466666579246521
0.9366666674613953
0.9666666388511658
0.9300000071525574
0.9866666793823242
0.9599999785423279
0.9300000071525574
0.9466666579246521
0.9133333563804626
0.949999988079071
0.9466666579246521
0.9666666388511658
0.9366666674613953
0.9700000286102295
0.9433333277702332
0.9266666769981384
0.9700000286102295
0.9399999976158142
0.9800000190734863
0.9800000190734863
0.9733333587646484
0.9700000286102295
0.9466666579246521
0.9233333468437195
0.9766666889190674
0.9433333277702332
0.9333333373069763
0.9233333468437195
0.9633333086967468
0.9433333277702332
0.9333333373069763
0.949999988079071
0.9633333086967468
0.9466666579246521
0.95333331823349
0.9800000190734863
0.9666666388511658
0.8999999761581421
0.9599999785423279
0.9433333277702332
0.9866666793823242
0.9900000095367432
0.9633333086967468
0.949999988079071
0.9433333277702332
0.903333306312561
0.9633333086967468
0.9133333563804626
0.903333306312561
0.95333331823349
0.95333331823349
0.9700000286102295
0.949999988079071
0.8966666460037231
0.9333333373069763
0.9300000071525574
0.9733333587646484
0.9433333277702332
0.9866666793823242
0.95333331823349
0.9366666674613953
0.9266666769981384
0.9266666769981384
0.9566666483879089
0.9266666769981384
0.9366666674613953
0.9766666889190674
0.9700000286102295
0.9266666769981384
0.9100000262260437
0.9599999785423279
0.9599999785423279
0.9766666889190674
0.9333333373069763
0.95333331823349
0.9100000262260437
0.9066666960716248
0.95333331823349
0.9700000286102295
0.9566666483879089
0.9633333086967468
0.9733333587646484
0.9766666889190674
0.8966666460037231
0.9833333492279053
0.9066666960716248
0.949999988079071
0.9800000190734863
0.9366666674613953
0.95333331823349
0.949999988079071
0.8899999856948853
0.8899999856948853
0.9566666483879089
0.9900000095367432
0.9599999785423279
0.9599999785423279
0.95333331823349
0.8766666650772095
0.9666666388511658
0.8666666746139526
0.9200000166893005
0.9466666579246521
0.9566666483879089
0.9200000166893005
0.9300000071525574
0.9433333277702332
0.9399999976158142
0.95333331823349
0.9800000190734863
0.9766666889190674
0.9633333086967468
0.9399999976158142
0.9466666579246521
0.9633333086967468
0.9466666579246521
0.9666666388511658
0.9666666388511658
0.949999988079071
0.9466666579246521
0.9166666865348816
0.9566666483879089
0.9266666769981384
0.9599999785423279
0.9333333373069763
0.9300000071525574
0.9466666579246521
0.9066666960716248
0.9566666483879089
0.9633333086967468
0.9800000190734863
0.9166666865348816
0.9466666579246521
0.9599999785423279
0.9566666483879089
0.95333331823349
0.9599999785423279
0.9599999785423279
0.95333331823349
0.9766666889190674
0.9333333373069763
0.9066666960716248
0.95333331823349
0.9666666388511658
0.9666666388511658
0.9633333086967468
0.9266666769981384
0.9433333277702332
0.9366666674613953
0.9399999976158142
0.9399999976158142
0.9800000190734863
0.9666666388511658
0.9700000286102295
0.9166666865348816
0.9333333373069763
0.9466666579246521
0.9666666388511658
0.9633333086967468
0.9266666769981384
0.9466666579246521
0.9166666865348816
0.9700000286102295
0.9700000286102295
0.9800000190734863
0.9733333587646484
0.9100000262260437
0.9300000071525574
0.9266666769981384
0.9399999976158142
0.9633333086967468
0.9266666769981384
0.9766666889190674
0.9766666889190674
0.949999988079071
0.9166666865348816
0.8633333444595337
0.8833333253860474
0.9266666769981384
0.9433333277702332
0.9566666483879089
0.9466666579246521
0.903333306312561
0.9200000166893005
0.9566666483879089
0.9266666769981384
0.9633333086967468
0.9466666579246521
0.9599999785423279
0.9766666889190674
0.9233333468437195
0.9166666865348816
0.9466666579246521
0.9266666769981384
0.9433333277702332
0.9599999785423279
0.9666666388511658
0.9399999976158142
0.9433333277702332
0.9233333468437195
0.9133333563804626
0.9566666483879089
0.8933333158493042
0.9300000071525574
0.9366666674613953
0.9433333277702332
0.9233333468437195
0.949999988079071
0.9566666483879089
0.8999999761581421
0.8899999856948853
0.9200000166893005
0.9766666889190674
0.8999999761581421
0.9700000286102295
0.9433333277702332
0.9866666793823242
0.9633333086967468
0.9466666579246521
0.8700000047683716
0.9666666388511658
0.95333331823349
0.9433333277702332
0.9599999785423279
0.9366666674613953
0.9233333468437195
0.9333333373069763
0.9599999785423279
0.9433333277702332
0.9233333468437195
0.9633333086967468
0.9800000190734863
0.9566666483879089
0.9433333277702332
0.9266666769981384
0.95333331823349
0.9666666388511658
0.9599999785423279
0.9200000166893005
0.9800000190734863
0.9399999976158142
0.9633333086967468
0.9599999785423279
0.949999988079071
0.949999988079071
0.9633333086967468
0.949999988079071
0.9666666388511658
0.9466666579246521
0.9200000166893005
0.9633333086967468
0.9566666483879089
0.9766666889190674
0.9433333277702332
0.9200000166893005
0.9833333492279053
0.9566666483879089
0.9599999785423279
0.9433333277702332
0.9433333277702332
0.8600000143051147
0.9300000071525574
0.8999999761581421
0.9433333277702332
0.9700000286102295
0.9633333086967468
0.95333331823349
0.9566666483879089
0.8966666460037231
0.9666666388511658
0.9466666579246521
0.9566666483879089
0.9700000286102295
0.9866666793823242
0.8966666460037231
0.9366666674613953
0.9433333277702332
0.9333333373069763
0.9733333587646484
0.9399999976158142
0.8899999856948853
0.9300000071525574
0.9366666674613953
0.9166666865348816
0.9766666889190674
0.9300000071525574
0.9466666579246521
0.9800000190734863
0.9166666865348816
0.9733333587646484
0.8999999761581421
0.9633333086967468
0.9666666388511658
0.9633333086967468
0.9800000190734863
0.949999988079071
0.9866666793823242
0.9700000286102295
0.9633333086967468
0.9399999976158142
0.9766666889190674
0.949999988079071
0.9433333277702332
0.9366666674613953
0.9800000190734863
0.9300000071525574
0.9833333492279053
0.996666669845581
0.9833333492279053
0.9333333373069763
0.95333331823349
0.95333331823349
0.9233333468437195
0.8899999856948853
0.8933333158493042
0.9266666769981384
0.9733333587646484
0.9200000166893005
0.9700000286102295
0.9333333373069763
0.9633333086967468
0.9266666769981384
0.8966666460037231
0.9766666889190674
0.9566666483879089
0.8266666531562805
0.9700000286102295
0.9300000071525574
0.9399999976158142
0.9233333468437195
0.9800000190734863
0.9599999785423279
0.949999988079071
0.9366666674613953
0.9300000071525574
0.8666666746139526
0.9233333468437195
0.9100000262260437
0.9800000190734863
0.9599999785423279
0.9566666483879089
0.9666666388511658
0.9300000071525574
0.9633333086967468
0.8999999761581421
0.9833333492279053
0.9433333277702332
0.9366666674613953
0.9700000286102295
0.9666666388511658
0.9399999976158142
0.8999999761581421
0.9766666889190674
0.9266666769981384
0.9466666579246521
0.9300000071525574
0.9733333587646484
0.8933333158493042
0.949999988079071
0.9300000071525574
0.95333331823349
0.9300000071525574
0.9599999785423279
0.9566666483879089
0.9733333587646484
0.9733333587646484
0.8633333444595337
0.949999988079071
0.9366666674613953
0.9733333587646484
0.9399999976158142
0.8799999952316284
0.9166666865348816
0.949999988079071
0.9066666960716248
0.95333331823349
0.9599999785423279
0.95333331823349
0.9766666889190674
0.9733333587646484
0.9866666793823242
0.9800000190734863
0.9566666483879089
0.9633333086967468
0.9833333492279053
0.9733333587646484
0.9333333373069763
0.9733333587646484
0.9733333587646484
0.9633333086967468
0.9399999976158142
0.9433333277702332
0.9599999785423279
0.95333331823349
0.95333331823349
0.9366666674613953
0.9833333492279053
0.9666666388511658
0.9566666483879089
0.95333331823349
0.9633333086967468
0.9566666483879089
0.8966666460037231
0.9100000262260437
0.9466666579246521
0.9366666674613953
0.9133333563804626
0.9633333086967468
0.95333331823349
0.9266666769981384
0.9399999976158142
0.9766666889190674
0.9633333086967468
0.9666666388511658
0.9266666769981384
0.9733333587646484
0.9700000286102295
0.9700000286102295
0.95333331823349
0.9666666388511658
0.9633333086967468
0.9466666579246521
0.9666666388511658
0.8966666460037231
0.9700000286102295
0.9800000190734863
0.9733333587646484
0.9333333373069763
0.9599999785423279
0.9900000095367432
0.9633333086967468
0.9166666865348816
0.9300000071525574
0.9599999785423279
0.9700000286102295
0.9300000071525574
0.8899999856948853
0.9633333086967468
0.9733333587646484
0.9166666865348816
0.9733333587646484
0.9266666769981384
0.8966666460037231
0.9900000095367432
0.9466666579246521
0.9166666865348816
0.9333333373069763
0.8999999761581421
0.9200000166893005
0.9100000262260437
0.9166666865348816
0.9466666579246521
0.8899999856948853
0.9366666674613953
0.9800000190734863
0.8899999856948853
0.9133333563804626
0.9599999785423279
0.9399999976158142
0.9700000286102295
0.949999988079071
0.9266666769981384
0.9766666889190674
0.8999999761581421
0.95333331823349
0.9466666579246521
0.9466666579246521
0.9633333086967468
0.9333333373069763
0.9466666579246521
0.9766666889190674
0.9866666793823242
0.9599999785423279
0.9566666483879089
0.9566666483879089
0.9466666579246521
0.903333306312561
0.8999999761581421
0.9233333468437195
0.9566666483879089
0.9833333492279053
0.9633333086967468
0.9366666674613953
0.9466666579246521
0.9766666889190674
0.9700000286102295
0.9599999785423279
0.8899999856948853
0.9566666483879089
0.9466666579246521
0.903333306312561
0.9366666674613953
0.9466666579246521
0.903333306312561
0.9399999976158142
0.9233333468437195
0.9566666483879089
0.9466666579246521
0.9466666579246521
0.949999988079071
0.903333306312561
0.9266666769981384
0.9399999976158142
0.95333331823349
0.9633333086967468
0.8866666555404663
0.9633333086967468
0.9800000190734863
0.9633333086967468
0.9599999785423279
0.9700000286102295
0.8999999761581421
0.9166666865348816
0.8799999952316284
0.9166666865348816
0.9266666769981384
0.9733333587646484
0.9733333587646484
0.9700000286102295
0.9366666674613953
0.8733333349227905
0.9800000190734863
0.95333331823349
0.9466666579246521
0.9866666793823242
0.949999988079071
0.9333333373069763
0.9733333587646484
0.949999988079071
0.9766666889190674
0.8799999952316284
0.9366666674613953
0.95333331823349
0.8700000047683716
0.9599999785423279
0.9366666674613953
0.8999999761581421
0.9833333492279053
0.9399999976158142
0.9433333277702332
0.949999988079071
0.949999988079071
0.95333331823349
0.9566666483879089
0.9700000286102295
0.9166666865348816
0.9333333373069763
0.9633333086967468
0.9333333373069763
0.8933333158493042
0.9300000071525574
0.9466666579246521
0.9266666769981384
0.9766666889190674
0.9566666483879089
0.9433333277702332
0.9566666483879089
0.9066666960716248
0.9333333373069763
0.9666666388511658
0.9200000166893005
0.9300000071525574
0.903333306312561
0.9766666889190674
0.9166666865348816
0.9633333086967468
0.9433333277702332
0.9700000286102295
0.9800000190734863
0.9399999976158142
0.9433333277702332
0.9766666889190674
0.9100000262260437
0.949999988079071
0.9766666889190674
0.9200000166893005
0.9433333277702332
0.8866666555404663
0.9166666865348816
0.9700000286102295
0.9566666483879089
0.9399999976158142
0.9399999976158142
0.8600000143051147
0.8999999761581421
0.9599999785423279
0.9433333277702332
0.9766666889190674
0.9233333468437195
0.9566666483879089
0.9200000166893005
0.9300000071525574
0.9599999785423279
0.9599999785423279
0.8666666746139526
0.9633333086967468
0.9233333468437195
0.9733333587646484
0.9733333587646484
0.9133333563804626
0.9366666674613953
0.9866666793823242
0.9166666865348816
0.9666666388511658
0.9766666889190674
0.9200000166893005
0.9766666889190674
0.9366666674613953
0.9566666483879089
0.8999999761581421
0.9366666674613953
0.8833333253860474
0.9833333492279053
0.95333331823349
0.9833333492279053
0.9766666889190674
0.95333331823349
0.9399999976158142
0.9233333468437195
0.9399999976158142
0.9066666960716248
0.9200000166893005
0.9366666674613953
0.9133333563804626
0.9766666889190674
0.9466666579246521
0.9633333086967468
0.9100000262260437
0.9133333563804626
0.9466666579246521
0.9433333277702332
0.9466666579246521
0.9666666388511658
0.9766666889190674
0.9133333563804626
0.9733333587646484
0.949999988079071
0.9300000071525574
0.9700000286102295
0.9366666674613953
0.949999988079071
0.9666666388511658
0.9633333086967468
0.9866666793823242
0.9566666483879089
0.9633333086967468
0.95333331823349
0.9333333373069763
0.9700000286102295
0.9399999976158142
0.9900000095367432
0.9200000166893005
0.9300000071525574
0.95333331823349
0.9800000190734863
0.9566666483879089
0.8933333158493042
0.9266666769981384
0.95333331823349
0.9766666889190674
0.95333331823349
0.9300000071525574
0.9599999785423279
0.949999988079071
0.95333331823349
0.8933333158493042
0.949999988079071
0.9266666769981384
0.9166666865348816
0.9833333492279053
0.9800000190734863
0.9166666865348816
0.9466666579246521
0.9266666769981384
0.9700000286102295
0.9666666388511658
0.9166666865348816
0.9566666483879089
0.9266666769981384
0.9566666483879089
0.8966666460037231
0.9700000286102295
0.95333331823349
0.8966666460037231
0.9599999785423279
0.9566666483879089
0.9366666674613953
0.8999999761581421
0.9433333277702332
0.949999988079071
0.95333331823349
0.9200000166893005
0.9700000286102295
0.9333333373069763
0.9833333492279053
0.9833333492279053
0.9599999785423279
0.9933333396911621
0.9333333373069763
0.9733333587646484
0.9066666960716248
0.9700000286102295
0.9633333086967468
0.9066666960716248
0.9599999785423279
0.9433333277702332
0.8799999952316284
0.8966666460037231
0.949999988079071
0.9733333587646484
0.9399999976158142
0.9366666674613953
0.9633333086967468
0.949999988079071
0.9366666674613953
0.949999988079071
0.9633333086967468
0.9433333277702332
0.9733333587646484
0.9700000286102295
0.949999988079071
0.9900000095367432
0.9300000071525574
0.9366666674613953
0.95333331823349
0.9466666579246521
0.9700000286102295
0.9200000166893005
0.9700000286102295
0.9566666483879089
0.9566666483879089
0.9100000262260437
0.9833333492279053
0.9666666388511658
0.9766666889190674
0.9166666865348816
0.9466666579246521
0.9333333373069763
0.9800000190734863
0.9633333086967468
0.9666666388511658
0.9300000071525574
0.9399999976158142
0.9666666388511658
0.95333331823349
0.9366666674613953
0.9933333396911621
0.9800000190734863
0.9466666579246521
0.9666666388511658
0.9599999785423279
0.9200000166893005
0.9700000286102295
0.9800000190734863
0.949999988079071
0.95333331823349
0.9166666865348816
0.9300000071525574
0.9900000095367432
0.8899999856948853
0.9666666388511658
0.9666666388511658
0.949999988079071
0.9566666483879089
0.9300000071525574
0.9433333277702332
0.9666666388511658
0.9633333086967468
0.9599999785423279
0.9233333468437195
0.9833333492279053
0.949999988079071
0.949999988079071
0.9366666674613953
0.9733333587646484
0.9766666889190674
0.9333333373069763
0.9366666674613953
0.9566666483879089
0.9399999976158142
0.9766666889190674
0.9733333587646484
0.9266666769981384
0.9700000286102295
0.9733333587646484
0.903333306312561
0.9433333277702332
0.9433333277702332
0.9266666769981384
0.9366666674613953
0.9599999785423279
0.9666666388511658
0.9566666483879089
0.9399999976158142
0.9733333587646484
0.9399999976158142
0.9666666388511658
0.8799999952316284
0.9666666388511658
0.9633333086967468
0.9766666889190674
0.9833333492279053
0.9599999785423279
0.9266666769981384
0.9700000286102295
0.95333331823349
0.95333331823349
0.9466666579246521
0.8600000143051147
0.95333331823349
0.9866666793823242
0.9433333277702332
0.95333331823349
0.9700000286102295
0.9766666889190674
0.9466666579246521
0.9333333373069763
0.9566666483879089
0.9700000286102295
0.9200000166893005
0.95333331823349
0.9399999976158142
0.9366666674613953
0.9766666889190674
0.9700000286102295
0.9566666483879089
0.9633333086967468
0.9300000071525574
0.9800000190734863
0.95333331823349
0.8866666555404663
0.9700000286102295
0.9700000286102295
0.9433333277702332
0.9599999785423279
0.9566666483879089
0.9800000190734863
0.9833333492279053
0.9599999785423279
0.9100000262260437
0.9399999976158142
0.9700000286102295
0.9633333086967468
0.9633333086967468
0.8766666650772095
0.9266666769981384
0.9566666483879089
0.9800000190734863
0.9399999976158142
0.949999988079071
0.9666666388511658
0.9766666889190674
0.9566666483879089
0.9833333492279053
0.9833333492279053
0.9800000190734863
0.9733333587646484
0.9866666793823242
0.9599999785423279
0.9066666960716248
0.9100000262260437
0.9100000262260437
0.9599999785423279
0.9866666793823242
0.9566666483879089
0.9633333086967468
0.9633333086967468
0.846666693687439
0.95333331823349
0.9833333492279053
0.903333306312561
0.8799999952316284
0.949999988079071
0.9166666865348816
0.9066666960716248
0.9100000262260437
0.9766666889190674
0.9233333468437195
0.9366666674613953
0.949999988079071
0.9833333492279053
0.9266666769981384
0.9733333587646484
0.9666666388511658
0.9800000190734863
0.9100000262260437
0.9599999785423279
0.9366666674613953
0.949999988079071
0.9566666483879089
0.949999988079071
0.9566666483879089
0.9466666579246521
0.9466666579246521
0.9333333373069763
0.9833333492279053
0.9800000190734863
0.9599999785423279
0.9566666483879089
0.8899999856948853
0.9333333373069763
0.9466666579246521
0.9733333587646484
0.949999988079071
0.9700000286102295
0.95333331823349
0.9866666793823242
0.9599999785423279
0.9599999785423279
0.9866666793823242
0.949999988079071
0.9733333587646484
0.9599999785423279
0.9233333468437195
0.9333333373069763
0.9633333086967468
0.9166666865348816
0.9766666889190674
0.9433333277702332
0.9566666483879089
0.9733333587646484
0.9399999976158142
0.9599999785423279
0.8999999761581421
0.9566666483879089
0.949999988079071
0.9166666865348816
0.9466666579246521
0.9366666674613953
0.9700000286102295
0.9200000166893005
0.8766666650772095
0.9566666483879089
0.9666666388511658
0.8966666460037231
0.9800000190734863
0.9566666483879089
0.9266666769981384
0.9700000286102295
0.9466666579246521
0.95333331823349
0.9633333086967468
0.9633333086967468
0.9866666793823242
0.9300000071525574
0.9733333587646484
0.9733333587646484
0.9266666769981384
0.8799999952316284
0.9166666865348816
0.949999988079071
0.95333331823349
0.8966666460037231
0.9466666579246521
0.9800000190734863
0.9566666483879089
0.9466666579246521
0.9766666889190674
0.9633333086967468
0.9200000166893005
0.9433333277702332
0.9700000286102295
0.9566666483879089
0.9666666388511658
0.9566666483879089
0.9300000071525574
0.9066666960716248
0.95333331823349
0.9166666865348816
0.9900000095367432
0.949999988079071
0.9100000262260437
0.9333333373069763
0.9800000190734863
0.9233333468437195
0.9433333277702332
0.9700000286102295
0.9766666889190674
0.9633333086967468
0.9700000286102295
0.9766666889190674
0.949999988079071
0.9566666483879089
0.95333331823349
0.9800000190734863
0.9466666579246521
0.9333333373069763
0.9900000095367432
0.9733333587646484
0.9466666579246521
0.9733333587646484
0.9233333468437195
0.9366666674613953
0.9333333373069763
0.949999988079071
0.9599999785423279
0.9666666388511658
0.9333333373069763
0.9233333468437195
0.9733333587646484
0.9300000071525574
0.9733333587646484
0.9399999976158142
0.9766666889190674
0.9866666793823242
0.9766666889190674
0.9700000286102295
0.9800000190734863
0.9733333587646484
0.9300000071525574
0.8799999952316284
0.9733333587646484
0.903333306312561
0.9100000262260437
0.9566666483879089
0.9833333492279053
0.9733333587646484
0.9866666793823242
0.9633333086967468
0.95333331823349
0.9566666483879089
0.95333331823349
0.9133333563804626
0.9566666483879089
0.9599999785423279
0.95333331823349
0.9233333468437195
0.95333331823349
0.9666666388511658
0.9466666579246521
0.9100000262260437
0.9900000095367432
0.9433333277702332
0.9766666889190674
0.9633333086967468
0.9833333492279053
0.9466666579246521
0.8899999856948853
0.9399999976158142
0.95333331823349
0.9366666674613953
0.9733333587646484
0.9366666674613953
0.9566666483879089
0.9766666889190674
0.9233333468437195
0.9800000190734863
0.9133333563804626
0.9766666889190674
0.8866666555404663
0.9800000190734863
0.9666666388511658
0.9700000286102295
0.9100000262260437
0.9233333468437195
0.9233333468437195
0.949999988079071
0.95333331823349
0.9233333468437195
0.9833333492279053
0.9700000286102295
0.9433333277702332
0.9166666865348816
0.9566666483879089
0.9399999976158142
0.9700000286102295
0.9700000286102295
0.9399999976158142
0.9166666865348816
0.9666666388511658
0.9466666579246521
0.9633333086967468
0.9100000262260437
0.9399999976158142
0.9633333086967468
0.95333331823349
0.9700000286102295
0.9300000071525574
0.9599999785423279
0.9433333277702332
0.9433333277702332
0.9666666388511658
0.9433333277702332
0.9566666483879089
0.95333331823349
0.9700000286102295
0.8899999856948853
0.9466666579246521
0.9766666889190674
0.9566666483879089
0.9800000190734863
0.9399999976158142
0.9733333587646484
0.9666666388511658
0.9599999785423279
0.9566666483879089
0.9466666579246521
0.9666666388511658
0.9800000190734863
0.9366666674613953
0.9700000286102295
0.9366666674613953
0.95333331823349
0.9333333373069763
0.9433333277702332
0.9566666483879089
0.9399999976158142
0.9366666674613953
0.9366666674613953
0.9366666674613953
0.9200000166893005
0.9233333468437195
0.9100000262260437
0.949999988079071
0.9566666483879089
0.9266666769981384
0.9666666388511658
0.9700000286102295
0.9700000286102295
0.9800000190734863
0.9599999785423279
0.9633333086967468
0.9933333396911621
0.9566666483879089
0.9633333086967468
0.9166666865348816
0.9466666579246521
0.9599999785423279
0.9633333086967468
0.9900000095367432
0.9233333468437195
0.9399999976158142
0.9666666388511658
0.9866666793823242
0.9733333587646484
0.9733333587646484
0.8666666746139526
0.9800000190734863
0.8199999928474426
0.9733333587646484
0.9399999976158142
0.9866666793823242
0.949999988079071
0.9433333277702332
0.9566666483879089
0.9733333587646484
0.9800000190734863
0.9599999785423279
0.9300000071525574
0.9700000286102295
0.9599999785423279
0.9733333587646484
0.949999988079071
0.9666666388511658
0.903333306312561
0.9900000095367432
0.9366666674613953
0.9466666579246521
0.9433333277702332
0.9766666889190674
0.9066666960716248
0.9666666388511658
0.9700000286102295
0.9700000286102295
0.9266666769981384
0.95333331823349
0.9266666769981384
0.9666666388511658
0.9633333086967468
0.9766666889190674
0.9266666769981384
0.9633333086967468
0.9766666889190674
0.9233333468437195
0.9766666889190674
0.9566666483879089
0.9333333373069763
0.9700000286102295
0.9666666388511658
0.9733333587646484
0.9599999785423279
0.9766666889190674
0.9466666579246521
0.9366666674613953
0.949999988079071
0.9566666483879089
0.9566666483879089
0.9733333587646484
0.9399999976158142
0.9800000190734863
0.9466666579246521
0.9833333492279053
0.9666666388511658
0.9133333563804626
0.9433333277702332
0.949999988079071
0.9833333492279053
0.9599999785423279
0.9633333086967468
0.9566666483879089
0.9233333468437195
0.8999999761581421
0.9633333086967468
0.9700000286102295
0.95333331823349
0.9599999785423279
0.9700000286102295
0.9566666483879089
0.9433333277702332
0.9300000071525574
0.8866666555404663
0.9900000095367432
0.9633333086967468
0.9666666388511658
0.9666666388511658
0.9733333587646484
0.9633333086967468
0.9566666483879089
0.9399999976158142
0.9700000286102295
0.9666666388511658
0.9933333396911621
0.95333331823349
0.9733333587646484
0.9766666889190674
0.9166666865348816
0.9399999976158142
0.9066666960716248
0.9366666674613953
0.9733333587646484
0.9466666579246521
0.949999988079071
0.9766666889190674
0.9466666579246521
0.9300000071525574
0.9200000166893005
0.9399999976158142
0.9633333086967468
0.9433333277702332
0.9366666674613953
0.9566666483879089
0.9666666388511658
0.9666666388511658
0.9700000286102295
0.9266666769981384
0.9800000190734863
0.9133333563804626
0.9266666769981384
0.9233333468437195
0.9766666889190674
0.9666666388511658
0.9633333086967468
0.8866666555404663
0.9333333373069763
0.8899999856948853
0.9833333492279053
0.8833333253860474
0.9333333373069763
0.9066666960716248
0.9666666388511658
0.8700000047683716
0.9800000190734863
0.9433333277702332
0.949999988079071
0.9466666579246521
0.9800000190734863
0.9700000286102295
0.9766666889190674
0.9366666674613953
0.9666666388511658
0.9599999785423279
0.9633333086967468
0.9700000286102295
0.9333333373069763
0.949999988079071
0.9399999976158142
0.9800000190734863
0.9399999976158142
0.9300000071525574
0.9866666793823242
0.95333331823349
0.949999988079071
0.9399999976158142
0.949999988079071
0.9933333396911621
0.9466666579246521
0.9399999976158142
0.9766666889190674
0.9633333086967468
0.9599999785423279
0.9066666960716248
0.9800000190734863
0.95333331823349
0.9399999976158142
0.9333333373069763
0.9399999976158142
0.9800000190734863
0.9700000286102295
0.9666666388511658
0.9233333468437195
0.9566666483879089
0.9633333086967468
0.9666666388511658
0.8633333444595337
0.9399999976158142
0.9266666769981384
0.9366666674613953
0.9599999785423279
0.9466666579246521
0.9700000286102295
0.9633333086967468
0.9433333277702332
0.949999988079071
0.9733333587646484
0.903333306312561
0.9266666769981384
0.9666666388511658
0.9599999785423279
0.9233333468437195
0.9566666483879089
0.9733333587646484
0.9566666483879089
0.9566666483879089
0.9633333086967468
0.949999988079071
0.9266666769981384
0.9066666960716248
0.9700000286102295
0.9666666388511658
0.9633333086967468
0.9700000286102295
0.9700000286102295
0.9566666483879089
0.9766666889190674
0.9766666889190674
0.9666666388511658
0.9733333587646484
0.9333333373069763
0.9700000286102295
0.95333331823349
0.95333331823349
0.9733333587646484
0.9566666483879089
0.9366666674613953
0.9333333373069763
0.9633333086967468
0.9399999976158142
0.9866666793823242
0.9733333587646484
0.9333333373069763
0.9733333587646484
0.9766666889190674
0.9599999785423279
0.9433333277702332
0.9700000286102295
0.9366666674613953
0.9633333086967468
0.9800000190734863
0.9633333086967468
