3.107806444168091
3.0277881622314453
2.964462995529175
2.9170358180999756
2.8606016635894775
2.8123371601104736
2.774489641189575
2.7507057189941406
2.6374621391296387
2.512389659881592
2.497539758682251
2.5963175296783447
2.60929536819458
2.5278749465942383
2.216681480407715
2.2570769786834717
2.412436008453369
2.317915678024292
2.3802855014801025
2.2091145515441895
2.004403591156006
2.401639938354492
1.9488954544067383
2.142510414123535
2.290224552154541
2.2415881156921387
1.969146966934204
1.7952513694763184
1.9703524112701416
2.0799360275268555
2.0164825916290283
1.8819668292999268
1.8731558322906494
1.9531811475753784
2.0403671264648438
2.5352184772491455
1.8000359535217285
2.117027997970581
1.9981300830841064
1.9284019470214844
2.086902141571045
1.8407747745513916
2.1370346546173096
1.7915198802947998
2.0990002155303955
1.9569014310836792
1.8614706993103027
2.0582571029663086
1.9667558670043945
1.883487343788147
1.7065143585205078
1.6522477865219116
1.6214238405227661
1.640468955039978
1.6553959846496582
2.0336782932281494
1.6828644275665283
1.7822232246398926
1.8174480199813843
2.0322840213775635
1.6816765069961548
1.5696724653244019
1.7971417903900146
2.0573782920837402
1.7382049560546875
1.747426986694336
1.5457359552383423
1.8890862464904785
1.9259306192398071
1.7564386129379272
1.673454999923706
1.6691526174545288
1.6624696254730225
1.5461262464523315
1.5320172309875488
1.7908612489700317
1.609999418258667
1.8533567190170288
1.720655918121338
1.7332241535186768
1.8378617763519287
1.6599326133728027
1.4545289278030396
1.3360073566436768
1.8783162832260132
1.7570375204086304
1.691767930984497
1.8835554122924805
1.5344173908233643
1.5083105564117432
1.7354611158370972
1.7047663927078247
1.6981281042099
1.762133240699768
1.6212704181671143
1.7095216512680054
1.7536249160766602
1.7303576469421387
1.6913963556289673
1.7777454853057861
1.2623673677444458
1.831252932548523
1.807525873184204
1.623136281967163
1.6143124103546143
1.5269421339035034
1.7561297416687012
1.4241875410079956
1.307349681854248
1.3977497816085815
1.6260709762573242
1.5505304336547852
1.5082898139953613
1.6033259630203247
1.4964807033538818
1.4308514595031738
1.6869313716888428
1.344062328338623
1.3956196308135986
1.5351924896240234
1.6299068927764893
1.3259055614471436
1.5003719329833984
1.4450534582138062
1.6085309982299805
1.6144888401031494
1.6034224033355713
1.656769037246704
1.4277831315994263
1.4183547496795654
1.46608304977417
1.4346715211868286
1.7078087329864502
1.5345556735992432
1.5821287631988525
1.456832766532898
1.8005812168121338
1.384012222290039
1.4350136518478394
1.4262274503707886
1.4903349876403809
1.2973369359970093
1.6038860082626343
1.3578799962997437
1.3937727212905884
1.3657143115997314
1.4742414951324463
1.3136762380599976
1.8235974311828613
1.5040634870529175
1.2930617332458496
1.2843456268310547
1.1763734817504883
1.4705647230148315
1.3275811672210693
1.3456120491027832
1.4196743965148926
1.6033867597579956
1.3296608924865723
1.3758569955825806
1.1633893251419067
1.6679304838180542
1.365511417388916
1.4404046535491943
1.258169174194336
1.2594692707061768
1.2624670267105103
1.441917896270752
1.4376596212387085
1.325312852859497
1.5678362846374512
1.4230440855026245
1.0774941444396973
1.6127475500106812
1.6175647974014282
1.4748659133911133
1.2630544900894165
1.2342631816864014
1.4602839946746826
1.3304283618927002
1.3388246297836304
1.187450647354126
1.3685317039489746
1.338829755783081
1.1961371898651123
1.175223469734192
1.504826545715332
1.3481764793395996
1.284109354019165
1.3490163087844849
1.2150065898895264
1.7408101558685303
1.4773139953613281
1.5625090599060059
1.2131097316741943
1.3048036098480225
1.165084958076477
1.118586540222168
1.3156427145004272
1.1777536869049072
1.4814094305038452
1.380245327949524
1.2456955909729004
1.4321588277816772
1.5781139135360718
1.7142353057861328
1.42963445186615
1.2762643098831177
1.2058619260787964
1.4294180870056152
1.2878594398498535
1.5382599830627441
1.5169665813446045
1.2136565446853638
1.4138009548187256
1.269792079925537
1.3665863275527954
1.4257185459136963
1.2792205810546875
1.0369302034378052
1.206348180770874
1.4479366540908813
1.3421804904937744
1.213873028755188
1.5140597820281982
1.307433843612671
1.441080093383789
1.4420393705368042
1.3931360244750977
1.0248851776123047
1.4444961547851562
1.231198787689209
1.2826411724090576
1.1759337186813354
1.156801700592041
1.367333173751831
1.20311439037323
1.1473605632781982
1.2487616539001465
1.2275996208190918
0.9211807250976562
1.2451260089874268
1.333552598953247
1.200601577758789
1.1989859342575073
1.3485380411148071
1.2454801797866821
1.5551286935806274
1.2718420028686523
1.17647385597229
1.6317018270492554
1.543173909187317
1.3348067998886108
1.1567609310150146
1.123384714126587
1.1494131088256836
1.2149578332901
1.1417739391326904
1.5456876754760742
1.4044466018676758
1.283186674118042
1.4383771419525146
1.402389645576477
1.1313235759735107
1.419691801071167
1.208740234375
1.138005256652832
1.426145076751709
1.1267709732055664
1.2293559312820435
1.3864516019821167
1.3873728513717651
1.3639798164367676
1.072798728942871
1.0680618286132812
1.2463234663009644
1.1219371557235718
1.2439013719558716
1.1800448894500732
1.2045960426330566
1.2100000381469727
1.2159085273742676
1.1011886596679688
1.2012875080108643
1.240346908569336
1.2707926034927368
1.303619146347046
1.0609676837921143
1.1038894653320312
1.196302890777588
1.2252711057662964
1.2820619344711304
1.2115187644958496
1.0564907789230347
1.1547644138336182
1.2638417482376099
1.497655987739563
1.2573394775390625
1.313535451889038
1.0304322242736816
1.286132574081421
1.4631526470184326
1.0152685642242432
1.1291751861572266
1.1616710424423218
1.3492226600646973
1.2600265741348267
1.1986427307128906
1.054914951324463
1.3526647090911865
1.204298973083496
1.164323091506958
1.3038851022720337
1.2902796268463135
1.0613038539886475
1.300108551979065
1.256854772567749
1.1355887651443481
1.2333528995513916
1.067683219909668
1.122003436088562
1.1353093385696411
1.1798292398452759
1.1390938758850098
1.1522367000579834
1.2393276691436768
1.0951366424560547
1.1876857280731201
1.1891144514083862
1.2975389957427979
1.219067096710205
0.9917254447937012
1.1442253589630127
1.1892774105072021
1.078616738319397
1.2212823629379272
1.3223209381103516
0.9958051443099976
1.1268634796142578
1.1406840085983276
0.992196798324585
1.1230415105819702
1.0852898359298706
1.1066408157348633
1.1014597415924072
1.14726722240448
1.2040560245513916
0.9935975074768066
1.379037857055664
1.0509430170059204
1.4178109169006348
1.4046038389205933
1.2694190740585327
1.2856976985931396
0.939780592918396
1.266036868095398
1.207200288772583
1.0849745273590088
1.3557071685791016
1.218106985092163
1.3349555730819702
1.2396184206008911
1.3910224437713623
1.2387609481811523
1.4214638471603394
1.1046926975250244
1.121471643447876
1.1043614149093628
1.0398046970367432
1.051007628440857
1.290827751159668
1.072226881980896
1.0758121013641357
1.2791669368743896
1.2176762819290161
1.142060399055481
1.0913399457931519
1.2195801734924316
1.1723392009735107
1.1384981870651245
1.1334487199783325
1.1918010711669922
1.201750636100769
1.3631035089492798
1.179560899734497
1.0796618461608887
1.0712382793426514
0.9728230237960815
1.2769140005111694
1.154890537261963
1.1672799587249756
1.1395764350891113
1.2112481594085693
1.215258240699768
1.3272156715393066
1.274428129196167
1.050849199295044
1.1077537536621094
1.2458851337432861
1.3632410764694214
0.8962057828903198
1.075148105621338
1.1361496448516846
0.9497172832489014
1.110764741897583
1.0076968669891357
1.0218212604522705
1.2634389400482178
1.0667662620544434
1.2012088298797607
1.344525694847107
1.19523286819458
1.140830159187317
0.9884469509124756
1.1707241535186768
0.9915728569030762
1.1941301822662354
1.1034345626831055
1.0560119152069092
1.2465031147003174
1.2095589637756348
1.0369470119476318
1.155248999595642
1.0199648141860962
1.2203565835952759
1.03292715549469
1.0226150751113892
1.2657899856567383
0.8963901400566101
1.1826658248901367
0.9750584363937378
0.9749349355697632
0.9282156229019165
1.0656132698059082
0.9015637636184692
1.199040412902832
1.0102999210357666
1.1268254518508911
1.1876262426376343
1.1629753112792969
0.9830584526062012
0.8666946887969971
1.1710888147354126
1.0779951810836792
0.9528627395629883
1.1470177173614502
1.2198351621627808
1.174910068511963
1.1389164924621582
1.1353962421417236
1.5404151678085327
1.1387145519256592
0.958767831325531
1.170389175415039
1.262096881866455
1.1821650266647339
1.0303212404251099
1.199655294418335
1.1130667924880981
1.0446354150772095
1.102964997291565
1.0540016889572144
0.9648820161819458
1.1704554557800293
1.3352487087249756
1.0401829481124878
1.0231561660766602
1.347045660018921
1.343436360359192
1.0209546089172363
1.0117175579071045
1.1900041103363037
1.0627583265304565
1.0497581958770752
1.0387542247772217
1.2787888050079346
1.23944091796875
1.0240659713745117
1.1795910596847534
1.257210373878479
1.0766509771347046
1.1523323059082031
1.1940844058990479
1.08145272731781
1.0084563493728638
1.0673309564590454
1.0059293508529663
1.1682043075561523
0.9705518484115601
1.1369168758392334
1.0500648021697998
1.1447179317474365
1.0361194610595703
0.8719907999038696
1.040343999862671
1.1450111865997314
0.9986662268638611
1.07991623878479
0.9714765548706055
1.0256054401397705
1.2109088897705078
0.9574102163314819
1.3808553218841553
1.044407606124878
1.0277881622314453
1.208067536354065
1.006347417831421
1.0438594818115234
0.8918228149414062
0.9104821681976318
0.8886364698410034
1.0478242635726929
0.9847879409790039
1.061818242073059
1.0746265649795532
1.1498061418533325
1.1636894941329956
1.1329132318496704
1.2384029626846313
0.9241834282875061
1.1161599159240723
1.1265159845352173
0.942703366279602
1.0273056030273438
0.8591887950897217
0.8836830258369446
0.9170376062393188
1.310019850730896
1.1334224939346313
1.0663213729858398
1.164376139640808
0.9519878625869751
0.9758751392364502
0.9870742559432983
1.0360536575317383
0.9864864349365234
1.0254043340682983
1.1607441902160645
1.0527136325836182
0.9006723165512085
1.025996446609497
0.999604344367981
1.0253517627716064
0.8767051696777344
1.1493122577667236
1.0699766874313354
1.0352847576141357
1.0023458003997803
0.8446629643440247
1.2303893566131592
1.2011172771453857
0.9515448808670044
0.9717303514480591
1.0254294872283936
1.0004775524139404
0.9717714786529541
0.9806241989135742
1.0457645654678345
0.9323165416717529
0.9471452236175537
1.0059704780578613
1.0016093254089355
0.9680837392807007
0.9130480289459229
0.9429913759231567
1.204604148864746
1.1077696084976196
1.221751093864441
0.9768707752227783
1.004012107849121
0.9226861000061035
1.0072166919708252
1.0092045068740845
1.168694019317627
1.0538711547851562
1.0244724750518799
1.0273717641830444
1.1667600870132446
1.1951639652252197
1.0707101821899414
0.9535263776779175
1.0035760402679443
1.015777349472046
1.0157676935195923
0.9877750873565674
1.0165756940841675
0.9794505834579468
1.0183839797973633
0.9473752975463867
1.0133554935455322
1.0347816944122314
0.8902989625930786
0.9706683158874512
0.84297776222229
0.8722496032714844
1.2203304767608643
0.9888727068901062
0.8239856958389282
1.0856205224990845
1.0397789478302002
1.0320369005203247
1.0025548934936523
1.0110453367233276
0.9927934408187866
1.1104960441589355
0.9322106838226318
1.0695559978485107
1.0742826461791992
1.0427778959274292
0.9788368344306946
0.9953173995018005
0.9114112854003906
0.9429849982261658
1.011148452758789
0.9367513656616211
1.1605451107025146
0.8675978779792786
0.9730976819992065
0.858214259147644
1.0284852981567383
1.2530031204223633
1.2096717357635498
1.0708470344543457
1.0843620300292969
1.098413348197937
0.8789967894554138
1.0427439212799072
0.9158154726028442
0.9468930959701538
1.0375704765319824
0.9661968946456909
0.9274462461471558
1.140390157699585
1.0245548486709595
1.0058317184448242
0.9436017274856567
0.9625158309936523
0.9590095281600952
1.0288748741149902
0.9622861742973328
0.8707879781723022
0.9427210688591003
0.9386659264564514
0.9818606376647949
1.090520977973938
1.036104679107666
0.9720070362091064
1.0104258060455322
0.958814263343811
0.7974017858505249
0.97593092918396
0.8723190426826477
1.045750379562378
0.9581100940704346
1.0478010177612305
0.9306468963623047
0.9718548059463501
0.8160507678985596
0.9053680896759033
0.9932727813720703
0.915738582611084
0.8679909706115723
0.9636577367782593
1.0973742008209229
0.9009345769882202
1.0473008155822754
1.1215351819992065
0.9985008835792542
0.9535757899284363
0.9382623434066772
0.9308611154556274
0.9141165018081665
1.0261836051940918
0.9750144481658936
0.8613736629486084
0.7813742160797119
1.0475810766220093
1.0770263671875
0.9166550040245056
0.9815452098846436
0.9681450724601746
0.9744769334793091
0.902489960193634
0.8905006647109985
0.9650751352310181
1.0356820821762085
0.7851316928863525
1.006439208984375
1.0916533470153809
1.0634818077087402
1.0076162815093994
1.2276666164398193
1.1027499437332153
0.9233649373054504
0.9990624785423279
0.9033017754554749
1.054567813873291
1.0841857194900513
1.00871741771698
1.1335779428482056
0.965205729007721
1.103402853012085
0.9189008474349976
0.9141950607299805
1.0918289422988892
1.1187803745269775
1.13164222240448
1.0015884637832642
0.9173861742019653
1.1272989511489868
1.0068737268447876
1.0477750301361084
1.1964958906173706
0.9349895119667053
0.9344874620437622
1.1531037092208862
1.0418155193328857
1.088937759399414
0.9590494632720947
1.047650694847107
0.9768202304840088
0.8933477401733398
0.8594849109649658
0.8297141790390015
0.919648289680481
1.0161359310150146
0.9666747450828552
0.9150180816650391
0.7961941957473755
0.9938730001449585
0.973150372505188
0.995621919631958
0.9656697511672974
0.9196757078170776
0.9384642839431763
0.982906699180603
0.7859388589859009
0.880922794342041
0.8854564428329468
1.1072885990142822
1.017878770828247
1.0091389417648315
0.8695518970489502
0.813062310218811
1.0114240646362305
0.9837654232978821
0.868038535118103
1.1171468496322632
1.0253634452819824
0.8971658945083618
0.9322396516799927
0.972103476524353
0.9220354557037354
1.0785317420959473
0.9855502843856812
0.999958336353302
0.9447319507598877
1.0858521461486816
0.9983596801757812
0.9389209747314453
0.999252438545227
0.952775239944458
0.9013398885726929
1.0851352214813232
1.1291248798370361
0.8850289583206177
1.0562392473220825
0.8821904063224792
0.9028228521347046
1.2713350057601929
1.0280784368515015
0.8137456178665161
1.012489676475525
0.9395957589149475
0.937586784362793
0.8965548276901245
0.8463138341903687
1.0239505767822266
0.9535156488418579
0.85679692029953
1.0614917278289795
0.8663758635520935
0.939765989780426
0.9148929119110107
0.9193727970123291
0.8602693676948547
1.1460754871368408
0.8895110487937927
1.010892629623413
0.8962293863296509
0.9730430841445923
0.8920300602912903
1.0416330099105835
1.0191144943237305
0.9010179042816162
0.9263170957565308
0.8486313819885254
1.1357307434082031
0.8302773237228394
0.9223721027374268
0.8823773860931396
1.020707607269287
0.8386552333831787
1.0746760368347168
1.0216175317764282
0.9904580116271973
0.9152084589004517
1.1426810026168823
0.8622181415557861
0.9324594736099243
0.9661751389503479
0.9236375689506531
0.9378237128257751
1.0204087495803833
0.9243523478507996
0.9074611663818359
0.890681803226471
0.9710719585418701
0.9665920734405518
1.1107332706451416
0.9286164045333862
0.936381459236145
0.9470211267471313
1.0666284561157227
0.8362906575202942
1.0274710655212402
0.7487965822219849
0.9909011125564575
1.1822240352630615
1.048357605934143
1.0028103590011597
0.891477108001709
0.9862408638000488
0.9063593149185181
0.9623157978057861
0.9969009160995483
0.9274888634681702
0.809908390045166
1.105149745941162
0.9222307205200195
1.1134778261184692
1.041268229484558
1.137162446975708
1.0069012641906738
1.0740545988082886
0.8934453725814819
0.9566864371299744
0.8627139329910278
0.9594448804855347
1.2658536434173584
0.9219280481338501
1.0868191719055176
0.8899692296981812
0.9985249042510986
1.188858985900879
0.8107106685638428
0.9907716512680054
0.9602611064910889
0.8719409704208374
1.0305099487304688
1.0275516510009766
0.9214104413986206
0.9032200574874878
0.8970777988433838
0.9306063652038574
0.970023512840271
1.03513503074646
0.9604305028915405
0.931790828704834
0.9107800722122192
1.0053153038024902
0.8743666410446167
0.858045756816864
0.8041225671768188
0.9293048977851868
0.978504478931427
0.963855504989624
1.1770291328430176
0.9009584188461304
0.8949598073959351
0.8965323567390442
0.9665769338607788
0.8192665576934814
0.9207723140716553
0.9902056455612183
1.0001003742218018
0.8081125020980835
0.9371803998947144
0.8279343843460083
0.9209905862808228
0.9329776763916016
0.8522650003433228
0.9265441298484802
0.9853262901306152
0.993794858455658
1.0017482042312622
0.9245477914810181
0.976722002029419
0.8800890445709229
0.8808958530426025
0.8448549509048462
1.0906814336776733
0.9800153970718384
0.9949195384979248
0.8717536926269531
0.8920562267303467
0.8514200448989868
0.9175598621368408
0.8427344560623169
0.9298231601715088
0.818213164806366
0.8933428525924683
0.8831175565719604
0.9291750192642212
0.9166995882987976
0.9547268748283386
0.8963761925697327
1.081566572189331
0.9919687509536743
0.841921329498291
0.7511487603187561
0.8859832286834717
1.0278962850570679
0.9626013040542603
0.904107928276062
0.8556746244430542
0.8767127394676208
1.1480934619903564
0.9541856050491333
0.862218976020813
1.076998233795166
0.8321738243103027
0.8684805631637573
0.9515912532806396
0.8711921572685242
1.0313026905059814
0.9931728839874268
0.9648056030273438
0.9046523571014404
0.9494054913520813
0.8703906536102295
0.8033422231674194
0.9739081263542175
0.898862361907959
0.8996816873550415
0.9390143156051636
0.9033453464508057
1.0153279304504395
0.9211293458938599
0.9259791374206543
0.9831126928329468
0.918674111366272
0.8831371068954468
0.809655487537384
0.8514654636383057
0.8765095472335815
0.8136370182037354
0.9572538137435913
0.9773558378219604
0.8673034906387329
0.7490576505661011
0.8446974754333496
0.9094794988632202
0.9744859933853149
0.9242382049560547
0.7980082035064697
1.1717859506607056
0.8389371633529663
0.7965962886810303
0.9765734076499939
0.8728852272033691
0.9353652000427246
0.7962793707847595
0.8579448461532593
0.9423892498016357
0.9407789707183838
0.8536933660507202
0.9165152311325073
0.8393322229385376
0.8932400941848755
0.8537973165512085
0.9869030714035034
1.0426872968673706
1.0287163257598877
0.9399662017822266
0.792542040348053
0.7837263941764832
0.9560021162033081
0.9139899611473083
0.956413745880127
0.8902568817138672
1.00179123878479
0.9331651926040649
0.9578287601470947
0.9870362877845764
0.8074489831924438
0.8918948769569397
0.8995422124862671
0.9351024627685547
0.9667227268218994
0.9733957052230835
0.7584679126739502
1.1020513772964478
0.8887311220169067
1.0187842845916748
0.8945430517196655
1.061053991317749
0.811649739742279
0.8941876888275146
0.9927231073379517
0.8983161449432373
0.8295371532440186
0.9503129720687866
0.8819779753684998
0.8798684477806091
0.911939799785614
0.8190231323242188
0.8240984678268433
1.0421054363250732
0.956110954284668
0.8865448832511902
1.0020774602890015
0.8468714952468872
0.8874115347862244
0.8899109363555908
0.9944491386413574
0.9597184062004089
0.8547003269195557
0.9173483848571777
0.7271766662597656
0.9189062118530273
0.9731965065002441
0.9151444435119629
0.9033987522125244
0.7673900127410889
0.9241036176681519
0.9129714965820312
0.8022719025611877
0.8378055691719055
0.8199658393859863
0.9199305772781372
0.940200924873352
0.948966383934021
0.8399837017059326
1.0125676393508911
0.8256335854530334
0.7919437885284424
0.8441734313964844
0.990028977394104
1.035926103591919
1.006170392036438
0.855621874332428
1.1252421140670776
0.9890817999839783
0.9365227818489075
0.9281814694404602
0.9102718830108643
0.9203757643699646
0.877304196357727
0.9613902568817139
0.9241554737091064
0.9594281315803528
0.9574301242828369
0.8503764271736145
0.8205000758171082
0.9989584684371948
0.8861557245254517
0.9334380626678467
0.9179337024688721
1.0267767906188965
0.9036308526992798
1.1565817594528198
0.7550543546676636
0.9631482362747192
0.9350082874298096
0.8708053827285767
1.0143399238586426
0.8923455476760864
0.8943252563476562
0.8590770959854126
0.911818265914917
0.7985141277313232
1.012483835220337
0.927971363067627
0.7632673382759094
0.9621002674102783
0.9373533725738525
1.0544111728668213
0.7982972264289856
0.7614073753356934
0.9449577331542969
0.8609100580215454
0.8438192009925842
1.026615858078003
0.8813430070877075
1.145512342453003
0.7877387404441833
0.9136391878128052
0.9362393617630005
0.8802264928817749
1.0063352584838867
0.9501489400863647
1.0674104690551758
0.9205026030540466
0.8503831624984741
0.9221009016036987
0.9062582850456238
0.7886455059051514
0.9066435694694519
1.1042094230651855
0.8748875856399536
0.8864250183105469
0.9890637397766113
0.948698878288269
0.8517354726791382
0.9003373384475708
0.8426908850669861
0.9262652397155762
0.8133425712585449
0.9044462442398071
1.0147037506103516
0.8137890696525574
0.891453742980957
0.7818022966384888
0.9746817350387573
0.9295718669891357
0.8519977927207947
0.9296573400497437
0.8703479766845703
1.0506912469863892
0.9340429306030273
0.8551404476165771
0.8986771106719971
0.9070173501968384
0.9909840822219849
1.0495694875717163
0.7539669275283813
0.8772341012954712
0.8726444244384766
0.9049087166786194
0.7674374580383301
1.007655382156372
0.8941190242767334
0.9077073931694031
0.910018801689148
0.8888214230537415
0.9374388456344604
0.8672962784767151
0.9680474996566772
0.9316846132278442
0.9342615604400635
0.7983996272087097
0.8483963012695312
1.0648521184921265
1.0366415977478027
0.9568486213684082
1.0647087097167969
0.9924923181533813
0.7292338013648987
0.9020488858222961
0.9241715669631958
1.0404313802719116
0.8743335008621216
1.190974473953247
0.8142850399017334
0.8379194736480713
0.7771433591842651
0.8809057474136353
0.8327107429504395
0.7782984972000122
1.0658621788024902
1.1005367040634155
0.7927656769752502
0.8578072786331177
0.8552713394165039
0.7213917970657349
0.8196407556533813
0.9054648280143738
0.957707405090332
0.9328814148902893
0.9675277471542358
0.893699049949646
0.9724419116973877
0.8583335876464844
0.7502809762954712
0.9150555729866028
0.9146112203598022
0.8426373600959778
0.9562320709228516
0.8843654990196228
0.7894768714904785
0.932013213634491
0.9392108917236328
0.7885043621063232
0.9141114354133606
0.903732419013977
0.7916309237480164
0.8877382874488831
0.7920756340026855
0.8989739418029785
0.8999975323677063
0.9104299545288086
0.9204716682434082
0.7611904740333557
0.9033623933792114
0.7855297327041626
0.9744549989700317
0.9865579009056091
0.8276410698890686
0.833720326423645
0.8054617047309875
0.8775995969772339
0.9311689138412476
1.0018270015716553
0.853693425655365
1.0240707397460938
0.9251724481582642
0.8437371850013733
0.8272825479507446
0.8139822483062744
0.7852006554603577
0.8683336973190308
0.9522364139556885
0.837456226348877
0.9124453067779541
0.8761438131332397
0.992743730545044
0.7964315414428711
0.888561487197876
0.9011099338531494
0.8873088359832764
0.8920003175735474
0.7988483905792236
1.054936408996582
0.8047128915786743
0.8404394388198853
0.8435025215148926
0.9315334558486938
0.8775205612182617
1.0627957582473755
0.8524398803710938
0.8402995467185974
0.8119926452636719
1.0374336242675781
0.8090561628341675
0.8849849700927734
0.9044504165649414
0.8521007299423218
0.8094569444656372
0.7982558012008667
0.9934741258621216
0.8368507623672485
0.9168429970741272
0.8029573559761047
0.8424110412597656
0.8289462327957153
0.9399099349975586
0.9635007381439209
0.8512753248214722
0.9198406934738159
1.0128780603408813
0.8014717102050781
0.9963302612304688
0.9056212902069092
0.9043408632278442
0.9009337425231934
1.0065488815307617
0.885156512260437
0.8567792773246765
0.9363294839859009
0.9893994331359863
0.8048306107521057
0.990881085395813
0.8788037300109863
1.1114357709884644
0.8259694576263428
0.9166655540466309
0.821662962436676
0.7522145509719849
0.912187397480011
0.7742459774017334
0.8480696678161621
0.9850541949272156
0.7771501541137695
0.8335500955581665
0.7792439460754395
0.8694732189178467
0.8565187454223633
0.9545110464096069
0.902561366558075
0.9008114337921143
0.8949369788169861
0.8905596733093262
0.9357445240020752
0.8461471796035767
0.811402440071106
0.9037261009216309
0.8342097401618958
0.8127337098121643
1.077573537826538
0.917262852191925
0.8986891508102417
0.8045535087585449
0.8561358451843262
0.9013195037841797
0.8744077682495117
1.0506635904312134
0.8681540489196777
0.8667211532592773
1.0356621742248535
0.9578393697738647
0.8951497673988342
0.9304271936416626
0.9753175973892212
1.036750316619873
0.9628555774688721
0.8753499388694763
0.7859587073326111
0.9489634037017822
0.795223593711853
0.8370664119720459
0.963671088218689
0.9095480442047119
0.7380728721618652
0.9844087958335876
0.7541894316673279
0.813701331615448
0.9742754697799683
1.0087971687316895
1.0277464389801025
0.9016197919845581
1.1014846563339233
0.7798055410385132
0.7158688306808472
0.8435391187667847
0.8160010576248169
0.809857964515686
0.8840987682342529
0.9200444221496582
0.8024369478225708
0.7849676609039307
0.8040753602981567
0.8415349721908569
0.8513531684875488
0.7370378971099854
0.864242672920227
0.7598161101341248
0.788277268409729
0.8278846144676208
0.8717108964920044
0.8573678731918335
0.7726740837097168
0.7705323696136475
0.6777186393737793
0.8329497575759888
0.9507502317428589
0.8885465860366821
0.8676394820213318
1.1686286926269531
0.7353352904319763
0.8473138809204102
0.891279935836792
0.9545620679855347
0.8696452975273132
0.8731694221496582
0.8220044374465942
0.8261496424674988
1.1050301790237427
0.753425657749176
0.9294495582580566
0.8201189637184143
0.8241865634918213
1.0426931381225586
0.8801925182342529
0.8342036008834839
1.010150671005249
1.161865234375
0.77288818359375
0.8250566720962524
0.9114041328430176
1.045037031173706
0.8093758225440979
0.7951869368553162
0.874912440776825
0.9263038635253906
0.8164747953414917
0.9011540412902832
0.9800223112106323
0.9426206350326538
0.8080869913101196
0.9571865797042847
0.8136070966720581
1.1293730735778809
1.3251370191574097
1.0201985836029053
0.8585234880447388
0.9140512943267822
0.9266564846038818
0.8372339010238647
0.8605160713195801
0.95771723985672
0.8249270915985107
0.9539722204208374
0.7767488360404968
0.8424360752105713
0.8751547336578369
0.8913642764091492
0.8201184272766113
0.8902394771575928
0.8447808027267456
0.9247303009033203
0.9640898108482361
0.8748967051506042
0.7993797659873962
0.8651179671287537
1.0021908283233643
0.7669297456741333
0.8091768026351929
0.8294457793235779
1.0196290016174316
0.9722782373428345
0.8205651044845581
0.8432395458221436
0.8141424655914307
0.9784973859786987
0.7752113342285156
0.953333854675293
0.7464908361434937
0.8633884787559509
0.9300590753555298
0.826184868812561
0.8087493181228638
0.9427654147148132
0.846269965171814
1.0911378860473633
0.9106613993644714
0.7914873361587524
1.0208580493927002
0.7827857732772827
0.9575294256210327
0.8356242179870605
0.8734415173530579
0.8977285623550415
0.8601504564285278
0.848855197429657
0.9304672479629517
0.8960728645324707
1.182264804840088
0.9436016082763672
0.8888849020004272
0.8500622510910034
0.9084540009498596
0.9075654745101929
0.7734053134918213
0.8423381447792053
0.8381235599517822
0.9184793829917908
0.9819159507751465
0.9810082912445068
0.9224215745925903
0.8217800259590149
0.9780327081680298
0.9078919887542725
0.8540688753128052
0.8549618721008301
0.9180968403816223
0.867133378982544
0.9584122896194458
0.8056498765945435
0.7803115844726562
0.9505713582038879
0.8402584195137024
0.7898805141448975
0.7946648597717285
0.8569678068161011
0.80121910572052
0.7968076467514038
0.7958651781082153
0.9321492910385132
0.9397530555725098
0.7812128663063049
0.9536775350570679
0.9023729562759399
0.9288756251335144
1.0018723011016846
0.8235727548599243
0.8179035186767578
0.9453094005584717
0.8669506311416626
0.8342317342758179
1.1185128688812256
0.869753360748291
0.9017806053161621
0.911212682723999
0.727034866809845
0.7906860709190369
0.8577857613563538
0.899071455001831
0.8478180170059204
0.7873767614364624
0.9908282160758972
0.7202762365341187
0.8918803930282593
0.8186831474304199
0.7583609223365784
0.8379697799682617
0.887937605381012
0.9931564331054688
1.1651781797409058
0.913121223449707
0.9760652780532837
0.9545856714248657
0.821366548538208
0.8323183655738831
0.8350865840911865
0.8998290300369263
0.7792609930038452
0.769575834274292
0.7653870582580566
0.907685399055481
0.9157769083976746
0.9373013973236084
0.8926229476928711
0.7920577526092529
0.7559035420417786
0.6948025226593018
0.7690021991729736
1.008925437927246
0.8483387231826782
0.8064529895782471
0.796820878982544
0.8439958095550537
0.7195359468460083
0.8304992914199829
0.8340855836868286
0.8765285015106201
0.9049522876739502
0.9448968768119812
0.8062314987182617
0.8581687211990356
1.1399186849594116
0.7376354932785034
0.8479743003845215
0.747957706451416
0.8841487765312195
0.9585424661636353
0.9268975257873535
0.941582202911377
0.95694899559021
0.8691374063491821
0.7539833784103394
0.78582763671875
0.8246636390686035
0.8015970587730408
0.8598021864891052
0.8577713966369629
0.7891185283660889
0.9102169871330261
0.8525224328041077
0.7805012464523315
0.8450222611427307
0.8974220752716064
0.8447256088256836
0.8547859191894531
0.9793857336044312
0.8135053515434265
0.8300530910491943
0.8706366419792175
0.7831136584281921
0.8024303913116455
0.8790984153747559
0.8137222528457642
0.712897777557373
0.847367525100708
0.7443161010742188
0.8549672365188599
0.8078941702842712
0.9026728868484497
0.8411129117012024
0.848487377166748
0.8141367435455322
0.8569509983062744
0.9428613781929016
0.8340297937393188
0.7679406404495239
0.7453410029411316
0.7113252878189087
0.8680210113525391
0.7941224575042725
0.862835705280304
0.9434221982955933
0.8696459531784058
0.8058918714523315
0.9265504479408264
0.7749993801116943
0.8164080381393433
0.761283278465271
0.7688086628913879
0.8727986812591553
0.9066243171691895
0.9402097463607788
0.9112552404403687
0.86502605676651
0.8068674802780151
0.8349389433860779
0.8512120246887207
0.7263637781143188
0.8796193599700928
0.8664137125015259
0.8199286460876465
1.0695055723190308
0.9883636236190796
1.1183873414993286
0.6988760232925415
0.7472144365310669
0.7889819741249084
0.9637404680252075
0.8747037649154663
0.83055180311203
0.9260241985321045
0.8179134130477905
0.833968997001648
0.8785331845283508
0.7508260011672974
0.8120160102844238
0.8229306936264038
0.787675142288208
0.8602206707000732
0.8308675289154053
0.8953661918640137
0.8423542976379395
0.861047625541687
0.8244476318359375
0.9063663482666016
1.0115654468536377
0.8445596694946289
0.7121875286102295
0.863732099533081
0.8722649812698364
0.9303677082061768
0.7762845754623413
0.7422215938568115
0.7571672797203064
0.8000966310501099
0.8305144309997559
0.8987081050872803
0.8352035284042358
0.7609814405441284
0.8224695324897766
0.8100327253341675
0.7604876756668091
0.7561681270599365
0.7468860149383545
0.8106827735900879
0.7767110466957092
0.9160782098770142
0.8313747644424438
0.7686255574226379
0.8320801258087158
0.8750130534172058
0.8084837198257446
0.8749016523361206
0.8162657022476196
0.7144965529441833
0.7729933261871338
0.8130052089691162
0.9194402098655701
0.8913787603378296
0.9044982194900513
0.7960623502731323
0.8093602657318115
0.8438439965248108
0.821799635887146
0.7657099962234497
1.1062636375427246
0.852668046951294
0.7917317152023315
0.8795769810676575
0.7207441329956055
0.883819580078125
0.7885751724243164
0.8179763555526733
0.7905138731002808
0.7951602339744568
0.8738821148872375
0.9032179117202759
0.7417416572570801
0.8754416108131409
0.7649794816970825
0.8627508878707886
0.8718515038490295
0.9419193863868713
1.0271166563034058
0.7860294580459595
0.8321192264556885
0.8356472253799438
0.8036075830459595
0.8273042440414429
0.7454057931900024
0.8180182576179504
0.981502890586853
0.7038528919219971
0.7781723737716675
0.7747842073440552
0.8025758266448975
0.8022345304489136
0.7967120409011841
1.0146782398223877
0.8213903903961182
0.8278741836547852
0.7225728034973145
0.763953447341919
0.8518199920654297
0.8216254711151123
0.7975770831108093
0.8662346601486206
0.8596336245536804
0.9404993057250977
0.6992883682250977
0.7696026563644409
0.8041443824768066
0.8283826112747192
0.7795742750167847
0.8718016147613525
0.9590767025947571
0.7776421904563904
0.7923731803894043
0.657344400882721
0.7712084054946899
0.8796223402023315
0.8082767724990845
0.8958247900009155
0.8839185237884521
0.9566326141357422
0.749433159828186
0.740630030632019
0.7420054078102112
0.9356801509857178
0.8765939474105835
0.8619350790977478
0.777328610420227
0.7569791078567505
0.7703087329864502
0.9744181632995605
0.8317853212356567
0.7722197771072388
0.977796733379364
0.7433545589447021
0.8124442100524902
0.757048487663269
0.8176575899124146
0.9522592425346375
0.8457832336425781
0.9155709743499756
0.7583503127098083
0.8374361991882324
0.7629788517951965
0.8152833580970764
0.7798397541046143
0.8671289682388306
0.7326655983924866
0.8230454921722412
0.8740839958190918
0.9680732488632202
0.8403140306472778
0.7855139970779419
0.7499668598175049
0.7029577493667603
0.8457303047180176
0.7814644575119019
0.7603155970573425
0.9048994779586792
0.8110173940658569
0.9643219709396362
0.6879538297653198
1.0228826999664307
0.9103813171386719
0.7107480764389038
0.7898296117782593
0.7421538829803467
0.7102082967758179
0.8992120027542114
0.7934620380401611
0.8592119216918945
0.7644360065460205
0.899973452091217
0.8261367082595825
0.933875560760498
0.7137500047683716
0.7512264251708984
0.828734278678894
0.7406677007675171
0.7621445059776306
0.8604104518890381
0.8463410139083862
0.797280490398407
0.7878400087356567
0.9781069159507751
0.9239721298217773
0.8993630409240723
0.8422505855560303
0.7666643857955933
0.7832953929901123
0.7633329629898071
0.8937259316444397
0.8722937107086182
0.7890803217887878
0.8787728548049927
0.8795710802078247
0.9541398882865906
0.7697447538375854
0.800935685634613
0.9574251174926758
0.8131506443023682
0.8517053127288818
0.886048436164856
0.7649012804031372
0.7807701826095581
0.7646225690841675
0.7834013104438782
0.8713192343711853
0.8817870616912842
0.956376314163208
0.7222955226898193
0.8062575459480286
0.7139838337898254
0.8523358106613159
0.8624329566955566
0.8204375505447388
0.8203653693199158
0.8248501420021057
0.8533649444580078
0.754382848739624
0.7155193090438843
0.8613418340682983
0.8748322129249573
0.7420127987861633
0.8962739706039429
0.8489862680435181
0.7818739414215088
0.8009744882583618
0.8038846254348755
0.8693133592605591
0.8461233377456665
0.8205718994140625
0.7769513130187988
0.8509541153907776
0.7530192136764526
0.9327502250671387
0.8831344246864319
0.8061345815658569
0.7369722127914429
0.7878028154373169
0.8722337484359741
0.8609257936477661
0.7720187902450562
0.803167462348938
0.9702304005622864
0.977232813835144
0.9412303566932678
0.8092679977416992
0.7113710045814514
0.7871354818344116
0.7664176225662231
0.8035902976989746
0.868518590927124
0.7637307047843933
0.8372260332107544
0.7772848606109619
0.8610121607780457
0.8415703773498535
0.8775288462638855
0.8432977199554443
0.8563156723976135
0.8336120247840881
0.8824702501296997
0.7810389995574951
0.8174939155578613
0.8637765645980835
0.7373405694961548
0.9136391878128052
0.8721963167190552
0.8285177946090698
0.8368043899536133
1.0847203731536865
0.8831281661987305
0.7569549083709717
0.9019625186920166
0.9305567145347595
0.7955924868583679
0.7372848987579346
0.817798912525177
0.8004452586174011
0.8331741690635681
0.7616385221481323
0.8976995944976807
0.7996646165847778
0.7997127175331116
0.8928035497665405
0.8804877996444702
0.7681624889373779
0.9082937240600586
0.9145687818527222
0.7830895185470581
0.8002498149871826
0.8105330467224121
0.8582807183265686
0.9052695631980896
0.8469036817550659
0.8326308727264404
0.699621856212616
0.8502020835876465
0.7753100395202637
0.8786864280700684
0.811681866645813
0.7284055352210999
0.7584357261657715
0.8112711906433105
0.716870903968811
0.7261174917221069
0.8320595026016235
0.7795368432998657
0.8062344789505005
0.9000122547149658
0.8213372230529785
0.9898887276649475
0.8632205724716187
0.839477002620697
0.7525265216827393
0.9970086812973022
0.8022646903991699
0.7639743685722351
0.7830194234848022
0.850060224533081
0.6615892648696899
0.7584167122840881
0.7793914079666138
0.8131179809570312
0.8445303440093994
0.7794486284255981
0.9500046968460083
0.8390223979949951
0.7067357301712036
0.8444542288780212
0.7968218326568604
0.7972753047943115
0.7390158176422119
0.8069835901260376
0.792624294757843
0.7730986475944519
0.8469699621200562
0.8178898096084595
0.8474936485290527
0.8743522763252258
0.8150933980941772
0.787936270236969
0.7666983604431152
0.8438389301300049
0.818372368812561
0.9042946100234985
0.8688421249389648
0.7485291957855225
0.718836784362793
0.6940767765045166
0.7669284343719482
0.8123593330383301
0.7565951347351074
0.8429222106933594
0.897473931312561
0.6710095405578613
0.7413691878318787
0.8025047779083252
0.8175920248031616
0.7556453943252563
0.8892582654953003
0.7032669186592102
0.8269286751747131
0.8137334585189819
0.8205581903457642
0.7890231013298035
0.7463971972465515
0.8565053343772888
0.7262829542160034
0.8569642305374146
0.7878974676132202
0.8443008065223694
1.0262045860290527
0.8003917932510376
0.8231137990951538
0.7919248342514038
0.6969231367111206
0.8887996673583984
0.81276935338974
0.8860286474227905
0.8429775834083557
0.8303065299987793
0.955793023109436
0.8726394772529602
0.7531492710113525
0.7753717303276062
0.8721295595169067
0.6540938019752502
0.7068208456039429
0.7831332683563232
0.8411097526550293
0.8370386362075806
0.7152186632156372
0.9063051342964172
0.7724399566650391
0.8504871129989624
0.8641293048858643
0.7397735118865967
0.9899632930755615
0.7880634069442749
0.7830245494842529
0.7226719856262207
0.744420051574707
0.7644451260566711
0.8948606252670288
0.7546676397323608
0.7248855829238892
0.9285598993301392
0.7260878682136536
0.7894879579544067
0.8405280709266663
0.8432060480117798
0.8115137815475464
0.8457298278808594
0.7154424786567688
0.8694297075271606
0.78589928150177
0.7010697722434998
0.7357942461967468
0.7122842073440552
0.8618866205215454
0.850674569606781
0.7806848287582397
0.9799095392227173
0.7616368532180786
0.869072675704956
0.784296989440918
0.8483356833457947
0.8119560480117798
0.7187776565551758
0.7997186779975891
0.8005813956260681
0.7164439558982849
0.8696415424346924
0.7806516885757446
0.7069672346115112
0.8282796144485474
0.9117474555969238
0.6762397885322571
0.692746102809906
0.7211276292800903
0.825137734413147
0.7740119695663452
0.8061341047286987
0.8122255802154541
0.8591921329498291
0.8938932418823242
0.8875471353530884
0.8466718196868896
0.7198419570922852
0.8272843956947327
0.8454638123512268
0.8878805637359619
0.8514835834503174
0.8059021234512329
0.8960932493209839
0.7532892227172852
0.769399881362915
0.7889612913131714
0.7521127462387085
0.7447035312652588
0.8094282746315002
0.862578272819519
0.7981948256492615
0.9198588132858276
0.736059308052063
0.7533254623413086
0.7359448671340942
1.1566932201385498
0.8155233860015869
0.841709315776825
0.8241820335388184
0.7436582446098328
0.7776652574539185
0.8474645614624023
0.8852497339248657
0.7577072381973267
0.7414792776107788
0.8018627166748047
0.7912518978118896
0.7162551879882812
0.8421169519424438
0.8514507412910461
0.8254467248916626
0.8374940156936646
0.9324662685394287
0.7238431572914124
0.8365747928619385
0.7878994941711426
0.7625725269317627
0.8088574409484863
0.8375304937362671
0.749467134475708
0.7735942006111145
0.8486840724945068
0.9821535348892212
0.7504047751426697
0.7735055685043335
0.8024251461029053
0.8211285471916199
0.7834616303443909
0.6864155530929565
0.8429341316223145
0.8022748231887817
0.7901997566223145
0.7377880811691284
0.858195960521698
0.7908992767333984
0.7045499682426453
0.6619887351989746
0.8042559623718262
0.7974125742912292
0.7370473146438599
0.7883819341659546
0.9452248811721802
0.7796225547790527
0.9088959693908691
0.7579250931739807
0.8980327248573303
0.8151447176933289
0.7070958614349365
0.7549556493759155
0.9508057832717896
0.9050801992416382
0.748182475566864
0.9002362489700317
0.7386560440063477
0.7517144680023193
0.7680509090423584
0.7489395141601562
0.7882659435272217
0.750487208366394
0.8138970136642456
0.8373316526412964
0.7379127740859985
0.8099651336669922
0.8783469200134277
0.7566316723823547
0.7840198278427124
0.7924251556396484
0.7082667350769043
0.8207567930221558
0.7868616580963135
0.7417019605636597
0.8525213599205017
0.9818320274353027
0.9228768944740295
0.7903121709823608
0.8547987937927246
0.8416500091552734
0.8688077926635742
0.8283977508544922
0.7736737728118896
0.9609053134918213
0.8426423072814941
0.8457496762275696
0.7621601223945618
0.7692022323608398
0.7034039497375488
0.7600839138031006
0.7644402980804443
0.8342398405075073
0.8983277678489685
0.7933204174041748
0.7711073160171509
0.7476931214332581
0.8651765584945679
0.7593803405761719
0.8045969009399414
0.7306392192840576
0.7593887448310852
0.7203567028045654
0.7395873069763184
0.7394789457321167
0.7413508892059326
0.8541622161865234
0.8322687149047852
0.8282584547996521
0.8082679510116577
0.9532946348190308
0.8368630409240723
0.7598638534545898
0.8011801242828369
0.8310301303863525
0.8309808969497681
0.7123979330062866
0.8282413482666016
0.9218884706497192
0.8734180927276611
0.6826307773590088
0.8443343639373779
0.7199726104736328
0.777397632598877
0.8512943983078003
0.8387668132781982
0.8241187930107117
0.7259088754653931
0.6786161661148071
0.7843409776687622
0.8243058919906616
0.6738998889923096
0.9183527231216431
0.7452927827835083
0.6856949329376221
0.8359007835388184
0.785273551940918
0.7721368074417114
0.7947075366973877
0.7921931743621826
0.8041911125183105
0.8041946291923523
0.9009082317352295
0.7722650766372681
0.8182485103607178
0.8715596795082092
0.7703678607940674
0.9166601896286011
0.7216713428497314
0.7399191856384277
0.8493119478225708
0.7930895090103149
0.9390007257461548
0.7801506519317627
0.7955646514892578
0.777956485748291
0.939683198928833
0.7448811531066895
0.8995485901832581
0.8060343265533447
0.9074364900588989
0.7478448152542114
0.8067982196807861
0.8554840683937073
0.7499821782112122
0.7230795621871948
0.8089538216590881
0.7478101849555969
0.835566520690918
0.8280562162399292
0.7895330190658569
0.8793020248413086
0.926048219203949
0.873470664024353
0.7681360840797424
0.7469946146011353
0.841799259185791
0.8296655416488647
0.8815779685974121
0.771052360534668
0.7481838464736938
0.8199896812438965
0.9713873863220215
0.8292328119277954
0.7192863821983337
0.8670048713684082
0.827793300151825
0.8104833364486694
0.7183046340942383
0.912390947341919
0.7345342636108398
0.8390246629714966
0.8396799564361572
0.7696893215179443
0.6903523206710815
0.786846935749054
0.805091381072998
0.729209303855896
0.8105202317237854
0.7972226142883301
0.8831768035888672
0.8034865856170654
0.7651710510253906
0.8577154874801636
0.7864573001861572
0.8639097213745117
0.8335695862770081
0.6675023436546326
0.7934533357620239
0.7200646996498108
0.7569829225540161
0.7430034279823303
0.7810921669006348
0.6867989301681519
0.7012832164764404
0.7847422361373901
0.7748032808303833
0.9096046686172485
0.6968499422073364
0.761656641960144
0.6946344971656799
0.8374524712562561
0.7995378375053406
0.7759621143341064
0.7201544642448425
0.7562351226806641
0.8118059635162354
0.7245097756385803
0.7364566326141357
0.7178104519844055
0.8153176307678223
0.7362575531005859
0.8779089450836182
0.780005693435669
0.7476884126663208
0.7780395746231079
0.8252404928207397
0.7604733109474182
0.8111704587936401
0.808357834815979
0.8352454900741577
0.8024753332138062
0.749559760093689
0.7648857235908508
0.8346595764160156
0.6736582517623901
0.7355669140815735
0.6948709487915039
0.7361341714859009
0.8360052108764648
0.7513158321380615
0.7859448790550232
0.7750370502471924
0.8223578929901123
0.7721537351608276
0.7794501781463623
0.7232353687286377
0.7431195974349976
0.7978828549385071
0.7875549793243408
0.776221513748169
0.7575086355209351
0.8111284971237183
0.7657415866851807
0.8562995791435242
0.8037479519844055
0.7701342105865479
0.9463229179382324
0.8321003913879395
0.6212728023529053
0.8305454254150391
0.7557515501976013
0.7100855112075806
0.7189503908157349
0.7242923378944397
0.7418909668922424
0.8968291282653809
0.7569406032562256
0.8697986602783203
0.6980253458023071
0.7460260987281799
0.7896670699119568
0.826957643032074
0.940197229385376
0.7445611953735352
0.7344244718551636
0.8266069889068604
0.7325940728187561
0.7145451307296753
0.9203623533248901
0.8040111064910889
0.7842806577682495
0.7354221940040588
0.7025002837181091
0.8672793507575989
0.8011673092842102
0.6764370799064636
0.8754645586013794
0.7791038751602173
0.7263376712799072
0.7680940628051758
0.749022901058197
0.8607839941978455
0.7592204809188843
1.0207233428955078
0.7875457406044006
0.8230422735214233
0.721084713935852
0.7352887392044067
0.8148945569992065
0.8010112047195435
0.7808119058609009
0.8052752017974854
0.7265777587890625
0.8012368679046631
0.8768634796142578
0.7277050018310547
0.8540191650390625
0.8250365257263184
0.7396644353866577
0.8106812238693237
0.9638177752494812
0.6984370350837708
0.8201041221618652
0.6977763175964355
0.7845356464385986
0.7313840985298157
0.8167779445648193
0.8274664878845215
0.84281325340271
0.8789895176887512
0.673696756362915
0.7713273167610168
0.6722187995910645
0.757598876953125
0.8296009302139282
0.7547931671142578
0.9394080638885498
0.8465979099273682
0.7709653377532959
0.6966897249221802
0.8090964555740356
0.7493399381637573
0.687113881111145
0.7587414979934692
0.7171018123626709
0.8754358291625977
0.7795363664627075
0.751811146736145
0.7826555371284485
0.7862439155578613
0.6708976626396179
0.6889430284500122
0.8583871126174927
0.8243222236633301
0.7142691612243652
0.9381673336029053
0.7710646390914917
0.7361843585968018
0.7556302547454834
0.7544521689414978
0.9807796478271484
0.8586103320121765
0.7374110221862793
0.8722589015960693
0.8899370431900024
0.7782578468322754
0.6994655132293701
0.7468736171722412
0.8754902482032776
0.7908116579055786
0.8212369084358215
0.8259822130203247
0.7283060550689697
0.7147882580757141
0.7041247487068176
0.8865982890129089
0.7178235054016113
0.7583157420158386
0.7439777255058289
0.6639602184295654
0.6957380771636963
0.8006892204284668
0.6517149806022644
0.8859375715255737
0.8308514356613159
0.7610810399055481
0.7573965787887573
0.7497466206550598
0.7998052835464478
0.7062639594078064
0.8455623388290405
0.9163535237312317
0.7071940302848816
0.7585512399673462
0.7657537460327148
0.720415472984314
0.7684326767921448
0.7856821417808533
0.7268534302711487
0.7486526966094971
0.6903088092803955
0.7656469345092773
0.6860663294792175
0.8052072525024414
0.773104727268219
0.7008609771728516
0.9240355491638184
0.8033009767532349
0.9001344442367554
0.8083623051643372
0.7577000260353088
0.6867988109588623
0.9518090486526489
0.7923058271408081
0.7596738934516907
0.8172931671142578
0.823765754699707
0.8292772769927979
0.7673147916793823
0.8132281303405762
0.7661560773849487
0.8790432214736938
0.8622390031814575
0.764352560043335
0.827643871307373
0.7330970764160156
0.7808213233947754
0.8066005110740662
0.7438075542449951
0.7570918202400208
0.918725848197937
0.7824605703353882
0.8308402299880981
0.7615389823913574
0.9749484658241272
0.7863502502441406
0.771676778793335
0.7056164145469666
0.8760384917259216
0.8895519971847534
0.700873851776123
0.7359355688095093
0.7997002601623535
0.7279333472251892
0.6778754591941833
0.8225100040435791
0.7455849647521973
0.9084727764129639
0.7528229355812073
0.7568341493606567
0.7909013032913208
0.7466944456100464
0.7625662088394165
0.7823219299316406
0.6566222906112671
0.7318317890167236
0.8161141872406006
0.8275784850120544
0.7564996480941772
0.6874769926071167
0.7977687120437622
0.7101856470108032
0.6612228155136108
0.7617936134338379
0.7216945886611938
0.6829455494880676
0.6790637969970703
0.7968965768814087
0.7338172793388367
0.8123279809951782
0.7978460788726807
0.7717915773391724
0.7774361371994019
0.7386139631271362
0.7900274991989136
0.6734580993652344
0.8450014591217041
0.7415732145309448
0.8254168033599854
0.8216944932937622
0.7605262398719788
0.8916937112808228
0.8294028043746948
0.8645983934402466
0.7223432660102844
0.7215697169303894
0.694658100605011
0.7752044200897217
0.7680056095123291
0.7188031673431396
0.9178482294082642
0.7297650575637817
0.893814206123352
0.841828465461731
0.773027777671814
0.6604026556015015
0.7818702459335327
0.7660239934921265
0.8491741418838501
0.8418092727661133
0.7455263137817383
0.7575116157531738
0.751523494720459
0.7262721657752991
0.7237969636917114
0.7179761528968811
0.7911536693572998
0.733232319355011
0.7331907749176025
0.824290931224823
0.7572773694992065
0.8187839388847351
0.8262245655059814
1.0074681043624878
0.7347935438156128
0.8022512197494507
0.755954384803772
0.8857834339141846
0.8241453170776367
0.8138224482536316
0.7305235862731934
0.8814010620117188
0.7779592275619507
0.7804756164550781
0.8053332567214966
0.7552286386489868
0.8775151968002319
0.7998111844062805
0.7580345869064331
0.7003214359283447
0.6854243278503418
0.7806625962257385
0.6526939868927002
0.764617919921875
0.7494910955429077
0.6390717625617981
0.8362852931022644
0.9412708282470703
0.8100717067718506
0.7300770282745361
0.6835559606552124
0.6835628747940063
0.7209899425506592
0.8600878715515137
0.9545062184333801
0.8517786264419556
0.8460242748260498
0.8145747184753418
0.7270947098731995
0.798452615737915
0.8430272936820984
0.7935605645179749
0.8163251876831055
0.7355384826660156
0.7201799154281616
0.8000377416610718
0.7738110423088074
0.9039179086685181
0.7054724097251892
0.7683559060096741
0.7483775615692139
0.7184622287750244
0.7438689470291138
0.7974661588668823
0.6905947923660278
0.7553088068962097
0.7445801496505737
0.8853157162666321
0.7639545798301697
0.7052315473556519
0.832412838935852
0.8420257568359375
0.7637345790863037
0.7646255493164062
0.8414914011955261
0.6814687252044678
0.8831911087036133
0.7150890827178955
0.720629096031189
0.812811553478241
0.7303671836853027
0.6526925563812256
0.7017017602920532
0.7150982618331909
0.7568934559822083
0.6952437162399292
0.7604732513427734
0.78548264503479
0.7799445390701294
0.804134726524353
0.8855144381523132
0.816443681716919
0.7283458709716797
0.9164972305297852
0.7809848189353943
0.7759065628051758
0.745415449142456
0.6398478746414185
0.8511004447937012
0.7573124766349792
0.8035339117050171
0.8103818893432617
0.7939484119415283
0.8246580958366394
0.7528311014175415
0.7993428707122803
0.8539507389068604
0.7406212091445923
0.7227590084075928
0.8773542642593384
0.6732877492904663
0.7867971658706665
0.6797927618026733
0.7460144758224487
0.6389833688735962
0.8964905738830566
0.7913129329681396
0.7145172357559204
0.7713338732719421
0.8055756092071533
0.8294763565063477
0.8743247389793396
0.8372001647949219
0.7798866033554077
0.7529621124267578
0.8494734168052673
0.8209919929504395
0.7408960461616516
0.8285016417503357
0.7136852741241455
0.7309508323669434
0.9895977973937988
0.7556241154670715
0.8240460157394409
0.7302059531211853
0.7995032072067261
0.766457736492157
0.9009479880332947
0.7308074235916138
0.6946520209312439
0.778089702129364
0.6407226324081421
0.8015758395195007
0.8156460523605347
0.813711941242218
0.6784030199050903
0.8246526122093201
0.7094116806983948
0.8262331485748291
0.7074099779129028
0.6981750726699829
0.8619650602340698
0.7990813851356506
0.9242509603500366
0.8567203283309937
0.8133372068405151
0.76453697681427
0.6748921871185303
0.7540349960327148
0.8310441970825195
0.8235343098640442
0.755150556564331
0.7969239950180054
0.7435805201530457
0.7142281532287598
0.7194812297821045
0.6849828958511353
0.709671139717102
0.8225083351135254
0.7229335308074951
0.8460348844528198
0.8663525581359863
0.6851333379745483
0.7317949533462524
0.6782836318016052
0.7634344100952148
0.744610071182251
0.6688300371170044
0.7788827419281006
0.7863578200340271
0.8383611440658569
0.767066240310669
0.7250732183456421
0.7915014028549194
0.8175220489501953
0.888147234916687
0.7348809838294983
0.723730742931366
0.8068808317184448
0.7232210040092468
0.8523278832435608
0.7594012022018433
0.8287756443023682
0.8448482155799866
0.7843899726867676
0.806624174118042
0.746543288230896
0.7219521999359131
0.69441819190979
0.6666632890701294
0.6651268005371094
0.7480118274688721
0.8021214604377747
0.9526576399803162
0.7586355209350586
0.7313326597213745
0.7829992771148682
0.6956039667129517
0.8145142793655396
0.6893818378448486
0.6827326416969299
0.8875254988670349
1.0155338048934937
0.7841042876243591
0.7396060228347778
0.7501822710037231
0.8718043565750122
0.6949949860572815
0.7738370299339294
0.6528857946395874
0.7889277338981628
0.7129035592079163
0.9274477958679199
0.9298372864723206
0.8157538175582886
0.7983018159866333
0.7213625311851501
0.7509300708770752
0.8446618914604187
0.8881258368492126
0.8222700357437134
0.8340891599655151
0.7331222295761108
0.8624494671821594
0.9422394037246704
0.7727100849151611
0.7891375422477722
0.7899478673934937
0.8970098495483398
0.7717252969741821
0.7697854042053223
0.7666681408882141
0.7970952391624451
0.8908321261405945
0.7472416758537292
0.6542481184005737
0.7494942545890808
0.8422656059265137
0.8202043771743774
0.7667078971862793
0.6618891358375549
0.7698440551757812
0.6735265254974365
0.7724639773368835
0.9269982576370239
0.8195955753326416
0.7047141194343567
0.735255241394043
0.7227904796600342
0.7018692493438721
0.7745157480239868
0.732974648475647
0.8182099461555481
0.811597466468811
0.6484357714653015
0.7687149047851562
0.7291725873947144
0.783137321472168
0.7600434422492981
0.6481149196624756
0.764198899269104
0.7483272552490234
0.786362886428833
0.836334228515625
0.7248425483703613
0.9098981022834778
0.6982367038726807
0.824906051158905
0.6795510053634644
0.7968152165412903
0.7556066513061523
0.8280825614929199
0.7402513027191162
0.7641812562942505
0.6482251882553101
0.7113469839096069
0.6919398903846741
0.767158031463623
0.7442750930786133
0.7328366041183472
0.722625732421875
0.9379938840866089
0.738763689994812
0.9468874931335449
1.0088825225830078
0.6870654225349426
0.8521910309791565
0.8458980321884155
0.6512390971183777
0.8043380379676819
0.7104812860488892
0.7383461594581604
0.8304440975189209
0.7200635671615601
0.7973535060882568
0.7955092191696167
0.752251923084259
0.7225929498672485
0.78543621301651
0.6774921417236328
0.7665392756462097
0.6998269557952881
0.7457560896873474
0.8604269027709961
0.9492185711860657
0.696896493434906
0.9449386596679688
0.6914055943489075
0.8411740064620972
0.8838925361633301
0.8040773868560791
0.6979053020477295
0.7596858739852905
0.7397252321243286
0.8219196200370789
0.7726662158966064
0.765069842338562
0.7052566409111023
0.7756627798080444
0.7978583574295044
0.6802109479904175
0.6851825714111328
0.711804986000061
0.7990602254867554
0.7697710990905762
0.7504050135612488
0.798959493637085
0.674117922782898
0.8161702156066895
0.7731527090072632
0.7094261646270752
0.7532846927642822
0.73948073387146
0.7583890557289124
0.8180239796638489
0.7260868549346924
0.8282417058944702
0.7682311534881592
0.765848696231842
0.761020839214325
0.7185538411140442
0.8038164377212524
0.7862456440925598
0.6265368461608887
0.7532188892364502
0.731393575668335
0.901202380657196
0.7673255205154419
0.7508411407470703
0.7425202131271362
0.7143100500106812
0.8446048498153687
0.7237398028373718
0.7485520243644714
0.7963957786560059
0.7633651494979858
0.746579647064209
0.8837915658950806
0.6539556980133057
0.8391537070274353
0.7926115989685059
0.7580470442771912
0.8817286491394043
0.7437057495117188
0.7378252744674683
0.737165093421936
0.8136801719665527
0.7815412878990173
0.7072182893753052
0.7603091597557068
0.7858469486236572
0.7488629817962646
0.7931932210922241
0.7547760009765625
0.8602975606918335
0.7162586450576782
0.7927900552749634
0.6519829630851746
0.6570082902908325
0.6646227240562439
0.6772822737693787
0.7413095235824585
0.7290499210357666
0.7793437242507935
0.6510746479034424
0.8269880414009094
0.8576964735984802
0.7769749760627747
0.7832649946212769
0.7735806703567505
0.673051118850708
0.9087607860565186
0.6476307511329651
0.6589996218681335
0.7923852205276489
0.7701778411865234
0.8165781497955322
0.7137770652770996
0.7929155826568604
0.803999662399292
0.8789023160934448
0.8172652721405029
0.737048327922821
0.638359546661377
0.841129720211029
0.7610262632369995
0.6767399311065674
0.7839958667755127
0.7597531080245972
0.8051497936248779
0.7741281390190125
0.7139506340026855
0.8356868028640747
0.7430424690246582
0.7925187945365906
0.6453499794006348
0.7095103859901428
0.7743159532546997
0.7157722115516663
0.7280176877975464
0.7712501883506775
0.7208707332611084
0.7775710821151733
0.7881948351860046
0.7836676836013794
0.8013845086097717
0.7617818117141724
0.7765372395515442
0.7527710795402527
0.7876104116439819
0.7715898752212524
0.7979723215103149
0.8664606809616089
0.7765653133392334
0.68660569190979
0.7701417803764343
0.7494252920150757
0.7067545652389526
0.7575562000274658
0.7571982145309448
0.8579891920089722
0.7859326601028442
0.7247387170791626
0.7365092039108276
0.6547367572784424
0.7297649383544922
0.8223816156387329
0.8206616640090942
0.7876452207565308
0.6841803789138794
0.7925885915756226
0.7134462594985962
0.7867823839187622
0.7732280492782593
0.7140971422195435
0.7804423570632935
0.7712710499763489
0.8217350244522095
0.8035465478897095
0.7885499000549316
0.7430197596549988
0.821115255355835
0.7918987274169922
0.6863481998443604
0.7735059857368469
0.7904860377311707
0.7376253604888916
0.8263020515441895
0.7695382833480835
0.7718375325202942
0.6909613609313965
0.7950676083564758
0.6819795966148376
0.8177837133407593
1.0224087238311768
0.7213699817657471
0.7485779523849487
0.8899613618850708
0.781936764717102
0.8088288903236389
0.8243579864501953
0.7527097463607788
0.6683065295219421
0.73021399974823
0.7992255687713623
0.7490777969360352
0.6780860424041748
0.7350406646728516
0.9219117164611816
0.6743870973587036
0.6711776256561279
0.8135923743247986
0.8259316682815552
0.8596304655075073
0.7683081030845642
0.744843602180481
0.7197650671005249
0.8031661510467529
0.7594560384750366
0.8182322978973389
0.7763016223907471
0.7518841624259949
0.8122041821479797
0.7983542680740356
0.6968613862991333
0.6906043291091919
0.9018147587776184
0.8663326501846313
0.6817299127578735
0.8332763910293579
0.8078175187110901
0.8220967054367065
0.6652586460113525
0.7075238227844238
0.7986801862716675
0.7088179588317871
0.7448835968971252
0.7971009016036987
0.775985598564148
0.747283399105072
0.7596078515052795
0.7094296216964722
0.7000217437744141
0.6794137954711914
0.7824592590332031
0.6934010982513428
0.8715925216674805
0.9044919013977051
0.6815118789672852
0.6640914082527161
0.7134616374969482
0.7908655405044556
0.630455493927002
0.7968474626541138
0.7284753322601318
0.6572977900505066
0.69886314868927
0.8809700012207031
0.7484285831451416
0.8046928644180298
0.7731455564498901
0.7747764587402344
0.7944974899291992
0.7406481504440308
0.7061260938644409
0.6982898116111755
0.7705005407333374
0.743500828742981
0.7339081764221191
0.6589873433113098
0.6271101236343384
0.7516485452651978
0.8370577692985535
0.8126587271690369
0.6514525413513184
0.8746057748794556
0.7474395036697388
0.768600344657898
0.8070094585418701
0.7193784117698669
0.6837433576583862
0.7486778497695923
0.7105945348739624
0.7240828275680542
0.7162721157073975
0.7710387706756592
0.8294652700424194
0.7937334775924683
0.766964316368103
0.754285454750061
0.7468991875648499
0.7064877152442932
0.7014647722244263
0.7129113674163818
0.7559067606925964
0.7908837199211121
0.7440292835235596
0.771478533744812
0.6869264841079712
0.6999707221984863
0.7534421682357788
0.6835482120513916
0.6490951776504517
0.7762293219566345
0.6916195750236511
0.7625197768211365
0.792350172996521
0.930073618888855
0.70237135887146
0.6798118352890015
0.7203962802886963
0.8007102012634277
0.6502261161804199
0.7341450452804565
0.7317047715187073
0.7582387328147888
0.6824337244033813
0.6898576021194458
0.7609696388244629
0.7446281313896179
0.7781267762184143
0.6928859949111938
0.7358731031417847
0.7633794546127319
0.7306651473045349
0.782116174697876
0.762100875377655
0.6912059783935547
0.8405870199203491
0.8991150856018066
0.7740434408187866
0.8176798224449158
0.7120647430419922
0.8675153851509094
0.7487020492553711
0.6556597352027893
0.760144829750061
0.7142093181610107
0.8185334205627441
0.8224929571151733
0.7351323366165161
0.7008553147315979
0.7314176559448242
0.8648039102554321
0.7206274271011353
0.9549494981765747
0.7519865036010742
0.7105811834335327
0.7198485136032104
0.6568472981452942
0.7965392470359802
0.8462254405021667
0.7978094816207886
0.7314589619636536
0.672946035861969
0.7098386287689209
0.6894440650939941
0.8553667068481445
0.8290626406669617
0.6727687120437622
0.7500526309013367
0.7745989561080933
0.6852525472640991
0.8082291483879089
0.7408220767974854
0.8276216983795166
0.8303558826446533
0.7200783491134644
0.8152679204940796
0.684947669506073
0.9248754978179932
0.7437864542007446
0.8328743577003479
0.7363216876983643
0.7571102380752563
0.7035002708435059
0.8448526859283447
0.7565486431121826
0.8552075028419495
0.6867480278015137
0.7669340968132019
0.6958847045898438
0.7838122844696045
0.7538002729415894
0.6531568169593811
0.731106162071228
0.7074978351593018
0.7630325555801392
0.7271332740783691
0.7411851286888123
0.9021923542022705
0.8156341314315796
0.725703775882721
0.8239428997039795
0.8667962551116943
0.7869465947151184
0.759964108467102
0.7734047770500183
0.7394624352455139
0.7743138074874878
0.7161658406257629
0.763351559638977
0.7793331146240234
0.8522475957870483
0.7326427102088928
0.7430550456047058
0.7519580125808716
0.7072510719299316
0.6946051716804504
0.8012755513191223
0.7929176092147827
0.7687551379203796
0.7805134057998657
0.7590857148170471
0.7642989158630371
0.7420096397399902
0.7615408897399902
0.6626874208450317
0.6805247068405151
0.8112834692001343
0.7059842348098755
0.7422370314598083
0.6824524998664856
0.7823159694671631
0.6837407350540161
0.6129100322723389
0.6972747445106506
0.6955223679542542
0.7553126215934753
0.7335555553436279
0.9540860056877136
0.7431585788726807
0.7240725755691528
0.7896926999092102
0.7525634169578552
0.8036351799964905
0.7966983318328857
0.7629756927490234
0.7109594345092773
0.7278856039047241
0.8396821022033691
0.723397970199585
0.7310845851898193
0.7991572618484497
0.7126443386077881
0.7474123239517212
0.7462267875671387
0.6627827882766724
0.792889416217804
0.8593205809593201
0.6695959568023682
0.7493451833724976
0.9352518320083618
0.8740652799606323
0.7435365319252014
0.7327765226364136
0.7222780585289001
0.7666411399841309
0.9498985409736633
0.8597034215927124
0.6782897710800171
0.7925287485122681
0.7103168964385986
0.7859455347061157
0.7148578763008118
0.7318744659423828
0.7064139246940613
0.8674728870391846
0.8239073753356934
0.7101244926452637
0.8576115965843201
0.8069336414337158
0.8390157222747803
0.861461341381073
0.6831215023994446
0.6817749738693237
0.6894699335098267
0.6526461243629456
0.763124942779541
0.7365327477455139
0.6638703346252441
0.7827615737915039
0.7277374267578125
0.7385306358337402
0.7166502475738525
0.8948961496353149
0.6756181120872498
0.6895143389701843
0.7503630518913269
0.7285131216049194
0.7569715976715088
0.7727242708206177
1.03273606300354
0.6915947198867798
0.7569526433944702
0.737157940864563
0.714479386806488
0.7315989136695862
0.7178990840911865
0.7959542274475098
0.7365773916244507
0.787030816078186
0.747207760810852
0.7988417744636536
0.6991365551948547
0.6586248874664307
0.7194701433181763
0.8132272362709045
0.83099365234375
0.7925412654876709
0.7860342264175415
0.8474022150039673
0.6869264245033264
0.64146888256073
0.6324349641799927
0.6540915369987488
0.869037389755249
0.6796524524688721
0.7894244194030762
0.6915651559829712
0.7769746780395508
0.643134593963623
0.7405485510826111
0.7688467502593994
0.7711003422737122
0.7391979694366455
0.6791137456893921
0.7551658153533936
0.7372591495513916
0.7464805841445923
0.7571414709091187
0.7078138589859009
0.7562437057495117
0.6701786518096924
0.777076244354248
0.6870769262313843
0.6742130517959595
0.7329505085945129
0.6854888200759888
0.6438266038894653
0.821184515953064
0.7344304919242859
0.7444231510162354
0.6914459466934204
0.7982789278030396
0.7170897722244263
0.683257520198822
0.7012835741043091
0.6842779517173767
0.7808560729026794
0.8695000410079956
0.8101084232330322
0.6625617742538452
0.7531253099441528
0.7764221429824829
0.7346311807632446
0.7967522144317627
0.7975519895553589
0.6934634447097778
0.7071007490158081
0.7189450263977051
0.8326629996299744
0.7131824493408203
0.8004971146583557
0.8014670610427856
0.6849557161331177
0.6559922695159912
0.7699658274650574
0.767279863357544
0.6676167845726013
0.6924401521682739
0.7609840631484985
0.7280226945877075
0.7469550371170044
0.7661299705505371
0.6555708646774292
0.6571019887924194
0.800778865814209
0.6633580327033997
0.7194604873657227
0.6804850697517395
0.6931167244911194
0.7250646352767944
0.7495849132537842
0.8399598598480225
0.7797624468803406
0.7750753164291382
0.7289717197418213
0.8202574253082275
0.6951391100883484
0.7239171862602234
0.690809428691864
0.6580424308776855
0.8149596452713013
0.7122763395309448
0.7427850961685181
0.7691640257835388
0.7373479604721069
0.7010439038276672
0.8256958723068237
0.7269344329833984
0.7807572484016418
0.7499525547027588
0.8002450466156006
0.7608861327171326
0.8381228446960449
0.6738909482955933
0.8260172605514526
0.724047839641571
0.7054847478866577
0.6674456000328064
0.7606963515281677
0.8119412660598755
0.7712362408638
0.7450682520866394
0.7826390266418457
0.7448221445083618
0.7821444272994995
0.6858059167861938
0.8581671714782715
0.7068890333175659
0.6962553858757019
0.7198073267936707
0.7114267349243164
0.9353492259979248
0.7436169981956482
0.67679762840271
0.800216794013977
0.8234947919845581
0.8696193695068359
0.8680471181869507
0.7138300538063049
0.6620138883590698
0.6997231245040894
0.7519932389259338
0.6147488951683044
0.7351362705230713
0.7637702226638794
0.8603460192680359
0.742419421672821
0.7813558578491211
0.6317296624183655
0.7050394415855408
0.7137518525123596
0.8160674571990967
0.7256208658218384
0.7340748310089111
0.6529773473739624
0.7106977701187134
0.7975901961326599
0.6490752696990967
0.7296258211135864
0.8422956466674805
0.7694137096405029
0.7037187814712524
0.7421391010284424
0.9010363221168518
0.6822158098220825
0.7059930562973022
0.7774457931518555
0.6420974135398865
0.676239013671875
0.8372485637664795
0.7738093137741089
0.7851423025131226
0.6916544437408447
0.630085825920105
0.6812764406204224
0.7720209956169128
0.7009589672088623
0.7224574089050293
0.6941315531730652
0.7731074094772339
0.7427387833595276
0.7177890539169312
0.7638822793960571
0.6783608794212341
0.8419077396392822
0.8223123550415039
0.7592894434928894
0.8337846994400024
0.7729583978652954
0.7427576184272766
0.8627489805221558
0.8680837154388428
0.7722832560539246
0.7855589985847473
0.6650258898735046
0.8890589475631714
0.7079421877861023
0.6673511862754822
0.7542649507522583
0.7112294435501099
0.7024750709533691
0.7402191162109375
0.780767560005188
0.7205992937088013
0.6539517641067505
0.745848536491394
0.7864174842834473
0.8227831125259399
0.6736506223678589
0.9567612409591675
0.701378583908081
0.7536422610282898
0.8468250632286072
0.7224715352058411
0.6650952696800232
0.6656165719032288
0.7622456550598145
0.7757889032363892
0.8158395290374756
0.6901881694793701
0.8582955598831177
0.690995991230011
0.8667277097702026
0.684840738773346
0.7790360450744629
0.8097593784332275
0.6817623376846313
0.7462169528007507
0.6680578589439392
0.7166931629180908
0.7196438908576965
0.6341403126716614
0.7097543478012085
0.7516977787017822
0.7436760663986206
0.7116259336471558
0.794282853603363
0.6650905609130859
0.8484071493148804
0.6986380815505981
0.7464390397071838
0.7954720258712769
0.7007492780685425
0.7605092525482178
0.8767582178115845
0.7879741191864014
0.7373043298721313
0.6557271480560303
0.7102266550064087
0.6733660697937012
0.6980185508728027
0.6455215215682983
0.6959241032600403
0.8108816146850586
0.7051201462745667
0.8628306984901428
0.7767070531845093
0.6650661826133728
0.7796310782432556
0.7113756537437439
0.7663166522979736
0.7218999862670898
0.6959614157676697
0.78846275806427
0.7353523969650269
0.6384549140930176
0.939109206199646
0.7365201711654663
0.7556190490722656
0.7169239521026611
0.7937631607055664
0.6548863649368286
0.7273562550544739
0.623082160949707
0.7267399430274963
0.789779782295227
0.6878684163093567
0.7632123231887817
0.6387951970100403
0.7209044694900513
0.7829208374023438
0.814325213432312
0.8176270723342896
0.6925052404403687
0.7393823862075806
0.6750501990318298
0.7083936929702759
0.6741384267807007
0.717062771320343
0.7993133068084717
0.6673438549041748
0.7433897256851196
0.6303454637527466
0.6594071388244629
0.6910470128059387
0.666979968547821
0.7325547337532043
0.7520393133163452
0.6917385458946228
0.7524610757827759
0.7710362672805786
0.7219463586807251
0.7085793018341064
0.7459625601768494
0.7657179832458496
0.6862983703613281
0.6958096027374268
0.7542972564697266
0.7135785222053528
0.6348730325698853
0.6996793150901794
0.8007674217224121
0.7445040941238403
0.7200933694839478
0.5926358103752136
0.6323057413101196
0.7485928535461426
0.7306002378463745
0.7578591704368591
0.8243986368179321
0.7705647945404053
0.7725255489349365
0.8139543533325195
0.71711266040802
0.7232928276062012
0.6691583395004272
0.7230697870254517
0.7999966740608215
0.7472935914993286
0.7852765321731567
0.7077068090438843
0.797434389591217
0.6895049810409546
0.714937686920166
0.7190519571304321
0.7646239399909973
0.7826902866363525
0.6799631714820862
0.8079413771629333
0.8157596588134766
0.7682135701179504
0.6918165683746338
0.769977331161499
0.8545390367507935
0.7169631123542786
0.7119830250740051
0.6886612176895142
0.7146909236907959
0.7158654928207397
0.8787680268287659
0.7473331689834595
0.6917810440063477
0.7008483409881592
0.6989198327064514
0.7153610587120056
0.6938729286193848
0.6726241111755371
0.8979281187057495
0.6950551271438599
0.8359032869338989
0.7168644666671753
0.6860288381576538
0.7747125625610352
0.6799882650375366
0.747051477432251
0.8948007822036743
0.8462253212928772
0.7753764390945435
0.6388090252876282
0.70065838098526
0.6862654685974121
0.6810125708580017
0.8514668345451355
0.7363138198852539
0.8337863683700562
0.7655084133148193
0.7245503664016724
0.7040970921516418
0.7666922807693481
0.7393322587013245
0.7563264966011047
0.737123429775238
0.767401933670044
0.680035412311554
0.6924941539764404
0.7109743356704712
0.7195429801940918
0.700252890586853
0.7379531860351562
0.7367312908172607
0.6680106520652771
0.7148185968399048
0.6789432764053345
0.7498915195465088
0.773283839225769
0.700666606426239
0.7455674409866333
0.7198575735092163
0.6827559471130371
0.7482134103775024
0.6937212347984314
0.7777902483940125
0.688094973564148
0.6592292785644531
0.6667547225952148
0.828853964805603
0.7264466285705566
0.7385439872741699
0.6624722480773926
0.7375994920730591
0.6783100366592407
0.689755916595459
0.723389744758606
0.6820294260978699
0.7483971118927002
0.8190056085586548
0.7607839107513428
0.7137880325317383
0.6677700877189636
0.7210674285888672
0.7978482842445374
0.7540403604507446
0.7923524379730225
0.7623751163482666
0.7319885492324829
0.6111323237419128
0.6794120073318481
0.6707034707069397
0.7562466859817505
0.7345867156982422
0.7251142859458923
0.6216066479682922
0.6664913892745972
0.7483271360397339
0.7299872636795044
0.7979769706726074
0.7285119295120239
0.72266685962677
0.6679435968399048
0.7246688604354858
0.7752265930175781
0.8199112415313721
0.8143270015716553
0.7154276371002197
0.6696254014968872
0.7626190185546875
0.6510178446769714
0.6453356146812439
0.7553429007530212
0.8495383262634277
0.8708163499832153
0.8963096141815186
0.7344363927841187
0.7174551486968994
0.7146148085594177
0.7143716812133789
0.7568820714950562
0.7589342594146729
0.7344090938568115
0.7172832489013672
0.7047179937362671
0.6999746561050415
0.7376430034637451
0.6511041522026062
0.7518707513809204
0.7705634832382202
0.6731551885604858
0.776282548904419
0.7709037661552429
0.6984747648239136
0.6818281412124634
0.7492853403091431
0.7338638305664062
0.7642827033996582
0.7723698616027832
0.7083133459091187
0.866504967212677
0.7684996724128723
0.7503846883773804
0.6896998882293701
0.7802101373672485
0.7095603942871094
0.765119194984436
0.8006831407546997
0.8115221858024597
0.8439444303512573
0.6764466166496277
0.8332648277282715
0.7078790664672852
0.7795785665512085
0.6795940399169922
0.6940430402755737
0.7137422561645508
0.9512682557106018
0.651371955871582
0.6953216791152954
0.6945738792419434
0.7009317278862
0.7791327834129333
0.8200934529304504
0.781539797782898
0.767493486404419
0.7863130569458008
0.7962098121643066
0.7396929264068604
0.6436895132064819
0.6929090023040771
0.7557950019836426
0.7567857503890991
0.7364095449447632
0.7239130735397339
0.728230357170105
0.7520515322685242
0.6608336567878723
0.7081329822540283
0.7087270021438599
0.7058252096176147
0.6650314927101135
0.7314968109130859
0.6477968096733093
0.6901747584342957
0.6783288717269897
0.7788488268852234
0.7683519721031189
0.6619865298271179
0.7713730335235596
0.6709785461425781
0.8042089939117432
0.7819865942001343
0.6696823835372925
0.7060539722442627
0.696445882320404
0.7506647109985352
0.7403194308280945
0.8364542126655579
0.7475905418395996
0.813201904296875
0.7338581085205078
0.6721004247665405
0.71543288230896
0.7314831018447876
0.6657729148864746
0.878893256187439
0.6891570091247559
0.7701619267463684
0.71755051612854
0.6639270782470703
0.6574937105178833
0.8725976943969727
0.7539810538291931
0.7388031482696533
0.7368385791778564
0.6637639403343201
0.741682767868042
0.8778821229934692
0.7482024431228638
0.747485876083374
0.7956836223602295
0.6287490129470825
0.8197596073150635
0.7744084596633911
0.6232790946960449
0.830441951751709
0.674650251865387
0.840225338935852
0.6883227229118347
0.6827201247215271
0.6704007387161255
0.6556943655014038
0.7105510830879211
0.6531022787094116
0.6942419409751892
0.6890393495559692
0.6771984100341797
0.7101866006851196
0.6718381643295288
0.7894065380096436
0.7103189826011658
0.6971200704574585
0.7155095338821411
0.6756646633148193
0.6196703314781189
0.6308663487434387
0.7964115142822266
0.700542688369751
0.6936511993408203
0.7565128803253174
0.819551944732666
0.7983406782150269
0.7524785399436951
0.6985015869140625
0.8005344271659851
0.7272747755050659
0.7499539852142334
0.6811600923538208
0.8156040906906128
0.8269560933113098
0.6747665405273438
0.7063180208206177
0.9842196702957153
0.6939082741737366
0.7970526218414307
0.764927327632904
0.7624553442001343
0.6600180268287659
0.7645512819290161
0.7421754002571106
0.7885066270828247
0.7576020956039429
0.8512065410614014
0.7970058917999268
0.8487412929534912
0.6915775537490845
0.7259774208068848
0.7403101921081543
0.7144265174865723
0.7693579792976379
0.7110044956207275
0.8140226602554321
0.6440569162368774
0.7541095018386841
0.7292618751525879
0.6904082894325256
0.6525967717170715
0.6941245794296265
0.8521317839622498
0.6965667009353638
0.781389057636261
0.7257847785949707
0.8036008477210999
0.7025080919265747
0.8161265850067139
0.7799965143203735
0.7897739410400391
0.7510299682617188
0.7482728958129883
0.7472505569458008
0.6888068318367004
0.6562155485153198
0.7280465364456177
0.9005687236785889
0.7158961296081543
0.7536919116973877
0.6670746803283691
0.6667423248291016
0.9331231117248535
0.7486250400543213
0.716644287109375
0.8252191543579102
0.7167189717292786
0.6493628621101379
0.7265440225601196
0.7066494226455688
0.6323015689849854
0.6585639119148254
0.6740402579307556
0.7099828124046326
0.680566668510437
0.6649070978164673
0.6925824880599976
0.7777009606361389
0.707594096660614
0.6767976880073547
0.7181040048599243
0.7342734932899475
0.7560547590255737
0.6946141719818115
0.7018998861312866
0.7413639426231384
0.7108218669891357
0.6466853618621826
0.6469289660453796
0.7582601308822632
0.7232542037963867
0.716296911239624
0.7266420125961304
0.822817325592041
0.8198747038841248
0.722907304763794
0.7419208288192749
0.7719695568084717
0.6965144872665405
0.6958667039871216
0.7905395030975342
0.7436655163764954
0.6771736741065979
0.6982812881469727
0.7287500500679016
0.8128560781478882
0.6735550165176392
0.6979386806488037
0.6577937602996826
0.715092658996582
0.7024683356285095
0.6688745021820068
0.6837115287780762
0.7215847373008728
0.7935726642608643
0.7266544103622437
0.6634504199028015
0.6882542371749878
0.7620620131492615
0.7258985042572021
0.6046711802482605
0.6786413192749023
0.7760049104690552
0.7699624300003052
0.7112518548965454
0.6862263083457947
0.708703875541687
0.8077095746994019
0.7166825532913208
0.6683413982391357
0.753933310508728
0.7022312879562378
0.7501979470252991
0.8561962842941284
0.6312530636787415
0.7396165728569031
0.7726430892944336
0.7644215226173401
0.8400883674621582
0.8043653964996338
0.8220694065093994
0.8294438123703003
0.7895952463150024
0.8417127132415771
0.7354977130889893
0.6550986766815186
0.8591591119766235
0.8547472357749939
0.7031062841415405
0.7292362451553345
0.6358435750007629
0.735599160194397
0.8279681205749512
0.6846909523010254
0.7889275550842285
0.7767914533615112
0.7485983967781067
0.7372803688049316
0.7201272249221802
0.7871431708335876
0.7241261005401611
0.6454250812530518
0.6340445876121521
0.6896078586578369
0.7228816747665405
0.7827543616294861
0.7464005947113037
0.8091782331466675
0.8715673089027405
0.8169198036193848
0.7322062253952026
0.6589877009391785
0.7547959089279175
0.717052698135376
0.7764031887054443
0.6797282695770264
0.7193516492843628
0.6567559838294983
0.8308998346328735
0.7512434720993042
0.7329345941543579
0.7731739282608032
0.6818265318870544
0.7915902137756348
0.800035834312439
0.760269284248352
0.7732758522033691
0.6905837655067444
0.7376246452331543
0.7127082347869873
0.7639428973197937
0.9566293358802795
0.7469078302383423
0.6989322304725647
0.7525779008865356
0.7150195837020874
0.8938690423965454
0.6822782158851624
0.6579936742782593
0.7103313207626343
0.7100794315338135
0.6880768537521362
0.8416429758071899
0.7620573043823242
0.8457649946212769
0.8103002905845642
0.7706900835037231
0.6681098937988281
0.63448566198349
0.6593292951583862
0.7747222781181335
0.9479210376739502
0.6660282611846924
0.7593735456466675
0.6999050378799438
0.6287009716033936
0.660243570804596
0.8187912106513977
0.6942169666290283
0.7686673998832703
0.6245664954185486
0.9050421714782715
0.7395694255828857
0.7231345176696777
0.8503197431564331
0.7035253047943115
0.7488147616386414
0.8974997401237488
0.6205703020095825
0.6952624917030334
0.7454716563224792
0.7432807683944702
0.7402688264846802
0.7096232175827026
0.7554709911346436
0.6812739372253418
0.7609924077987671
0.8046489953994751
0.6827819347381592
0.7613756656646729
0.8438413739204407
0.8393678665161133
0.7284095287322998
0.7274109125137329
0.6599620580673218
0.709821343421936
0.7168292999267578
0.6740964651107788
0.7746776342391968
0.7699500322341919
0.7412614822387695
0.7999564409255981
0.7869043350219727
0.7767386436462402
0.6551937460899353
0.8022948503494263
0.7348657846450806
0.7824384570121765
0.6560229063034058
0.642181932926178
0.7253296375274658
0.7280769348144531
0.6343410015106201
0.8219399452209473
0.7326252460479736
0.654007077217102
0.8328367471694946
0.7137664556503296
0.9024109244346619
0.749077320098877
0.6956866979598999
0.6901135444641113
0.7426876425743103
0.7736243009567261
0.862960934638977
0.8131045699119568
0.725205659866333
0.7260467410087585
0.6771692633628845
0.8110816478729248
0.7411298751831055
0.8121500015258789
0.7620645761489868
0.6938888430595398
0.6806461215019226
0.8722052574157715
0.7208118438720703
0.8185834884643555
0.6796892881393433
0.677797257900238
0.8712512254714966
0.6830520629882812
0.6212030649185181
0.7644177675247192
0.6739108562469482
0.6581708192825317
0.8150689601898193
0.6351488828659058
0.6868653297424316
0.722831666469574
0.798416256904602
0.7538704872131348
0.832465410232544
0.6843938827514648
0.759070098400116
0.6962738037109375
0.6570042371749878
0.6692749857902527
0.7209038734436035
0.7598694562911987
0.7354177236557007
0.7785001397132874
0.8242191076278687
0.7297441959381104
0.7652662992477417
0.6861922740936279
0.7183444499969482
0.7059913277626038
0.8139560222625732
0.7790192365646362
0.7145278453826904
0.7635543346405029
0.6966493725776672
0.6609225273132324
0.6735660433769226
0.7733164429664612
0.6594019532203674
0.7473492622375488
0.7639001607894897
0.6731688380241394
0.775784432888031
0.7454464435577393
0.7308534383773804
0.6869142055511475
0.6566260457038879
0.7029249668121338
0.7033319473266602
0.7383911609649658
0.6829708814620972
0.6857719421386719
0.7227860689163208
0.6423378586769104
0.8267694711685181
0.7420618534088135
0.7984657287597656
0.6685373783111572
0.7327865362167358
0.7976086139678955
0.7586709260940552
0.6921198964118958
0.7134431600570679
0.6832469701766968
0.7694339752197266
0.6801187992095947
0.7201715707778931
0.7020469903945923
0.8904937505722046
0.7469460964202881
0.7696545720100403
0.7576919794082642
0.6373400688171387
0.6654046177864075
0.7942314147949219
0.7682878971099854
0.7625951766967773
0.6970970034599304
0.6867848038673401
0.8324732780456543
0.7331838011741638
0.8302525281906128
0.7169892191886902
0.8252373933792114
0.6923139691352844
0.7184102535247803
0.8297704458236694
0.7324310541152954
0.7100497484207153
0.7277246117591858
0.8119230270385742
0.6929633617401123
0.7121175527572632
0.6703366637229919
0.7468489408493042
0.6606687903404236
0.8509243726730347
0.635563850402832
0.6542885303497314
0.7447787523269653
0.6327417492866516
0.7082708477973938
0.641175389289856
0.7874340415000916
0.6862475872039795
0.7345669269561768
0.8165500164031982
0.7157213687896729
0.7189046144485474
0.9369014501571655
0.8639113903045654
0.6847182512283325
0.6659703850746155
0.7812851667404175
0.7600634098052979
0.7166135907173157
0.7057864665985107
0.7086372375488281
0.689629316329956
0.6619670987129211
0.7121841311454773
0.6751179695129395
0.6881062984466553
0.7324062585830688
0.62614905834198
0.7970499992370605
0.7330201864242554
0.7026990652084351
0.7089985609054565
0.6847121715545654
0.7235294580459595
0.6769096851348877
0.7585755586624146
0.6868282556533813
0.7663097977638245
0.6235116720199585
0.6594064235687256
0.6804333925247192
0.7546333074569702
0.6893123388290405
0.7750111818313599
0.6628037095069885
0.6523370742797852
0.707267165184021
0.7735242247581482
0.7589123249053955
0.6360178589820862
0.7257055640220642
0.7734978199005127
0.6329118013381958
0.6703104376792908
0.7606995105743408
0.6682800650596619
0.699450671672821
0.7820582389831543
0.6553488969802856
0.6450991034507751
0.7122688293457031
0.69523024559021
0.8231234550476074
0.7242141962051392
0.620173454284668
0.8332480192184448
0.6877123117446899
0.6974841356277466
0.7134498357772827
0.7190172672271729
0.7375528812408447
0.6957135200500488
0.6426193714141846
0.6855376958847046
0.6945074796676636
0.7982133626937866
0.6339610815048218
0.7186647653579712
0.7579565644264221
0.7385007739067078
0.6366299390792847
0.625507116317749
0.7668823599815369
0.7612498998641968
0.7433581352233887
0.698827862739563
0.6732053160667419
0.6765277981758118
0.6953560709953308
0.6768609285354614
0.6311812400817871
0.854917049407959
0.726332426071167
0.7358075976371765
0.7469574213027954
0.7312328815460205
0.7114033699035645
0.72359299659729
0.6873396635055542
0.7319905161857605
0.71793532371521
0.7800369262695312
0.6633540391921997
0.8976205587387085
0.680959939956665
0.7274329662322998
0.6776166558265686
0.6670436263084412
0.6505732536315918
0.837254524230957
0.6690515875816345
0.7087951898574829
0.7046489715576172
0.7128363847732544
0.9190219640731812
0.6905605792999268
0.6153252124786377
0.740527868270874
0.7364705204963684
0.68343186378479
0.6841500401496887
0.6945246458053589
0.7442454695701599
0.7204030752182007
0.7137984037399292
0.755208432674408
0.7194501161575317
0.7472882270812988
0.7572111487388611
0.6649372577667236
0.6683762073516846
0.6917774677276611
0.7183478474617004
0.699180543422699
0.6608937382698059
0.6945912837982178
0.8000858426094055
0.7219499349594116
0.6581934690475464
0.7537598609924316
0.7323625683784485
0.6651155948638916
0.6577155590057373
0.6320521831512451
0.6740833520889282
0.7958990335464478
0.7603167295455933
0.7085494995117188
0.6404577493667603
0.7352089285850525
0.8750641345977783
0.7831979990005493
0.7217485904693604
0.6331716775894165
0.7298793792724609
0.7501404285430908
0.6615578532218933
0.6839510202407837
0.7010983228683472
0.6241565346717834
0.6289019584655762
0.6545361280441284
0.6463526487350464
0.6385567784309387
0.7864246368408203
0.8001693487167358
0.7818002700805664
0.7783624529838562
0.7086795568466187
0.6354039311408997
0.6911299228668213
0.7188266515731812
0.686477541923523
0.9114048480987549
0.6693438291549683
0.62739098072052
0.8239198923110962
0.8826113939285278
0.693405032157898
0.8431304693222046
0.8414018750190735
0.8139035701751709
0.6443576812744141
0.7923783659934998
0.741010308265686
0.7034916281700134
0.6904088854789734
0.7644757032394409
0.6377987265586853
0.7101846933364868
0.6621924042701721
0.8605769872665405
0.6981956362724304
0.7193912267684937
0.7242465019226074
0.6718134880065918
0.7053928375244141
0.7105627059936523
0.708603024482727
0.6977165341377258
0.7358464002609253
0.6640985012054443
0.6648737192153931
0.6922807693481445
0.7359701991081238
0.8097246289253235
0.7444605827331543
0.6998730301856995
0.6379903554916382
0.7070977687835693
0.6876857876777649
0.6586734056472778
0.6128197908401489
0.732108473777771
0.6366517543792725
0.701352596282959
0.6833303570747375
0.6764465570449829
0.6771451234817505
0.7608069181442261
0.8208425045013428
0.7078132629394531
0.764700174331665
0.689428448677063
0.8321613073348999
0.7259247899055481
0.6613750457763672
0.7143470048904419
0.7728300094604492
0.806779146194458
0.6828737854957581
0.7231311798095703
0.798172116279602
0.7339380979537964
0.7401618361473083
0.6403509378433228
0.808591365814209
0.8713794946670532
0.7592482566833496
0.6866315603256226
0.8356598615646362
0.7163774967193604
0.7079857587814331
0.7897873520851135
0.6874286532402039
0.7765157222747803
0.7016181945800781
0.7278138995170593
0.7350119948387146
0.614510715007782
0.7818461060523987
0.669129490852356
0.6701300144195557
0.7433189153671265
0.8287678360939026
0.8244908452033997
0.736611545085907
0.706298828125
0.8304458260536194
0.7139316201210022
0.6404501795768738
0.6811930537223816
0.7165755033493042
0.6780945062637329
0.70020592212677
0.7819033265113831
0.6957578659057617
0.6407676339149475
0.7521522045135498
0.6941472291946411
0.7496993541717529
0.7659928798675537
0.8799378871917725
0.6782964468002319
0.8039782047271729
0.6160364151000977
0.7163224816322327
0.7730627655982971
0.7197118997573853
0.6770181655883789
0.7520719170570374
0.7438966035842896
0.6838843822479248
0.6644287109375
0.6700152158737183
0.6866743564605713
0.6387256383895874
0.7044277191162109
0.7087786197662354
0.7620022296905518
0.66319739818573
0.7111766338348389
0.7794283032417297
0.6234619617462158
0.6822177171707153
0.7009502649307251
0.6458881497383118
0.7719784379005432
0.7042228579521179
0.8220568895339966
0.7800812721252441
0.6839552521705627
0.6747609376907349
0.7448880672454834
0.7484576106071472
0.6860642433166504
0.7531164884567261
0.6721765995025635
0.7031092047691345
0.6555169224739075
0.6374207139015198
0.6154473423957825
0.7175387740135193
0.6664696931838989
0.6694068908691406
0.8053473234176636
0.8246760368347168
0.6614523530006409
0.8167296648025513
0.8006051182746887
0.6952360272407532
0.6194171905517578
0.6831787824630737
0.6146751642227173
0.6516001224517822
0.6678913831710815
0.7351356744766235
0.7600646615028381
0.7698756456375122
0.737721860408783
0.6933504343032837
0.7557892799377441
0.7655857801437378
0.701669454574585
0.6508965492248535
0.7010478973388672
0.799996554851532
0.6382055878639221
0.7621351480484009
0.6955597996711731
0.6619042158126831
0.6342446804046631
0.7202610373497009
0.8952320218086243
0.7040610313415527
0.7217670679092407
0.7765715718269348
0.6651822328567505
0.7607905864715576
0.7412039637565613
0.6513403654098511
0.7302157282829285
0.7057305574417114
0.7674252986907959
0.6323076486587524
0.8409731388092041
0.627417266368866
0.6782950162887573
0.6419894695281982
0.7178139686584473
0.6759114265441895
0.7819122076034546
0.6931090950965881
0.7140392065048218
0.7291947603225708
0.6031712293624878
0.6639844179153442
0.682106614112854
0.7713735103607178
0.6917219161987305
0.807831883430481
0.7220158576965332
0.6845741271972656
0.7113955020904541
0.7718403935432434
0.7055916786193848
0.7256066799163818
0.6880201101303101
0.8327229022979736
0.7598298788070679
0.6886693835258484
0.7344682216644287
0.7049558162689209
0.7803927063941956
0.738969087600708
0.7787091135978699
0.7203472256660461
0.6774255037307739
0.7342131733894348
0.7020527720451355
0.7492756843566895
0.6636037826538086
0.7521092891693115
0.7169252634048462
0.6234183311462402
0.7200198173522949
0.6661396026611328
0.7429542541503906
0.6646462678909302
0.7334246635437012
0.7085796594619751
0.6557495594024658
0.7012002468109131
0.6639464497566223
0.6993901133537292
0.7375758290290833
0.677868127822876
0.7654212713241577
0.7260088920593262
0.7437134981155396
0.7632431983947754
0.6922760009765625
0.7460429668426514
0.7251214385032654
0.7225599884986877
0.7226005792617798
0.7340348362922668
0.7666630744934082
0.8448508977890015
0.7107447981834412
0.6920164227485657
0.7220472097396851
0.7066814303398132
0.6804841756820679
0.670677661895752
0.6430331468582153
0.7158938646316528
0.7123352289199829
0.6263200044631958
0.6751183271408081
0.6778436899185181
0.7302935123443604
0.6982285976409912
0.6533875465393066
0.6546742916107178
0.6247515082359314
0.8040271997451782
0.8136723041534424
0.6472106575965881
0.6674403548240662
0.6536151170730591
0.7109171748161316
0.9637478590011597
0.657666802406311
0.9152126312255859
0.6525418758392334
0.724102795124054
0.6619682312011719
0.7805970907211304
0.7617372274398804
0.7023622989654541
0.7139621376991272
0.6272026896476746
0.6909501552581787
0.7448467016220093
0.7374905943870544
0.6972652673721313
0.7120419144630432
0.7339932918548584
0.6458979249000549
0.8406181335449219
0.6553189754486084
0.7187612652778625
0.7054142951965332
0.7284325361251831
0.6814316511154175
0.7635748982429504
0.6875708699226379
0.6378199458122253
0.6946080923080444
0.7658690214157104
0.6925172805786133
0.7804063558578491
0.710187554359436
0.6936210989952087
0.6624585390090942
0.7441504001617432
0.6920843720436096
0.6518005728721619
0.7658790349960327
0.6396806240081787
0.7410131692886353
0.7388920783996582
0.6880764961242676
0.6834695339202881
0.6998044848442078
0.6712952852249146
0.6138095855712891
0.716891884803772
0.6856696605682373
0.7253707647323608
0.7433570623397827
0.7395343780517578
0.6575207710266113
0.7059776782989502
0.6583642959594727
0.7447432279586792
0.62668776512146
0.684700608253479
0.7810888290405273
0.700931191444397
0.6929792761802673
0.6108828186988831
0.7163845300674438
0.7274742126464844
0.690676212310791
0.7496755123138428
0.7677421569824219
0.6661335229873657
0.6646440625190735
0.6984314918518066
0.6544356346130371
0.6886827349662781
0.651286780834198
0.7402560710906982
0.7871721982955933
0.7955892086029053
0.650203287601471
0.6536000967025757
0.6285125613212585
0.6664670705795288
0.6867384910583496
0.6539037227630615
0.6863851547241211
0.7504233121871948
0.661452054977417
0.6840388178825378
0.5779662132263184
0.7153393030166626
0.6504233479499817
0.6578781604766846
0.8034188747406006
0.8267974853515625
0.8299908638000488
0.7159749865531921
0.6847096681594849
0.7374993562698364
0.73108971118927
0.6641779541969299
0.7209375500679016
0.8077338933944702
0.7306405305862427
0.7687945365905762
0.6764388680458069
0.7159640192985535
0.7517919540405273
0.7260140776634216
0.6584882736206055
0.658117949962616
0.656641960144043
0.7176073789596558
0.6434580087661743
0.8092151880264282
0.8154259920120239
0.7633262872695923
0.6326637864112854
0.6839203834533691
0.6523689031600952
0.8267815709114075
0.7681031227111816
0.8609184622764587
0.6588813066482544
0.7899483442306519
0.7853607535362244
0.7888567447662354
0.6565533876419067
0.8654160499572754
0.6171329021453857
0.797938346862793
0.7295989990234375
0.7615525722503662
0.6799377202987671
0.6768555641174316
0.6438876390457153
0.738690972328186
0.6837979555130005
0.6295467615127563
0.6822095513343811
0.6937127113342285
0.805752158164978
0.7433422207832336
0.7078631520271301
0.6489250063896179
0.7255344390869141
0.7581624984741211
0.6360008716583252
0.7051964998245239
0.6471302509307861
0.733532190322876
0.7316733598709106
0.584945797920227
0.7171648740768433
0.7996793985366821
0.6471207737922668
0.6534487009048462
0.703824520111084
0.7433562874794006
0.6568024158477783
0.6901137828826904
0.7770650386810303
0.7768580317497253
0.795303463935852
0.6578174233436584
0.6776514053344727
0.6784688234329224
0.7639364004135132
0.7263832688331604
0.682691216468811
0.6773191690444946
0.893930196762085
0.7248384356498718
0.7810461521148682
0.7299684286117554
0.6816885471343994
0.7205345630645752
0.7096912860870361
0.6961519718170166
0.7349163293838501
0.7028394937515259
0.6644124388694763
0.8220033645629883
0.741155743598938
0.6837714314460754
0.7263729572296143
0.7596375942230225
0.7171945571899414
0.6537126302719116
0.764595627784729
0.6864036917686462
0.6560001373291016
0.7300007939338684
0.7482972741127014
0.7881417274475098
0.6520639657974243
0.688770592212677
0.689818263053894
0.6809885501861572
0.7062901854515076
0.721527099609375
0.6600522994995117
0.6393594741821289
0.6905543208122253
0.6293965578079224
0.7244577407836914
0.6324782371520996
0.7531682252883911
0.6844610571861267
0.7073949575424194
0.6683652997016907
0.7125372290611267
0.7333967089653015
0.6583762168884277
0.7401041984558105
0.6548319458961487
0.667742133140564
0.77766352891922
0.690043032169342
0.6727463603019714
0.7012110948562622
0.7124378085136414
0.6450668573379517
0.6900409460067749
0.6912781000137329
0.6719651222229004
0.7003347873687744
