4202.666759490967
2727.38716506958
2631.948610305786
2615.8159561157227
2640.447916030884
2553.7184257507324
2513.0303916931152
2444.841989517212
2572.093328475952
2428.2023849487305
2423.7907066345215
2493.88849067688
2294.0575466156006
2311.7006607055664
2352.406259536743
2396.0037631988525
2290.7331161499023
2231.7777576446533
2201.902633666992
2155.2128353118896
2170.1140537261963
2175.8888835906982
2198.569290161133
2172.3851566314697
2099.4088706970215
2159.512742996216
2117.5785484313965
2066.313549041748
2133.2610664367676
2072.645971298218
2089.757884979248
2052.5712566375732
2029.0214252471924
1948.2786235809326
1995.6871852874756
2018.6266975402832
1931.0788345336914
1919.7752170562744
2006.6795482635498
1974.695400238037
2026.7336406707764
1985.3972358703613
1882.2307014465332
1958.8466205596924
1973.1978244781494
1941.9287300109863
2005.359661102295
1998.5862464904785
1929.7131023406982
1902.9702224731445
1930.1585102081299
1953.0532779693604
1899.1980876922607
1913.0604057312012
1889.8444862365723
1871.7700500488281
1899.8785247802734
1924.4705638885498
1893.3074321746826
1928.1219100952148
1873.2090702056885
1902.8898029327393
1890.2131118774414
1876.2208576202393
1870.570837020874
1903.8428554534912
1879.7161712646484
1919.2383556365967
1901.0504245758057
1921.1097679138184
1910.4316864013672
1858.2248077392578
1903.776554107666
1835.8297595977783
1863.419900894165
1843.6750984191895
1847.361946105957
1796.593786239624
1884.7097034454346
1880.5290489196777
1832.0978660583496
1853.7172718048096
1832.40336227417
1854.5354328155518
1880.9538898468018
1888.8532962799072
1860.283540725708
1871.7918338775635
1854.5958156585693
1856.0753936767578
1858.2845096588135
1874.6944961547852
1836.051160812378
1804.2375946044922
1847.8873882293701
1838.9409580230713
1867.6927165985107
1793.6907062530518
1822.6527156829834
1826.341396331787
1839.0075283050537
1860.4313144683838
1810.207571029663
1781.5388946533203
1857.601182937622
1868.4724464416504
1860.6282939910889
1815.694969177246
1846.9855327606201
1805.6496696472168
1759.6655597686768
1831.040075302124
1828.8188133239746
1848.2798976898193
1828.7622413635254
1827.9209632873535
1854.57865524292
1840.4853324890137
1787.349328994751
1879.7153053283691
1820.7573909759521
1814.5464763641357
1830.360803604126
1791.3459300994873
1796.9292373657227
1851.235387802124
1799.0267658233643
1820.8106231689453
1814.8240337371826
1886.5378398895264
1805.4688549041748
1795.320957183838
1760.1799087524414
1843.2179565429688
1771.911485671997
1821.1334075927734
1765.2340450286865
1777.0240783691406
1837.900390625
1793.8566780090332
1822.252109527588
1815.1339378356934
1770.1071815490723
1780.3257484436035
1814.3636436462402
1777.7563724517822
1789.9699954986572
1771.8179378509521
1812.4935703277588
1818.6751976013184
1769.3705596923828
1835.8007202148438
1759.254373550415
1766.5318870544434
1790.991506576538
1806.0721340179443
1731.07173538208
1796.9281063079834
1808.868299484253
1753.665678024292
1794.1579608917236
1786.2547416687012
1784.064748764038
1788.253330230713
1800.6119976043701
1786.907558441162
1757.7484493255615
1749.2461891174316
1784.7771224975586
1775.2349529266357
1775.6779956817627
1813.214635848999
1750.5956478118896
1725.2655982971191
1758.0407676696777
1748.1270084381104
1757.3003387451172
1758.0526142120361
1729.5813064575195
1739.6880836486816
1757.4600372314453
1797.7951927185059
1738.5461654663086
1776.328758239746
1761.427354812622
1764.074655532837
1752.9883823394775
1743.3201179504395
1703.517993927002
1786.0697708129883
1762.0445289611816
1783.3485202789307
1777.3370456695557
1794.380199432373
1732.4409923553467
1735.3582611083984
1757.2244396209717
1795.2979278564453
1757.5763149261475
1752.2298774719238
1744.8760414123535
1731.8580150604248
1750.4542026519775
1721.6954555511475
1760.6489715576172
1765.413776397705
1739.7606620788574
1736.7050819396973
1757.230541229248
1729.1732749938965
1740.2161140441895
1731.7414741516113
1770.866355895996
1727.655574798584
1728.7509746551514
1727.140869140625
1744.9487628936768
1749.555959701538
1759.1736583709717
1731.3846836090088
1734.807991027832
1747.794282913208
1737.1186962127686
1769.0935077667236
1775.7980690002441
1765.8010635375977
1756.1755104064941
1736.5740909576416
1711.2855262756348
1720.847764968872
1750.7575492858887
1760.0211963653564
1717.1582660675049
1710.0161323547363
1766.749361038208
1710.5688457489014
1724.598030090332
1758.8424530029297
1767.2245712280273
1738.870216369629
1742.4756145477295
1742.1041736602783
1715.935941696167
1767.5527305603027
1728.762897491455
1767.5738162994385
1748.5480060577393
1734.1349697113037
1790.8468227386475
1737.6747188568115
1746.8771495819092
1715.1772174835205
1739.9827842712402
1761.3852710723877
1723.9258251190186
1759.0968856811523
1764.4137058258057
1726.568769454956
1761.6809482574463
1750.5449886322021
1713.7765922546387
1724.7452411651611
1742.2084274291992
1757.155258178711
1736.5784282684326
1746.6194705963135
1732.6328716278076
1724.7962799072266
1735.1703567504883
1736.5530452728271
1717.0094890594482
1692.0678176879883
1768.6094951629639
1724.196081161499
1737.2042770385742
1738.0115356445312
1717.0048217773438
1671.8763256072998
1689.174222946167
1719.5895690917969
1765.5998783111572
1725.031759262085
1731.4379177093506
1728.5643405914307
1724.575246810913
1733.815969467163
1716.0917110443115
1736.8859481811523
1709.591178894043
1716.82470703125
1717.8694820404053
1727.9861660003662
1714.080244064331
1725.3883895874023
1751.0200424194336
1744.2929401397705
1751.9716091156006
1715.3395919799805
1741.066806793213
1746.076524734497
1741.5663242340088
1697.0828914642334
1735.8389167785645
1725.2751083374023
1731.2263488769531
1751.0787506103516
1731.201000213623
1688.7552757263184
1708.0636024475098
1728.4884414672852
1719.9672946929932
1763.404951095581
1742.5419311523438
1708.0579662322998
1740.015853881836
1724.94974899292
1728.6286945343018
1697.5658588409424
1724.0086612701416
1706.4576950073242
1701.7726192474365
1747.080509185791
1704.1732692718506
1679.7118110656738
1725.3004264831543
1680.4693565368652
1694.7638683319092
1685.8424682617188
1752.4572086334229
1739.8580131530762
1733.5433349609375
1685.7669582366943
1710.2260723114014
1736.394645690918
1713.8090286254883
1717.7850513458252
1728.3174152374268
1767.0552825927734
1738.8321075439453
1721.3036727905273
1719.3469429016113
1700.9790897369385
1725.8431644439697
1732.704517364502
1729.8977718353271
1699.405897140503
1700.702896118164
1724.2284240722656
1712.4232997894287
1738.983549118042
1710.30464553833
1701.468650817871
1680.4524841308594
1697.7598476409912
1681.9994812011719
1717.1954193115234
1669.7238502502441
1723.8410263061523
1756.9542617797852
1703.091625213623
1708.9916820526123
1670.6226978302002
1763.5917339324951
1702.9500331878662
1677.500280380249
1723.1351375579834
1692.2664031982422
1691.561595916748
1703.2683715820312
1700.3087921142578
1678.608835220337
1700.478021621704
1691.8709239959717
1689.4069194793701
1723.890546798706
1722.777515411377
1709.3134727478027
1691.4756774902344
1692.8329238891602
1680.2962169647217
1702.566541671753
1747.793306350708
1693.5080661773682
1703.0804615020752
1692.5236740112305
1710.7815036773682
1682.0789604187012
1672.8509788513184
1694.5363998413086
1698.363962173462
1694.547082901001
1704.9112014770508
1715.494104385376
1728.7264957427979
1697.1922206878662
1707.1130352020264
1711.9855270385742
1695.2945003509521
1692.186601638794
1667.4201793670654
1714.2085456848145
1698.184377670288
1719.4828071594238
1654.6976146697998
1676.9332313537598
1688.8010120391846
1707.195442199707
1706.0415687561035
1680.4852352142334
1713.6071281433105
1679.2503299713135
1697.32985496521
1728.0358581542969
1746.4470405578613
1722.1927890777588
1700.6891193389893
1715.8424129486084
1681.899450302124
1694.599178314209
1655.9169387817383
1697.9772567749023
1670.1411094665527
1672.5238246917725
1714.868293762207
1687.0023250579834
1703.7945537567139
1713.907169342041
1714.0480861663818
1681.4881763458252
1713.3621635437012
1687.6279315948486
1674.7305545806885
1706.153974533081
1716.5105056762695
1724.3916091918945
1695.5445461273193
1705.7529945373535
1694.7681102752686
1682.9787464141846
1698.618064880371
1708.0544548034668
1694.3305282592773
1688.9224834442139
1676.7858638763428
1697.5801258087158
1699.9998226165771
1720.2287788391113
1702.1491451263428
1705.8104228973389
1729.9621810913086
1700.5702323913574
1732.2801189422607
1689.749771118164
1671.1970977783203
1670.1359786987305
1709.7333183288574
1696.36429977417
1689.0895805358887
1661.993143081665
1703.4020919799805
1703.0816955566406
1685.1872882843018
1659.8726406097412
1709.600305557251
1702.4433612823486
1717.7412853240967
1694.0925045013428
1706.514898300171
1670.3738651275635
1714.1893329620361
1677.897481918335
1686.3784408569336
1686.008171081543
1697.271957397461
1680.493631362915
1688.215326309204
1667.710849761963
1710.3545455932617
1671.3130321502686
1699.5129089355469
1638.2093296051025
1735.8686866760254
1675.2808113098145
1697.850996017456
1712.7146949768066
1711.925931930542
1680.7369346618652
1694.5580615997314
1697.0718097686768
1693.4845638275146
1672.3360996246338
1687.9478816986084
1702.8215084075928
1699.2862720489502
1709.67972946167
1690.2708492279053
1695.962366104126
1722.9412250518799
1691.507272720337
1721.4150199890137
1664.7769393920898
1706.8118915557861
1683.6338596343994
1673.9769229888916
1662.7334156036377
1705.9718551635742
1686.920036315918
1708.8332252502441
1674.61861038208
1703.0491390228271
1714.607177734375
1678.3422813415527
1693.5228843688965
1716.960973739624
1713.0031414031982
1686.2944316864014
1646.2665119171143
1676.402976989746
1680.8595237731934
1715.0481147766113
1675.8353748321533
1669.3817768096924
1655.2998123168945
1673.3950748443604
1697.6768264770508
1676.5558013916016
1699.725980758667
1687.7932415008545
1694.6712284088135
1688.8175659179688
1690.0922966003418
1712.9461822509766
1721.9744300842285
1728.016098022461
1718.8532371520996
1696.5871086120605
1693.8928756713867
1679.6581897735596
1703.9153270721436
1676.616231918335
1676.446683883667
1705.4951190948486
1704.8271446228027
1677.7057914733887
1686.130527496338
1672.416524887085
1680.577470779419
1693.4774055480957
1676.5092430114746
1696.3162536621094
1675.9835186004639
1704.5305042266846
1688.5504779815674
1697.3849124908447
1713.902379989624
1749.9557495117188
1675.422357559204
1673.2310047149658
1650.6638202667236
1665.5642318725586
1679.479928970337
1681.8962669372559
1684.8225841522217
1707.4242992401123
1680.0130405426025
1658.3177852630615
1689.4236030578613
1702.2030067443848
1673.1915893554688
1688.1605854034424
1668.0972003936768
1676.7843418121338
1670.9214115142822
1673.503189086914
1677.7969074249268
1666.7884044647217
1668.9929866790771
1717.3734874725342
1693.0715637207031
1688.8196239471436
1689.4262561798096
1681.2297897338867
1683.4941749572754
1661.3367347717285
1679.7208709716797
1697.4762630462646
1678.8643207550049
1699.6105728149414
1669.5813026428223
1710.020305633545
1672.120922088623
1674.8636264801025
1666.5368919372559
1665.357795715332
1725.5467739105225
1639.6801376342773
1683.3467197418213
1712.1864604949951
1678.7680702209473
1680.4580745697021
1685.3099365234375
1672.260082244873
1668.589729309082
1663.7724723815918
1668.8076610565186
1648.4606838226318
1654.1507930755615
1662.231819152832
1722.3087272644043
1687.3452854156494
1654.165771484375
1670.2807788848877
1697.2282447814941
1681.882900238037
1678.1597900390625
1680.314655303955
1675.3826065063477
1671.1711597442627
1655.9927234649658
1678.566270828247
1634.1344585418701
1658.1057720184326
1668.5791683197021
1670.7237300872803
1660.1331672668457
1703.73703956604
1687.0290927886963
1643.5232543945312
1660.3987445831299
1658.3236408233643
1664.5382614135742
1685.8241653442383
1661.1406326293945
1662.8930492401123
1686.052827835083
1650.8060340881348
1654.0830326080322
1662.6011486053467
1677.6648139953613
1677.046100616455
1715.5187721252441
1677.8445949554443
1697.8164615631104
1643.2743034362793
1673.52583694458
1680.7255840301514
1657.6884269714355
1693.9983711242676
1711.435297012329
1668.6585960388184
1671.3952732086182
1631.4645957946777
1668.5683326721191
1683.8522148132324
1664.2394313812256
1674.4635162353516
1689.396640777588
1672.884593963623
1635.66597366333
1669.9690380096436
1660.857313156128
1670.074010848999
1645.9251346588135
1631.3486957550049
1685.1538200378418
1644.5879745483398
1692.2838821411133
1656.239055633545
1659.4203701019287
1655.7251892089844
1667.623296737671
1650.3429527282715
1664.3031101226807
1678.0816917419434
1661.4366931915283
1676.1458854675293
1683.5915489196777
1648.0860023498535
1635.5224876403809
1696.594337463379
1663.4056854248047
1666.6268310546875
1626.1141147613525
1672.5700969696045
1636.3735980987549
1671.6769561767578
1677.53466796875
1680.1142692565918
1721.527400970459
1657.523759841919
1691.505708694458
1668.644401550293
1680.3011665344238
1713.228199005127
1650.5654468536377
1686.242286682129
1644.695442199707
1674.4481410980225
1689.1821060180664
1663.8399600982666
1661.087911605835
1685.0552501678467
1676.0226421356201
1668.0168418884277
1659.2409286499023
1707.7206268310547
1679.7739486694336
1659.9618396759033
1660.6130027770996
1642.0357856750488
1681.7854042053223
1673.3627605438232
1673.6302967071533
1669.3763160705566
1668.6502151489258
1657.50337600708
1690.3240280151367
1634.2940425872803
1692.5433464050293
1663.792230606079
1676.5735626220703
1716.3349285125732
1676.6639156341553
1659.000789642334
1629.1968822479248
1695.9444198608398
1657.4056129455566
1653.446575164795
1695.1278800964355
1697.7250022888184
1669.896183013916
1647.3494853973389
1658.6843338012695
1666.9966564178467
1644.562593460083
1635.586015701294
1673.1534538269043
1671.5091609954834
1686.0883617401123
1658.4689140319824
1674.6751327514648
1633.706600189209
1669.4229183197021
1668.4341735839844
1673.3620376586914
1661.0126819610596
1654.0429286956787
1658.3728847503662
1668.0666236877441
1655.6288566589355
1678.5353775024414
1680.3500347137451
1676.996669769287
1663.9191436767578
1659.976079940796
1698.1466903686523
1691.922233581543
1661.05171585083
1661.360300064087
1652.846399307251
1661.0743770599365
1690.4362354278564
1681.96626663208
1676.5505638122559
1679.70991897583
1686.0349521636963
1635.1242580413818
1665.7797813415527
1666.6908912658691
1666.2029857635498
1643.6502590179443
1680.8302307128906
1694.9166564941406
1656.187463760376
1653.0464096069336
1656.808750152588
1660.618745803833
1652.781530380249
1675.2765731811523
1706.8225936889648
1667.3991146087646
1645.5466575622559
1660.175329208374
1657.4112129211426
1687.137212753296
1674.8164825439453
1668.4700031280518
1672.2392559051514
1697.6472606658936
1647.0528297424316
1674.59566116333
1638.4109725952148
1679.1952686309814
1659.4708728790283
1653.265947341919
1660.0273628234863
1685.2255535125732
1651.9662075042725
1678.274829864502
1662.1206283569336
1652.6983127593994
1667.9389305114746
1672.7388496398926
1645.8381519317627
1667.457769393921
1630.2236671447754
1645.3323497772217
1654.4188404083252
1654.3370361328125
1653.0701370239258
1667.2861881256104
1669.394618988037
1640.6540908813477
1653.827491760254
1666.11421585083
1670.4317607879639
1664.7657451629639
1701.3899574279785
1682.6735286712646
1626.1461296081543
1648.803565979004
1646.3869953155518
1669.3606243133545
1634.1226615905762
1648.2755184173584
1691.339448928833
1665.8979721069336
1673.5891246795654
1652.359218597412
1646.4343795776367
1693.7595806121826
1667.008840560913
1638.8846836090088
1622.1325550079346
1641.4480056762695
1700.7643737792969
1665.420497894287
1675.6894931793213
1691.1456089019775
1666.430986404419
1684.1885776519775
1647.9644584655762
1655.9451236724854
1653.3958148956299
1665.7239933013916
1648.9759845733643
1667.908836364746
1665.9858131408691
1654.5608024597168
1630.0525436401367
1634.3590984344482
1660.6685047149658
1683.3406715393066
1649.4761543273926
1632.6213874816895
1691.001365661621
1699.334997177124
1621.7739448547363
1661.6939945220947
1690.5798225402832
1678.621410369873
1640.3960247039795
1657.7653579711914
1683.610019683838
1686.1714668273926
1642.0687294006348
1655.5468978881836
1682.461175918579
1657.6179943084717
1635.818250656128
1644.441484451294
1671.7740478515625
1671.740156173706
1649.7722988128662
1649.5436820983887
1672.7875690460205
1672.4014797210693
1665.1878032684326
1645.1389541625977
1628.5986022949219
1638.5068702697754
1678.6310501098633
1691.1720008850098
1629.2393894195557
1648.1648445129395
1659.2131824493408
1677.3918323516846
1655.1118412017822
1662.6957569122314
1657.639892578125
1665.7387943267822
1637.5479774475098
1632.825870513916
1648.6890563964844
1679.5856018066406
1658.3476009368896
1657.8010902404785
1692.7966766357422
1640.9325408935547
1641.8404712677002
1631.8607387542725
1638.111026763916
1656.0077362060547
1656.4664993286133
1622.8824100494385
1688.8936672210693
1631.3029079437256
1685.451192855835
1623.7714080810547
1674.348056793213
1662.6516094207764
1662.4100761413574
1642.5532360076904
1656.5154361724854
1654.1471366882324
1678.6569232940674
1641.2712306976318
1634.9382724761963
1655.1471405029297
1694.2303581237793
1641.1411933898926
1679.4453315734863
1655.2667617797852
1665.8925495147705
1616.1904983520508
1656.0491428375244
1635.4388809204102
1657.6450576782227
1679.477928161621
1660.6237144470215
1657.6894989013672
1669.494041442871
1642.639268875122
1641.7848491668701
1670.1721115112305
1651.7125549316406
1660.7410526275635
1643.588544845581
1651.9240245819092
1651.953104019165
1648.9497718811035
1651.4076957702637
1650.4276180267334
1638.8738059997559
1625.8648986816406
1643.871379852295
1664.864501953125
1649.35280418396
1675.411994934082
1651.6867008209229
1666.4510612487793
1636.9716873168945
1659.60498046875
1647.946538925171
1679.6291484832764
1662.4377574920654
1645.7713775634766
1646.2407417297363
1670.0226783752441
1654.2839965820312
1635.56178855896
1651.3859214782715
1692.797981262207
1626.5131072998047
1660.2742443084717
1677.2218437194824
1668.4021434783936
1654.084810256958
1632.6296997070312
1665.0888538360596
1646.3045406341553
1649.9522132873535
1671.5421142578125
1679.4158191680908
1658.770299911499
1688.4611358642578
1688.3421077728271
1649.419620513916
1654.9399757385254
1666.2300720214844
1676.4134140014648
1650.723150253296
1619.2629795074463
1654.0904293060303
1668.184642791748
1659.5114154815674
1688.4490032196045
1655.4702892303467
1673.060640335083
1667.7234745025635
1670.6940612792969
1696.3095512390137
1627.649528503418
1630.7902030944824
1662.6042022705078
1637.0796203613281
1634.5186252593994
1662.2383308410645
1633.1611289978027
1670.191780090332
