0.22164750912751274
0.29210727970147954
0.328678160905838
0.34668582395232955
0.365440612980004
0.37605364004085806
0.38819923414581126
0.39643678111934116
0.4113218392106308
0.42383141832790155
0.43208812194309015
0.4352298849958113
0.44478927244400157
0.4561685811856697
0.46833333270303135
0.47421455674472895
0.47295018910676584
0.47909961623707037
0.4884674309313982
0.4928544047235072
0.5033524892796045
0.5077777778965303
0.5162452096226572
0.5178160888367686
0.5261494239856457
0.5313601502399335
0.5355747126299759
0.5378735620400001
0.5500191549460093
0.5450191561175489
0.5392911870931757
0.556992334367215
0.5561111106954771
0.5614942552029402
0.5674904199509785
0.5707662818075596
0.5640038284419597
0.5744444452140524
0.5779118762276638
0.5781417619222882
0.5844252876851751
0.5867241362388107
0.5890421451165758
0.5908237514139592
0.5992911872507511
0.6030842899933628
0.6082183905374045
0.6047701147095911
0.6059386957993452
0.6086398462454478
0.6163026839494705
0.619482759086565
0.6192911911284786
0.6133333338403154
0.6210536403560091
0.6260919546943972
0.6291379318840202
0.633256706355632
0.6378160920636408
0.6398084314390161
0.6366475097749426
0.6380076634472814
0.6424904198482119
0.6434291169561189
0.6416666678998663
0.6494444457963965
0.6483716485144078
0.6497701156413418
0.6535823776804167
0.6489080447575142
0.656053641746784
0.6593295034320875
0.6580076649271208
0.6615517242201443
0.6616091950871479
0.6675287378930498
0.6615900366470732
0.672088125656391
0.67063218492201
0.6687931062161238
0.6657662843835765
0.6702298843997648
0.6697126438562897
0.6789846738864636
0.6769731829221222
0.6816666674339908
0.6735823753921465
0.684310345129035
0.6816858241612884
0.6810919539681797
0.6940996184431273
0.6882567069996363
0.6953256722839399
0.6891570879125047
0.6918199226774019
0.6933524906635284
0.6944827601827425
0.700249043689377
0.6918773952571825
0.6949808422861428
0.700574714904544
0.7093678154479498
0.700842912512264
0.699176245379722
0.7011111097774286
0.7064942515444481
0.7012835244337717
0.7135823759539374
0.7069157077663246
0.714578545641625
0.7053065118433415
0.7067241404933491
0.7079118774540123
0.714789270327009
0.7162068979493503
0.7170689643799574
0.7156896546654318
0.722547892523908
0.7188505739316173
0.7235823756661909
0.72908046122255
0.7238505753292435
0.7163218400259127
0.726915707533387
0.7257088100773165
0.7281609194717188
0.7240038315455118
0.7306513419781608
0.7225670468533176
0.7307279692299065
0.7302490438538036
0.7377394636472067
0.7304214578250359
0.7314176234020584
0.7368582384339695
0.7407279685996044
0.7316091947856991
0.7354597671963703
0.7366666649949962
0.7308812261312857
0.745517239145849
0.7341954016137398
0.7396360142477627
0.7424329502144079
0.7457088108720451
0.7397701171622879
0.7449233710080728
0.7410536411849932
0.7510536402121357
0.7417816067564076
0.7534099591189417
0.7497509577493559
0.7496934879100186
0.7490038303123123
0.7487164763198502
0.7534099622019406
0.7579310330851324
0.7474904207662604
0.7553256695297943
0.7509961679749105
0.7506321850179256
0.7472796947106548
0.7481609182111149
0.7539463601578241
0.7576053652955198
0.7531226044413687
0.7584865925640896
0.7572988504650949
0.7553448310528679
0.7549425298455118
0.7575670521834801
0.7571839077034216
0.7624904215335846
0.7600574712643678
0.7574521077090296
0.767356320359241
0.7637547895141031
0.7640038317647474
0.7620498106397432
0.7673754794844265
0.7641762450508688
0.7636973169343225
0.7668390835838756
0.7638122593534404
0.7737931043937288
0.7619923390876288
0.7685249026479393
0.7696168580274473
0.772260537777824
0.7703448287371931
0.7696168597402244
0.7684291190114515
0.7739463595823309
0.7749042117047584
0.7721264348632988
0.7732758607672549
0.7741379302808609
0.7728735640131194
0.7771455936733334
0.7822413793925581
0.7739655180224057
0.7816091964299652
0.7765900369348198
0.7791570897760063
0.7737356311288374
0.7785823752825287
0.7870114932115051
0.7725670498678054
0.7861111112709703
0.7797701129283028
0.7882183886122429
0.7851341003659128
0.7788505742604706
0.7823180073294146
0.7817241374788613
0.7842911831263838
0.780823755880882
0.7845977027525847
0.780670495211393
0.7886398479171183
0.7868390816381607
0.7888122612032397
0.7856321807565361
0.7888505767131674
0.7919157096024217
0.7883908032685861
0.783065133053681
0.7916666663241112
0.7841954022303395
0.7844636005231704
0.793237547079722
0.7953448281891045
0.7902681985120664
0.7933524905265062
0.7950957855959048
0.792720306536247
0.790785438712986
0.7958812268300989
0.7940229886564715
0.7998850564847048
0.7972796922442557
0.7977203048508743
0.7993869730110826
0.8004406125381075
0.7918773937499386
0.7994636030032717
0.7987164741960066
0.7976053651721998
0.801609195854472
0.7996551713039135
0.7978927195072174
0.798390803323395
0.7999999978761564
0.798390803323395
0.8001532554626465
0.8005747120270784
0.8025287362350815
0.796877391379455
0.8012452091293774
0.8079310337017322
0.8037547883631169
0.8058812227742426
0.8002490421821331
0.7995019147450897
0.8026436786541994
0.8019923386217533
0.8047126411706552
0.8077011498911627
0.8070498050629408
0.8011494244652233
0.8059961686189148
0.8057662820679018
0.8110919543381395
0.8055938701520021
0.8110536381431009
0.8085057447696554
0.8094061294506336
0.8076245192138628
0.8098275843022884
0.8072413791870249
0.8089463577188295
0.8055172411874792
0.8092720296191073
0.8077394606053144
0.80823754681938
0.8082950187140497
0.8145210715546005
0.814118774800465
0.8080651321630369
0.8129118773443945
0.8105172408723283
0.8072413798721357
0.8039080462921625
0.8160344800729861
0.8123946340604761
0.8115900378117616
0.813084290630516
0.8110727955555094
0.812222223514798
0.8156321833188507
0.8133333332237156
0.8093869720382252
0.810881225199535
0.8151724115870465
0.8154789236770279
0.8189272027591179
0.8226628351485592
0.8134674327126865
0.8158620691847527
0.817739464428233
0.8151724143274899
0.8209961683585726
0.8163601536860411
0.8155172412422882
0.8220689666682276
0.820517241612248
0.8183141754961561
0.8271839084296391
0.8185057472223523
0.8199233724468056
0.8255172409545416
0.8266858222155735
0.8211877404273241
0.817547892016926
0.8195977022593048
0.8189080436339323
0.8282567036562952
0.8212643690492915
0.8269540208509598
0.826992336703443
0.8205938705767708
0.8211302654496555
0.8278160900220104
0.828927203841593
0.818639847396434
0.821436782335413
0.8253639826829406
0.8236973179482866
0.818084290315365
0.8283333315931517
0.8251149421450735
0.8245593850640045
0.8218007680328413
0.8293869704350658
0.8235440620745735
0.8292145585191661
0.8252107257815613
0.823716477758583
0.829386972147843
0.8277586177847851
0.8235440617320181
0.8271455929197115
0.8286206893537237
0.8298467445647579
0.8295210712942583
0.829750956817605
0.8274904218898422
0.8323371643307566
0.8281992345020689
0.8356321786326923
0.8288505755621811
0.8280268195031704
0.8272988498210907
0.8283908045154879
0.8292720290436142
0.8305172406393906
0.8331417633199144
0.8337547878424326
0.8320114917453678
0.8305172389266134
0.8303639857933439
0.8291954017918686
0.8350574713328789
0.8335632171439028
0.8336398457658702
0.8317432955078695
0.8358237534418873
0.8352490416888533
0.8304214552901257
0.8318199231021706
0.8374712665875753
0.8412835234883188
0.8360344808677147
0.8359003827489656
0.8324712624495056
0.830210726836632
0.8339272007859987
0.8380651326700189
0.8399042124035715
0.839214556176087
0.835996166042898
0.8373754802106441
0.8335249043744186
0.8403065136109276
0.8417624512623096
0.8432567037385086
0.8321264358772629
0.8421455936870356
0.8354789261845337
0.8352490403186316
0.8378352478317831
0.8399616873812401
0.8398275861794922
0.8372988505610104
0.8409003841465917
0.8411877395092756
0.8402107262063301
0.8381417633473188
0.8405747105335367
0.8385057469894146
0.83693486726147
0.8410536379649721
0.8439271994705858
0.8398658999766426
0.8455938696861267
0.8429501916485271
0.8430268206130499
0.8446551756612186
0.8418965497236143
0.8375670505666185
0.8468007667996418
0.8378160917895964
0.8467432925070839
0.8399425279134991
0.8422030655817053
0.8419923388409889
0.8460919528171934
0.843812258764245
0.8427011469999949
0.8459386962583695
0.8447892713820797
0.8439846744482544
0.8427011507681046
0.8420689654076237
0.8408045929738845
0.8439080468539534
0.8457279698602085
0.8463793102352098
0.8409195374483349
0.846647507157819
0.8480459777103073
0.8499999981502007
0.8453831415751885
0.849540231556728
0.8432567037385086
0.8454214540021173
0.8453831415751885
0.8495785429559904
0.8424904209443893
0.8478735633965196
0.846111109544491
0.8471455920016628
0.8484291201350332
0.8466666662830046
0.8460153272782249
0.8520114925400964
0.8459770117682972
0.8482950196183962
0.8501724145193209
0.8504980823089336
0.8504980819663782
0.8505363964486397
0.8536589998623421
0.8519923378681314
0.8556321862785295
0.8509578533556269
0.8525287341112378
0.8509770087127028
0.8524712649570114
0.8557854404394654
0.8536973163999361
0.8494636012219835
0.8519157089036087
0.8505747126436781
0.8547126411021441
0.851226053361235
0.8473180059728951
0.8541954005586689
0.8523563197974501
0.8562835245981983
0.8533333324152848
0.8507662843698742
0.8484099610098477
0.8511302659566375
0.8568007678821169
0.8507088117900936
0.8518007671696016
0.8518773954490135
0.8513409954377975
0.8517432945898209
0.8513218400807216
0.8560919532145577
0.8548850574712644
0.848045974284753
0.8544444438369795
0.8538314172591286
0.8527777777321037
0.8524137927197862
0.8591762445438867
0.8571072799720983
