5.347317768239427
2.458668067537505
2.3298059647110687
2.25771659133078
2.1963257748505165
2.166104101586616
2.10877045132648
2.0718455348891776
2.028134447404708
1.9770645725316014
1.9527906056108146
1.946187153629873
1.915303754395452
1.8710459799602115
1.832339536184552
1.808765461390046
1.8095036272344918
1.7948836478693733
1.7680393813670368
1.748916471826619
1.7286465805152367
1.7071176075387275
1.6805109087078052
1.6719027017724926
1.6445663639868813
1.6369905519759518
1.6232979907386604
1.6139364797493507
1.5724739377526031
1.5841195206532532
1.5980773390024559
1.547147664530524
1.546125240024479
1.5296924641762657
1.5197493262674617
1.5118226833727169
1.5268424523287807
1.5001126966257206
1.484034747912966
1.4855712638504204
1.4560297446689388
1.4654424457714474
1.439983352847483
1.440627259769659
1.4202170221284889
1.400706842370417
1.3906625255771068
1.4026833745254867
1.3964482237552773
1.3824250489130787
1.3655894234262664
1.3490426971994598
1.3523541130553718
1.3703234846564545
1.3486532373674984
1.334071771509346
1.325967643452787
1.3159325705177483
1.296569341900705
1.2888751348544811
1.3073418373349068
1.2954976394258697
1.2916624563178798
1.2781969411619778
1.2893249433616112
1.2646594098929702
1.2602605295592342
1.257906049489975
1.2476812792920517
1.266864226467308
1.2346534009637504
1.2276440701265445
1.239181581927442
1.2200667909507095
1.219517703028931
1.2099419729462986
1.2196623152014854
1.1906987812327243
1.189769497890582
1.1983083633855842
1.2006465474079395
1.185969317781514
1.1912652562404502
1.16494820720848
1.1766114193817665
1.1617363331646755
1.176399610165892
1.1552600518040272
1.1620686013123085
1.1556830416465629
1.1257848222365325
1.140078877580577
1.1213191929219783
1.1390139409180344
1.1361087170140496
1.1150918202153568
1.1136256302225178
1.1084092430684758
1.12754427804344
1.11688939456282
1.1027868979278652
1.075537185901883
1.0955952738208332
1.0992273688316345
1.0984650774933826
1.080026623503915
1.0993661733194329
1.0607258101989483
1.080545423017151
1.061921721217276
1.0825224333796009
1.0810095130027026
1.0763325376072148
1.0571357868183617
1.0537082765294217
1.0604338084144154
1.0469296769849186
1.0350139559000389
1.0486739750566154
1.032710214113367
1.0121607739349892
1.025152875774208
1.0501041672695641
1.02546633899897
1.031714994331886
1.0210524023264305
1.0321556158449459
1.013096334947937
1.0231430026991615
1.0128922219249024
1.0073023842669082
0.9916034895798256
1.0119336374189662
1.0058087675735867
0.9910236124334664
0.9784552136371876
1.0045195554179707
0.9941577558544861
0.9903784866990715
1.0056534447204108
0.9674447024690693
1.001233904868707
0.9898167612223789
0.979465948781748
0.9674019707345415
0.9807825030266554
0.9740616278401737
0.9768994077183735
0.9604849825645315
0.9740434186211948
0.948984709621846
0.9497005864121448
0.9566909061081108
0.9559323544474854
0.9499497773318455
0.9465591369689196
0.9406906941841389
0.959434190700794
0.9427888300912134
0.9510297138115456
0.952477863122677
0.9581936642356302
0.9604146771732418
0.9442207960561774
0.9368057771660816
0.9482889839972573
0.926115904731312
0.9297758505262178
0.9396227060378283
0.9396700530216612
0.9288234148902454
0.926083892583847
0.9172204904172613
0.930096222751442
0.928555921576489
0.9077138592456949
0.9096784663611445
0.9118500334778051
0.9143470566848229
0.90112795706453
0.9137051937908962
0.9115226138597248
0.9016635328873821
0.9112038739111231
0.8791926283945982
0.9104604782729313
0.8998286806303879
0.8965766748477673
0.8961833574991117
0.889539729247148
0.8917081393729681
0.8966796487227253
0.8867709153685076
0.8779327958479695
0.8919876207565439
0.8864304423332214
0.8845286547452554
0.884458857363668
0.8828574549192669
0.8633615230691845
0.8835069838611559
0.8617565299587688
0.8699016235340601
0.8702840873564797
0.8812599541812107
0.8686829205902143
0.850485203594997
0.8849548868749334
0.8551048215093284
0.8633869067690838
0.8409483980858463
0.8515198148530105
0.8703080460257914
0.8601335136369727
0.8558647303745665
0.8556382344371971
0.8591956739453064
0.8523221594848852
0.8602470224616171
0.8388804628931242
0.8450782586788309
0.8403698586184403
0.8500841297637457
0.8425778373219501
0.8307291563900038
0.8407929567084915
0.8563414979940174
0.8304187097083563
0.850918712629669
0.8552253112710756
0.82913812618146
0.8241866398816822
0.841628845395713
0.8359445425970801
0.8232564350654339
0.8309100095568032
0.8393649955590566
0.8233672455809582
0.8257948972027878
0.8097110949028498
0.8186700279000162
0.8161463511401209
0.8138862748940786
0.8104538773668224
0.8322542748231997
0.8155241122190979
0.8159441464933855
0.8141947090625763
0.8068344058661625
0.8072219514983824
0.8180006797286286
0.8063984170727346
0.8082123895486196
0.8104558528839857
0.8122898929420559
0.8079112131020119
0.8056824656053522
0.8194356803921448
0.8070219813407152
0.7879704295218676
0.7937601619753344
0.7987403359221316
0.8092092604472719
0.8076099304632208
0.8067178935155102
0.8012623903395115
0.7964661220709482
0.7859992792551544
0.7905384798844656
0.7990768572379803
0.787221679057198
0.7975940546770205
0.7792050954939305
0.792599489291509
0.779925381657721
0.7807321034628769
0.7882042626539866
0.7883356775360546
0.7838339154747711
0.7928168896971077
0.7881362047688715
0.7922478122957821
0.7886200605452746
0.7851554309499675
0.7817998792248211
0.7876357987694357
0.767247687811139
0.775509966858502
0.7892398926718481
0.7687131601503525
0.7830013345027792
0.7893659003164576
0.7937608385223082
0.7658069311887369
0.772574689881555
0.7743418610644066
0.7725365867559937
0.7752941000735623
0.7774996086098682
0.7602810016993818
0.7710116169918543
0.7827095522962767
0.7775725403736378
0.7701390752162056
0.7655689562189167
0.7573799840335188
0.7494606139331028
0.7706839000356609
0.762222217074756
0.7563538311541765
0.7660975466514456
0.7583764654466476
0.76372948254662
0.763140850026032
0.7501254294110441
0.7575142582257589
0.7629981362956694
0.7395757916329921
0.7615980375772236
0.7542125962931534
0.7404669437600279
0.7380491871943419
0.7519490088539562
0.758793526339805
0.746080897320276
0.7540185545710312
0.7274826778762642
0.7535246497598188
0.7363432919842073
0.7348214600278044
0.7541117003594322
0.7506721314342543
0.7320182957183355
0.7252334777651162
0.7548012010667516
0.7475538983427245
0.7387670949957836
0.7376278827245208
0.752105897870557
0.7302207580243034
0.744060946949597
0.7445235351721445
0.7431640398913416
0.7320280006562156
0.7403618559755129
0.7283040524899275
0.7411439298898325
0.7433977901250467
0.7267050047715505
0.7277865228296696
0.741718724198725
0.7329142206701739
0.7339464110889654
0.7250517329265331
0.7232125259336384
0.7283774261502014
0.7323251914703983
0.7256690664538021
0.7339295251616116
0.7126963542795729
0.7288775022687584
0.7357044151459617
0.7330317904894379
0.7320681834357908
0.7233526603928928
0.7252684252700586
0.722204215225132
0.7188317797992422
0.719517237496102
0.7258250264600775
0.7187294446188828
0.7229956422729054
0.7131202933432041
0.7200210413028454
0.722700380730903
0.7201153844937511
0.7158570591060595
0.713171046355675
0.7196188788304384
0.716592130989864
0.7077757818945523
0.6974607168257921
0.7060352464516958
0.7083606774779572
0.7172080446248768
0.7248656016656723
0.7174579776909159
0.7079422778781803
0.6990604835680161
0.7043257043964561
0.7048057677416966
0.7056777571467148
0.7123058753452082
0.6999016887155073
0.6918710990883838
0.6912302123061542
0.7129171774990257
0.6930854450697186
0.7103158896681906
0.7122800888001234
0.7026345349591354
0.7053514345623981
0.6990290297859016
0.7010170365202015
0.6993298575110819
0.6951576255518814
0.6984114523591667
0.7008732305518512
0.6936057490864019
0.7028847670760648
0.7062288769360247
0.6965457759369379
0.6914465177333218
0.6995801483762676
0.6809108742009634
0.6962202280417256
0.6859515451494305
0.6911515727125365
0.6939638352942192
0.7007280005805794
0.6831635041483517
0.7016872016862891
0.6822110714241006
0.7038961176214547
0.6924353483422049
0.6925229945744591
0.6841907910574442
0.6896498264937565
0.6923658470997865
0.6845817613875729
0.6853374617880789
0.688840576629529
0.6896028402207912
0.6883476813291681
0.6946033516834522
0.6854529841535393
0.6834777148290613
0.6852465438089151
0.6908001046756218
0.6842538529428942
0.6758437523211556
0.6730247191314039
0.6862247168332681
0.675031394451514
0.6922913443768162
0.6824976769329487
0.6815255863228064
0.6692938283942211
0.6880206732914366
0.6797147934464203
0.6776879568552149
0.6773822292171675
0.6727478480202028
0.6788280633674271
0.6821217754448967
0.6704452323845063
0.6794701766693729
0.6794067840466554
0.6728689814436024
0.6701808023726803
0.6691164179094906
0.6694498367008122
0.6627938857023743
0.6669271143003442
0.6542384874546665
0.6680281965554445
0.6675268166709221
0.6698552832521242
0.6646454947433252
0.659953851124336
0.6629463401676594
0.6690900171625203
0.6688810093649502
0.6720168583694546
0.6632795650726078
0.6660073159754961
0.6769648995892755
0.6633086583052559
0.6650559772020099
0.656020917255303
0.6610286300894858
0.6705208002835855
0.6765493109993551
0.6668076766975994
0.6552280227000686
0.6670336514368824
0.6675423673172106
0.6640577816415107
0.6624751277696127
0.6665813813264343
0.6598871425650585
0.6556831259151985
0.656992292609708
0.6761236379201385
0.6532970701140919
0.6610403292138001
0.6623361761542572
0.6613118915722288
0.6530335300612724
0.6458167899614093
