0.432457913051952
0.45898990287925256
0.4789225594563918
0.5027609440413389
0.5322558928017664
0.5330639731402349
0.5601346810357739
0.5586531981073245
0.5711784510299412
0.5703703724976742
0.6098316528580405
0.5979797996655859
0.622222222463049
0.6074074070260982
0.6325925952858396
0.6304377094663755
0.627205389918703
0.6457912461324171
0.6463299652542731
0.6491582483956309
0.6421548808463896
0.6502356920579467
0.658181817543627
0.67905724259338
0.6750168381917356
0.688754206956035
0.6802693602412638
0.6751515157897063
0.6770370403925577
0.6884848517600937
0.712323232732638
0.7041077445251773
0.7059932661176932
0.7096296289954522
0.7041077457293116
0.7022222268460977
0.7107070699484661
0.7217508400931503
0.706397310049847
0.7229629658689403
0.7201346815234483
0.7123232351409065
0.717441080194531
0.7302356916244583
0.7268686899633119
0.7239057259126143
0.7305050528410709
0.7311784528722667
0.7299663295047452
0.7337373729908105
0.7311784522701995
0.7573063975632793
0.7450505067603757
0.743299663066864
0.7420875424086445
0.7458585873998776
0.7544781162281229
0.7529966364605258
0.7516498336888323
0.7609427625482733
0.7547474726281985
0.7591919182526945
0.7595959618838146
0.7671380467487104
0.7670033664414377
0.7449158267541365
0.7628282850438898
0.759057239149556
0.7703703702098191
0.7630976429491332
0.7776431013839413
0.7934006759614656
0.751245794874249
0.7663299688185105
0.7698316513889968
0.7768350183361709
0.7756228949686493
0.7682154877017243
0.7876094299735446
0.7973063973465351
0.7687542077266809
0.7661952885112377
0.7868013472268076
0.7885521894151514
0.7764309728988493
0.7819528621856613
0.7804713827190977
0.7928619529261733
0.7940740771967956
0.7987878798234342
0.7974410791589757
0.784511782304205
0.7904377085993989
0.7911111128450644
0.7917845128762602
0.7995959598608692
0.7936700311574069
0.8044444436978813
0.8025589224063989
0.8101010123888651
0.7974410758476065
0.7952861963498472
0.8115824906512944
0.801750842368964
0.7990572398359125
0.8063299661934978
0.804444442493747
0.7942087559989004
0.8012121223440074
0.8024242405939583
0.8148148126072354
0.8047138055165609
0.8144107749967864
0.798653199215128
0.8181818181818182
0.8274747482453934
0.8114478106450553
0.828148152491059
0.815353538050796
0.8048484867269342
0.8117171742699363
0.8082154874849801
0.8152188577435233
0.8172390602453791
0.8268013506224661
0.833535353342692
0.818989898219253
0.8276094270474983
0.83676768011517
0.8294949519513833
0.8416161633501149
0.8197979815680572
0.8456565677517592
0.827070708828743
0.8247811487226775
0.8342087515676865
0.8370370395255812
0.8367676765027673
0.8414814833438757
0.8346127951988066
0.8398653172483348
0.8316498308470754
0.8232996680519797
0.8390572396191683
0.826262628189241
0.8383838383838383
0.8343434351863284
0.8385185189921447
0.83609427887984
0.837575758647437
0.8459259277642376
0.8533333335259948
0.8298989907659665
0.8443097628728308
0.848080808466131
0.8358249164590932
0.8495622885347617
0.8410774439272254
0.8362289552736764
0.8293602701389429
0.8387878820149586
0.846464647187127
0.8518518540594313
0.8420202033688323
0.8379797971609867
0.848484851495184
0.855084174811238
0.8464646486922948
0.8406734033064409
0.8638383872581251
0.8518518564676998
0.842289565187512
0.8581818197712754
0.847003364201748
0.8742087531571436
0.8475420890432416
0.8653198655205544
0.8591245804170166
0.862087546574949
0.8641077448623349
0.8658585843413767
0.8327272751114585
0.8529292947114117
0.8618181847562694
0.849831653363777
0.8583165015837159
0.8602020234772654
0.8668013510077891
0.8490235721222078
0.849427610936791
0.8584511846002906
0.8738047155466947
0.8655892279413011
0.8562962990818601
0.8626262653957714
0.8639730678664314
0.8680134734722099
0.8672053892203052
0.8610101035147002
0.8646464642852244
0.869764309338849
0.8806734018855624
0.8623569017708904
0.8689562335158839
0.8513131340344747
0.8523905710740523
0.8724579118719005
0.8622222229687855
0.8612794647313128
0.864915826103904
0.8678787892515009
0.8728619549009535
0.8639730648560957
0.8743434367757855
0.8748821543924736
0.8631649890331307
0.8735353543300821
0.8821548831583274
0.8750168398173168
0.8704377141865817
0.870841753603232
0.8750168368069813
0.8729966361113269
0.8720538742614515
0.8709764342115383
0.8882154900618274
0.8786531993837068
0.8791919200107304
0.8622222217646512
0.8773064005254495
0.8781144817670187
0.8712457918157481
0.8723232336718627
0.8766329986880524
0.8790572424127598
0.8801346788502703
0.8724579136781018
0.888080808851454
0.8732659955217381
0.8743434361737183
0.869898998376095
0.8853872093287382
0.8670707074078646
0.8704377111762461
0.8653198691329571
0.8735353555342164
0.879595960631515
0.8791919218169318
0.8758249204568188
0.8760942768568944
