1.4746286020134434
1.3643966016143259
1.3295281276558384
1.2693398125243909
1.211578177081214
1.2076552552406234
1.1390301567135435
1.1480235246696857
1.1398992713051612
1.109437735995861
1.0420776467130641
1.0612696824651775
0.9947618438739969
1.033414976163344
0.989292096007954
0.9780455017932738
1.0061454194964785
0.9501724619456012
0.9382121255903533
0.9497801571181326
0.9415132120402172
0.9403287115121128
0.9355902132963894
0.8632017413173059
0.8784346848425238
0.860825820101632
0.8712888709222427
0.8932758419200627
0.8869481595477673
0.8540391434322704
0.8052326115694913
0.8133996631761994
0.804502357437153
0.7976183186877858
0.7861337366730275
0.8078819025646556
0.7966988556312792
0.7689338266247451
0.7992595358930453
0.7691015062308071
0.7695758565507754
0.7757966078893103
0.7644112944000899
0.7645792964130941
0.7453360277594943
0.7562520494966796
0.7410356128456617
0.7465127095429585
0.7328266218455151
0.7382890672394724
0.7356883419884576
0.6821576013709559
0.7059550417794122
0.6966746548811594
0.7179027576037128
0.708803511629201
0.6865744864699816
0.6777102072732617
0.6719101866086324
0.6583193799461982
0.6721392439471351
0.6622380752756138
0.6769437452759406
0.640660580511045
0.6559115642248982
0.7110666185617447
0.6546660387756849
0.6634630505183731
0.6389098314925877
0.6406725925026517
0.6341520689352594
0.585663816242507
0.6742531110843023
0.6563994408857943
0.6434983031617271
0.6192544167390978
0.6324316227074825
0.6380314601190162
0.5917231582029902
0.5869698607259326
0.630346832853375
0.634315728689685
0.600525653648256
0.5944381484178581
0.6247026053341952
0.6049483939252719
0.6027208155754841
0.5823355877790788
0.5803365833831556
0.555489002755194
0.5654639226920677
0.6032081500749396
0.5661187555753824
0.5912132151801177
0.5885918479074131
0.5525217941313079
0.5873789019656904
0.5402681740245434
0.5561907521703027
0.5315295177878756
0.5682017485601734
0.5623096074118759
0.5491196954190128
0.5571848331677793
0.5582504719495773
0.5418220356558309
0.5370879417115991
0.5702219077131965
0.5563637976995622
0.550735487630873
0.5251482276603429
0.5451739728450775
0.537431810088832
0.5550894103568009
0.5127690825799499
0.49329460886391724
0.5307056115131186
0.48504873508154744
0.514946066369914
0.5406301038132774
0.5196598074351898
0.5381799916727374
0.5275709127837961
0.5212048539007553
0.4937393531353787
0.4768889720241229
0.5073325995242957
0.5003256609644553
0.4684714141367662
0.4821782905345011
0.46022246243676757
0.4965523091530559
0.44754231502913466
0.4978958871027436
0.5053896217635183
0.4818888649795995
0.47073966219569696
0.46373185891695695
0.4533677435282505
0.47223620402692545
0.46716212970439835
0.4776888662817502
0.49100720174986906
0.4569446345170339
0.49405136252894544
0.4619206605535565
0.4726308391551779
0.4582625997036394
0.45959104958808783
0.4537055305007732
0.44351740271756146
0.4319661527571052
0.4834331901687564
0.4496765455061739
0.4371599707037512
0.4738185384658852
0.4435540609287493
0.46168038264067485
0.468299485968821
0.4799143574906118
0.4568631572253776
0.4289353775105091
0.431723100819973
0.4502303067481879
0.45496262903466367
0.4378645268052515
0.4112675403705751
0.42588723202546436
0.4424507288318692
0.4078638463309317
0.4323152160704738
0.4393950105466024
0.4056632851410394
0.4291857802356132
0.3695999396720318
0.43249479824244375
0.40729288463339663
0.407230054715065
0.4071885176529788
0.3930000845681537
0.39016020869967916
0.46303027318884626
0.42162860252640466
0.40109944840272266
0.42367018939870776
0.40685669746663833
0.4084252802410511
0.3857740473115083
0.4201284349340983
0.4199782471464138
0.4072678956871081
0.36651920700314067
0.3787237676707181
0.4149106013955492
0.3940353187346699
0.4032464198993914
0.3834819683823923
0.39412132643087944
0.4102617861195044
0.39484190030230415
0.3810828243843233
0.35658413359914165
0.3966180298364524
0.378288911900135
0.4219879377068895
0.4163276870744397
0.3710436860870833
0.40537481807699105
0.39582895216616715
0.391732259380697
0.37802781044232725
0.3660136352885853
0.38578420196368235
0.3737063804509664
0.3632245911943792
0.3971545204068675
0.36005437780510297
0.3457688121031029
0.37158930192541595
0.3701373812827197
0.37005562372881956
0.36575364133324284
0.3712034879082983
0.36405105602861654
0.37152928490229326
0.3353108362567545
0.367163998686304
0.34619003112870034
0.39083726079476
0.36481598621667033
0.3601281852132142
0.3618577057966078
0.36281445806827206
0.3608814842923723
0.34757935617006186
0.3514061387289654
0.3647180057384751
0.3383846708921471
0.37479587087426525
0.3613088031233561
0.374766344298618
0.33409754457798874
0.3818600198837242
0.36061147096181156
0.3799201048383809
0.3617006471813327
0.34811117831203675
0.35296621241352777
0.3648592798095761
0.3580678387573271
