0.44484848687143036
0.4892929298709137
0.5076094275773174
0.5267340083314915
0.5500336692790793
0.567003368578776
0.5694276097446981
0.5983838393832698
0.6122558899600097
0.6026936025932582
0.6263973062688654
0.6342087547586421
0.6455218879261402
0.6359595972480196
0.6452525246022928
0.6448484848846089
0.6554882177198776
0.6393266016184681
0.6703030352640633
0.6853872043917878
0.6736700366241763
0.6799999996267184
0.6894276115027341
0.6993939412964715
0.6926599319535073
0.6964309754395726
0.7088215477538832
0.6984511800486632
0.7150168361687901
0.7287542109537606
0.7226936025450929
0.7004713807443176
0.7093602707891753
0.7107070753670702
0.7218855222066244
0.7208080830598118
0.7100336732286395
0.7251178444635988
0.7108417496536718
0.730370371329664
0.7432996648730654
0.738181816207038
0.7365656567342354
0.7503030297130046
0.7427609403326054
0.7427609454501759
0.7387205404464645
0.7431649866730275
0.7428956215429787
0.7317171734992904
0.7542087550115104
0.7532659955699035
0.7516498312805638
0.7375084158748088
0.7511111106535401
0.7626936023283486
0.7524579131242001
0.7563636387237395
0.7635016838709513
0.7675420870684614
0.778451180217242
0.7772390574517877
0.7678114500912753
0.7750841776529948
0.7706397299212638
0.7741414158031193
0.7730639757532062
0.7818181839856234
0.7726599333262203
0.7740067315824104
0.7789898990380644
0.7748148164363823
0.7806060612201691
0.7762962989132813
0.7612121213566173
0.7736026933698943
0.7907070698160114
0.7792592590505426
0.7994612792525628
0.7966329973153393
0.7773737383611274
0.7912457904430351
0.7919191922804322
0.8010774387253655
0.8113131312408832
0.7919191928824993
0.7973063943361995
0.7943434354030725
0.8048484873290014
0.7940740747885271
0.7939393947822879
0.8010774426388018
0.7975757579610805
0.8039057248770588
0.8012121217419402
0.8111784512346442
0.824107744477012
0.8063299698059005
0.811851852469974
0.7872053884496593
0.8141414119739725
0.8214141437501619
0.8013468029523136
0.8107744112159266
0.8203367024961145
0.8165656563007471
0.8188552218254166
0.822356909814507
0.8258585875684564
0.8328619545156305
0.8269360246080341
0.8319191938698894
0.8338047133551704
0.8324579114865776
0.8156228944508717
0.8161616150778953
0.8214141413418934
0.8278787852537752
0.8222222240886303
0.8266666682079585
0.8258585869663894
0.8307070723085692
0.8395959608482592
0.835016834615457
0.8259932705850312
0.843636362239568
0.8405387220960675
0.846195288378783
0.8385185220024802
0.8316498326532769
0.8381144801775614
0.8389225590108621
0.8285521949180449
0.8323232350927411
0.8503703733887336
0.8195286224586795
0.8484848502910498
0.81966330427112
0.8420202057771008
0.8352861958320694
0.8371717201338874
0.8437710440520084
0.8408080809044115
0.8526599322906648
0.860067342266892
0.8461952841643131
0.8440404070748223
0.860606064700117
0.853468013532234
0.8536026941405402
0.8506397334012118
0.8410774433251583
0.8510437734199293
0.8654545461288606
0.8487542121097295
0.8460606095766781
0.8616835029438289
0.8649158279101054
0.8692255887118253
0.8602020198648627
0.852255895282283
0.8488888879014989
0.8606060628939156
0.8576430991442516
0.8624915853895322
0.8669360286057598
0.866936029809894
0.8531986553259571
0.8770370381047027
0.8564309790880993
0.8645117884934551
0.8620875441666805
0.8577777755380881
0.8558922566548742
0.8743434331633828
0.8596633010440402
0.886464652991054
0.8709764342115383
0.8778451217545403
0.8620875453708148
0.8680134710639414
0.8624915871957336
0.8638383824415882
0.8708417548073663
0.8812121219105191
0.8785185217857361
0.880134682462673
0.868821549897242
0.8817508443437442
0.8747474749883016
0.8685521904868309
0.8864646457662486
0.8634343466373405
0.8709764305991355
0.8766329998921867
0.8818855243499832
0.8751515162111533
0.8740740755591729
0.8713804724240544
0.8844444456726613
0.8798653224501947
0.8849831669017522
0.8805387218793234
0.8747474749883016
0.8770370387067699
0.8801346794523374
0.8798653218481276
0.8806734042938309
0.88579124633712
0.8766329980859853
0.8822895625624994
0.8742087567695463
0.8795959624377164
0.8839057262497719
0.8906397319803334
0.8839057280559732
0.8851178469079913
0.8849831662996851
0.8769023587005307
0.879461281227343
0.89185185324062
0.8848484887017144
0.8682828316784869
0.8917171714281795
0.8940067357487149
0.8944107781757008
0.877306398117181
0.8933333369216534
0.8813468019167582
0.8843097656664222
0.8830976474164712
0.8794612824314773
0.9018181863457265
0.8857912493474556
0.8983165019690388
0.8814814867395343
0.8837710438352643
0.8927946132842941
0.8972390589087901
0.8891582513096357
0.8981818201565983
0.8740740773653743
0.8984511831794122
0.8886195312846791
0.8914478144260368
0.8992592596044444
0.9059932677432744
0.881750843741677
0.8921212150592996
0.8981818213607325
