1.5395497649607033
1.3411690719199902
1.3043329234075065
1.231893530397704
1.1926843614289255
1.146247240027996
1.1434588432312012
1.0867664470817104
1.0454434192541875
1.0881815510566788
1.0301540813060721
0.9971098261650162
1.0030602529795483
0.993579701943831
0.9858720022620577
0.9767776363425784
0.9607337803551645
0.9775836509887619
0.9089579386542542
0.8812958381392739
0.9144334049537929
0.8830926821689413
0.8611012597878774
0.8543261771250252
0.8663628856943111
0.8757375936315517
0.8224083311630018
0.8499155444930299
0.8154431858448067
0.7813061535960496
0.7899379390056687
0.8553719707209655
0.8245546874975918
0.8173915584280034
0.7999239208722355
0.7987352254414799
0.8252778777269402
0.7813219090904853
0.8225406206617452
0.783179643178227
0.7588600841435519
0.7359606025345398
0.7626621115087259
0.7257732243248911
0.7529459652876613
0.7388655967784651
0.7539496692744169
0.7490720860283784
0.73668514628603
0.751960071951452
0.7130951863346677
0.7137731888679543
0.7170938202227005
0.7433338734236631
0.7272205921736631
0.7011965425929638
0.7250014143158691
0.6964810859374325
0.7090476664027783
0.6867315681895825
0.6561070360017546
0.6652718409143313
0.6694143337733818
0.6537640808206616
0.6725007975944365
0.670161351109996
0.6616128045651648
0.6580912484364076
0.6661971870696906
0.6696179208129344
0.6537015525379566
0.6614424089590708
0.6488579791603666
0.6574036924525944
0.6978893081347147
0.6515833270369153
0.6156034237808652
0.6419816095419605
0.6034139771052082
0.6009340593309114
0.6637083951270941
0.6218337985602292
0.6295404611813902
0.5973954245899663
0.5808304929071002
0.6103780293705487
0.5968648445124578
0.6156053820041695
0.5791911142643051
0.6149164618867816
0.619160077186546
0.5877229318474279
0.6081906614279506
0.6073091282989039
0.5905149025146408
0.5732208755281236
0.5594241741028699
0.5833584818274083
0.5701669033127602
0.6247087468703588
0.5604697048965127
0.5517925764575149
0.5794600788692031
0.5729914909661419
0.5463923992532672
0.5616665354581795
0.5611718260880673
0.5490791725389885
0.543398680259483
0.5307561351795389
0.5353653141946504
0.5348925446019028
0.5177358577046731
0.516300257859808
0.5464183409707715
0.5511936200688584
0.5531139516770237
0.5239020771149433
0.5524951513066436
0.526892598379742
0.539769966042403
0.5291831002692984
0.5129968517958515
0.522156792156624
0.5299378407723976
0.49067105097000047
0.49839015741540926
0.4949522792088865
0.5036330266733362
0.5290871440160154
0.5229758683479193
0.5061807995191728
0.5190765637942035
0.5152666541663083
0.48208834938328676
0.5398379186488161
0.48525866113527855
0.5402313461809447
0.4962180455525716
0.5231936470125661
0.5008609120291893
0.49242177154078626
0.5030659387509028
0.47232485901225696
0.44989967436501477
0.485355551194663
0.49598153748295526
0.44824098682764807
0.4707525461310088
0.48145803432874007
0.46840028810982753
0.4917809144415037
0.47997569089586084
0.4400087545315425
0.48640810525176503
0.48829639785819584
0.44948828732124485
0.4419161868516845
0.44889470317749064
0.4553485749044804
0.4588899008854471
0.4707815352112356
0.46321374223087775
0.4620670283382589
0.4397866048596122
0.4393801809561373
0.4385745051232251
0.4673891440786497
0.4148507884355507
0.467017132676009
0.44743608224271525
0.4448260431638872
0.46270059801713387
0.4621080279049247
0.4150162527356485
0.4497507828654665
0.3920903932867628
0.4319526456823253
0.4211846084305734
0.4513571865931906
0.4323895952918313
0.4415907080125327
0.43484189459169753
0.4207469310724374
0.4041584192803412
0.411379361242959
0.41041047133580605
0.42392811991951684
0.4034580523618544
0.4179181784692437
0.43975702846291087
0.40601824013271715
0.4320358622706298
0.4288593690202694
0.41732832518490875
0.3920030816636904
0.4131776443635575
0.4083554833525359
0.4238593188500164
0.3991303975232924
0.40566226554037343
0.39340453391725366
0.40514578120877043
0.4171982699572438
0.40176707099784503
0.402017382961331
0.4110431823164526
0.3954670424714233
0.3900982332651061
0.4142334526686957
0.39662787920296794
0.41710829373561975
0.40238269471158883
0.40447074897361524
0.384214130766464
0.3971063151504054
0.38513615456494416
0.3975820651259085
0.40713231310699927
0.4021950439371244
0.38472871377010537
0.3900972704092662
0.4260437825713495
0.3735736318007864
0.3658570439526529
0.3706993186714673
0.4094803923308247
0.37449865585023706
0.3911043664421698
0.39963532893946674
0.3941720155152408
0.3927932238639003
0.35741392380059367
0.3950108778898162
0.36334260861680967
0.3919536822070979
0.37850502885953347
0.3711007684469223
0.36464303295419676
0.38623016666282306
0.3587901170807655
0.41168359900363766
0.3578436231673366
0.37759410883441114
0.3769748387011615
0.3592804467888794
0.3580663661764126
0.4011960983878434
0.36678200057058624
0.36531050217272054
