0.41158249236718575
0.43730639884568223
0.4599326593105239
0.4676094286971622
0.4980471382538478
0.5042424235079024
0.5206734008259244
0.5296969732852898
0.5540740742827907
0.5457239075742587
0.565791246866939
0.5822222235828939
0.5752188575388205
0.5761616184855952
0.6207407384809821
0.5997306373384264
0.6173737368198357
0.6123905738796851
0.6043097698929334
0.6385185221831003
0.6273400711290764
0.6587205423851206
0.635286195109589
0.6511784569181577
0.6634343444096922
0.6684175121663797
0.6635690229107635
0.6783838356384123
0.6603366991486213
0.6841750858408032
0.6863299689509652
0.6809427626807281
0.6919865346316135
0.6817508439222971
0.6927946113576793
0.6816161621098566
0.6941414186448762
0.673535353306568
0.724713804745915
0.7051851839730234
0.6971043781800703
0.6976431021184633
0.720000000915142
0.7142087558303216
0.714612797956274
0.7239057250095137
0.7327946141512707
0.7150168361687901
0.7139393931085413
0.714074073415814
0.7267340081508713
0.7288888933682682
0.7201346812224148
0.7420875436127788
0.710707071453634
0.7353535354739488
0.7381818180132393
0.7259259266082687
0.726060607818642
0.7325252565470609
0.751245794272182
0.7265993308539342
0.7551515168613858
0.749090906345483
0.7120538754294617
0.7489562311557808
0.7459932692123182
0.7466666680393796
0.7551515144531173
0.7338720572115195
0.7521885540148224
0.7682154889058586
0.7609427622472397
0.7520538725034155
0.7469360262456567
0.7745454534135684
0.7435690230793424
0.7789898984359972
0.7612121219586845
0.774814815232248
0.7729292963490342
0.7318518523013953
0.7733333363677516
0.7605387201212873
0.7678114476830068
0.7745454552197697
0.7838383822730093
0.7886868685182898
0.7645791245229316
0.7776431001798071
0.761481483175297
0.7684848480152361
0.7682154895079256
0.775892254078027
0.7776431001798071
0.7756228970758843
0.7719865332950245
0.7822222264126094
0.7799326599848391
0.7788552196338924
0.7815488188555746
0.7936700353718767
0.7903030310014282
0.7709090890306415
0.775757580092459
0.7703703750263561
0.7792592602546768
0.7977104391714539
0.7904377110076674
0.8009427635356633
0.7854545441540804
0.7803366991004559
0.7931313144438195
0.7890909085370074
0.7911111116409302
0.7983838392026497
0.8106397306076204
0.8029629648333848
0.7859932653831713
0.7935353541615033
0.791515153465849
0.7954208754529857
0.7904377134159358
0.8153535362445947
0.8188552194171481
0.8063299698059005
0.8001346801868593
0.8076767692662249
0.7936700359739438
0.7979797973777308
0.8107744112159266
0.8141414149843081
0.8160269374799247
0.8094276117556023
0.8096969729722149
0.8078114504765983
0.8123905712907965
0.8118518512658398
0.8150841786403848
0.8016161647709933
0.8177777781631007
0.7830303019345409
0.7761616201111765
0.8047138049144937
0.81023569119097
0.8136026946583179
0.8043097654978434
0.8009427629335962
0.8150841771352171
0.8280134697755178
0.8321885520761664
0.8210101013231759
0.8154882162508338
0.8269360270163025
0.8332659939322808
0.824915825718581
0.8272053882329151
0.8319191914616209
0.8037710469780546
0.8125252506949685
0.8208754213169368
0.8171043763257037
0.8325925939010851
0.8285521873922059
0.8245117856998636
0.8375757601526048
0.8323232356948082
0.8245117850977965
0.8237037050603616
0.8350168358195912
0.8313804726407985
0.8175084193547567
0.830437710188856
0.8274747506536618
0.837575755938135
0.826127948785069
0.8263973063892789
0.8364983164902889
0.8433670046353581
0.8391919202274747
0.8339393981779465
0.8468686884099786
0.8429629622083722
0.8387878796066901
0.8448484847039888
0.8373063977318581
0.8281481500827905
0.8460606080715103
0.8242424268915196
0.8422895627792435
0.8444444470935397
0.8324579126907118
0.8351515182340988
0.8428282876207371
0.8352861958320694
0.8511784552323698
0.8414814809356073
0.8550841742091708
0.8488888915139016
0.8506397321970776
0.8375757595505378
0.8351515146216961
0.8514478140407138
0.8359595988736008
0.850235691576293
0.8472727290307632
0.8377104413629782
0.8488888927180358
0.8533333359342633
0.8544107753821094
0.8400000050814465
0.8597979810502794
0.8430976440208127
0.8545454553883485
0.8576430985421846
0.8441750852748601
0.8575084185359454
0.8591245786108151
0.8460606062653089
0.8529292947114117
0.8410774427230912
0.857239058523467
0.8540067341592577
0.8548148135946254
0.8518518528552971
0.852121211061574
0.8505050485784357
0.8650505067122103
0.8643771078851488
0.8552188554195442
0.8572390591255342
0.849158252730514
0.8585858597899928
0.863030306016556
0.865723906743406
0.8567003397026447
0.8579124585546628
0.8568350148923469
0.8657239043351376
0.8612794623230443
0.868552191088898
0.8622222265811882
0.8620875429625463
0.8618181841542022
0.865050505508076
0.8618181841542022
0.8607407398898193
0.8685521886806296
0.8653198697350242
0.867070709214066
