1.70796828920191
1.5108364952935114
1.4742305230612707
1.456678124389263
1.4048688905407685
1.3879194476387717
1.3606645422752457
1.332817524370521
1.2894839819031532
1.309872126940525
1.275897947826771
1.2420170150621972
1.2659117934679744
1.265967643020129
1.1865874047231193
1.2169281701848964
1.1805824342400137
1.1966064939595231
1.2054655034132677
1.1581230362256367
1.170805400670177
1.1283074629427208
1.1658160710575605
1.1373746912888807
1.1082064419081716
1.1093968159020549
1.1034600554090557
1.080566598309411
1.1111487758280052
1.081737143824799
1.076639458386585
1.085845633588656
1.0616308673463686
1.077308876947923
1.0618856175981386
1.0673973181030967
1.062961341756763
1.0932817200217584
0.9991754498144593
1.0227207065832735
1.0369610027833418
1.041369125698552
1.0006483070778125
1.010487843041468
1.0250399203011484
0.9845425697288128
0.976544272417974
1.0163378721535807
0.9955212792964897
1.0050296199442161
0.9916542118245905
1.0003816864707253
1.0133861098626646
0.9685863834438901
1.0096143700859763
0.9801683612544128
0.9774981598661403
0.9966940765429024
0.9881217570015879
0.9823578957355383
0.941500951545407
0.9755604640401975
0.9403367656649966
0.9549376874259023
1.012548197399486
0.9349308724355216
0.9712907768259145
0.9514900777075026
0.9335170069126167
0.9635278594614279
0.9330404485114897
0.9207906897621926
0.9278173362365877
0.9452619943955932
0.9490178040783814
0.917927192317115
0.96695066762693
0.8923302997242321
0.9344601859950056
0.9044227901131215
0.8871470737938929
0.9728089269965586
0.9030121203624841
0.9268509173634076
0.9162394434514672
0.9029488160152628
0.8930678259242665
0.8800986469394029
0.9250988478612419
0.9015594516137634
0.9269820259074972
0.9042752704235039
0.9188612323216717
0.8906238940027025
0.8876771216440682
0.8953606239472977
0.9108176694975959
0.8796174995826952
0.8915901617570356
0.8900348538100117
0.8922177029378486
0.8766952656736278
0.8740564578711384
0.9255325872488697
0.8997131483723418
0.8959153511307456
0.8846207682532493
0.8593561938314727
0.8624748208306052
0.8432371243081912
0.8795176172497297
0.8829349965760203
0.857875277598699
0.8652094138993157
0.863516710021279
0.8604527561351506
0.82976748244931
0.8396144388902067
0.8696132994661427
0.8586625288231204
0.8557616725112452
0.8556138812893569
0.858877420425415
0.8222511308361785
0.8204594645837341
0.8375683360629611
0.8588332497712338
0.8289921464342059
0.853977802425924
0.8674168544586258
0.8338332925782059
0.8222399197443567
0.8161207311081163
0.8337498939398563
0.8364025535005511
0.8497414275853321
0.8199927222849143
0.8383193208713724
0.8252198286730834
0.8416877762235776
0.8190782714371729
0.9212887841041641
0.9065257353012008
0.8512603213088681
0.8333502174025834
0.8210121459431119
0.841957255144312
0.8402556554235593
0.8228971064090729
0.7953927089469601
0.7896441949738396
0.8197090878631129
0.8263985129317852
0.8075793806952659
0.7808786076728744
0.8012335782099251
0.7939291614474673
0.7905057253259601
0.8430797776790581
0.8342616166731324
0.808488808497034
0.80571348077119
0.7949405703881774
0.7976267918793842
0.8027383871752807
0.7864293865483216
0.7895357741249932
0.8028309796795701
0.7949832768151255
0.7838732010186321
0.7945937460119074
0.8191882841514818
0.7957408804484088
0.8000795052509115
0.7845490571826396
0.7993589597518997
0.80443415196255
0.7920887927816371
0.781149807000401
0.7778002908735564
0.7781350462123601
0.7582231699818313
0.7760614301219131
0.7771464670547331
0.7733002112369345
0.7877603125090551
0.7982815281309262
0.7623390266389558
0.7962328045055119
0.7685896591706709
0.7588194903701243
0.8006825158090303
0.7693879514029531
0.7765446467833086
0.7835202795086484
0.7641888832805133
0.7674771863402743
0.7516457908081285
0.7640138214284723
0.7567099411078174
0.7773313173139939
0.7904475060376254
0.74785157586589
0.7807924952169861
0.7479873591601246
0.76438609939633
0.7825694601945202
0.7598372210155834
0.7471284586371798
0.7553519751086379
0.7772143428975885
0.7412571052108148
0.7692116312306336
0.7474148881555808
0.7502326318109879
0.7525020663184349
0.7394078584632489
0.740656893060665
0.7685849931504991
0.7475444864143025
0.7712463634182708
0.7469216205857017
0.747745242383745
0.7420071586213931
0.7503958491965977
0.7502551024610346
0.7439207979524979
0.7255397673809167
0.7246461859857193
0.7397470070858194
0.745103899878685
0.7531555313052554
0.7325733063196895
0.735849016242557
0.7324044301052286
0.7439334070441699
0.7417214019129975
0.7400368452072144
0.7248985833591886
0.7365443128528018
0.7337754531340166
0.7319596879410021
0.7249589297506545
0.7326342300935225
0.7296736935774485
0.7382575941808296
0.7401744849754103
0.7262915306621127
0.7259777940884985
0.7232910415740929
