0.7373104691505432
0.8905647993087769
0.5288573503494263
0.8517047762870789
0.47459492087364197
0.4220101535320282
1.1126692295074463
0.7603021264076233
0.5034641623497009
0.36422333121299744
0.7548192143440247
0.3399621546268463
0.5792077779769897
0.4657836854457855
0.2474905401468277
0.6586397290229797
0.4444585144519806
0.6374577283859253
0.3465386629104614
0.7234359979629517
0.22602584958076477
0.32730206847190857
0.4072647988796234
0.431588739156723
0.14437851309776306
0.5022485852241516
0.32918187975883484
0.36876770853996277
0.1185327023267746
0.08217120915651321
0.43873947858810425
0.39608263969421387
0.13812434673309326
0.40997079014778137
0.1549367755651474
0.32868027687072754
0.3408733010292053
0.13341881334781647
0.21039733290672302
0.10207555443048477
0.44957447052001953
0.12533152103424072
0.08351770788431168
0.2572818100452423
0.22215275466442108
0.20668786764144897
0.07985875010490417
0.24889065325260162
0.17261962592601776
0.1550627201795578
0.2731289267539978
0.13705405592918396
0.1248820498585701
0.11647013574838638
0.22477994859218597
0.4286191761493683
0.2198379784822464
0.07140906155109406
0.10278502851724625
0.17239636182785034
0.05479976162314415
0.3595309257507324
0.14576971530914307
0.03748808801174164
0.06725304573774338
0.12117168307304382
0.11338600516319275
0.11082170903682709
0.1750039905309677
0.2056523561477661
0.4163828194141388
0.01847088150680065
0.2438184916973114
0.2645791172981262
0.04623297601938248
0.025618765503168106
0.08589871972799301
0.06919051706790924
0.2254536896944046
0.06258206069469452
0.017697060480713844
0.17537614703178406
0.1330045759677887
0.3024037480354309
0.11316477507352829
0.11799779534339905
0.007725575938820839
0.11552447080612183
0.16362689435482025
0.28379711508750916
0.11124244332313538
0.10985337942838669
0.08073388040065765
0.018083151429891586
0.03826665133237839
0.11880803108215332
0.3060987889766693
0.029712537303566933
0.024844659492373466
0.16488629579544067
0.10459446161985397
0.12555213272571564
0.1508103758096695
0.03638872504234314
0.030688559636473656
0.04583705961704254
0.20557017624378204
0.08887505531311035
0.05231902003288269
0.0490749217569828
0.1716943085193634
0.2108016163110733
0.24767746031284332
0.17880798876285553
0.06754803657531738
0.003322137286886573
0.09269311279058456
0.11785377562046051
0.07425221055746078
0.1550849974155426
0.15428923070430756
0.18981249630451202
0.1491224467754364
0.04909253865480423
0.21355707943439484
0.009168730117380619
0.21666426956653595
0.10464752465486526
0.10907956212759018
0.026905765756964684
0.022563699632883072
0.15220865607261658
0.03762412071228027
0.13160072267055511
0.15461942553520203
0.030675536021590233
0.1546393632888794
0.10973464697599411
0.03098214790225029
0.12745241820812225
0.11924076080322266
0.038940299302339554
0.1558818817138672
0.2880477011203766
0.09938671439886093
0.01956794038414955
0.0897211879491806
0.04476138576865196
0.08378808200359344
0.1995519995689392
0.05435705929994583
0.21155677735805511
0.2559298574924469
0.07443330436944962
0.13502930104732513
0.18421238660812378
0.2542214095592499
0.15689170360565186
0.17993105947971344
0.11995241791009903
0.05990336090326309
0.13222798705101013
0.16484057903289795
0.32730066776275635
0.24336260557174683
0.13700439035892487
0.016868848353624344
0.028250722214579582
0.1359594315290451
0.053076669573783875
0.07456512749195099
0.24616003036499023
0.10537495464086533
0.04395941272377968
0.053695689886808395
0.001861664466559887
0.04712783545255661
0.07452089339494705
0.04195229336619377
0.182301327586174
0.07052410393953323
0.04824385792016983
0.39069294929504395
0.17152297496795654
0.07894433289766312
0.028607679530978203
0.017981573939323425
0.07859253883361816
0.02542225643992424
0.03464547544717789
0.2635185718536377
0.15485884249210358
0.035254620015621185
0.07500581443309784
0.04140065982937813
0.03726552799344063
0.014478422701358795
0.13385815918445587
0.0354372002184391
0.05094223469495773
0.14705011248588562
0.08755289763212204
0.12381219118833542
0.0601385198533535
0.14520367980003357
0.03672600910067558
0.03484446927905083
0.07177357375621796
0.12486126273870468
0.05259031429886818
0.03243625536561012
0.06456351280212402
0.23032572865486145
0.08816070854663849
0.05207335948944092
0.07224959135055542
0.06936132162809372
0.22946767508983612
0.0876820832490921
0.1586553007364273
0.14008405804634094
0.009353122673928738
0.021657034754753113
0.007454538252204657
0.15597152709960938
0.04730011522769928
0.11646243929862976
0.1635138988494873
0.06552717089653015
0.1813822239637375
0.12183113396167755
0.06448057293891907
0.04704158008098602
0.08866836875677109
0.09533137083053589
0.04121758043766022
0.10186751186847687
0.03917650133371353
0.029184022918343544
0.20395685732364655
0.11005157232284546
0.01854930818080902
0.23546554148197174
0.005692075006663799
0.015161714516580105
0.4008699953556061
0.09256350994110107
0.006561088375747204
0.04428918659687042
0.033293213695287704
0.03577560931444168
0.001095339423045516
0.09621263295412064
0.0425284318625927
0.159230038523674
0.014925988391041756
0.24187998473644257
0.020206749439239502
0.10683347284793854
0.06402156502008438
0.20639923214912415
0.04345005750656128
0.08040434122085571
0.18016913533210754
0.15934054553508759
0.007756233215332031
0.16125354170799255
0.19750113785266876
0.1421440690755844
0.16062214970588684
0.13548338413238525
0.16182413697242737
0.16544406116008759
0.0010557397035881877
0.054639264941215515
0.012506179511547089
0.0033268355764448643
0.01665567420423031
0.16973978281021118
0.08242624998092651
0.07620128989219666
0.12514786422252655
0.035067085176706314
0.25462040305137634
0.03138941526412964
0.15606017410755157
0.11225135624408722
0.06972087919712067
0.011513138189911842
0.011028054170310497
0.1325681209564209
0.07171618938446045
0.10166410356760025
0.24874679744243622
3.991126959590474e-06
0.17312085628509521
0.0035818067844957113
0.15823951363563538
0.03225531801581383
0.030463488772511482
0.0632299929857254
0.08011050522327423
0.044378723949193954
0.10339964181184769
0.10765991359949112
0.21504142880439758
0.14658229053020477
0.06398361176252365
0.08744246512651443
0.02566230483353138
0.12741154432296753
0.06964509934186935
0.02341659553349018
0.09260982275009155
0.08009851723909378
0.15664120018482208
0.03604460507631302
0.06152251735329628
0.01893310621380806
0.0007482497021555901
0.05276596546173096
0.09652525186538696
0.0004887231043539941
0.08157437294721603
0.03687223419547081
0.40565285086631775
0.01802958734333515
0.202618807554245
0.0023867161944508553
0.006843118462711573
0.00829070433974266
0.021265827119350433
0.03829386457800865
0.03531735762953758
0.09161428362131119
0.13562385737895966
0.24174390733242035
0.0073011587373912334
0.053721871227025986
0.03344792500138283
0.14170005917549133
0.025484975427389145
0.0868661180138588
0.0987946167588234
0.029110603034496307
0.06632530689239502
0.020351599901914597
0.06725941598415375
0.006670754868537188
0.12026222050189972
0.1134880855679512
0.06379938870668411
0.10361738502979279
0.0058377948589622974
0.08480759710073471
0.1635177731513977
0.08085010200738907
0.07435167580842972
0.002773110056295991
0.011329623870551586
0.007111323531717062
0.03635469451546669
0.14861583709716797
0.1533004194498062
0.044299378991127014
0.009815807454288006
0.06975050270557404
0.03649432957172394
0.21888473629951477
0.04063573107123375
0.05213576927781105
0.06300433725118637
0.06866218149662018
0.09601026773452759
0.00044109663576819
0.132446750998497
0.019307900220155716
0.009977607987821102
0.034479737281799316
0.1339164674282074
0.09836015105247498
0.022569553926587105
0.037815339863300323
0.010557352565228939
0.11565089225769043
0.06889719516038895
0.24871735274791718
0.03371026739478111
0.014321152120828629
0.12212913483381271
0.04692867770791054
0.08003578335046768
0.06819533556699753
0.03149430453777313
0.019168952479958534
0.01928742043673992
0.019776582717895508
0.02748146653175354
0.06653071194887161
0.07731261849403381
0.03135955333709717
0.09259215742349625
0.03590915724635124
0.12956885993480682
0.033636532723903656
0.11164688318967819
0.011588608846068382
0.0089929960668087
0.02725275419652462
0.14362816512584686
0.007119614165276289
0.022565890103578568
0.043806105852127075
0.01063808798789978
0.10887761414051056
0.060540009289979935
0.1426636129617691
0.19323883950710297
0.13065564632415771
0.030756225809454918
0.08619346469640732
0.055760789662599564
0.0823146179318428
0.10580922663211823
0.017641548067331314
0.06325720995664597
0.19990231096744537
0.03640702739357948
0.0017629178473725915
0.02101675048470497
0.007630910724401474
0.6500258445739746
0.06972821801900864
0.0649036392569542
0.028185507282614708
0.034483570605516434
0.04382089525461197
0.29762548208236694
0.03223223239183426
0.015727361664175987
0.037137579172849655
0.25961965322494507
0.004690647125244141
0.03743854910135269
0.022204548120498657
0.09175627678632736
0.13197599351406097
0.0007610543398186564
0.028776705265045166
0.006317167077213526
0.011579646728932858
0.11266621947288513
0.040640514343976974
0.14534026384353638
0.150856152176857
0.05803069472312927
0.017038796097040176
0.04899783059954643
0.013070666231215
0.0016081460053101182
0.10405482351779938
0.05861048400402069
0.048754170536994934
0.01905454881489277
0.010467084124684334
0.014610693790018559
0.12180015444755554
0.02731875143945217
0.2614039182662964
0.009456182830035686
0.09320752322673798
0.15195661783218384
0.08351491391658783
0.014922123402357101
0.08053120970726013
0.14542917907238007
0.011955391615629196
0.039741288870573044
0.11113487184047699
0.03565298765897751
0.0692797377705574
0.060415446758270264
0.025818748399615288
0.005495751742273569
0.05073104798793793
0.04127117991447449
0.10305199772119522
0.05737737566232681
0.0011738046305254102
0.08527124673128128
0.07743830978870392
0.09730207175016403
0.11609026789665222
0.0031596883200109005
0.0254158116877079
0.041235484182834625
0.07705755531787872
0.034599099308252335
0.01813504844903946
0.007733780425041914
0.06519723683595657
0.021192200481891632
0.46116283535957336
0.0022716999519616365
0.00654252665117383
0.04948247969150543
0.03857444226741791
0.09343934059143066
0.002216294640675187
0.08819248527288437
0.0016044584335759282
0.08169722557067871
0.101742222905159
0.13670916855335236
0.0033478832338005304
0.003458712948486209
0.029409440234303474
0.0002766768157016486
0.0019869867246598005
0.07521280646324158
0.3071822226047516
0.1638551652431488
0.0001229667686857283
0.0645090714097023
0.1295301765203476
0.011627190746366978
0.00963006354868412
0.031773172318935394
0.024448934942483902
0.21045152842998505
0.08471806347370148
0.0019238885724917054
0.016183704137802124
0.1223377212882042
0.005612812004983425
0.024796565994620323
0.01618874818086624
0.14675100147724152
0.012979233637452126
0.016967130824923515
0.05341166630387306
0.011255846358835697
0.02204054594039917
0.027803394943475723
0.12287542968988419
0.06816543638706207
0.006421197205781937
0.011582300998270512
0.019532330334186554
0.04642830416560173
0.2322079986333847
0.033420342952013016
0.016566982492804527
0.4762417674064636
0.07578717917203903
0.16066806018352509
0.018905913457274437
0.03161812946200371
0.0029350535478442907
0.008254400454461575
0.21529626846313477
0.04137071594595909
0.09415052831172943
0.010017450898885727
0.00030656179296784103
0.05796259641647339
0.009203227236866951
0.0014637216227129102
0.16030432283878326
0.012396994046866894
0.060735929757356644
0.025649547576904297
0.010763413272798061
0.16124366223812103
0.13437137007713318
0.062083836644887924
0.0014776356983929873
0.10124925523996353
0.01653793640434742
0.06929879635572433
0.10028383135795593
0.03337705507874489
0.0009019883582368493
0.06528595834970474
0.19869352877140045
0.13262611627578735
0.0737636610865593
0.05539578199386597
0.020085426047444344
0.016394048929214478
0.28966253995895386
0.08948688954114914
0.05268449708819389
0.020106056705117226
0.07263081520795822
0.00015155156143009663
0.013074060901999474
0.0026656310074031353
0.17357049882411957
0.034866150468587875
0.010801684111356735
0.1500891149044037
0.005170631222426891
0.010436064563691616
0.02989049255847931
0.09280385076999664
0.05541432648897171
0.3889731466770172
0.010247020982205868
0.0007044537924230099
0.07215917110443115
0.043687786906957626
0.053504377603530884
0.025952119380235672
0.03275304287672043
0.031600628048181534
0.13752178847789764
0.011694129556417465
0.03480066731572151
0.023235280066728592
0.04088795557618141
0.005348177161067724
0.0005826854612678289
0.04989999532699585
0.045309536159038544
0.041783787310123444
0.030881203711032867
0.029021713882684708
0.004631923045963049
0.0036879221443086863
0.04895246401429176
0.03798505291342735
0.00016345659969374537
0.0009569645044393837
0.04028574004769325
0.0217715036123991
0.006427465938031673
0.021485328674316406
0.09250662475824356
0.024394651874899864
0.1576816886663437
0.0021125762723386288
0.029661286622285843
0.006585140246897936
0.09865541756153107
0.09191611409187317
0.023338159546256065
0.0865948349237442
0.11292063444852829
0.0026342582423239946
0.003240391379222274
0.003940397873520851
0.050741784274578094
0.1712981015443802
0.018113182857632637
0.014990806579589844
0.004086287692189217
0.09960129112005234
0.032821595668792725
0.02601005882024765
0.12906958162784576
0.014910675585269928
0.01847933791577816
0.04508575424551964
0.00872029922902584
0.04752315580844879
0.09478204697370529
0.034523721784353256
0.07852602750062943
0.15417267382144928
0.13042040169239044
0.13319124281406403
0.15415556728839874
0.010452480055391788
0.05307064205408096
0.020071007311344147
0.0001426442468073219
0.09836822748184204
0.13622428476810455
0.001894559827633202
0.00038633347139693797
0.0001221752172568813
0.0501985140144825
0.027290290221571922
0.14452558755874634
0.1205827072262764
0.009425388649106026
0.010252310894429684
0.1999286711215973
0.005935802590101957
0.22479599714279175
0.0002812639868352562
0.002573693636804819
0.02665489912033081
0.015291099436581135
0.02544827200472355
0.08270516991615295
0.014896230772137642
0.0116652837023139
0.00018619855109136552
0.04783540591597557
0.06409090012311935
0.012553189881145954
0.0176102165132761
0.07104310393333435
0.00301272701472044
0.10275422036647797
0.03976692631840706
0.28700315952301025
0.014340311288833618
0.020916620269417763
0.1332859992980957
0.029079141095280647
0.09273816645145416
0.0828510969877243
0.11151032894849777
0.0033163612242788076
0.10457856208086014
0.011715414933860302
0.2496480494737625
0.05667375400662422
0.0016760921571403742
0.02170344442129135
0.08970879763364792
0.006025244481861591
0.001318286289460957
0.06766203045845032
0.03153928741812706
0.034975823014974594
0.003657983150333166
0.004700889810919762
0.06488270312547684
0.0005777613259851933
0.06760895252227783
0.009566745720803738
0.0045295110903680325
0.12767423689365387
0.04002242907881737
0.02737528458237648
0.01284189522266388
0.09729083627462387
0.010323978960514069
0.06931331753730774
0.10162129998207092
0.0009240531944669783
0.0003655179461929947
0.026349036023020744
0.12808141112327576
0.0232402291148901
0.16337668895721436
0.4558106064796448
0.012792103923857212
0.07915020734071732
0.10522124916315079
0.03188854083418846
0.13408581912517548
0.011790072545409203
0.06636340916156769
0.0013049093540757895
0.009814179502427578
0.004554055631160736
0.0023491287138313055
0.009955205954611301
0.23450030386447906
0.012244303710758686
0.04165937751531601
0.004519751761108637
0.09293229877948761
5.12949627591297e-05
0.008111260831356049
0.0008916155784390867
0.0008194542024284601
0.02274998091161251
0.008499530144035816
0.0008700847392901778
0.009423856623470783
0.0274655818939209
0.4208443760871887
0.0135567095130682
0.006613454781472683
0.004216855391860008
0.06551314145326614
0.027368564158678055
0.1277991682291031
0.0016915638698264956
0.07971696555614471
0.052156202495098114
0.0037920379545539618
0.0422186516225338
0.07962969690561295
0.0023847452830523252
0.017116736620664597
0.00047666867612861097
0.023402951657772064
0.05961029231548309
0.003598559647798538
0.19576233625411987
0.22683590650558472
0.05783484876155853
0.19775904715061188
0.052027881145477295
0.09150993078947067
0.028500264510512352
0.02760360948741436
0.24556635320186615
0.13765235245227814
0.06980980187654495
0.06110639497637749
0.1300431340932846
0.01252190861850977
0.0004694430099334568
0.027320601046085358
0.005556583404541016
0.01730152778327465
0.23752662539482117
0.0027495892718434334
0.027984533458948135
0.1944119930267334
0.018341118469834328
0.061171576380729675
0.060291774570941925
0.1486770212650299
0.013017145916819572
0.03409167379140854
0.02802583947777748
0.02398724853992462
0.17246125638484955
0.013209155760705471
0.09138530492782593
0.20292368531227112
0.19601678848266602
0.002392387483268976
5.719502587453462e-05
0.0010787773644551635
0.2836538851261139
0.0024538675788789988
0.005180625710636377
0.10124413669109344
0.009397675283253193
0.06154700741171837
0.09228413552045822
0.001626707729883492
0.0010453446302562952
0.009198757819831371
0.07165724784135818
0.014620393514633179
0.08881624788045883
0.020170828327536583
0.0034167608246207237
0.013404938392341137
0.059936828911304474
0.01720672845840454
5.344708915799856e-05
0.007940416224300861
0.03175944462418556
0.02241399697959423
0.0012802728451788425
0.18060018122196198
0.01014278456568718
0.007638708688318729
0.10488449037075043
0.04907151684165001
0.03760654106736183
0.03288210183382034
0.018341775983572006
0.020352700725197792
0.17135392129421234
0.25449201464653015
0.005873031448572874
0.08499186486005783
0.005175902042537928
0.1108667254447937
0.007126239128410816
0.02799707092344761
0.23367680609226227
0.012679262086749077
0.015388812869787216
0.005615848116576672
0.0302277859300375
0.08096062391996384
0.08288256824016571
0.20535625517368317
0.12154491245746613
0.010381338186562061
0.07031921297311783
0.12046432495117188
0.03771911561489105
0.024646174162626266
0.06726596504449844
0.022558707743883133
0.12912562489509583
0.007675066124647856
0.006417805328965187
0.0335908904671669
0.01873146928846836
0.07003693282604218
0.10695068538188934
0.020235758274793625
0.12311190366744995
0.004412565380334854
0.008408603258430958
0.015110126696527004
0.003080422058701515
0.3196704387664795
0.012713521718978882
0.06387799233198166
0.07116277515888214
0.21149256825447083
0.0011392784072086215
0.0015127436490729451
0.0003855641698464751
0.04751063510775566
0.0145193450152874
0.035176657140254974
0.04544081911444664
0.0018802006961777806
0.008778381161391735
0.020983485504984856
0.016908619552850723
0.03922353312373161
0.09379942715167999
0.005800901912152767
0.008264818228781223
0.11250536888837814
0.10856562107801437
0.0006742557161487639
0.006927808281034231
0.0006852722144685686
0.007941207848489285
0.02918241173028946
0.07536812126636505
0.002926222514361143
0.08279243856668472
0.004484160803258419
0.05207396298646927
0.002732124412432313
0.013928750529885292
0.30263760685920715
0.00031936963205225766
0.03256743401288986
0.013069753535091877
0.099273182451725
0.0019463793141767383
0.015864767134189606
0.0010493977461010218
0.0010213661007583141
0.0024914995301514864
0.02394525520503521
0.048027895390987396
0.07086837291717529
0.0024392923805862665
0.01658925600349903
0.0355839803814888
0.0049584899097681046
0.07681404054164886
0.05203055590391159
0.034586384892463684
0.08554423600435257
0.0006003602175042033
0.014445983804762363
0.046084925532341
0.0032457096967846155
0.029275575652718544
0.004650424234569073
0.16811002790927887
0.032647185027599335
0.014264192432165146
0.03640648350119591
0.015341538935899734
0.004940675105899572
0.10199319571256638
0.000579172745347023
0.09900390356779099
0.20567433536052704
0.022779172286391258
0.010526329278945923
0.17353209853172302
0.0011653852416202426
0.0004058583581354469
0.025860462337732315
0.01341400109231472
0.0020500214304775
0.024629516527056694
0.04874490574002266
0.0015217495383694768
0.13838787376880646
0.014719521626830101
0.0984477624297142
0.02463451400399208
0.003847106359899044
0.0620652511715889
0.12786300480365753
0.06358182430267334
0.0004351742973085493
0.014502862468361855
0.0019890943076461554
0.007569837383925915
0.003575633279979229
0.050484731793403625
0.0010393651900812984
0.007585363462567329
