0.47333332896232605
0.54666668176651
0.6200000047683716
0.653333306312561
0.6133333444595337
0.6733333468437195
0.699999988079071
0.7666666507720947
0.7599999904632568
0.7400000095367432
0.846666693687439
0.8066666722297668
0.8133333325386047
0.8133333325386047
0.746666669845581
0.8066666722297668
0.8600000143051147
0.7933333516120911
0.8600000143051147
0.8333333134651184
0.846666693687439
0.8399999737739563
0.846666693687439
0.8866666555404663
0.8733333349227905
0.7066666483879089
0.8333333134651184
0.8533333539962769
0.8600000143051147
0.846666693687439
0.9066666960716248
0.8666666746139526
0.9666666388511658
0.8799999952316284
0.8933333158493042
0.9266666769981384
0.8733333349227905
0.8866666555404663
0.8866666555404663
0.9333333373069763
0.9266666769981384
0.8866666555404663
0.8999999761581421
0.9266666769981384
0.9399999976158142
0.9200000166893005
0.9266666769981384
0.9399999976158142
0.9399999976158142
0.8933333158493042
0.8799999952316284
0.8933333158493042
0.9200000166893005
0.9733333587646484
0.95333331823349
0.8933333158493042
0.8799999952316284
0.8799999952316284
0.9133333563804626
0.9333333373069763
0.9266666769981384
0.9599999785423279
0.8666666746139526
0.8666666746139526
0.9333333373069763
0.9200000166893005
0.8933333158493042
0.9133333563804626
0.9666666388511658
0.9866666793823242
0.95333331823349
0.9866666793823242
0.9466666579246521
0.9666666388511658
0.9066666960716248
0.9866666793823242
0.9399999976158142
0.9333333373069763
0.9399999976158142
0.8733333349227905
0.8799999952316284
0.9733333587646484
0.8799999952316284
0.8199999928474426
0.9133333563804626
0.9200000166893005
0.9466666579246521
0.8733333349227905
0.9133333563804626
0.9800000190734863
0.9066666960716248
0.9666666388511658
0.9133333563804626
0.9599999785423279
0.9133333563804626
0.8933333158493042
0.9599999785423279
0.9066666960716248
0.9666666388511658
0.95333331823349
0.9800000190734863
0.9466666579246521
0.8666666746139526
0.9333333373069763
0.9066666960716248
0.8399999737739563
0.95333331823349
0.9733333587646484
0.9466666579246521
0.9466666579246521
0.9666666388511658
0.9333333373069763
0.9800000190734863
0.9466666579246521
0.9599999785423279
0.9466666579246521
0.8733333349227905
0.9666666388511658
0.9266666769981384
0.9800000190734863
0.9800000190734863
0.9266666769981384
0.9733333587646484
0.95333331823349
0.8933333158493042
0.9599999785423279
0.9866666793823242
0.9266666769981384
0.95333331823349
0.9399999976158142
0.9733333587646484
0.9933333396911621
0.9733333587646484
0.9466666579246521
0.9599999785423279
0.9866666793823242
0.9266666769981384
0.9466666579246521
0.9666666388511658
0.9666666388511658
0.9266666769981384
0.9599999785423279
0.95333331823349
0.9733333587646484
0.9866666793823242
0.95333331823349
0.95333331823349
0.9666666388511658
0.9399999976158142
0.9399999976158142
0.9666666388511658
0.9733333587646484
0.9800000190734863
0.9666666388511658
0.9733333587646484
0.9466666579246521
0.9866666793823242
1.0
0.9333333373069763
0.9333333373069763
0.9466666579246521
0.9266666769981384
0.9733333587646484
0.9133333563804626
0.8933333158493042
0.9133333563804626
0.9466666579246521
0.9666666388511658
0.9800000190734863
0.9666666388511658
0.9666666388511658
0.9800000190734863
0.9466666579246521
0.9599999785423279
0.9466666579246521
0.9933333396911621
0.9266666769981384
0.9066666960716248
0.9866666793823242
0.9800000190734863
0.9266666769981384
0.9800000190734863
0.9599999785423279
0.9200000166893005
0.9933333396911621
0.9666666388511658
0.9800000190734863
0.9800000190734863
0.9599999785423279
0.95333331823349
0.9399999976158142
0.9666666388511658
0.95333331823349
0.9933333396911621
0.9599999785423279
1.0
0.9333333373069763
0.9666666388511658
0.9599999785423279
1.0
0.9733333587646484
0.9666666388511658
0.9666666388511658
0.9733333587646484
0.9866666793823242
0.9666666388511658
0.9266666769981384
0.8933333158493042
0.9800000190734863
0.9200000166893005
0.9599999785423279
0.9733333587646484
0.9933333396911621
0.9333333373069763
0.9866666793823242
0.9800000190734863
0.9599999785423279
0.9800000190734863
0.9133333563804626
0.9866666793823242
0.95333331823349
0.9866666793823242
0.9866666793823242
1.0
0.9133333563804626
0.9599999785423279
0.9933333396911621
1.0
0.9800000190734863
0.9733333587646484
0.9200000166893005
0.9866666793823242
0.9933333396911621
0.9066666960716248
0.9866666793823242
0.9733333587646484
0.9800000190734863
0.9733333587646484
0.9466666579246521
0.9866666793823242
0.9866666793823242
1.0
0.9866666793823242
0.9666666388511658
0.9800000190734863
0.9333333373069763
0.9466666579246521
0.9800000190734863
0.9733333587646484
0.9800000190734863
0.9800000190734863
0.9933333396911621
0.9333333373069763
0.9666666388511658
0.9733333587646484
0.9800000190734863
0.95333331823349
0.9933333396911621
0.9733333587646484
0.9866666793823242
0.9333333373069763
0.9800000190734863
0.9933333396911621
0.9399999976158142
1.0
0.9933333396911621
0.95333331823349
0.9599999785423279
0.9800000190734863
0.9666666388511658
0.9466666579246521
0.95333331823349
0.95333331823349
0.9800000190734863
0.9866666793823242
0.95333331823349
0.9733333587646484
0.9866666793823242
0.8799999952316284
0.95333331823349
1.0
0.9933333396911621
0.9599999785423279
0.9599999785423279
0.9333333373069763
0.9800000190734863
0.9466666579246521
0.9733333587646484
0.9800000190734863
0.9733333587646484
0.95333331823349
0.9866666793823242
0.9866666793823242
0.9800000190734863
0.95333331823349
0.9666666388511658
0.9399999976158142
1.0
0.9733333587646484
0.9466666579246521
0.9933333396911621
0.9333333373069763
0.9733333587646484
0.9666666388511658
0.9666666388511658
0.9866666793823242
0.9399999976158142
0.9933333396911621
0.9333333373069763
0.9933333396911621
0.9066666960716248
0.9800000190734863
0.9399999976158142
0.9133333563804626
0.9333333373069763
0.9733333587646484
0.9466666579246521
0.9666666388511658
0.95333331823349
0.9866666793823242
0.9399999976158142
0.9333333373069763
0.9333333373069763
0.9200000166893005
0.9599999785423279
0.9599999785423279
0.9599999785423279
0.9666666388511658
0.9733333587646484
0.9800000190734863
0.9800000190734863
0.9666666388511658
0.9866666793823242
0.9733333587646484
0.9866666793823242
0.9866666793823242
0.9733333587646484
0.9733333587646484
0.9666666388511658
0.95333331823349
0.9666666388511658
0.9266666769981384
0.9466666579246521
0.9733333587646484
1.0
0.9800000190734863
0.9866666793823242
0.9866666793823242
0.95333331823349
0.9800000190734863
1.0
0.9933333396911621
0.9800000190734863
0.9866666793823242
0.9733333587646484
0.9933333396911621
0.9933333396911621
0.9933333396911621
0.9800000190734863
0.9466666579246521
0.9733333587646484
0.9866666793823242
0.9733333587646484
0.9599999785423279
0.9800000190734863
0.9800000190734863
0.9733333587646484
0.9066666960716248
0.9933333396911621
0.9933333396911621
0.9866666793823242
0.95333331823349
0.9733333587646484
0.9733333587646484
0.95333331823349
0.9933333396911621
0.9933333396911621
0.9333333373069763
0.9933333396911621
0.9933333396911621
0.9866666793823242
0.9733333587646484
0.9933333396911621
0.9733333587646484
1.0
0.9666666388511658
0.9599999785423279
0.9800000190734863
0.9733333587646484
0.9933333396911621
1.0
0.9866666793823242
0.9666666388511658
0.9733333587646484
0.9733333587646484
0.9666666388511658
0.9399999976158142
1.0
1.0
0.9800000190734863
0.9733333587646484
0.9266666769981384
0.9266666769981384
0.9866666793823242
0.9866666793823242
0.9800000190734863
0.95333331823349
0.9866666793823242
0.9599999785423279
1.0
1.0
1.0
0.8666666746139526
0.9933333396911621
0.9866666793823242
0.9666666388511658
0.9733333587646484
0.9733333587646484
0.9666666388511658
0.9866666793823242
0.9933333396911621
0.9933333396911621
0.9933333396911621
0.9599999785423279
0.9666666388511658
0.9933333396911621
0.9733333587646484
0.9933333396911621
0.9933333396911621
0.9933333396911621
0.9866666793823242
0.9800000190734863
0.9800000190734863
0.9666666388511658
0.9666666388511658
0.9733333587646484
0.9666666388511658
0.9866666793823242
0.9866666793823242
0.9800000190734863
1.0
0.9933333396911621
1.0
0.9800000190734863
0.9933333396911621
0.9733333587646484
0.9933333396911621
0.9466666579246521
0.9800000190734863
0.9399999976158142
0.9933333396911621
0.9866666793823242
0.9733333587646484
0.9666666388511658
0.9666666388511658
0.9666666388511658
0.9666666388511658
0.9399999976158142
0.9466666579246521
0.95333331823349
0.9933333396911621
1.0
0.9800000190734863
0.9933333396911621
0.9866666793823242
0.9866666793823242
0.9800000190734863
0.9933333396911621
1.0
1.0
0.9866666793823242
0.9866666793823242
0.9933333396911621
0.9599999785423279
0.9866666793823242
0.9933333396911621
0.9933333396911621
0.9933333396911621
0.9599999785423279
1.0
0.9800000190734863
0.9800000190734863
0.9866666793823242
0.9800000190734863
0.9200000166893005
0.9866666793823242
0.9733333587646484
0.9733333587646484
1.0
0.95333331823349
0.9933333396911621
0.9933333396911621
0.9933333396911621
0.9933333396911621
0.9800000190734863
0.9933333396911621
0.9733333587646484
1.0
0.9733333587646484
1.0
0.9666666388511658
1.0
0.9933333396911621
0.9666666388511658
0.9933333396911621
0.9866666793823242
0.9800000190734863
0.9800000190734863
0.9933333396911621
0.9733333587646484
0.9733333587646484
0.9933333396911621
0.9866666793823242
0.9800000190734863
0.9733333587646484
0.9866666793823242
0.9666666388511658
0.9933333396911621
0.9866666793823242
0.9733333587646484
0.9866666793823242
0.95333331823349
0.9933333396911621
0.9933333396911621
0.9200000166893005
0.9066666960716248
0.9866666793823242
0.9733333587646484
1.0
0.9666666388511658
0.9800000190734863
0.9933333396911621
0.9800000190734863
0.9866666793823242
0.9933333396911621
0.9800000190734863
0.9866666793823242
0.9933333396911621
1.0
0.9666666388511658
0.9866666793823242
0.9933333396911621
0.9933333396911621
0.9733333587646484
0.9933333396911621
1.0
0.9733333587646484
1.0
0.9866666793823242
0.9933333396911621
0.9466666579246521
0.9800000190734863
0.9733333587646484
0.9733333587646484
0.9866666793823242
0.9866666793823242
0.9866666793823242
0.9599999785423279
1.0
0.9800000190734863
0.9800000190734863
0.9666666388511658
0.9933333396911621
0.9933333396911621
0.9933333396911621
0.9866666793823242
0.9933333396911621
1.0
0.9866666793823242
0.9599999785423279
0.95333331823349
0.9933333396911621
0.9866666793823242
0.95333331823349
0.9800000190734863
0.9866666793823242
0.9866666793823242
0.9933333396911621
0.9599999785423279
0.8666666746139526
0.9666666388511658
0.9866666793823242
0.9733333587646484
1.0
0.9133333563804626
0.9866666793823242
0.9800000190734863
0.9733333587646484
0.9933333396911621
0.9866666793823242
0.9800000190734863
0.9866666793823242
0.9933333396911621
0.9733333587646484
1.0
0.9599999785423279
0.9866666793823242
0.9933333396911621
0.9800000190734863
0.9866666793823242
0.9933333396911621
0.9666666388511658
0.9800000190734863
0.9933333396911621
0.9866666793823242
0.9866666793823242
0.9866666793823242
0.9800000190734863
0.9866666793823242
0.9933333396911621
0.9933333396911621
0.9599999785423279
0.9866666793823242
0.9666666388511658
0.9666666388511658
0.9666666388511658
0.95333331823349
0.95333331823349
0.9666666388511658
0.95333331823349
1.0
0.9733333587646484
0.9933333396911621
0.9866666793823242
0.9933333396911621
0.95333331823349
0.9933333396911621
0.9399999976158142
0.9800000190734863
0.9800000190734863
0.9666666388511658
0.9866666793823242
0.9933333396911621
0.9866666793823242
0.9266666769981384
0.9866666793823242
0.9866666793823242
0.9866666793823242
0.9933333396911621
0.9933333396911621
0.9800000190734863
0.9666666388511658
0.9733333587646484
0.9866666793823242
0.9599999785423279
0.9599999785423279
0.9733333587646484
0.9933333396911621
0.9866666793823242
0.9933333396911621
0.9933333396911621
0.9866666793823242
0.9733333587646484
0.9933333396911621
0.9800000190734863
0.9866666793823242
0.9800000190734863
0.9866666793823242
0.9733333587646484
0.9800000190734863
0.9666666388511658
0.9866666793823242
0.9800000190734863
0.9733333587646484
1.0
0.9800000190734863
0.9866666793823242
0.9599999785423279
0.9666666388511658
1.0
0.9666666388511658
0.9933333396911621
0.9800000190734863
0.9866666793823242
0.9933333396911621
1.0
0.9666666388511658
0.9733333587646484
0.9866666793823242
0.9866666793823242
0.9866666793823242
0.9866666793823242
0.8999999761581421
0.9800000190734863
0.9933333396911621
0.9933333396911621
0.9933333396911621
0.9866666793823242
0.9933333396911621
0.9800000190734863
0.9866666793823242
0.9933333396911621
1.0
0.9933333396911621
0.9733333587646484
0.9933333396911621
0.9800000190734863
1.0
0.9599999785423279
0.9866666793823242
0.9800000190734863
0.9933333396911621
0.9800000190734863
1.0
0.9666666388511658
0.9866666793823242
0.9666666388511658
0.9933333396911621
0.9933333396911621
0.9800000190734863
0.9800000190734863
0.9599999785423279
0.9933333396911621
0.9933333396911621
0.9866666793823242
0.9866666793823242
0.9733333587646484
0.9866666793823242
1.0
1.0
0.95333331823349
0.95333331823349
0.9800000190734863
0.9666666388511658
0.9933333396911621
0.9866666793823242
1.0
0.9866666793823242
0.9800000190734863
0.9733333587646484
0.9666666388511658
1.0
1.0
0.9866666793823242
0.9933333396911621
1.0
0.9933333396911621
0.9599999785423279
1.0
0.9866666793823242
0.9933333396911621
0.9866666793823242
0.9866666793823242
0.9933333396911621
0.9933333396911621
0.9733333587646484
0.9866666793823242
1.0
0.9866666793823242
0.9933333396911621
1.0
0.9866666793823242
1.0
1.0
0.9933333396911621
0.9733333587646484
0.9933333396911621
0.95333331823349
0.9800000190734863
0.9866666793823242
0.9399999976158142
0.9933333396911621
0.9866666793823242
0.9866666793823242
0.9933333396911621
0.9866666793823242
0.9866666793823242
0.9933333396911621
0.95333331823349
0.9933333396911621
1.0
0.9733333587646484
0.9866666793823242
0.9933333396911621
0.95333331823349
0.9866666793823242
0.9933333396911621
0.9933333396911621
0.9666666388511658
0.9800000190734863
0.9933333396911621
0.9933333396911621
1.0
1.0
1.0
0.9866666793823242
1.0
0.9866666793823242
0.9800000190734863
0.95333331823349
0.9800000190734863
0.9800000190734863
0.9933333396911621
0.9133333563804626
0.9866666793823242
0.9800000190734863
0.9733333587646484
0.9933333396911621
0.9933333396911621
1.0
0.9866666793823242
0.9866666793823242
0.9800000190734863
0.9733333587646484
0.9733333587646484
0.9800000190734863
0.9800000190734863
1.0
1.0
0.9933333396911621
0.9933333396911621
0.9866666793823242
0.9800000190734863
0.9866666793823242
1.0
0.9933333396911621
0.9933333396911621
0.9599999785423279
0.9933333396911621
0.9933333396911621
0.9933333396911621
0.9800000190734863
1.0
1.0
0.95333331823349
0.9933333396911621
0.9933333396911621
0.9933333396911621
0.9666666388511658
0.9599999785423279
0.9866666793823242
0.9933333396911621
0.9933333396911621
0.9733333587646484
1.0
0.9733333587646484
1.0
0.9800000190734863
0.9933333396911621
0.9733333587646484
0.9599999785423279
0.9800000190734863
1.0
0.95333331823349
1.0
1.0
0.9933333396911621
0.9933333396911621
0.9933333396911621
0.9933333396911621
1.0
0.9733333587646484
1.0
0.9666666388511658
1.0
0.9733333587646484
0.9666666388511658
1.0
0.9933333396911621
0.9800000190734863
1.0
0.9933333396911621
1.0
0.9800000190734863
1.0
0.9933333396911621
1.0
0.9866666793823242
0.9800000190734863
0.9733333587646484
0.9933333396911621
0.9599999785423279
0.9733333587646484
0.9800000190734863
1.0
0.95333331823349
0.9933333396911621
0.9866666793823242
0.9733333587646484
1.0
0.9800000190734863
0.9933333396911621
1.0
0.9933333396911621
0.9800000190734863
1.0
0.9733333587646484
1.0
0.9933333396911621
0.9800000190734863
0.9800000190734863
1.0
0.9866666793823242
1.0
0.9733333587646484
0.9866666793823242
0.9933333396911621
0.9933333396911621
0.9733333587646484
0.9866666793823242
0.9933333396911621
0.9800000190734863
0.9933333396911621
0.9933333396911621
0.9599999785423279
1.0
0.9866666793823242
0.9933333396911621
0.9733333587646484
1.0
1.0
0.9933333396911621
0.9933333396911621
0.9800000190734863
1.0
0.9933333396911621
1.0
0.9866666793823242
0.9933333396911621
0.9933333396911621
0.9599999785423279
0.9933333396911621
1.0
0.95333331823349
0.9933333396911621
0.9733333587646484
0.9599999785423279
0.9599999785423279
0.9733333587646484
0.9800000190734863
0.9933333396911621
1.0
1.0
0.9933333396911621
1.0
0.9866666793823242
1.0
0.9733333587646484
0.9866666793823242
0.9399999976158142
0.9733333587646484
0.9466666579246521
0.9933333396911621
0.9800000190734863
0.9933333396911621
0.9599999785423279
1.0
0.9666666388511658
1.0
0.9866666793823242
0.9933333396911621
1.0
1.0
0.9866666793823242
0.9666666388511658
0.9866666793823242
1.0
0.9933333396911621
1.0
0.9933333396911621
1.0
0.9866666793823242
0.9599999785423279
1.0
0.9866666793823242
0.9933333396911621
0.9733333587646484
1.0
0.9866666793823242
0.9733333587646484
0.9866666793823242
1.0
0.9866666793823242
0.9666666388511658
1.0
0.9399999976158142
0.9599999785423279
0.9933333396911621
0.95333331823349
1.0
0.9866666793823242
1.0
0.9866666793823242
0.9866666793823242
0.9866666793823242
1.0
1.0
0.9866666793823242
0.9866666793823242
0.9800000190734863
0.9933333396911621
0.9933333396911621
0.9866666793823242
0.9933333396911621
0.9733333587646484
0.9800000190734863
0.9866666793823242
1.0
0.9866666793823242
0.9933333396911621
1.0
