1.500601887702942
1.240660548210144
1.0595732927322388
1.0421638488769531
1.1149258613586426
1.040838599205017
0.819707989692688
0.7329582571983337
0.8226792812347412
0.6847764849662781
0.46477970480918884
0.5922139883041382
0.593846321105957
0.5871642827987671
0.7458562850952148
0.500542163848877
0.35431230068206787
0.6156774759292603
0.450491726398468
0.5586672425270081
0.46142715215682983
0.42526277899742126
0.4271988868713379
0.373564213514328
0.4368917942047119
0.7910308837890625
0.45394235849380493
0.4926799535751343
0.4020068943500519
0.45808130502700806
0.29431548714637756
0.3505094647407532
0.1561117023229599
0.38992875814437866
0.3390851318836212
0.19661769270896912
0.30086085200309753
0.3843325674533844
0.3740854263305664
0.2650577425956726
0.25303196907043457
0.33769211173057556
0.318764865398407
0.3253043591976166
0.2166021168231964
0.18733248114585876
0.2703362703323364
0.22056645154953003
0.12852248549461365
0.2477046698331833
0.2530288100242615
0.375000923871994
0.23691695928573608
0.10926516354084015
0.16688819229602814
0.2865804433822632
0.3232395052909851
0.3751775622367859
0.2816263437271118
0.19909921288490295
0.2333856225013733
0.09989450126886368
0.3377956748008728
0.381705105304718
0.20451763272285461
0.20259754359722137
0.2756359875202179
0.30733993649482727
0.11379961669445038
0.10869377106428146
0.13858547806739807
0.10288409888744354
0.19142790138721466
0.09764058142900467
0.2668984532356262
0.04961560294032097
0.20998449623584747
0.25246429443359375
0.17815110087394714
0.3329682946205139
0.3820383846759796
0.11367436498403549
0.24693287909030914
0.4106205403804779
0.2590619921684265
0.22378244996070862
0.1833128035068512
0.28808167576789856
0.2760835886001587
0.119603730738163
0.24599981307983398
0.1304614096879959
0.22709022462368011
0.12480606138706207
0.21252107620239258
0.27148735523223877
0.12886221706867218
0.26561763882637024
0.14813002943992615
0.13997897505760193
0.12355613708496094
0.1264675259590149
0.39993906021118164
0.16049309074878693
0.24418362975120544
0.31777870655059814
0.20514608919620514
0.0834505707025528
0.1918557733297348
0.1636558473110199
0.11288131773471832
0.18463245034217834
0.07303854823112488
0.1267324835062027
0.13272640109062195
0.1498660445213318
0.3087909519672394
0.1632695198059082
0.17884047329425812
0.07259730994701385
0.1042969673871994
0.20248140394687653
0.08684173971414566
0.12551476061344147
0.29226645827293396
0.11113056540489197
0.057941023260354996
0.20889891684055328
0.1802983283996582
0.15089479088783264
0.1264100819826126
0.03143204748630524
0.09388500452041626
0.22296404838562012
0.12673497200012207
0.056287556886672974
0.2639223337173462
0.1545184701681137
0.12106414884328842
0.08268435299396515
0.17965595424175262
0.11612512171268463
0.1660487949848175
0.09544990211725235
0.04794111102819443
0.10926985740661621
0.09946812689304352
0.11961495876312256
0.17073433101177216
0.14716102182865143
0.09581539034843445
0.08894263207912445
0.08224310725927353
0.1825917810201645
0.08014204353094101
0.16991688311100006
0.04165240749716759
0.008944381959736347
0.15929660201072693
0.16713424026966095
0.13372935354709625
0.24729472398757935
0.12833818793296814
0.21929346024990082
0.2861098051071167
0.19865675270557404
0.16452915966510773
0.1294383406639099
0.054276350885629654
0.10207495838403702
0.08503931015729904
0.09277261793613434
0.1303427666425705
0.12730619311332703
0.24949602782726288
0.045052725821733475
0.19293728470802307
0.23829035460948944
0.07025495171546936
0.12362053245306015
0.2341081202030182
0.09175852686166763
0.11055660247802734
0.2389397919178009
0.044801827520132065
0.09803133457899094
0.09246045351028442
0.08399037271738052
0.1641969233751297
0.14966951310634613
0.17499560117721558
0.09057366847991943
0.1409434825181961
0.027556901797652245
0.14313164353370667
0.03753266483545303
0.19039089977741241
0.09137739986181259
0.11345300078392029
0.011493725702166557
0.079915352165699
0.06557002663612366
0.11713254451751709
0.06425938755273819
0.028933115303516388
0.19575977325439453
0.181319460272789
0.19742392003536224
0.04298899322748184
0.2926393449306488
0.08806317299604416
0.12673191726207733
0.025688903406262398
0.15900060534477234
0.058446452021598816
0.03921249508857727
0.12992331385612488
0.06264333426952362
0.2355785369873047
0.05230790004134178
0.12794648110866547
0.04494861885905266
0.05463525280356407
0.017968662083148956
0.2724204957485199
0.08377246558666229
0.025348691269755363
0.00734814302995801
0.04999320209026337
0.048821669071912766
0.1736004650592804
0.05933695659041405
0.027471348643302917
0.22051650285720825
0.05343107134103775
0.05924896150827408
0.047884706407785416
0.07446002215147018
0.14274217188358307
0.03225283697247505
0.0821133404970169
0.01601158082485199
0.03192673623561859
0.09952596575021744
0.05985885486006737
0.25556299090385437
0.1017436608672142
0.06537500023841858
0.06350237876176834
0.06301897019147873
0.07329800724983215
0.027247721329331398
0.14678354561328888
0.14507347345352173
0.0903027355670929
0.03253810107707977
0.125107541680336
0.03642577677965164
0.06682071089744568
0.04348352923989296
0.1124035120010376
0.046405088156461716
0.021728720515966415
0.12561729550361633
0.029071124270558357
0.07534833997488022
0.09359949827194214
0.08180011808872223
0.07790907472372055
0.11508697271347046
0.12481311708688736
0.1863560676574707
0.12099885195493698
0.03740619122982025
0.062300268560647964
0.13383083045482635
0.09948405623435974
0.033043086528778076
0.2375270575284958
0.1693781465291977
0.027212638407945633
0.030402978882193565
0.15165828168392181
0.06690218299627304
0.1914840191602707
0.09095913916826248
0.0961889997124672
0.10035520792007446
0.11647317558526993
0.11174353212118149
0.08797892928123474
0.08386588096618652
0.03823847323656082
0.04101533442735672
0.07163990288972855
0.0944659411907196
0.14528317749500275
0.022442489862442017
0.0781126618385315
0.1398306041955948
0.010958622209727764
0.174162819981575
0.08747050911188126
0.08873581886291504
0.10960807651281357
0.030537879094481468
0.17403757572174072
0.017670003697276115
0.13554877042770386
0.024105967953801155
0.20725370943546295
0.04209214821457863
0.13654139637947083
0.20528000593185425
0.14640812575817108
0.05451689288020134
0.09179257601499557
0.10030434280633926
0.10702968388795853
0.023192616179585457
0.13844381272792816
0.16805994510650635
0.20463624596595764
0.18373297154903412
0.1014740914106369
0.1286025047302246
0.1166202649474144
0.1602381467819214
0.0889926552772522
0.05287713184952736
0.0983211100101471
0.09128577262163162
0.0969785526394844
0.07155791670084
0.04322513937950134
0.07265087217092514
0.06902103126049042
0.07112027704715729
0.09744337946176529
0.10187231749296188
0.0973125621676445
0.14779429137706757
0.12273254245519638
0.057602766901254654
0.014753710478544235
0.07086670398712158
0.06473565101623535
0.045993052423000336
0.06550075858831406
0.03556729480624199
0.007954011671245098
0.02084045670926571
0.06461488455533981
0.06711646914482117
0.10167061537504196
0.017018387094140053
0.02787119522690773
0.024541793391108513
0.04594976082444191
0.10245832055807114
0.09333422034978867
0.03662389516830444
0.12087942659854889
0.12031292170286179
0.12239020317792892
0.0439000129699707
0.09889642149209976
0.19236363470554352
0.04328746721148491
0.020469607785344124
0.04948695749044418
0.10329198837280273
0.08331964910030365
0.10574662685394287
0.10703236609697342
0.05519603565335274
0.02191639132797718
0.17538699507713318
0.04159046337008476
0.029971109703183174
0.023878607898950577
0.0833824872970581
0.034685295075178146
0.06554152071475983
0.010740275494754314
0.11597037315368652
0.08122217655181885
0.06497649848461151
0.06340852379798889
0.03158194571733475
0.01835389994084835
0.052989620715379715
0.14910198748111725
0.053017757833004
0.081834577023983
0.11070986092090607
0.1840960532426834
0.006890594027936459
0.01698463037610054
0.0669386014342308
0.057006314396858215
0.16576118767261505
0.22801628708839417
0.04865390807390213
0.028720654547214508
0.046720948070287704
0.1270418018102646
0.04682594910264015
0.1136830672621727
0.007335608825087547
0.00880344957113266
0.007975135929882526
0.35439643263816833
0.018744157627224922
0.036869894713163376
0.08869230002164841
0.06699711829423904
0.055990658700466156
0.08363745361566544
0.054782625287771225
0.023077376186847687
0.027173176407814026
0.0703364834189415
0.1104690283536911
0.11464691162109375
0.01846192590892315
0.05392104387283325
0.10387124866247177
0.045270632952451706
0.04426244646310806
0.036374956369400024
0.0743570551276207
0.05597575008869171
0.0686882883310318
0.07600235193967819
0.060135699808597565
0.18707796931266785
0.043243471533060074
0.027640262618660927
0.0788695439696312
0.016592707484960556
0.027481861412525177
0.002747852122411132
0.09051641821861267
0.03519032523036003
0.06530765444040298
0.01985035091638565
0.1227191910147667
0.0528007335960865
0.1151098906993866
0.022845543920993805
0.02926413156092167
0.06017860397696495
0.06339704245328903
0.07475783675909042
0.07905929535627365
0.08685339242219925
0.20636406540870667
0.22274932265281677
0.16267552971839905
0.03519418463110924
0.02088993787765503
0.05797889828681946
0.06641321629285812
0.06147110089659691
0.02569645456969738
0.04948761686682701
0.041395243257284164
0.019489170983433723
0.01115876529365778
0.02481866255402565
0.06959912925958633
0.04334511607885361
0.1599806249141693
0.03092499077320099
0.00810843426734209
0.01835031248629093
0.020087165758013725
0.056573014706373215
0.0034701728727668524
0.08502345532178879
0.0342227928340435
0.03756188973784447
0.048493437469005585
0.2153570055961609
0.06606648862361908
0.05009058490395546
0.060310959815979004
0.021412812173366547
0.15191154181957245
0.03962461277842522
0.015875184908509254
0.017635764554142952
0.020707031711935997
0.09735796600580215
0.018407287076115608
0.06372813880443573
0.011834034696221352
0.09820692986249924
0.031304292380809784
0.10282067954540253
0.012424219399690628
0.025695187970995903
0.09746631979942322
0.029135821387171745
0.04259791970252991
0.05915549024939537
0.06880717724561691
0.019820667803287506
0.0661810040473938
0.057933807373046875
0.020586539059877396
0.03006221167743206
0.05723325163125992
0.0767609179019928
0.05782260745763779
0.10953618586063385
0.01863149367272854
0.04650881886482239
0.06202969700098038
0.03416304290294647
0.1136154904961586
0.029250815510749817
0.04264482483267784
0.2119901329278946
0.20255978405475616
0.09910684823989868
0.04886236786842346
0.022031454369425774
0.11405804753303528
0.04262112081050873
0.01742512360215187
0.06736767292022705
0.02660919912159443
0.028030287474393845
0.04292326048016548
0.05817992612719536
0.00614593643695116
0.016510678455233574
0.08407245576381683
0.048080410808324814
0.08628226816654205
0.02118859626352787
0.06674010306596756
0.038053132593631744
0.025210989639163017
0.10121719539165497
0.007718792650848627
0.02719743736088276
0.021455056965351105
0.15122193098068237
0.029195511713624
0.0543498732149601
0.08780761808156967
0.03524307161569595
0.04229457303881645
0.024500995874404907
0.1590985804796219
0.005790701601654291
0.04848930984735489
0.05383014678955078
0.1117042526602745
0.028994165360927582
0.018327517434954643
0.020614951848983765
0.035171009600162506
0.03386608883738518
0.009579156525433064
0.032806750386953354
0.10757990181446075
0.1232362613081932
0.03375065699219704
0.04586176574230194
0.13312594592571259
0.04245157539844513
0.17847473919391632
0.027301810681819916
0.06850694119930267
0.17312201857566833
0.3080342710018158
0.09933971613645554
0.03509380668401718
0.08995947241783142
0.0023027905263006687
0.1756712645292282
0.0545484684407711
0.033693086355924606
0.07862624526023865
0.019722353667020798
0.03367750346660614
0.056319624185562134
0.08713306486606598
0.020902574062347412
0.060667138546705246
0.009060123935341835
0.12030790746212006
0.07426748424768448
0.032113220542669296
0.0514935627579689
0.07815475761890411
0.03660602495074272
0.07179060578346252
0.06814450770616531
0.025098882615566254
0.028586769476532936
0.036514632403850555
0.0640387311577797
0.03506705164909363
0.064326211810112
0.020770730450749397
0.055786121636629105
0.12358658760786057
0.02929246611893177
0.09948107600212097
0.09093466401100159
0.07968150079250336
0.14443247020244598
0.10202726721763611
0.11401785165071487
0.07813156396150589
0.034668587148189545
0.08222682774066925
0.02448509819805622
0.028351522982120514
0.02199229784309864
0.10686451941728592
0.044134508818387985
0.1756211519241333
0.05203408747911453
0.07602522522211075
0.07628408819437027
0.03737177699804306
0.018737493082880974
0.04798714071512222
0.1285274177789688
0.04011939838528633
0.04820004850625992
0.038332052528858185
0.03956545889377594
0.018166707828640938
0.05365230515599251
0.06974885612726212
0.09497437626123428
0.10960078984498978
0.13245916366577148
0.10581936687231064
0.0854271724820137
0.02419811487197876
0.033763159066438675
0.018011927604675293
0.032536547631025314
0.06164723262190819
0.11394818872213364
0.013223070651292801
0.08152342587709427
0.04780115932226181
0.11190725862979889
0.03184123337268829
0.10806859284639359
0.04255211725831032
0.07257069647312164
0.03963393718004227
0.048175327479839325
0.10100722312927246
0.010817255824804306
0.09844852238893509
0.0409734807908535
0.1584099531173706
0.07897847145795822
0.02291126362979412
0.07272135466337204
0.020976169034838676
0.04652288556098938
0.013941805809736252
0.034200917929410934
0.01399011630564928
0.11030060052871704
0.09319478273391724
0.048539020121097565
0.05397669970989227
0.021503623574972153
0.03301539644598961
0.2437106817960739
0.07987695187330246
0.022816486656665802
0.015871871262788773
0.019102957099676132
0.035129278898239136
0.010434964671730995
0.05459053814411163
0.029450111091136932
0.020306020975112915
0.01937519758939743
0.0379260778427124
0.068992979824543
0.04905002564191818
0.0626920834183693
0.009107413701713085
0.08565443009138107
0.033691827207803726
0.07779087871313095
0.03669456019997597
0.060533929616212845
0.008567932061851025
0.08017837256193161
0.038330819457769394
0.07335488498210907
0.030576877295970917
0.012238017283380032
0.049707911908626556
0.027670593932271004
0.12030826508998871
0.022949757054448128
0.025291653349995613
0.028210697695612907
0.035942185670137405
0.06674346327781677
0.032956089824438095
0.023896774277091026
0.02307109907269478
0.08936189115047455
0.11711227148771286
0.03569210320711136
0.053250014781951904
0.029778670519590378
0.020551344379782677
0.004888741299510002
0.027546139433979988
0.07023226469755173
0.07054229825735092
0.062212422490119934
0.017216209322214127
0.008242566138505936
0.05327349901199341
0.021966634318232536
0.0012770461617037654
0.014388185925781727
0.07132962346076965
0.010119565762579441
0.03435352444648743
0.016515519469976425
0.045831214636564255
0.03850392997264862
0.03950180858373642
0.030437730252742767
0.07648474723100662
0.03517543897032738
0.00941959023475647
0.04299559444189072
0.014417807571589947
0.01001148670911789
0.024583641439676285
0.002321211388334632
0.012039133347570896
0.020203569903969765
0.06955526024103165
0.016010675579309464
0.16870622336864471
0.047135233879089355
0.030699850991368294
0.18829013407230377
0.017102202400565147
0.05184972286224365
0.04944968968629837
0.017816614359617233
0.10648591071367264
0.026255570352077484
0.03231975436210632
0.18253877758979797
0.017960142344236374
0.011933556757867336
0.06094346195459366
0.030387643724679947
0.028297631070017815
0.15052123367786407
0.14941051602363586
0.020400360226631165
0.11968076229095459
0.07388585805892944
0.04437653347849846
0.021084344014525414
0.03841457888484001
0.004067579749971628
0.006210042629390955
0.004598099272698164
0.057109907269477844
0.008176913484930992
0.019309360533952713
0.05006201192736626
0.10852821171283722
0.08506034314632416
0.0662681832909584
0.014045999385416508
0.16208237409591675
0.057248618453741074
0.04560191184282303
0.06194741651415825
0.006332220043987036
0.013186238706111908
0.00899771973490715
0.047688841819763184
0.06453179568052292
0.036195073276758194
0.06072317808866501
0.07272385060787201
0.05980191007256508
0.0664047971367836
0.007201597560197115
0.008252330124378204
0.019351402297616005
0.012951440177857876
0.051143500953912735
0.05365920439362526
0.07331277430057526
0.006678496953099966
0.01850292459130287
0.026169197633862495
0.10950484871864319
0.047810785472393036
0.03616652637720108
0.025681326165795326
0.18701769411563873
0.008388404734432697
0.007463574409484863
0.09443585574626923
0.011643839068710804
0.023526404052972794
0.018750356510281563
0.10125669836997986
0.16481049358844757
0.04771491885185242
0.023687921464443207
0.013391074724495411
0.08240731805562973
0.01002933643758297
0.04115600511431694
0.011758100241422653
0.18810692429542542
0.021104983985424042
0.0685473158955574
0.10224533081054688
0.05335579067468643
0.005767159629613161
0.13704191148281097
0.016002755612134933
0.014483499340713024
0.019508767873048782
0.02610873058438301
0.03726104274392128
0.10914993286132812
0.0064856926910579205
0.08521461486816406
0.009259318001568317
0.09849043190479279
0.007039567455649376
0.043864618986845016
0.14450109004974365
0.007636873051524162
0.015021353028714657
0.07751332968473434
0.0077436636202037334
0.037023838609457016
0.0127860764041543
0.04798506200313568
0.008543423376977444
0.02147722989320755
0.009131218306720257
0.049873556941747665
0.0743458941578865
0.03726179525256157
0.02363407053053379
0.18241626024246216
0.0655522570014
0.045948684215545654
0.004762479569762945
0.11402829736471176
0.016058675944805145
0.03550586849451065
0.05240103229880333
0.01485537365078926
0.036569658666849136
0.038954634219408035
0.014183168299496174
0.036665767431259155
0.05890299379825592
0.001822532038204372
0.07076404243707657
0.005240448284894228
0.028740832582116127
0.04980982840061188
0.06755395233631134
0.011947350576519966
0.11839795112609863
0.006910970900207758
0.06157992035150528
0.0959613174200058
0.00891253910958767
0.021134156733751297
0.07581992447376251
0.040772389620542526
0.014724562875926495
0.05640403926372528
0.0263670701533556
0.019456418231129646
0.10674326866865158
0.010809879750013351
0.03310713544487953
0.025927657261490822
0.06643667817115784
0.013723033480346203
0.00760310422629118
0.011527477763593197
0.008547498844563961
0.03856994956731796
0.013703132048249245
0.012171103619039059
0.012495486997067928
0.028531204909086227
0.013241734355688095
0.024168549105525017
0.12909172475337982
0.020424682646989822
0.0035615332890301943
0.1636650413274765
0.038856785744428635
0.07636991143226624
0.10497667640447617
0.09168781340122223
0.057861022651195526
0.04906763881444931
0.011388394050300121
0.011437198147177696
0.00697051826864481
0.014059977605938911
0.0019020907348021865
0.02223513275384903
0.0054749236442148685
0.05263255536556244
0.03133149445056915
0.27675339579582214
0.082821324467659
0.11847373843193054
0.016543632373213768
0.04156728833913803
0.0215915460139513
0.10744017362594604
0.007573334500193596
0.09818124026060104
0.004885213449597359
0.0367623046040535
0.020791994407773018
0.004745570011436939
0.009098917245864868
0.04226626083254814
0.0981697365641594
0.029845580458641052
0.0065787252970039845
0.028766680508852005
0.004455784801393747
0.024271149188280106
0.006146295927464962
0.09921139478683472
0.1020614504814148
0.01720753312110901
0.02919078804552555
0.024309925734996796
0.04950912296772003
0.009397902525961399
0.031516626477241516
0.06765782833099365
0.031352318823337555
0.012757099233567715
0.1574065089225769
0.0751449391245842
0.006940979976207018
0.11623731255531311
0.12206095457077026
0.019727366045117378
0.08512625843286514
0.016262458637356758
0.048506204038858414
0.006858410779386759
0.027546091005206108
0.01933598704636097
0.07301708310842514
0.006902775727212429
0.003418617183342576
0.05493680387735367
0.058242976665496826
0.05489569902420044
0.026591995730996132
0.039456721395254135
0.041803017258644104
0.025706207379698753
0.06561847776174545
0.15379846096038818
0.029445543885231018
0.022402890026569366
0.0491841621696949
0.015255561098456383
0.0027308431454002857
