18.619112014770508
11.833931922912598
6.98072624206543
7.330832004547119
5.079015254974365
5.289597511291504
4.29011344909668
3.965135097503662
3.3350398540496826
3.572632312774658
3.0780367851257324
2.728793144226074
2.851421594619751
2.8370790481567383
2.2463974952697754
2.652113676071167
2.7538609504699707
2.4175782203674316
2.325467109680176
2.050438404083252
1.842714548110962
2.1728954315185547
1.9144115447998047
1.5921623706817627
1.985320806503296
1.6200201511383057
1.9838539361953735
1.927260160446167
1.5958847999572754
1.7587230205535889
1.696747064590454
1.6244789361953735
1.438955307006836
1.7327358722686768
1.7309412956237793
1.1012251377105713
1.4829480648040771
1.5409574508666992
1.5281400680541992
1.2942636013031006
1.3451405763626099
1.2895941734313965
1.711406946182251
1.2379781007766724
1.1329236030578613
1.3787155151367188
1.2466126680374146
1.0368163585662842
1.2908856868743896
1.119591474533081
1.180808663368225
1.2550618648529053
1.2372359037399292
1.0048291683197021
0.9621351957321167
1.1341257095336914
1.1109576225280762
1.1123589277267456
1.0450148582458496
0.9690954685211182
1.2932050228118896
1.0622105598449707
0.9500815272331238
1.1307272911071777
1.051484227180481
1.0340301990509033
0.8253217339515686
1.3857637643814087
1.0732802152633667
0.9063283205032349
1.0098215341567993
1.5994396209716797
1.231087327003479
1.0686372518539429
0.8965598344802856
0.9308485984802246
1.3409342765808105
0.9168527722358704
1.169196367263794
0.8467523455619812
0.8365954160690308
0.8972357511520386
1.0319440364837646
0.9708359241485596
1.0074596405029297
1.0081249475479126
0.8438024520874023
0.9588965177536011
0.9839063286781311
0.921871542930603
0.9600414037704468
0.7558686137199402
1.0513784885406494
0.9504457712173462
0.9008196592330933
0.9552152156829834
0.8777118921279907
0.8116469979286194
0.848341703414917
0.7686564326286316
0.9766836166381836
0.9412871599197388
0.8326321840286255
0.9914819002151489
0.9545477628707886
0.9444639682769775
0.7989510893821716
1.0695537328720093
0.9222230911254883
1.0845158100128174
0.7884713411331177
0.7870810627937317
0.8399136066436768
0.8817293643951416
0.9509048461914062
0.7044028043746948
0.8589452505111694
0.7272039651870728
0.8594322204589844
0.6991246938705444
0.7598482370376587
1.0008424520492554
0.7826977372169495
0.9056452512741089
0.776687502861023
0.7758209109306335
1.027093529701233
0.7119947671890259
0.8650329113006592
0.9670904874801636
0.800814688205719
0.7601392865180969
0.7349400520324707
1.0407463312149048
0.8492565155029297
0.7119045257568359
0.7603733539581299
0.8617332577705383
0.7611758708953857
0.8086205720901489
0.787135899066925
0.7979323267936707
0.703906774520874
0.9556469321250916
0.7072755098342896
0.8700952529907227
0.7478543519973755
0.640749454498291
0.6746701598167419
0.722491979598999
0.8814774751663208
0.7634115815162659
0.7067275643348694
0.8303829431533813
0.801352322101593
0.8022286295890808
0.6559719443321228
0.7147330045700073
0.7007421255111694
0.5801870822906494
0.8495686054229736
0.7698690891265869
0.6128778457641602
0.6538342237472534
0.6821963787078857
0.6499885320663452
0.6848899722099304
0.6537202596664429
0.7485451698303223
0.7739207744598389
0.7367063760757446
0.604674220085144
0.7084524035453796
0.5990278720855713
0.6461793184280396
0.6212515234947205
0.6748446822166443
0.7423027753829956
0.6317374110221863
0.7581944465637207
0.716201901435852
0.592919647693634
0.6182304620742798
0.6543939709663391
0.6266171932220459
0.5537475347518921
0.5963677763938904
0.6085313558578491
0.5542902946472168
0.6584377884864807
0.7183767557144165
0.7089106440544128
0.7101357579231262
0.6393942832946777
0.7424806356430054
0.6523076295852661
0.6884584426879883
0.6056147217750549
0.6527711749076843
0.760533332824707
0.5834013223648071
0.6953755021095276
0.7698789834976196
0.7180720567703247
0.5937774777412415
0.5786476731300354
0.5895293951034546
0.7026410102844238
0.6658996939659119
0.7147163152694702
0.6360042691230774
0.6999239921569824
0.586044430732727
0.5772695541381836
0.6229803562164307
0.6409405469894409
0.6093418002128601
0.562956690788269
0.6109161376953125
0.5460646748542786
0.6130145192146301
0.5813001394271851
0.5923149585723877
0.6069099307060242
0.580899715423584
0.5348397493362427
0.7009621858596802
0.575288712978363
0.5705194473266602
0.5977502465248108
0.5522816181182861
0.6007033586502075
0.577001690864563
0.5594533085823059
0.5579067468643188
0.7081699371337891
0.616995632648468
0.5561926960945129
0.5831602215766907
0.557853102684021
0.6246238946914673
0.5721642374992371
0.5654883980751038
0.616445779800415
0.6430768966674805
0.5149373412132263
0.5741444230079651
0.567619800567627
0.5155317187309265
0.5425622463226318
0.5706913471221924
0.5772982835769653
0.5402883291244507
0.5942959785461426
0.5720124244689941
0.5441541075706482
0.5556744337081909
0.6007732152938843
0.5690615773200989
0.5216599106788635
0.5585511922836304
0.5460695028305054
0.5657098889350891
0.6236342191696167
0.5962299108505249
0.5405932664871216
0.6041809320449829
0.611705482006073
0.5457265377044678
0.6660902500152588
0.5326750874519348
0.5890446901321411
0.6564239859580994
0.5877807140350342
0.5796404480934143
0.5582976341247559
0.5224911570549011
0.5321850776672363
0.5227484703063965
0.5071554780006409
0.5416955947875977
0.5131896138191223
0.5271211862564087
0.5499951243400574
0.5665839910507202
0.5087329745292664
0.5666314959526062
0.5704752206802368
0.5802492499351501
0.5224761962890625
0.5416870713233948
0.5622514486312866
0.5111720561981201
0.5015966892242432
0.5696642398834229
0.5213242769241333
0.5451796054840088
0.5452934503555298
0.5963815450668335
0.5306476354598999
0.5065606832504272
0.5220473408699036
0.4893187880516052
0.5725905299186707
0.4901005029678345
0.5249443054199219
0.5160844326019287
0.5113654732704163
0.4742019772529602
0.6575663685798645
0.5205053687095642
0.5339818000793457
0.5287656188011169
0.5245473384857178
0.5373097062110901
0.5561290979385376
0.5271518230438232
0.5649552941322327
0.5375738143920898
0.5734060406684875
0.5218871831893921
0.5748490691184998
0.5293430685997009
0.5306004285812378
0.6353741884231567
0.5601456165313721
0.5812417268753052
0.5314738750457764
0.5670745372772217
0.5375711917877197
0.5262122750282288
0.4837859869003296
0.5123568773269653
0.49128037691116333
0.5167421698570251
0.5461975336074829
0.5400592684745789
0.5028107166290283
0.5212445259094238
0.5051298141479492
0.5620465874671936
0.5289074182510376
0.5015692710876465
0.5094056725502014
0.550143301486969
0.5329782962799072
0.5374575853347778
0.4991671144962311
0.5359236001968384
0.5132889747619629
0.524462103843689
0.5069199800491333
0.4930952191352844
0.5190048813819885
0.5559606552124023
0.49818915128707886
0.5167417526245117
0.5301079154014587
0.5959088802337646
0.5102818608283997
0.6310229301452637
0.49389898777008057
0.5279281139373779
0.5062500238418579
0.5405241250991821
0.48536741733551025
0.4975736141204834
0.459919273853302
0.5028879642486572
0.48838910460472107
0.5554810762405396
0.5440217852592468
0.5346635580062866
0.5106788873672485
0.5595921874046326
0.532222330570221
0.5316168665885925
0.5317063927650452
0.5279290676116943
0.5249142050743103
0.5008411407470703
0.5176432132720947
0.5045244097709656
0.5060625076293945
0.48039233684539795
0.4963403046131134
0.47549253702163696
0.4962060749530792
0.5171814560890198
0.49083152413368225
0.46708381175994873
0.5494382977485657
0.5439003705978394
0.47819533944129944
0.4878525137901306
0.4954196810722351
0.5370927453041077
0.5097236633300781
0.4902591109275818
0.4978165030479431
0.4857156276702881
0.5176030397415161
0.48739394545555115
0.5308297276496887
0.5617285370826721
0.4885292053222656
0.5199015140533447
0.5196534991264343
0.4798685312271118
0.4873655438423157
0.5190466642379761
0.5346878170967102
0.4914172887802124
0.5120351314544678
0.4873647093772888
0.5190666913986206
0.4852888584136963
0.459963858127594
0.46863797307014465
0.47191447019577026
0.474068284034729
0.4661524295806885
0.47551631927490234
0.494823157787323
0.5220776200294495
0.4719562828540802
0.5138612389564514
0.5303244590759277
0.5179077982902527
0.5000081062316895
0.4989713430404663
0.556702196598053
0.4893691837787628
0.5028306841850281
0.47463881969451904
0.5442805886268616
0.4792383909225464
0.49883341789245605
0.4600070118904114
0.4897536635398865
0.5618770122528076
0.45796671509742737
0.4566389322280884
0.47818422317504883
0.4585604965686798
0.46679770946502686
0.49994179606437683
0.5079147219657898
0.4727533757686615
0.4979502856731415
0.47481173276901245
0.4721597731113434
0.4869990348815918
0.49410930275917053
0.5929327607154846
0.4871002435684204
0.49112433195114136
0.486150324344635
0.47890740633010864
0.5365215539932251
0.5192942023277283
0.4826603829860687
0.4896704852581024
0.48895883560180664
0.5489091873168945
0.5344356298446655
0.4719490110874176
0.5489065647125244
0.5164019465446472
0.47292107343673706
0.49114418029785156
0.5276874899864197
0.5404368042945862
0.5624104738235474
0.48308542370796204
0.5677891969680786
0.5058323740959167
0.4958397150039673
0.5345304012298584
0.5576333999633789
0.5210875272750854
0.49972453713417053
0.5092191100120544
0.5146567821502686
0.5390591621398926
0.4976850748062134
0.5032623410224915
0.5035169124603271
0.528302013874054
0.4609439969062805
0.5118170380592346
0.4856523871421814
0.479166179895401
0.4862167537212372
0.4683614671230316
0.4877605736255646
0.471070796251297
0.4852997064590454
0.47777891159057617
0.4773293137550354
0.47989213466644287
0.4793543815612793
0.5015250444412231
0.479764461517334
0.4763401448726654
0.48487573862075806
0.4710512161254883
0.47485098242759705
0.4752674698829651
0.532054603099823
0.5217156410217285
0.45123645663261414
0.47331857681274414
0.4868864417076111
0.5168866515159607
0.46376359462738037
0.48179399967193604
0.4823805093765259
0.4632852375507355
0.49965059757232666
0.46708664298057556
0.5029764175415039
0.49753034114837646
0.4701937139034271
0.503856360912323
0.4867457449436188
0.45144709944725037
0.48226943612098694
0.4951838254928589
0.4957321882247925
0.4708264172077179
0.49623844027519226
0.4948151409626007
0.48125919699668884
0.43195071816444397
0.4906022548675537
0.477347731590271
0.48302921652793884
0.46962645649909973
0.47817763686180115
0.47623464465141296
0.44293147325515747
0.5035431981086731
0.4385494589805603
0.5144475698471069
0.5166333913803101
0.45802196860313416
0.44868195056915283
0.5062334537506104
0.5058269500732422
0.49466201663017273
0.4548042416572571
0.4827679395675659
0.48158547282218933
0.44244056940078735
0.4455733597278595
0.4649049937725067
0.47384029626846313
0.4852863550186157
0.46471571922302246
0.4597102999687195
0.4378703534603119
0.49567288160324097
0.4703083634376526
0.4852573275566101
0.49498429894447327
0.44603127241134644
0.520077645778656
0.4632883667945862
0.47984158992767334
0.4762006103992462
0.5026530027389526
0.46834084391593933
0.46199750900268555
0.4553079903125763
0.5015754699707031
0.4701995849609375
0.4795551300048828
0.45173850655555725
0.4694884419441223
0.4465829133987427
0.45971593260765076
0.46472373604774475
0.4563228487968445
0.4339444041252136
0.47184717655181885
0.4418160319328308
0.48972606658935547
0.45299819111824036
0.46969354152679443
0.4677589535713196
0.48007410764694214
0.4482332766056061
0.4652704894542694
0.48911795020103455
0.4448048770427704
0.4553109407424927
0.4856591820716858
0.48467957973480225
0.43734872341156006
0.47687169909477234
0.4552491307258606
0.45740675926208496
0.4532254934310913
0.42979493737220764
0.46552473306655884
0.47554802894592285
0.4419249892234802
0.4469148516654968
0.43398842215538025
0.46095889806747437
0.43739157915115356
0.43796688318252563
0.43494153022766113
0.4529961943626404
0.4572612941265106
0.4692564904689789
0.44275736808776855
0.44321244955062866
0.4365658462047577
0.45069649815559387
0.444164514541626
0.4369673728942871
0.45816361904144287
0.4596068263053894
0.4519106149673462
0.49880385398864746
0.47126927971839905
0.454304039478302
0.4561411440372467
0.47276419401168823
0.45060914754867554
0.4564908742904663
0.44365009665489197
0.4319347143173218
0.45744797587394714
0.44337332248687744
0.4644727408885956
0.4423424303531647
0.4550599157810211
0.4489935040473938
0.4482499361038208
0.5669144988059998
0.43395376205444336
0.4459270238876343
0.4416024684906006
0.4610731899738312
0.4572235345840454
0.46384450793266296
0.4601820111274719
0.4622786045074463
0.43821701407432556
0.48133182525634766
0.4602794051170349
0.4818931818008423
0.44248420000076294
0.4572868049144745
0.48675015568733215
0.4723304212093353
0.4640020728111267
0.4579077959060669
0.5044562816619873
0.47324299812316895
0.44643065333366394
0.44850435853004456
0.5016825199127197
0.43558230996131897
0.4386395215988159
0.4839135706424713
0.4491865634918213
0.426275372505188
0.4837256669998169
0.45394325256347656
0.48496830463409424
0.45880740880966187
0.4414218068122864
0.465191513299942
0.41913267970085144
0.4596920609474182
0.45912814140319824
0.4811745285987854
0.4739645719528198
0.44374901056289673
0.4350050389766693
0.45986539125442505
0.4523158669471741
0.43541091680526733
0.4510500431060791
0.4640807509422302
0.44550085067749023
0.4270128905773163
0.44426989555358887
0.4323190748691559
0.4307428002357483
0.4456080496311188
0.4175805449485779
0.42578062415122986
0.4436274766921997
0.42914414405822754
0.42513447999954224
0.4418083429336548
0.4215514659881592
0.4139038622379303
0.467445969581604
0.44642147421836853
0.456135630607605
0.4434410333633423
0.4646753668785095
0.4398265480995178
0.42241430282592773
0.45910197496414185
0.4264068603515625
0.44329777359962463
0.43952539563179016
0.42792221903800964
0.4653548300266266
0.45534175634384155
0.4471700191497803
0.43018704652786255
0.4310765862464905
0.44159018993377686
0.44321614503860474
0.4058600962162018
0.46721363067626953
0.4339624345302582
0.4408431351184845
0.41913241147994995
0.4246443510055542
0.43186312913894653
0.4406232237815857
0.41050925850868225
0.4412487745285034
0.4486016035079956
0.4580303728580475
0.47115015983581543
0.42677584290504456
0.42803603410720825
0.4305368959903717
0.45316657423973083
0.43715810775756836
0.448809951543808
0.4486992657184601
0.43084394931793213
0.4274787902832031
0.4501708149909973
0.4434534013271332
0.42272403836250305
0.4218331575393677
0.4332156777381897
0.4188654124736786
0.48594868183135986
0.42917531728744507
0.43814516067504883
0.43040865659713745
0.42221739888191223
0.44284334778785706
0.4302012622356415
0.41521865129470825
0.4320197105407715
0.45193415880203247
0.4347396492958069
0.4592037796974182
0.4553447663784027
0.4416603446006775
0.4209963083267212
0.4589422941207886
0.4540497362613678
0.44927167892456055
0.4784761667251587
0.44201040267944336
0.43319636583328247
0.43925899267196655
0.44693922996520996
0.4206511378288269
0.4242510199546814
0.4348672926425934
0.4368636906147003
0.45597660541534424
0.4277734160423279
0.43371886014938354
0.42693400382995605
0.4351723790168762
0.42857444286346436
0.43509894609451294
0.4221031665802002
0.4160207509994507
0.42091798782348633
0.43585073947906494
0.4109609127044678
0.41960442066192627
0.4246494174003601
0.4185677766799927
0.4142892360687256
0.4444895386695862
0.4051233232021332
0.43712225556373596
0.3963196575641632
0.43464529514312744
0.442617267370224
0.4398808777332306
0.43611830472946167
0.43463334441185
0.4244704246520996
0.4215230941772461
0.4212931990623474
0.4535742402076721
0.43373245000839233
0.4516788721084595
0.4674793779850006
0.4374770224094391
0.43582284450531006
0.4325976073741913
0.4174109697341919
0.416228324174881
0.43435782194137573
0.4246881902217865
0.4325685501098633
0.4523223340511322
0.42816632986068726
0.4386955201625824
0.43527933955192566
0.4659992754459381
0.4396466314792633
0.4492371380329132
0.4541105329990387
0.4493342936038971
0.41949427127838135
0.41515272855758667
0.43489888310432434
0.42323505878448486
0.42484503984451294
0.4225851595401764
0.4343830347061157
0.4389609396457672
0.40974462032318115
0.4303143322467804
0.4356750547885895
0.41790664196014404
0.41416749358177185
0.43580570816993713
0.40476924180984497
0.4215695559978485
0.4213930070400238
0.4414193332195282
0.4410749673843384
0.40448498725891113
0.41413748264312744
0.444108247756958
0.419016033411026
0.4016517400741577
0.4137974977493286
0.41756007075309753
0.41984471678733826
0.42741891741752625
0.4096369743347168
0.39877569675445557
0.4297691583633423
0.431829035282135
0.4129193425178528
0.4077953100204468
0.42552104592323303
0.4126259684562683
0.4473462700843811
0.41586077213287354
0.41412287950515747
0.419240266084671
0.42968276143074036
0.4188128709793091
0.4046557545661926
0.43417778611183167
0.41813135147094727
0.44352880120277405
0.44623374938964844
0.43365269899368286
0.44601762294769287
0.44184213876724243
0.41955775022506714
0.4599578082561493
0.44300684332847595
0.3999287784099579
0.41021817922592163
0.44104957580566406
0.44834035634994507
0.43387988209724426
0.40857037901878357
0.42276281118392944
0.4267711639404297
0.43349769711494446
0.49809128046035767
0.4404078722000122
0.452639639377594
0.47256338596343994
0.4551493227481842
0.4673817753791809
0.5071471929550171
0.4319733679294586
0.4427957236766815
0.425995409488678
0.4751576781272888
0.4561518430709839
0.4524233639240265
0.4570072293281555
0.41338247060775757
0.4249461889266968
0.43345680832862854
0.42271724343299866
0.41014277935028076
0.44449010491371155
0.41636326909065247
0.4081002473831177
0.4444524347782135
0.4139573872089386
0.4419459104537964
0.48611143231391907
0.4287887513637543
0.4207034111022949
0.41063007712364197
0.4594222605228424
0.4269442856311798
0.4852627217769623
0.43682193756103516
0.40825605392456055
0.4412018060684204
0.4488215148448944
0.4303746223449707
0.45455437898635864
0.42328962683677673
0.40358614921569824
0.41761350631713867
0.417415052652359
0.44247186183929443
0.42131489515304565
0.4313148558139801
0.4561733901500702
0.43141672015190125
0.43027517199516296
0.4281206429004669
0.4356793761253357
0.42726948857307434
0.4357713460922241
0.41931837797164917
0.42216554284095764
0.40855032205581665
0.43991532921791077
0.4314040243625641
0.4186408221721649
0.4052915871143341
0.4277368187904358
0.42511042952537537
0.41462281346321106
0.4327240586280823
0.415198415517807
0.4247809052467346
0.4552651047706604
0.418079137802124
0.4183383285999298
0.42147204279899597
0.43080252408981323
0.4103327989578247
0.416165828704834
0.40058156847953796
0.41714227199554443
0.4107670187950134
0.4667286276817322
0.41827887296676636
0.4062782824039459
0.4088934063911438
0.41767871379852295
0.41316697001457214
0.4685201346874237
0.4168388247489929
0.4307771623134613
0.42684006690979004
0.4121284782886505
0.425884872674942
0.425642728805542
0.4227806329727173
0.41129982471466064
0.4194642901420593
0.4062376916408539
0.42438724637031555
0.39880669116973877
0.43570676445961
0.4136611223220825
0.41768258810043335
0.42641693353652954
0.4066067039966583
0.4195093810558319
0.4056638479232788
0.4081404209136963
0.40892595052719116
0.42574945092201233
0.4033476710319519
0.3999164402484894
0.44526538252830505
0.4229256212711334
0.42787060141563416
0.4319624602794647
0.4013439416885376
0.3971558213233948
