3.1402432918548584
3.051011085510254
2.940544366836548
2.8819446563720703
2.7296197414398193
2.6710023880004883
2.560467004776001
2.7079098224639893
2.6882851123809814
2.4896528720855713
2.4565603733062744
2.644502639770508
2.4629311561584473
2.4361252784729004
2.2531166076660156
2.279080629348755
2.312011957168579
2.275472402572632
2.4285378456115723
2.1761136054992676
2.2343883514404297
2.3309366703033447
1.8956904411315918
2.0716981887817383
2.065915822982788
2.264442205429077
2.0276403427124023
1.931695580482483
2.050441026687622
1.9167287349700928
1.8847928047180176
1.8456532955169678
1.8596078157424927
1.8579516410827637
2.0750808715820312
2.5200159549713135
1.8640114068984985
2.1304891109466553
1.9577271938323975
1.8894731998443604
2.0897116661071777
1.7198512554168701
1.9943797588348389
1.82310950756073
2.052668571472168
1.8012433052062988
1.977353572845459
1.9840152263641357
1.8988335132598877
1.8153612613677979
1.778121829032898
1.6346803903579712
1.6319897174835205
1.6729881763458252
1.776169776916504
2.1360812187194824
1.5933291912078857
1.6904799938201904
1.8129204511642456
2.045860528945923
1.6837772130966187
1.6059925556182861
1.7153434753417969
1.9607642889022827
1.742992639541626
1.6520228385925293
1.4735443592071533
1.7377710342407227
1.7617578506469727
1.8339929580688477
1.5369501113891602
1.6829932928085327
1.566267967224121
1.5546128749847412
1.4931966066360474
1.6836578845977783
1.5513956546783447
1.6301543712615967
1.680473804473877
1.6469600200653076
1.72954523563385
1.6688952445983887
1.5509588718414307
1.4289993047714233
1.800109624862671
1.7074679136276245
1.7038700580596924
1.7711772918701172
1.5147700309753418
1.546144723892212
1.7120052576065063
1.556159496307373
1.7441576719284058
1.6089057922363281
1.5839893817901611
1.705969214439392
1.6743184328079224
1.5920511484146118
1.6010886430740356
1.6205404996871948
1.2967286109924316
1.841538906097412
1.71241295337677
1.5846601724624634
1.5052638053894043
1.463739037513733
1.7492163181304932
1.4902009963989258
1.3802825212478638
1.4318203926086426
1.5391764640808105
1.7099159955978394
1.417844533920288
1.5216845273971558
1.4219334125518799
1.3632901906967163
1.5639926195144653
1.3601208925247192
1.452513337135315
1.5845723152160645
1.592034101486206
1.4092659950256348
1.4308819770812988
1.5355713367462158
1.5498440265655518
1.4351075887680054
1.656672477722168
1.6120637655258179
1.407690405845642
1.496751070022583
1.4078068733215332
1.4761240482330322
1.7491655349731445
1.4786585569381714
1.4849278926849365
1.4714546203613281
1.5221481323242188
1.400543212890625
1.4723683595657349
1.4027516841888428
1.544760823249817
1.3553674221038818
1.5572174787521362
1.4396162033081055
1.387125015258789
1.3352042436599731
1.4421498775482178
1.3928117752075195
1.8312370777130127
1.459415316581726
1.1526405811309814
1.2646682262420654
1.2092448472976685
1.458112359046936
1.3556184768676758
1.32573664188385
1.401968240737915
1.548506498336792
1.301328420639038
1.3244123458862305
1.133636474609375
1.5401095151901245
1.3127212524414062
1.3244484663009644
1.1897449493408203
1.2776333093643188
1.215395450592041
1.4181466102600098
1.298065423965454
1.240249514579773
1.5895096063613892
1.494722604751587
1.1083927154541016
1.378492832183838
1.4668183326721191
1.3191232681274414
1.2326897382736206
1.1351330280303955
1.373706340789795
1.2278016805648804
1.3844950199127197
1.2636297941207886
1.4173821210861206
1.2226343154907227
1.1727972030639648
1.2362780570983887
1.4421133995056152
1.3317230939865112
1.313441514968872
1.2675156593322754
1.295609951019287
1.632845401763916
1.4268555641174316
1.5812336206436157
1.1735321283340454
1.402828574180603
1.0923140048980713
1.1724934577941895
1.3360743522644043
1.2056785821914673
1.5057426691055298
1.299180507659912
1.139585256576538
1.4071803092956543
1.539467215538025
1.6094955205917358
1.3592941761016846
1.346075177192688
1.2340978384017944
1.4015862941741943
1.2729339599609375
1.5014616250991821
1.4724408388137817
1.2274249792099
1.3687406778335571
1.3250956535339355
1.3595472574234009
1.3596010208129883
1.2364856004714966
1.0327205657958984
1.2061423063278198
1.4112987518310547
1.4226107597351074
1.3627989292144775
1.4993418455123901
1.3434882164001465
1.4650973081588745
1.3877732753753662
1.332058310508728
1.11192786693573
1.4753291606903076
1.2113193273544312
1.4629124402999878
1.18073570728302
1.151007890701294
1.390656590461731
1.237738847732544
1.0728020668029785
1.2035541534423828
1.3155970573425293
0.9887822270393372
1.3084805011749268
1.2708227634429932
1.1882531642913818
1.1926040649414062
1.380549669265747
1.2477741241455078
1.5540635585784912
1.2330653667449951
1.2099719047546387
1.6115341186523438
1.5689051151275635
1.231812596321106
1.1092851161956787
1.2355180978775024
1.1609042882919312
1.2651963233947754
1.1610980033874512
1.409494400024414
1.282902717590332
1.3201980590820312
1.4601054191589355
1.258021593093872
0.9940986633300781
1.5518715381622314
1.1871018409729004
1.0734012126922607
1.4697911739349365
1.0439746379852295
1.2785134315490723
1.3263475894927979
1.335852861404419
1.3605642318725586
1.0174036026000977
1.0201901197433472
1.206445336341858
1.026647686958313
1.1584643125534058
1.162448525428772
1.0867671966552734
1.0729315280914307
1.2102102041244507
1.1265789270401
1.193911075592041
1.2207491397857666
1.240987777709961
1.2955671548843384
1.0169274806976318
1.0608643293380737
1.1769371032714844
1.1640958786010742
1.3032019138336182
1.221110463142395
1.1317224502563477
1.0534899234771729
1.2154943943023682
1.451166033744812
1.1377973556518555
1.308876395225525
1.043744444847107
1.242091178894043
1.4209643602371216
0.9597092866897583
1.0926579236984253
1.1609516143798828
1.2162699699401855
1.1181230545043945
1.1757649183273315
1.1170743703842163
1.2134714126586914
1.1825125217437744
1.1257656812667847
1.2376011610031128
1.2314225435256958
1.0446696281433105
1.2637728452682495
1.2799558639526367
1.164118766784668
1.1672230958938599
1.010247826576233
1.1491304636001587
1.18742036819458
1.154903769493103
1.1170610189437866
1.0613585710525513
1.1743192672729492
1.0365594625473022
1.168383240699768
1.42396879196167
1.296509861946106
1.1514050960540771
1.0037965774536133
1.1555557250976562
1.1096763610839844
1.1035144329071045
1.2978076934814453
1.2917520999908447
1.0186134576797485
1.1139469146728516
1.171027421951294
1.044763445854187
1.1343153715133667
1.089195966720581
1.0569090843200684
1.2186509370803833
1.2267241477966309
1.1953295469284058
1.0199235677719116
1.3430449962615967
1.0744527578353882
1.3841594457626343
1.3579261302947998
1.1432753801345825
1.1409066915512085
0.9661349058151245
1.268638253211975
1.247017741203308
1.1602822542190552
1.3199578523635864
1.160893440246582
1.393312931060791
1.2885122299194336
1.356392502784729
1.0808920860290527
1.336552619934082
1.054800271987915
1.1033393144607544
1.0241198539733887
1.147720217704773
0.9781438112258911
1.3604934215545654
1.0752938985824585
1.0834481716156006
1.2720346450805664
1.1977652311325073
1.0416240692138672
1.0979591608047485
1.2012596130371094
1.0935221910476685
1.212897777557373
1.0458471775054932
1.1248564720153809
1.140836477279663
1.4220013618469238
1.0347282886505127
1.0023488998413086
0.9946909546852112
0.9693288207054138
1.2341046333312988
1.0400928258895874
1.093917965888977
1.1032426357269287
1.1228493452072144
1.212402105331421
1.1626602411270142
1.2273130416870117
1.1015820503234863
1.0591838359832764
1.1841046810150146
1.2801227569580078
0.8508215546607971
1.1557972431182861
1.1437764167785645
0.9127713441848755
1.1130194664001465
0.9536378383636475
1.0762264728546143
1.310691237449646
1.0619772672653198
1.1132245063781738
1.2712007761001587
1.1480666399002075
1.075091004371643
1.043989658355713
1.16335129737854
0.9968850612640381
1.1708261966705322
1.0464510917663574
0.9750975966453552
1.1242272853851318
1.122645378112793
1.0829631090164185
1.1965521574020386
1.0460585355758667
1.2496312856674194
0.9538277387619019
0.9771723747253418
1.1961426734924316
0.9808907508850098
1.2387523651123047
0.9156045913696289
1.0056397914886475
0.8890998363494873
1.001062273979187
0.8927091360092163
1.1048065423965454
0.9898399114608765
1.1001266241073608
1.1463878154754639
1.0754151344299316
0.994001030921936
0.887775182723999
1.132522702217102
1.0882208347320557
0.9732273817062378
1.0420856475830078
1.2798131704330444
1.1603624820709229
1.077647089958191
1.13001549243927
1.35057532787323
1.0638067722320557
1.0243366956710815
1.1783764362335205
1.20103919506073
1.1595821380615234
0.9581196308135986
1.1835076808929443
1.0852917432785034
1.0491728782653809
1.039963960647583
1.0472261905670166
1.0097637176513672
1.1771461963653564
1.228646993637085
1.0338144302368164
1.0843783617019653
1.3463538885116577
1.3389983177185059
1.0508736371994019
0.978105902671814
1.226637840270996
1.1001447439193726
1.059571385383606
1.0064722299575806
1.288590431213379
1.2300269603729248
0.9967095255851746
1.1892305612564087
1.183854341506958
1.064408779144287
1.2013366222381592
1.129314661026001
1.0841457843780518
0.9403632879257202
0.999800443649292
1.1165671348571777
1.1927902698516846
0.9641082286834717
1.0919101238250732
1.0121910572052002
1.2104235887527466
1.1162992715835571
0.9709226489067078
0.9883444309234619
1.1728630065917969
0.9982554912567139
1.0569462776184082
0.9957683086395264
0.985985517501831
1.226026177406311
0.9910629987716675
1.262429118156433
1.0997653007507324
0.980165958404541
1.1661063432693481
1.012818455696106
1.0730741024017334
0.9352055191993713
0.9074538946151733
0.8495246171951294
1.0024640560150146
1.014569640159607
1.0703575611114502
1.0051802396774292
1.0886614322662354
1.058256983757019
1.1192243099212646
1.151753306388855
0.9640563726425171
1.1162824630737305
1.0587819814682007
0.9967931509017944
1.0680125951766968
0.89258873462677
0.9083759784698486
0.9280047416687012
1.3045563697814941
1.154071569442749
1.1055738925933838
1.139653205871582
0.9959274530410767
0.9551522731781006
0.9449041485786438
1.0795090198516846
0.9765597581863403
1.0023225545883179
1.0965163707733154
1.0527875423431396
0.9457156658172607
0.9904260635375977
0.9547901153564453
0.9751455187797546
0.8730560541152954
1.1352405548095703
1.0650691986083984
0.987921953201294
0.9416525959968567
0.8279486298561096
1.2147408723831177
1.0802358388900757
0.943412184715271
0.9123803377151489
0.9947196245193481
0.9463409185409546
0.9555084705352783
0.9734811782836914
1.0651872158050537
0.9514905214309692
0.926395058631897
1.0023162364959717
0.9574122428894043
0.9116137623786926
0.8464490175247192
0.9081751108169556
1.13606595993042
0.986549437046051
1.031414270401001
0.921399712562561
0.9730753898620605
0.8630529642105103
0.9888852834701538
0.9363985061645508
1.1584373712539673
0.9853143692016602
0.9529121518135071
1.0561392307281494
1.2502344846725464
1.0868533849716187
1.0857722759246826
0.9641615152359009
0.9260991811752319
0.9646528959274292
0.9060983657836914
0.9759408235549927
0.9681246280670166
0.9444355964660645
0.9532994627952576
0.9067308306694031
1.0469679832458496
0.9948481321334839
0.9053555727005005
1.000638723373413
0.8483408689498901
0.8840715885162354
1.1831122636795044
0.9617812633514404
0.7848349213600159
1.1607879400253296
0.9165369272232056
1.008483648300171
0.9893701076507568
0.9548081159591675
0.9344006180763245
1.088968276977539
0.9175029397010803
1.121140956878662
1.078420639038086
1.0362215042114258
0.9435024261474609
1.01123046875
0.9738976359367371
0.9512135982513428
1.0149518251419067
0.8919413089752197
1.0216004848480225
0.7968258261680603
0.8997514247894287
0.8413004875183105
0.9701644778251648
1.1086159944534302
1.1782667636871338
1.0971081256866455
1.0623706579208374
1.1734954118728638
0.9149476289749146
0.9583131670951843
0.921802282333374
0.9247510433197021
1.001293659210205
0.9399569034576416
0.9032686948776245
1.023561954498291
0.9428811073303223
0.9495712518692017
0.8741182088851929
0.9255075454711914
0.9817160964012146
0.9469056129455566
0.9643591046333313
0.8953355550765991
0.8831537365913391
0.9339520931243896
0.9479039311408997
1.013119101524353
1.002850890159607
0.9974735975265503
0.9930472373962402
0.9229296445846558
0.8611542582511902
0.9859923124313354
0.8079866170883179
1.0099895000457764
0.9444935321807861
0.9903726577758789
0.9573023319244385
0.9303661584854126
0.8289589881896973
0.8901704549789429
1.095459222793579
0.92110276222229
0.8241652250289917
0.9399256706237793
1.0333744287490845
0.9585233926773071
1.056600570678711
1.0928727388381958
0.9888284206390381
0.8898166418075562
0.9861161708831787
0.9052755236625671
0.9156143665313721
1.0766682624816895
0.8908254504203796
0.8525166511535645
0.7425292730331421
0.9804770350456238
0.9535232782363892
0.8310376405715942
0.970678448677063
0.9201401472091675
0.946619987487793
0.8264631032943726
0.8519383668899536
0.9550462961196899
0.9499536752700806
0.8103426694869995
1.0092544555664062
1.0301544666290283
1.0205975770950317
1.0469086170196533
1.2365775108337402
1.1134012937545776
0.8979176878929138
1.0449670553207397
0.8663575053215027
1.0782917737960815
1.018986701965332
0.9954067468643188
1.1334214210510254
0.9634758234024048
1.1205329895019531
0.9286283850669861
0.8906823396682739
1.106468677520752
1.146683931350708
1.163373589515686
1.0139638185501099
0.9342848658561707
1.0934537649154663
1.0169177055358887
1.0591425895690918
1.247536063194275
0.9440320134162903
0.8750090003013611
1.1953476667404175
1.0052558183670044
1.1188416481018066
0.9192438721656799
0.9869731664657593
0.9826673269271851
0.8628921508789062
0.8877013325691223
0.8092868328094482
0.8922661542892456
1.0072152614593506
0.9353125691413879
0.9242746233940125
0.7960909008979797
0.9637747406959534
0.9815350770950317
0.9418661594390869
1.0292688608169556
0.9655091762542725
0.9430677890777588
0.9227300882339478
0.7813255786895752
0.8396338820457458
0.9627926349639893
1.0901727676391602
1.0396102666854858
0.9461589455604553
0.8859349489212036
0.8207955360412598
1.0185675621032715
0.9931811690330505
0.881301999092102
1.0352810621261597
1.0678744316101074
0.8357229232788086
0.8884425163269043
0.9498845338821411
0.9734756350517273
1.0551176071166992
0.9898654818534851
1.0174198150634766
0.8606294989585876
1.0577222108840942
1.009741187095642
0.838269829750061
0.9889363050460815
0.9237947463989258
0.9126631617546082
1.1008135080337524
1.189104676246643
0.8819286227226257
1.053708553314209
0.824324369430542
0.8343216776847839
1.181330680847168
0.9473627209663391
0.7986959218978882
0.9469623565673828
0.9460543394088745
0.9066068530082703
0.862564206123352
0.8859755992889404
0.8900115489959717
0.8994457721710205
0.8739278316497803
1.056380033493042
0.8785535097122192
0.8533887267112732
0.9985663890838623
0.904052734375
0.8479011058807373
1.0750306844711304
0.8517313003540039
1.0261657238006592
0.8565711975097656
0.9807272553443909
0.9685275554656982
1.0119845867156982
1.0149253606796265
0.9514024257659912
0.9442375898361206
0.7640689611434937
0.987323522567749
0.8979530334472656
0.9777798652648926
0.9187405109405518
1.0685853958129883
0.82613205909729
1.0650509595870972
1.1063861846923828
1.0917327404022217
0.9409862756729126
1.0881279706954956
0.8149523735046387
0.878291666507721
1.012344241142273
0.9020962715148926
0.9291763305664062
1.039658784866333
0.8375536203384399
0.9168998003005981
0.9320241212844849
1.022585391998291
1.019970417022705
1.0552382469177246
0.9550814032554626
0.9573051929473877
0.9900507926940918
1.0240771770477295
0.9240471124649048
1.0129835605621338
0.7182680368423462
0.9929208755493164
1.0867165327072144
0.9729182720184326
1.0264317989349365
0.9057568311691284
1.0320965051651
0.9255491495132446
1.010801076889038
0.9761161804199219
0.8584617376327515
0.8621211051940918
1.0932296514511108
0.9290896654129028
1.0003268718719482
1.0408611297607422
1.078643798828125
0.9694583415985107
1.0144323110580444
0.9743871688842773
0.8970959186553955
0.7704005241394043
0.9481610059738159
1.136107087135315
0.9418078660964966
1.0668978691101074
0.9055716395378113
0.947265625
1.1125757694244385
0.8271043300628662
0.9552712440490723
0.9102557897567749
0.8237082958221436
1.030889630317688
0.9648205041885376
0.9588525295257568
0.8970967531204224
0.7823220491409302
0.916670560836792
0.9111616015434265
0.9843580722808838
0.9238812923431396
0.9771740436553955
0.9300240278244019
1.004319429397583
0.7893961071968079
0.8458275198936462
0.8145333528518677
0.9242634773254395
1.0097527503967285
1.0198869705200195
1.2101233005523682
0.9496774673461914
0.9093438386917114
0.8559754490852356
0.9463156461715698
0.7513046264648438
1.0050143003463745
0.9811160564422607
0.9776235818862915
0.8170463442802429
0.916332483291626
0.8649536371231079
0.8695412874221802
0.8722035884857178
0.8386876583099365
0.9209116697311401
0.966071367263794
0.8956048488616943
0.9571366310119629
0.9279949069023132
0.9495598077774048
0.825961709022522
0.8697283864021301
0.7952406406402588
1.1077680587768555
1.029841661453247
0.9298869967460632
0.8789265155792236
0.8687070608139038
0.8432016372680664
0.8346195816993713
0.7844147086143494
0.8720407485961914
0.7832190990447998
0.8389245271682739
0.8481223583221436
0.9257128238677979
0.9319108724594116
0.9345836639404297
0.9144835472106934
1.1253247261047363
0.9802547693252563
0.8276077508926392
0.7551575899124146
0.8829729557037354
0.9453005790710449
0.9113720655441284
0.873783528804779
0.8071647882461548
0.8400245308876038
1.0643231868743896
0.9053831696510315
0.8276545405387878
0.9633684158325195
0.795269787311554
0.8697415590286255
0.9511551260948181
0.8511536121368408
0.9855244159698486
0.9961332082748413
0.901843786239624
0.9074167013168335
0.8717620968818665
0.8496758937835693
0.7914129495620728
0.9622387290000916
0.9339510202407837
0.901064395904541
0.9473854303359985
0.874483585357666
0.9240074753761292
0.9297516345977783
0.8421080708503723
0.9798804521560669
0.9317173957824707
0.8852286338806152
0.8385322093963623
0.7751569747924805
0.8649700284004211
0.8181195259094238
0.8577631115913391
0.9949010014533997
0.87408447265625
0.7268270254135132
0.8674412965774536
0.8633900880813599
0.957868218421936
0.9415940642356873
0.8174906969070435
1.030943751335144
0.8678746223449707
0.8171616196632385
0.9266476631164551
0.965640664100647
0.965438187122345
0.7374178171157837
0.824657678604126
0.9657509326934814
0.9389042854309082
0.8576632738113403
0.9375598430633545
0.8784239292144775
0.9424126148223877
0.8169342875480652
0.9712125062942505
0.9919518828392029
1.018197774887085
0.9157944917678833
0.827391505241394
0.7936108112335205
0.8961873054504395
0.8496403694152832
1.0158816576004028
0.8678855299949646
0.9293038845062256
0.9256278276443481
0.8890150189399719
0.9762247800827026
0.817160427570343
0.9683895111083984
0.8994634747505188
0.9291685819625854
0.9200131893157959
0.9532895684242249
0.7853162288665771
1.0230987071990967
0.8812623023986816
1.057555079460144
0.8821367025375366
1.0043331384658813
0.798649787902832
0.8522273302078247
0.981096625328064
0.8596664667129517
0.8071417808532715
0.8914347290992737
0.8445964455604553
0.8404841423034668
0.9130565524101257
0.7958945035934448
0.8054701089859009
0.9941492080688477
0.926608681678772
0.8602039813995361
1.0066131353378296
0.8258140683174133
0.870754063129425
0.8104244470596313
0.9891000986099243
0.9370853900909424
0.8446354866027832
0.9008052349090576
0.7255687117576599
0.8779791593551636
0.9447863101959229
0.9060711860656738
0.8941290378570557
0.7714554667472839
0.916093111038208
0.9248042702674866
0.8032373189926147
0.8303903341293335
0.7787590026855469
0.9181303977966309
0.9320181608200073
0.9902725219726562
0.8669106960296631
0.961617112159729
0.8695082068443298
0.8005458116531372
0.852516770362854
1.0222914218902588
0.9630389213562012
1.0022996664047241
0.854300320148468
1.103965163230896
0.9269498586654663
0.9592532515525818
0.8960937261581421
0.9719996452331543
0.9167003631591797
0.7885032892227173
0.9456098079681396
0.8728113174438477
0.9963688254356384
0.9243475794792175
0.9006229639053345
0.8398845195770264
1.0552250146865845
0.9147981405258179
0.8350646495819092
0.8848722577095032
0.9518320560455322
0.8985927104949951
1.0017476081848145
0.7921096086502075
0.8940573930740356
0.9403923749923706
0.9043772220611572
0.9950913786888123
0.9245675802230835
0.9003489017486572
0.8406432867050171
0.9150668382644653
0.7512169480323792
0.8835386037826538
0.9682751297950745
0.8090428113937378
0.9235228896141052
0.9403786659240723
0.9655495285987854
0.7709945440292358
0.7980753183364868
0.9115997552871704
0.8263285160064697
0.8262726068496704
1.0651494264602661
0.8939580917358398
1.1010620594024658
0.7822170257568359
0.9347232580184937
0.9274013042449951
0.8635531663894653
1.0008189678192139
0.9509451389312744
1.0232564210891724
0.8362749814987183
0.8512259721755981
0.8701925277709961
0.899951159954071
0.8143466711044312
0.9028575420379639
1.0549767017364502
0.8538455963134766
0.903242290019989
0.8733023405075073
0.9991295337677002
0.9149826169013977
0.9297585487365723
0.8371397256851196
0.8707466125488281
0.8466042280197144
0.8509887456893921
0.9064300060272217
0.8312303423881531
0.8634651899337769
0.8117711544036865
0.9885979890823364
0.9269046187400818
0.8442292213439941
0.9230568408966064
0.8510026931762695
0.9853494167327881
0.8866243362426758
0.9094958305358887
0.9250698089599609
0.8727672696113586
1.0271317958831787
0.9807814359664917
0.7819558382034302
0.8491264581680298
0.8842656016349792
0.8840382099151611
0.7486993670463562
1.0065042972564697
0.8305514454841614
0.9152233600616455
0.820254385471344
0.9041935205459595
0.9796409606933594
0.8712937235832214
0.9984411001205444
0.9341058135032654
0.9324434399604797
0.7623489499092102
0.8846137523651123
1.0479049682617188
0.9856851100921631
0.9113582372665405
1.0866140127182007
0.9865170121192932
0.7473015785217285
0.8711656928062439
0.9042543768882751
0.9820098876953125
0.8881815075874329
1.1255214214324951
0.8003961443901062
0.8395997285842896
0.7349897027015686
0.8897104263305664
0.8700193166732788
0.7576446533203125
1.0078682899475098
1.0458062887191772
0.7714040279388428
0.8609886169433594
0.8666311502456665
0.7199299931526184
0.7718977332115173
0.8615760803222656
0.9689674377441406
0.9404183626174927
1.0689828395843506
0.8726421594619751
0.9389055371284485
0.9225853681564331
0.7283229827880859
0.9190137982368469
0.8864428400993347
0.827609658241272
1.0252931118011475
0.8912417888641357
0.8104398250579834
0.9803225994110107
0.9217137694358826
0.8176811933517456
0.8966218829154968
0.8748144507408142
0.7855257987976074
0.87848961353302
0.8274833559989929
0.9520114660263062
0.9121315479278564
0.8921151161193848
0.955485463142395
0.7607598304748535
0.8584798574447632
0.7567386627197266
0.9064099788665771
0.9990026950836182
0.80579674243927
0.8942835330963135
0.8090835213661194
0.8532475233078003
0.9330711364746094
0.9582939147949219
0.8715360164642334
1.0288221836090088
0.911609411239624
0.8163339495658875
0.7808763980865479
0.7850862741470337
0.800281822681427
0.8620485663414001
0.9531112909317017
0.8027887940406799
0.9379059076309204
0.852698564529419
1.0185999870300293
0.8156632781028748
0.8631134033203125
0.8812494277954102
0.8958797454833984
0.8797674179077148
0.7455224990844727
1.0370192527770996
0.7580169439315796
0.8436422348022461
0.8531820774078369
1.0088627338409424
0.8639336824417114
1.0753660202026367
0.8830809593200684
0.8269559144973755
0.8541101217269897
1.012229323387146
0.8828720450401306
0.8769160509109497
0.8959833979606628
0.8512390851974487
0.8191567659378052
0.7888342142105103
1.0660336017608643
0.8387295603752136
0.9223052263259888
0.8404897451400757
0.8537110090255737
0.8041250705718994
0.9232703447341919
0.9926317930221558
0.7907533645629883
0.9028534889221191
0.9687159061431885
0.8623349666595459
0.9116976857185364
0.93632972240448
0.8300879597663879
0.8532046675682068
0.9432101845741272
0.9195118546485901
0.8726330399513245
0.9524164199829102
0.9513224363327026
0.7414554357528687
0.9733022451400757
0.8949457406997681
1.032021403312683
0.7852499485015869
0.9130552411079407
0.7865520715713501
0.785838782787323
0.8571725487709045
0.7586443424224854
0.8416582345962524
0.9539144039154053
0.7229682207107544
0.8766559362411499
0.7953191995620728
0.8383779525756836
0.878459095954895
0.9152235984802246
0.8513165712356567
0.8624525666236877
0.8551700115203857
0.8498811721801758
0.8959848880767822
0.8000315427780151
0.8074837923049927
0.8370158672332764
0.8232617378234863
0.7663697004318237
0.9411633610725403
0.9037883877754211
0.8357551097869873
0.7659212350845337
0.8244796991348267
0.8877896070480347
0.8122690916061401
0.9980497360229492
0.8715711832046509
0.9012148976325989
0.959503710269928
0.9742244482040405
0.845666766166687
0.8335469365119934
0.9563482403755188
0.9367743730545044
0.9106320142745972
0.8725126385688782
0.768267035484314
0.9500316381454468
0.764786958694458
0.817031979560852
0.9518221616744995
0.815139651298523
0.7494763731956482
0.994932234287262
0.7727309465408325
0.7863827347755432
0.9341875314712524
0.9902538061141968
0.9777591228485107
0.9017070531845093
1.0337224006652832
0.8363529443740845
0.7147732377052307
0.821681022644043
0.8255324959754944
0.7662308216094971
0.9251946210861206
0.8740494251251221
0.8115161657333374
0.8377537727355957
0.804110050201416
0.8084298968315125
0.8946244120597839
0.7314612865447998
0.8242607116699219
0.7465238571166992
0.8090603351593018
0.8038328886032104
0.8941426277160645
0.8625849485397339
0.7311967611312866
0.8319278955459595
0.6718453168869019
0.8181568384170532
0.9181044101715088
0.9268410205841064
0.868411123752594
1.1694004535675049
0.7437400221824646
0.911048173904419
0.9282660484313965
0.9254184365272522
0.7784436941146851
0.8809463977813721
0.7819744348526001
0.8238389492034912
1.0686722993850708
0.7406622171401978
0.9463962316513062
0.8356548547744751
0.8110673427581787
0.9102147817611694
0.9105806350708008
0.8161442279815674
0.9116236567497253
1.1264557838439941
0.7266923189163208
0.8266956806182861
0.9210819005966187
1.0144052505493164
0.8222755789756775
0.7879070043563843
0.8685750961303711
0.9821401834487915
0.8291560411453247
0.8506852984428406
0.9558520317077637
0.9752203226089478
0.8357110619544983
0.901755690574646
0.7634953260421753
1.1146972179412842
1.3352129459381104
1.0793064832687378
0.8336766958236694
0.8887357711791992
0.9266543388366699
0.8591065406799316
0.8719547986984253
0.9564613103866577
0.7775657773017883
0.9574300050735474
0.7925541400909424
0.8468368053436279
0.8499071598052979
0.8881729245185852
0.8705881834030151
0.9130547046661377
0.8268983364105225
0.9404609203338623
0.9253871440887451
0.8298207521438599
0.7895386219024658
0.8366639614105225
0.9838470220565796
0.7744773626327515
0.7624940276145935
0.8709651231765747
0.9823571443557739
0.966404914855957
0.8344869613647461
0.8662526607513428
0.7762950658798218
0.9404563903808594
0.7194311618804932
0.8512762784957886
0.805001974105835
0.8629729747772217
0.9352279901504517
0.8608453273773193
0.8199515342712402
0.8649959564208984
0.8453773260116577
0.9710339307785034
0.8688127994537354
0.7707680463790894
0.9014748334884644
0.8324268460273743
0.9408716559410095
0.8853241205215454
0.8210962414741516
0.8894681930541992
0.8666336536407471
0.8019297122955322
0.878505289554596
0.8921118974685669
1.1657201051712036
0.9203105568885803
0.8504667282104492
0.7937326431274414
0.8539857864379883
0.8733915686607361
0.800200879573822
0.8223086595535278
0.832732081413269
0.8529428839683533
1.021514654159546
0.9854809045791626
0.9071907997131348
0.780022382736206
1.0059089660644531
0.8504501581192017
0.834755003452301
0.8521045446395874
0.885961651802063
0.9033467769622803
0.8632442951202393
0.7993159294128418
0.7904152870178223
0.8961507081985474
0.833787202835083
0.7767244577407837
0.848461389541626
0.8014726638793945
0.8366000652313232
0.7178686857223511
0.7951520681381226
0.9682018756866455
0.9584177732467651
0.7373999357223511
0.9503171443939209
0.9932528734207153
0.9353247880935669
0.9485268592834473
0.8525322675704956
0.8033437728881836
0.8712896704673767
0.91958087682724
0.8028128147125244
0.9761117696762085
0.9101752042770386
0.9611068964004517
0.8988975286483765
0.7046765089035034
0.7684086561203003
0.8858170509338379
0.7989501953125
0.7966716289520264
0.7629671096801758
0.9941399693489075
0.7852616310119629
0.8070849180221558
0.8150982856750488
0.7556763291358948
0.7728043794631958
0.8718044757843018
0.9299726486206055
1.038190245628357
0.9337890148162842
0.9448052644729614
0.8908861875534058
0.7536448240280151
0.8522276878356934
0.8366731405258179
0.9731454849243164
0.7473030090332031
0.749986469745636
0.7782243490219116
0.8231087327003479
0.8980380296707153
0.8717844486236572
0.8585960268974304
0.8153059482574463
0.7717699408531189
0.7185354232788086
0.7676525712013245
0.963783860206604
0.8263956308364868
0.8063153028488159
0.7765580415725708
0.8578035831451416
0.7012015581130981
0.802498996257782
0.8243740200996399
0.8711903691291809
0.8434128165245056
0.9108984470367432
0.796694278717041
0.8188083171844482
1.1606972217559814
0.7522903680801392
0.7692455649375916
0.736229419708252
0.858024001121521
0.9438256025314331
0.9459632635116577
0.9436193704605103
0.8359271287918091
0.7985000610351562
0.7076712846755981
0.7364339232444763
0.9003203511238098
0.7937389016151428
0.8011523485183716
0.8457485437393188
0.7714865207672119
0.8769127726554871
0.8455972075462341
0.8072789311408997
0.8518811464309692
0.8645402193069458
0.8419864177703857
0.8491601943969727
0.9342433214187622
0.8435462713241577
0.798300564289093
0.816990852355957
0.7441151142120361
0.8356942534446716
0.8467915058135986
0.7972347736358643
0.7375298738479614
0.7752668857574463
0.7776685953140259
0.8499504327774048
0.801181435585022
0.9193075895309448
0.8413982391357422
0.7800706624984741
0.8227427005767822
0.8307504653930664
0.9300535321235657
0.893356442451477
0.78043133020401
0.7513769865036011
0.7522017955780029
0.8368672728538513
0.7904363870620728
0.8669450879096985
0.9091669917106628
0.90526282787323
0.7778047323226929
0.8724793195724487
0.7751666307449341
0.8433977365493774
0.734413743019104
0.75860595703125
0.8780907392501831
0.9317301511764526
0.9082919359207153
0.9084247350692749
0.8565229177474976
0.7642873525619507
0.8477293252944946
0.8856920003890991
0.7570599317550659
0.85566645860672
0.8319219350814819
0.8366062641143799
1.0185296535491943
0.9390591979026794
1.0603156089782715
0.7082147598266602
0.8050957918167114
0.8114991188049316
0.9083245992660522
0.8646272420883179
0.7864516973495483
0.8229425549507141
0.8183383941650391
0.8381849527359009
0.8873938322067261
0.7600966691970825
0.909663200378418
0.8448148965835571
0.780293881893158
0.808638334274292
0.8038175106048584
0.8157775402069092
0.7823647260665894
0.7987803220748901
0.7372657060623169
0.9069281220436096
0.999829113483429
0.8339385986328125
0.7507901191711426
0.8546759486198425
0.8886440992355347
0.8627418875694275
0.8623466491699219
0.7457341551780701
0.7516250610351562
0.7876336574554443
0.7532023787498474
0.8864325284957886
0.8138778805732727
0.7397997379302979
0.8552497625350952
0.7663347125053406
0.7808578014373779
0.7384591102600098
0.7709261178970337
0.8289113640785217
0.783972442150116
0.9094732999801636
0.805458128452301
0.7621802091598511
0.7951599359512329
0.8295633792877197
0.7992187738418579
0.876611590385437
0.8289205431938171
0.7394821047782898
0.7687293887138367
0.8157436847686768
0.881482720375061
0.832487940788269
0.9310811758041382
0.7619580030441284
0.7886291742324829
0.7743452787399292
0.7818259000778198
0.7770828008651733
1.0958285331726074
0.7975063920021057
0.7585421204566956
0.863300621509552
0.724977970123291
0.8993766903877258
0.7635756731033325
0.7619684934616089
0.7947853803634644
0.7711995840072632
0.8256012797355652
0.8596204519271851
0.7037729024887085
0.8524534106254578
0.7343190908432007
0.7970431447029114
0.8595691919326782
0.9403388500213623
1.0267407894134521
0.7179771065711975
0.814467191696167
0.8563224077224731
0.7888673543930054
0.8214644193649292
0.7338900566101074
0.7685412764549255
0.9697836637496948
0.7172228097915649
0.748950719833374
0.807658851146698
0.7592261433601379
0.8023759126663208
0.773686408996582
0.9741947650909424
0.848333477973938
0.8146876096725464
0.7755215764045715
0.7104122638702393
0.8695371150970459
0.9118047952651978
0.833513081073761
0.8473528623580933
0.8073119521141052
0.893242597579956
0.7025774121284485
0.7121010422706604
0.8152156472206116
0.8546472787857056
0.752073347568512
0.8211531639099121
0.9326462149620056
0.7870864868164062
0.787155270576477
0.6499273777008057
0.7563683390617371
0.8753271102905273
0.7390397787094116
0.9648336172103882
0.8899105787277222
0.8666061758995056
0.7171366214752197
0.7463706731796265
0.7281229496002197
0.9532222151756287
0.878387451171875
0.8003742694854736
0.7863024473190308
0.7343995571136475
0.7675520181655884
1.009194016456604
0.7856403589248657
0.7686461806297302
0.9775062203407288
0.7443838119506836
0.8095450401306152
0.7637438774108887
0.838279128074646
0.8935359716415405
0.81195068359375
0.8969571590423584
0.7398110628128052
0.8164920806884766
0.7861121892929077
0.7944564819335938
0.8618401288986206
0.8503185510635376
0.8146694898605347
0.8131962418556213
0.8261499404907227
0.9306706190109253
0.8450369834899902
0.770392894744873
0.777981162071228
0.7821470499038696
0.8506680727005005
0.7925583124160767
0.7479071021080017
0.9566549062728882
0.819458544254303
0.9641767740249634
0.7148257493972778
0.9075541496276855
0.9698882102966309
0.698704719543457
0.7654261589050293
0.7582935094833374
0.7464797496795654
0.9473889470100403
0.8239066004753113
0.8425711989402771
0.7910711765289307
0.8949425220489502
0.8351049423217773
0.9638071060180664
0.736440896987915
0.7245364785194397
0.8073538541793823
0.7392000555992126
0.8162925243377686
0.776624321937561
0.8422409296035767
0.7918398380279541
0.8065720796585083
0.8949652910232544
0.8881204128265381
0.8667910099029541
0.8514180779457092
0.8404524326324463
0.7617677450180054
0.7903012633323669
0.8682243824005127
0.8000701665878296
0.7774673700332642
0.8153156638145447
0.8029606342315674
0.9513071775436401
0.783935010433197
0.7892789840698242
0.8984588384628296
0.7716922760009766
0.8281000852584839
0.8000923991203308
0.7578508853912354
0.7551939487457275
0.7210419178009033
0.7416825294494629
0.9165555834770203
0.9000890254974365
0.9473427534103394
0.7166430950164795
0.8351113796234131
0.7363396883010864
0.7852451801300049
0.8319437503814697
0.884610652923584
0.7758173942565918
0.7972211837768555
0.8190070390701294
0.7605807781219482
0.7157936692237854
0.8551265001296997
0.8985476493835449
0.7545337677001953
0.8675596714019775
0.8691591024398804
0.7852019667625427
0.8656958937644958
0.8182535171508789
0.8273121118545532
0.8088536262512207
0.8094834089279175
0.7953537702560425
0.9042410850524902
0.7503343820571899
0.923010528087616
0.8033213019371033
0.7728716135025024
0.7802129983901978
0.7744261026382446
0.8030020594596863
0.8779196739196777
0.8555223941802979
0.7906779050827026
1.0530219078063965
0.9538495540618896
0.9305564761161804
0.8310869336128235
0.6867080926895142
0.8011732697486877
0.7799021005630493
0.7636654376983643
0.8353707790374756
0.7784162759780884
0.7488905787467957
0.7395051717758179
0.8884344100952148
0.7842814922332764
0.8440092206001282
0.8220182061195374
0.7919286489486694
0.8214657306671143
0.8699153661727905
0.8246487379074097
0.7782566547393799
0.8734854459762573
0.7266550660133362
0.8676300048828125
0.82212895154953
0.8573857545852661
0.8195891380310059
1.0272794961929321
0.9072611927986145
0.7039405703544617
0.8068523406982422
0.8798230886459351
0.778685450553894
0.7638020515441895
0.8550615310668945
0.7895141839981079
0.8052835464477539
0.7526873350143433
0.8744215965270996
0.8188261985778809
0.787783145904541
0.8531656265258789
0.9074288606643677
0.7565689086914062
0.8894034624099731
0.9906443357467651
0.790569543838501
0.8163989782333374
0.7945601344108582
0.815511167049408
0.8652234077453613
0.8811271786689758
0.8776257038116455
0.6843651533126831
0.8257501125335693
0.7947736978530884
0.8327445983886719
0.829259991645813
0.7416422367095947
0.7739638090133667
0.7759285569190979
0.7372304797172546
0.7432733774185181
0.8265652656555176
0.7718306183815002
0.8112269639968872
0.8865160346031189
0.8239398002624512
1.0121887922286987
0.848048210144043
0.7937796711921692
0.7318452596664429
0.9724980592727661
0.7818692326545715
0.7563793659210205
0.7390519976615906
0.833336353302002
0.6791900396347046
0.7993739247322083
0.8032373189926147
0.8099677562713623
0.8271650075912476
0.765144407749176
0.9463105201721191
0.8210902810096741
0.764056921005249
0.9084683656692505
0.7896888852119446
0.819878339767456
0.7629939317703247
0.8115946650505066
0.7909722328186035
0.8029695153236389
0.7949374318122864
0.796251654624939
0.7994846105575562
0.8380715847015381
0.82975834608078
0.7541995644569397
0.7179669141769409
0.8665446043014526
0.8280050158500671
0.9741767644882202
0.8143184185028076
0.722874641418457
0.7035044431686401
0.7093148827552795
0.7371503114700317
0.7766079902648926
0.711061954498291
0.8596267700195312
0.8923724889755249
0.6702244877815247
0.7507253885269165
0.8259270191192627
0.7962058782577515
0.7560280561447144
0.8974350690841675
0.7097504138946533
0.8393672108650208
0.7771129608154297
0.8157391548156738
0.7676573991775513
0.7103181481361389
0.7650984525680542
0.7158117294311523
0.8732273578643799
0.7556672692298889
0.8462586998939514
0.9924978017807007
0.7908625602722168
0.7849864959716797
0.7846193313598633
0.6795881986618042
0.8331139087677002
0.8346322178840637
0.8231706619262695
0.8366698026657104
0.7513915300369263
0.9336776733398438
0.8509407639503479
0.7943226099014282
0.7588382959365845
0.8406896591186523
0.620175302028656
0.717420756816864
0.7650691270828247
0.8361644744873047
0.8195885419845581
0.6902727484703064
0.9733458161354065
0.7684493660926819
0.806761622428894
0.8414331078529358
0.7090606689453125
0.9054625630378723
0.7622947096824646
0.78266441822052
0.7782469987869263
0.7462062835693359
0.8058151006698608
0.8424307107925415
0.7468696236610413
0.6979346871376038
0.9040358066558838
0.7112318277359009
0.7621501684188843
0.836405336856842
0.7943325042724609
0.781684398651123
0.8692566156387329
0.7164667844772339
0.8162719011306763
0.7578629851341248
0.7241433262825012
0.7101110816001892
0.7448570132255554
0.8720859289169312
0.815401554107666
0.7104307413101196
0.9442487359046936
0.7355854511260986
0.8589458465576172
0.761046290397644
0.8426060676574707
0.784743070602417
0.756722092628479
0.778305172920227
0.8118380904197693
0.7628298997879028
0.9034224152565002
0.8122314810752869
0.7072224617004395
0.8287512063980103
0.8549686670303345
0.6858580708503723
0.6737417578697205
0.7440510988235474
0.8019639849662781
0.769662618637085
0.7829909324645996
0.8473541140556335
0.7746130228042603
0.9191516637802124
0.8057820796966553
0.8522477149963379
0.6922186613082886
0.7989094257354736
0.8614790439605713
0.9042461514472961
0.8434238433837891
0.773973286151886
0.8401498794555664
0.7330188155174255
0.7338011264801025
0.8343392014503479
0.7441128492355347
0.7288470268249512
0.8094466924667358
0.8544789552688599
0.789398729801178
0.9422121047973633
0.795708417892456
0.7331662178039551
0.7968619465827942
1.2793142795562744
0.85044926404953
0.7928870916366577
0.800513744354248
0.7197967767715454
0.7967370748519897
0.8349113464355469
0.8474189043045044
0.7383662462234497
0.7174255847930908
0.7960678339004517
0.7733216285705566
0.7401660084724426
0.8280978202819824
0.8558276891708374
0.8435218334197998
0.7911705374717712
0.9322518110275269
0.7239798307418823
0.814772367477417
0.752028226852417
0.7878859043121338
0.750573992729187
0.7998765707015991
0.6826679706573486
0.7860909104347229
0.8314727544784546
0.9363517165184021
0.7613552212715149
0.756289541721344
0.7551063299179077
0.83362877368927
0.7939211130142212
0.691737711429596
0.835661768913269
0.7486898899078369
0.8467862606048584
0.7273526191711426
0.8552913665771484
0.7780008316040039
0.7407578229904175
0.676264762878418
0.8056775331497192
0.7492926120758057
0.7232306003570557
0.8262989521026611
0.8749312162399292
0.7603045701980591
0.8223081231117249
0.7356839179992676
0.8678725957870483
0.8001363277435303
0.6692276000976562
0.7566221952438354
0.911578893661499
0.9175523519515991
0.698549211025238
0.9355800151824951
0.7026971578598022
0.7286583781242371
0.7894532680511475
0.7253350615501404
0.7998923063278198
0.7805981040000916
0.8017065525054932
0.8448288440704346
0.7286213040351868
0.7920673489570618
0.9355062246322632
0.7968547344207764
0.7970853447914124
0.746131181716919
0.6878435611724854
0.7781054973602295
0.763736367225647
0.7615782022476196
0.778490424156189
0.9230698347091675
0.947101354598999
0.7737430930137634
0.8658633232116699
0.8145381212234497
0.8898028135299683
0.7818356156349182
0.7266454696655273
0.8947309255599976
0.7774512767791748
0.8984078168869019
0.7671120166778564
0.7342043519020081
0.6958269476890564
0.7959078550338745
0.7560631036758423
0.8046810626983643
0.8867453336715698
0.7787479162216187
0.7466161251068115
0.7038680911064148
0.8268455266952515
0.824163556098938
0.8162978887557983
0.7113071084022522
0.6876506209373474
0.7091596722602844
0.7205905318260193
0.7369657754898071
0.7869435548782349
0.8608490228652954
0.7661256790161133
0.7861084938049316
0.8324657082557678
0.9486494064331055
0.8267298340797424
0.7655605673789978
0.7347899675369263
0.847547173500061
0.7686092853546143
0.7095907926559448
0.8215363025665283
0.8357462882995605
0.84918212890625
0.6639919877052307
0.803855299949646
0.722442626953125
0.7471213340759277
0.8195809125900269
0.8009817004203796
0.8369182348251343
0.7297882437705994
0.6805540323257446
0.7755712270736694
0.7723792791366577
0.6601157784461975
0.8741950392723083
0.7459939122200012
0.6823213696479797
0.8323497772216797
0.7806439995765686
0.8230469226837158
0.8158133029937744
0.7677619457244873
0.8108401298522949
0.8023513555526733
0.856317400932312
0.7901670932769775
0.7904131412506104
0.8899052143096924
0.7841622829437256
0.8309481143951416
0.7256907224655151
0.7123238444328308
0.8351199626922607
0.7714816331863403
0.8992041349411011
0.7931634187698364
0.7999117374420166
0.8176031112670898
0.8904693126678467
0.7066683769226074
0.8648093342781067
0.7734708786010742
0.8994618058204651
0.7375885248184204
0.7747845649719238
0.8428006172180176
0.7226430177688599
0.7246898412704468
0.7388124465942383
0.6960480213165283
0.7877237200737
0.7594943642616272
0.8326421976089478
0.8719410300254822
0.9635860919952393
0.8182624578475952
0.7502945065498352
0.7517977952957153
0.8452199697494507
0.8127702474594116
0.8517910838127136
0.7450653314590454
0.7301183342933655
0.7680376768112183
0.9355924129486084
0.8294445276260376
0.6901850700378418
0.7971378564834595
0.8115830421447754
0.8100570440292358
0.7205184698104858
0.886009931564331
0.7012001276016235
0.8290750980377197
0.7503969669342041
0.7703741788864136
0.6836597323417664
0.8389188051223755
0.7968965768814087
0.6965488195419312
0.8258613348007202
0.7811847925186157
0.854738712310791
0.82457035779953
0.7467000484466553
0.8388971090316772
0.7612981796264648
0.8962814807891846
0.8403400182723999
0.6943149566650391
0.7576737999916077
0.7085466384887695
0.7458008527755737
0.7753349542617798
0.7401196360588074
0.721470832824707
0.7003428936004639
0.7914584279060364
0.7936861515045166
0.8854085206985474
0.7238878011703491
0.7648100852966309
0.7117680311203003
0.8517889380455017
0.7908459901809692
0.7758827805519104
0.7281961441040039
0.7539268136024475
0.8261107802391052
0.7686681747436523
0.7102012634277344
0.7244002223014832
0.8732398748397827
0.724811315536499
0.8323438763618469
0.795692503452301
0.7137396335601807
0.7261677384376526
0.8840992450714111
0.7699011564254761
0.7959055304527283
0.7975925207138062
0.8060847520828247
0.7759970426559448
0.7190002202987671
0.744167685508728
0.7884527444839478
0.6954345703125
0.7557501792907715
0.6993967890739441
0.7237298488616943
0.8340696692466736
0.7352254986763
0.8039518594741821
0.8321945667266846
0.7817714214324951
0.783807635307312
0.7740462422370911
0.6956642866134644
0.7255504131317139
0.7765860557556152
0.8007360696792603
0.7302837371826172
0.7629491090774536
0.8780694603919983
0.7506904602050781
0.8200668096542358
0.8054521083831787
0.7102464437484741
0.9296495914459229
0.812822163105011
0.620760977268219
0.8062227964401245
0.7610903978347778
0.7066836357116699
0.6647730469703674
0.7287610769271851
0.7373158931732178
0.8689790964126587
0.7150735259056091
0.83625328540802
0.6867746114730835
0.7174644470214844
0.7986035943031311
0.8417803049087524
0.9192951321601868
0.6996430158615112
0.7917495965957642
0.7529878616333008
0.7342973947525024
0.6963275671005249
0.954819917678833
0.8026837110519409
0.7945417165756226
0.7059412598609924
0.7762808203697205
0.8167415857315063
0.7161136865615845
0.6800415515899658
0.853234052658081
0.8064026236534119
0.7111570239067078
0.8129945993423462
0.7213576436042786
0.828127384185791
0.7896996736526489
0.9897947907447815
0.8412728309631348
0.8055192232131958
0.7427424788475037
0.685158371925354
0.8028808832168579
0.7665916681289673
0.7491765022277832
0.7695631980895996
0.694627046585083
0.8148083686828613
0.8731770515441895
0.6944776177406311
0.8547000885009766
0.7405468821525574
0.7752454280853271
0.8018795847892761
0.9241864681243896
0.6881437301635742
0.7872186899185181
0.7064851522445679
0.7224634885787964
0.7874735593795776
0.8079605102539062
0.8009605407714844
0.833708643913269
0.8368743062019348
0.6809342503547668
0.7874630689620972
0.6914907097816467
0.6987161040306091
0.7769508361816406
0.7153022289276123
0.8858288526535034
0.849684476852417
0.7522807121276855
0.6908494234085083
0.8086373209953308
0.7201766967773438
0.7012225389480591
0.741129457950592
0.7316425442695618
0.8376054763793945
0.8056418895721436
0.7241244912147522
0.7456943988800049
0.7733153104782104
0.655683159828186
0.7259618639945984
0.8436399102210999
0.8488030433654785
0.722482442855835
0.9463719129562378
0.7568874359130859
0.7305532693862915
0.7294182777404785
0.7536873817443848
0.9560763835906982
0.8502665162086487
0.7259581089019775
0.9006237387657166
0.8922532796859741
0.8236708641052246
0.7201308012008667
0.7375181317329407
0.7782331109046936
0.7915444374084473
0.78104567527771
0.817428469657898
0.7005325555801392
0.6756104826927185
0.6775168776512146
0.8559033274650574
0.7244963645935059
0.7421655654907227
0.7116845846176147
0.6745898723602295
0.6739760041236877
0.7836884260177612
0.6468315124511719
0.8655532598495483
0.8164326548576355
0.7277636528015137
0.7144572734832764
0.7553838491439819
0.805325448513031
0.676482617855072
0.8773081302642822
0.9264379143714905
0.7139211297035217
0.748970627784729
0.7620061635971069
0.7461830973625183
0.7880871295928955
0.7721368074417114
0.7465189695358276
0.7716324329376221
0.6915499567985535
0.7160474061965942
0.6855929493904114
0.7531629800796509
0.7360951900482178
0.7030153274536133
0.9445172548294067
0.8160251379013062
0.922778844833374
0.8072960376739502
0.7377126812934875
0.6584525108337402
0.9086757898330688
0.7901005744934082
0.7521556615829468
0.8670786619186401
0.840162992477417
0.7970592975616455
0.7654746770858765
0.8162911534309387
0.7290711402893066
0.8609417676925659
0.8255350589752197
0.7303028106689453
0.8288798928260803
0.7049208879470825
0.7685031890869141
0.8077917098999023
0.7493678331375122
0.7703149318695068
0.8890570998191833
0.7187987565994263
0.8680769205093384
0.7418653964996338
0.9825708866119385
0.7362001538276672
0.7945964336395264
0.6893573999404907
0.8876199722290039
0.8725695013999939
0.7045581340789795
0.7423304915428162
0.7573885917663574
0.6776928305625916
0.6438230276107788
0.883242130279541
0.6884893774986267
0.8697522878646851
0.7647623419761658
0.7615042328834534
0.8333537578582764
0.7345082759857178
0.7641520500183105
0.7711952924728394
0.6652222871780396
0.7425903677940369
0.8240270018577576
0.8087475299835205
0.7706425189971924
0.7359817028045654
0.7810407280921936
0.7156261801719666
0.6453244090080261
0.7850920557975769
0.733995258808136
0.7413226366043091
0.667235791683197
0.764930248260498
0.7856131792068481
0.7613054513931274
0.8001404404640198
0.7672717571258545
0.8056377172470093
0.722432017326355
0.8759278059005737
0.6356281042098999
0.7855080962181091
0.7410955429077148
0.8175079822540283
0.8183248043060303
0.7334923148155212
0.8328951001167297
0.7895128726959229
0.8842355012893677
0.7037330865859985
0.7133718729019165
0.6942358016967773
0.7105170488357544
0.726445198059082
0.7293132543563843
0.8177974224090576
0.7545856237411499
0.8704659342765808
0.7930921912193298
0.7621889710426331
0.6631441116333008
0.7374553680419922
0.7706295847892761
0.7438725233078003
0.7703040838241577
0.7491738796234131
0.7686294317245483
0.7577776908874512
0.702135443687439
0.7190066576004028
0.7143324017524719
0.7739373445510864
0.742664098739624
0.7456209659576416
0.8043309450149536
0.7399386763572693
0.8506420850753784
0.792387843132019
1.0668280124664307
0.7184237241744995
0.7402152419090271
0.7638226747512817
0.8253215551376343
0.8042397499084473
0.7260840535163879
0.7345961332321167
0.8699870109558105
0.7688974142074585
0.7338753342628479
0.7852320671081543
0.718652069568634
0.8582371473312378
0.7390843033790588
0.7550127506256104
0.7270101308822632
0.675851583480835
0.776561439037323
0.6538700461387634
0.8097940683364868
0.7203701138496399
0.6525812149047852
0.7965508699417114
0.8957633376121521
0.7507070899009705
0.7158342599868774
0.6825580596923828
0.7069462537765503
0.692276120185852
0.8720813393592834
0.8710811138153076
0.8556600213050842
0.8170225620269775
0.8542357683181763
0.7266112565994263
0.7902439832687378
0.8096327781677246
0.8317314386367798
0.8264774084091187
0.7120805978775024
0.7215088605880737
0.7878031730651855
0.7821758985519409
0.9136035442352295
0.7323607206344604
0.754697322845459
0.8242294192314148
0.6965914964675903
0.807593822479248
0.75998854637146
0.6916773915290833
0.7625864744186401
0.8264670372009277
0.9126734733581543
0.7446556091308594
0.730836033821106
0.821733832359314
0.8704205751419067
0.7338768243789673
0.7417150735855103
0.792911946773529
0.6873405575752258
0.8724364042282104
0.7188962697982788
0.6947921514511108
0.8142536878585815
0.7395161390304565
0.6864348649978638
0.6879054307937622
0.7295805215835571
0.8298794031143188
0.7034183740615845
0.7535668611526489
0.8339964151382446
0.8059741854667664
0.7883740663528442
0.8695821762084961
0.8296153545379639
0.7351126670837402
0.8996427059173584
0.762264609336853
0.7729689478874207
0.7426526546478271
0.6517065763473511
0.8430131673812866
0.6863913536071777
0.7958871126174927
0.8238726854324341
0.7607083320617676
0.7847619652748108
0.7344332933425903
0.7382739186286926
0.8006584048271179
0.7062268853187561
0.7255268096923828
0.7961432933807373
0.6669068932533264
0.8015996813774109
0.6623857617378235
0.7805683612823486
0.6416597962379456
0.8530175089836121
0.8179097175598145
0.7383671998977661
0.8091532588005066
0.7813040614128113
0.8119562864303589
0.8434536457061768
0.9089254140853882
0.8092026710510254
0.7517400979995728
0.8289428949356079
0.8203181028366089
0.6967927813529968
0.8357357978820801
0.7363718748092651
0.7242811322212219
0.9725590348243713
0.7533125877380371
0.7545573711395264
0.7523783445358276
0.7765377163887024
0.8057764768600464
0.8791901469230652
0.7417902946472168
0.7205571532249451
0.8037309646606445
0.6569657325744629
0.7964375019073486
0.8319239616394043
0.7921350002288818
0.72906494140625
0.8551226854324341
0.7145408391952515
0.7639746069908142
0.6839599609375
0.7257411479949951
0.8395490646362305
0.820927083492279
0.8797506093978882
0.817564845085144
0.8589619398117065
0.7309119701385498
0.7085549831390381
0.7011198997497559
0.8127645254135132
0.763536810874939
0.7257053852081299
0.7696677446365356
0.7649003267288208
0.7250325679779053
0.707236647605896
0.6566934585571289
0.6989552974700928
0.7624648809432983
0.7108131647109985
0.8906036615371704
0.9052557945251465
0.6626806259155273
0.770944356918335
0.695402979850769
0.7405842542648315
0.6991029977798462
0.6895833015441895
0.7464907765388489
0.7945643067359924
0.8562602996826172
0.7389558553695679
0.7170835733413696
0.7676423788070679
0.8492156863212585
0.8764837980270386
0.6959107518196106
0.709114670753479
0.8293488025665283
0.709511399269104
0.8345796465873718
0.7403737306594849
0.8731454610824585
0.8344781398773193
0.7910751700401306
0.7815028429031372
0.7486464381217957
0.7140880823135376
0.6887662410736084
0.637840211391449
0.6552838683128357
0.7567563056945801
0.7756134867668152
0.9490796327590942
0.7782381176948547
0.731681227684021
0.7735530138015747
0.7319986820220947
0.7920805215835571
0.6913454532623291
0.6679836511611938
0.816152036190033
1.025184988975525
0.7664012908935547
0.6965823769569397
0.7634859085083008
0.7776728868484497
0.7003495693206787
0.7506653070449829
0.6898515224456787
0.7795698642730713
0.7411707639694214
0.8333860635757446
0.9482948780059814
0.8486576080322266
0.8062583208084106
0.7218099236488342
0.7186170220375061
0.8603711724281311
0.8550685048103333
0.8299552798271179
0.808080792427063
0.7570922374725342
0.8019887208938599
0.9938924312591553
0.8074160814285278
0.7759823799133301
0.776735782623291
0.8043355941772461
0.7326635718345642
0.7728308439254761
0.7519938945770264
0.7976222038269043
0.9504281282424927
0.7526167631149292
0.722683310508728
0.7453299760818481
0.8120872974395752
0.7649422287940979
0.7426007390022278
0.7265291213989258
0.7058515548706055
0.6934058666229248
0.7501249313354492
0.8595207929611206
0.7605992555618286
0.6896874308586121
0.7298080325126648
0.7075842022895813
0.7230713963508606
0.7305582761764526
0.7032749652862549
0.8285971879959106
0.786666214466095
0.6626253128051758
0.7561215162277222
0.6988080739974976
0.7999566197395325
0.8218727111816406
0.6730674505233765
0.8013433218002319
0.6912935972213745
0.7536211013793945
0.8319740891456604
0.6822457313537598
0.844639778137207
0.6729039549827576
0.8482006788253784
0.6929833292961121
0.7916871309280396
0.724604606628418
0.8047469258308411
0.6787409782409668
0.7320128679275513
0.6333985328674316
0.727342963218689
0.7005156874656677
0.7575414180755615
0.7454259395599365
0.7322966456413269
0.7444825172424316
0.8573659658432007
0.75394207239151
0.9170522689819336
1.0083954334259033
0.66869056224823
0.8329257965087891
0.7953616976737976
0.6457498073577881
0.7897958159446716
0.7300676703453064
0.7445902228355408
0.7934624552726746
0.6988887190818787
0.7517954111099243
0.7917019128799438
0.7435784935951233
0.7755147218704224
0.8250579833984375
0.6910693645477295
0.748131513595581
0.6863532066345215
0.7363793849945068
0.8544151782989502
0.8943043947219849
0.7180395126342773
0.8872812986373901
0.7157976627349854
0.7525659203529358
0.8611027002334595
0.866782546043396
0.7291959524154663
0.743330180644989
0.7537813782691956
0.8394913077354431
0.8020399212837219
0.7605056762695312
0.701249361038208
0.7599788308143616
0.7031766176223755
0.723362386226654
0.7136663198471069
0.7443220615386963
0.7577182054519653
0.7642688155174255
0.717882513999939
0.8095803260803223
0.6492526531219482
0.8209537267684937
0.7915583848953247
0.6900564432144165
0.7465459704399109
0.6985242366790771
0.7525988817214966
0.7906752228736877
0.7331626415252686
0.753211498260498
0.7305258512496948
0.7616717219352722
0.707058310508728
0.7581870555877686
0.8538322448730469
0.7924525737762451
0.6127931475639343
0.7461240291595459
0.7002615332603455
0.8561320304870605
0.7163051962852478
0.7493636608123779
0.7526735067367554
0.6951395273208618
0.8048961758613586
0.7024906873703003
0.7223691940307617
0.7966259717941284
0.7648662328720093
0.7594876289367676
0.9208834171295166
0.6384313702583313
0.8115603923797607
0.7596968412399292
0.7808887958526611
0.9075449705123901
0.7093198299407959
0.7629644870758057
0.7049285173416138
0.8148648738861084
0.729506254196167
0.6950708031654358
0.7136118412017822
0.7643060684204102
0.7740102410316467
0.7659403085708618
0.7432270050048828
0.9034820795059204
0.6939518451690674
0.7721788883209229
0.6855779886245728
0.6579495072364807
0.6803014278411865
0.6333524584770203
0.7370214462280273
0.7239771485328674
0.7678775787353516
0.6664187908172607
0.7664423584938049
0.8693686127662659
0.8015236258506775
0.7816854119300842
0.7837486267089844
0.6702015399932861
0.8886511325836182
0.635759711265564
0.6599143147468567
0.7761958837509155
0.7073783874511719
0.7751761674880981
0.7379664182662964
0.7835116386413574
0.8280519247055054
0.9783958196640015
0.7574710845947266
0.7225990891456604
0.6420812010765076
0.8397323489189148
0.8267561197280884
0.6721072196960449
0.7401608228683472
0.730189323425293
0.7889758348464966
0.6933012008666992
0.7735596895217896
0.8653481006622314
0.7377140522003174
0.7354097962379456
0.686389684677124
0.7558451890945435
0.7836719751358032
0.6712846755981445
0.7177929282188416
0.7871899604797363
0.7131800055503845
0.7719367146492004
0.7550570368766785
0.759419858455658
0.7710355520248413
0.7229371070861816
0.7792606353759766
0.7177101969718933
0.752989649772644
0.8079066276550293
0.7818922400474548
0.8469834327697754
0.7783156633377075
0.7072803974151611
0.7192195653915405
0.7147331237792969
0.7032821178436279
0.7633075714111328
0.7660658359527588
0.8676950931549072
0.7610396146774292
0.6925334930419922
0.7735142707824707
0.6747560501098633
0.7092105746269226
0.7892036437988281
0.8166841864585876
0.7274678945541382
0.6646064519882202
0.7819082736968994
0.706842303276062
0.7710745334625244
0.7360982894897461
0.6696496605873108
0.7970643639564514
0.7650591731071472
0.7603038549423218
0.8049741983413696
0.7727276086807251
0.7161962985992432
0.7638344764709473
0.7659706473350525
0.6539446115493774
0.7711054086685181
0.8122295141220093
0.7104384899139404
0.8280818462371826
0.7409759759902954
0.8070292472839355
0.6712214946746826
0.8101198077201843
0.6939891576766968
0.7861083745956421
0.9311501979827881
0.6907678842544556
0.7615790963172913
0.8419098258018494
0.7460277080535889
0.7971292734146118
0.7824521064758301
0.7358214855194092
0.6727892160415649
0.7213472127914429
0.7374647259712219
0.7527175545692444
0.6757640838623047
0.7515666484832764
0.9310854077339172
0.6548716425895691
0.6934717893600464
0.843904972076416
0.7935380339622498
0.87876296043396
0.7203136682510376
0.7194241285324097
0.7199673652648926
0.7462897896766663
0.777653694152832
0.8014814257621765
0.7616835832595825
0.7958716154098511
0.8355261087417603
0.7886397242546082
0.6723772287368774
0.7001408338546753
0.9098457098007202
0.9171377420425415
0.6670353412628174
0.8013885021209717
0.7972970008850098
0.8402637243270874
0.6608904600143433
0.7134126424789429
0.784733235836029
0.6910077333450317
0.7687972784042358
0.7731349468231201
0.7186802625656128
0.6903403401374817
0.7651534676551819
0.6996980309486389
0.6871753931045532
0.6841228008270264
0.8156387805938721
0.7297362685203552
0.829940915107727
0.8704380989074707
0.6835848093032837
0.7012529373168945
0.7307106256484985
0.7162991762161255
0.6133322715759277
0.8493635058403015
0.7406560778617859
0.6685460209846497
0.6927197575569153
0.8826841115951538
0.7157743573188782
0.7894173264503479
0.7693585753440857
0.7920069098472595
0.816524088382721
0.756767988204956
0.7069868445396423
0.7103204727172852
0.6985813975334167
0.7564083933830261
0.7045987844467163
0.718277096748352
0.6462171077728271
0.7456507086753845
0.8419123291969299
0.8037611246109009
0.6735438108444214
0.8812370300292969
0.7248752117156982
0.6937508583068848
0.7970014214515686
0.7304301261901855
0.6748342514038086
0.7378261089324951
0.7536171674728394
0.7397634983062744
0.7413063049316406
0.7665634155273438
0.8186827898025513
0.7727864980697632
0.7449209690093994
0.7381035089492798
0.748470664024353
0.6755170226097107
0.6715632677078247
0.6878960132598877
0.7904175519943237
0.7743849754333496
0.7102283239364624
0.7811830639839172
0.7210592031478882
0.7114348411560059
0.7838128805160522
0.6678068041801453
0.6328043341636658
0.7282840013504028
0.6722683906555176
0.7960191965103149
0.8093434572219849
0.9555919170379639
0.7172572612762451
0.690735399723053
0.7190842628479004
0.7927610278129578
0.6825399398803711
0.7666594982147217
0.7751883268356323
0.7415703535079956
0.7149147987365723
0.6777129173278809
0.7757890224456787
0.72413569688797
0.7628118991851807
0.6682542562484741
0.6981767416000366
0.733180582523346
0.7011411190032959
0.7388870716094971
0.7918853759765625
0.7030605673789978
0.8066551685333252
0.8726931214332581
0.8039001226425171
0.7744050025939941
0.6844489574432373
0.906581699848175
0.7332868576049805
0.6490685939788818
0.7253863215446472
0.7260743975639343
0.8624988794326782
0.7854129076004028
0.7461258172988892
0.720625638961792
0.7342729568481445
0.8318209648132324
0.7291293144226074
0.9382280111312866
0.7915761470794678
0.7479655742645264
0.6783686280250549
0.6440374255180359
0.7600505352020264
0.8095211982727051
0.7759567499160767
0.7519891262054443
0.6353393793106079
0.6781066656112671
0.6963861584663391
0.7929226160049438
0.8586504459381104
0.6444231271743774
0.7936875820159912
0.7403784990310669
0.6929835677146912
0.7616379261016846
0.7540748119354248
0.7976323366165161
0.8096440434455872
0.7175101041793823
0.8228105306625366
0.6987652778625488
0.8590447902679443
0.6795198917388916
0.7698132991790771
0.7284162640571594
0.7737991213798523
0.7206132411956787
0.8256478309631348
0.7237343788146973
0.8269920349121094
0.6511066555976868
0.760310173034668
0.7029603719711304
0.7757761478424072
0.750950813293457
0.6440795063972473
0.7989587783813477
0.6884416341781616
0.7204774618148804
0.7003759145736694
0.7489712238311768
0.8379024863243103
0.7664270997047424
0.7053074836730957
0.7711430788040161
0.8233717679977417
0.8312180042266846
0.711561918258667
0.8056776523590088
0.7370122075080872
0.7393651008605957
0.6685508489608765
0.7328165769577026
0.788575291633606
0.8393457531929016
0.7470757961273193
0.730620265007019
0.7325748205184937
0.7163982391357422
0.6666051149368286
0.8113976716995239
0.7829141616821289
0.7572684288024902
0.8359872102737427
0.7825398445129395
0.7714083194732666
0.7126843929290771
0.7440433502197266
0.6206957697868347
0.683140754699707
0.8273850679397583
0.6396228075027466
0.7106173634529114
0.6758346557617188
0.7502519488334656
0.6470253467559814
0.6232829093933105
0.6830493211746216
0.697442889213562
0.8033847808837891
0.7630978226661682
0.8779303431510925
0.753899097442627
0.7525211572647095
0.7357029914855957
0.7294448614120483
0.7884477376937866
0.8083324432373047
0.7205579280853271
0.676061749458313
0.740554690361023
0.8734798431396484
0.7379605770111084
0.6715037822723389
0.7841405868530273
0.7045781016349792
0.7176796197891235
0.6979175806045532
0.6567701697349548
0.7802895903587341
0.7817384600639343
0.657265841960907
0.7536895275115967
0.9571982026100159
0.8039711713790894
0.729712188243866
0.7342815399169922
0.6724350452423096
0.7262638807296753
0.9344762563705444
0.7862253189086914
0.724111020565033
0.8354754447937012
0.7013529539108276
0.7749969959259033
0.7071852684020996
0.6990481019020081
0.6718196272850037
0.8824169039726257
0.8443120718002319
0.7081149816513062
0.8741824626922607
0.7876061797142029
0.8150069713592529
0.8519495725631714
0.711290717124939
0.6936607360839844
0.7227141857147217
0.6719702482223511
0.7941312789916992
0.7765612602233887
0.6693137884140015
0.7144687175750732
0.6820052862167358
0.7220586538314819
0.6805513501167297
0.9157350659370422
0.6728912591934204
0.6976199150085449
0.7672959566116333
0.7676452398300171
0.7267270684242249
0.7325197458267212
1.0288478136062622
0.6848161816596985
0.7996265888214111
0.7214779257774353
0.7354871034622192
0.7029206156730652
0.6699770092964172
0.7423189282417297
0.7017250061035156
0.7316800355911255
0.75166255235672
0.7052775025367737
0.6788928508758545
0.6921555995941162
0.7458049058914185
0.7558305263519287
0.8602215051651001
0.7744948863983154
0.7884835004806519
0.858264684677124
0.6980553269386292
0.657063901424408
0.635625958442688
0.6492694616317749
0.7726060152053833
0.6697524189949036
0.786346435546875
0.698137104511261
0.7292196154594421
0.6174424886703491
0.7341151237487793
0.813338041305542
0.7670447826385498
0.7649134397506714
0.6729162335395813
0.7387418746948242
0.7180869579315186
0.728230357170105
0.7163167595863342
0.7165571451187134
0.7477151155471802
0.6320863962173462
0.7685354948043823
0.6751812696456909
0.7041606903076172
0.7438613772392273
0.7068158984184265
0.6620972156524658
0.8246240615844727
0.7255442142486572
0.7217642664909363
0.7356212139129639
0.778776228427887
0.7435353994369507
0.6576110124588013
0.6709744334220886
0.6460835337638855
0.7253528237342834
0.8287146091461182
0.7612322568893433
0.641212522983551
0.6710452437400818
0.8054119944572449
0.7628310918807983
0.783213198184967
0.7548887729644775
0.7271919250488281
0.6997827291488647
0.7381612062454224
0.8288005590438843
0.7057091593742371
0.7407363057136536
0.7662227749824524
0.6595329642295837
0.6604830026626587
0.7428020238876343
0.7300969362258911
0.6401413679122925
0.661300778388977
0.7582955360412598
0.7139748334884644
0.740179181098938
0.7828248143196106
0.6755701303482056
0.656150221824646
0.7894812822341919
0.6707901954650879
0.7335554361343384
0.6720478534698486
0.6768451929092407
0.7017382979393005
0.7376028895378113
0.8305732607841492
0.7649233341217041
0.7712161540985107
0.7158383727073669
0.7863667011260986
0.6954747438430786
0.689679741859436
0.7087635397911072
0.6673489212989807
0.7925783395767212
0.73711097240448
0.730023980140686
0.7608855962753296
0.8072514533996582
0.6754372119903564
0.7084014415740967
0.723626971244812
0.7596051692962646
0.6913561820983887
0.7656645774841309
0.7912847399711609
0.8093794584274292
0.7034856081008911
0.8323147892951965
0.6937000155448914
0.6808266639709473
0.6454102993011475
0.7547181844711304
0.7951580882072449
0.8241207003593445
0.7230013012886047
0.7865979671478271
0.7104935646057129
0.7849918603897095
0.699873149394989
0.8942784070968628
0.711713969707489
0.6480276584625244
0.7509206533432007
0.7130550146102905
0.8554483652114868
0.7495173215866089
0.6776871681213379
0.793482780456543
0.7557697296142578
0.8336268067359924
0.8350526094436646
0.6887838840484619
0.6757166981697083
0.6768654584884644
0.7264631986618042
0.6440659761428833
0.718009352684021
0.7215873599052429
0.8271524906158447
0.7144754528999329
0.7859518527984619
0.624180793762207
0.6479572057723999
0.6828108429908752
0.8504256010055542
0.7088247537612915
0.724378228187561
0.6677954196929932
0.7372249364852905
0.7607760429382324
0.635109543800354
0.7002337574958801
0.802001953125
0.7241356372833252
0.6615700721740723
0.7777700424194336
0.7893005609512329
0.7271413803100586
0.7568874359130859
0.7651984691619873
0.6545262336730957
0.6576772928237915
0.8575238585472107
0.8157922029495239
0.7498282194137573
0.7121915817260742
0.6262053847312927
0.6891120672225952
0.7730371952056885
0.6956944465637207
0.7404516935348511
0.6929256319999695
0.7949069738388062
0.7635855674743652
0.6698160767555237
0.7018781304359436
0.6852582693099976
0.7929965257644653
0.7838605642318726
0.719664454460144
0.7858560085296631
0.7750020027160645
0.7586939334869385
0.814420223236084
0.8181095719337463
0.8260979652404785
0.718707263469696
0.651786744594574
0.828995943069458
0.7179028391838074
0.6642051935195923
0.7698231935501099
0.7280924320220947
0.7044894099235535
0.6948809623718262
0.7697800397872925
0.6956339478492737
0.6604911088943481
0.7292026281356812
0.8027728199958801
0.7657113075256348
0.641442060470581
0.9692556262016296
0.6955139636993408
0.7031000852584839
0.7731751203536987
0.6909279823303223
0.6666874885559082
0.6783559918403625
0.7104663848876953
0.7477603554725647
0.7663097977638245
0.6769583225250244
0.8140741586685181
0.6373228430747986
0.7877061367034912
0.6435926556587219
0.7961993217468262
0.7285020351409912
0.6803683638572693
0.7820256948471069
0.6316989660263062
0.7028290033340454
0.7271278500556946
0.6484695672988892
0.6756380796432495
0.7131363153457642
0.708943784236908
0.7220088243484497
0.728975236415863
0.6448160409927368
0.7919763326644897
0.7200520038604736
0.7266019582748413
0.760006308555603
0.6816725730895996
0.750403642654419
0.8212990164756775
0.7544519901275635
0.7299416065216064
0.7025974988937378
0.6990097761154175
0.6727012395858765
0.7162071466445923
0.6068817377090454
0.6947676539421082
0.8121222257614136
0.7240865230560303
0.8229962587356567
0.7642639875411987
0.6561809778213501
0.7530523538589478
0.7355378866195679
0.7418398857116699
0.7106750011444092
0.6583153009414673
0.7367163896560669
0.7386978268623352
0.6342020630836487
0.8439206480979919
0.6951727867126465
0.7919042706489563
0.6637978553771973
0.740820050239563
0.6455126404762268
0.7323222160339355
0.630679726600647
0.7292501926422119
0.7464255094528198
0.7117605209350586
0.7629497051239014
0.6472119688987732
0.7009280323982239
0.7427976131439209
0.8325325846672058
0.8263764977455139
0.6960499286651611
0.7539997696876526
0.692845344543457
0.7223018407821655
0.6602085828781128
0.7334579825401306
0.8089427947998047
0.6463306546211243
0.7559933662414551
0.6499587893486023
0.6849584579467773
0.7053659558296204
0.6775179505348206
0.7516951560974121
0.7575602531433105
0.7034488916397095
0.7547633647918701
0.7533669471740723
0.7644827961921692
0.6842062473297119
0.775331974029541
0.746711015701294
0.7120682001113892
0.7157400846481323
0.7214910387992859
0.7321324348449707
0.6322198510169983
0.6770244836807251
0.7401942610740662
0.7498500347137451
0.7194677591323853
0.5946199297904968
0.63029545545578
0.7342168092727661
0.7080579996109009
0.7685062885284424
0.7994422912597656
0.7785622477531433
0.761100172996521
0.7980336546897888
0.6611200571060181
0.6823740601539612
0.6847506761550903
0.729316771030426
0.7374955415725708
0.753181517124176
0.7511321306228638
0.739006757736206
0.8238908648490906
0.6689113974571228
0.69291090965271
0.7235099077224731
0.7631677985191345
0.7240937948226929
0.6583468914031982
0.7722058296203613
0.7978225946426392
0.792770504951477
0.6483054161071777
0.7907845973968506
0.7368011474609375
0.7071802616119385
0.7051302194595337
0.7214442491531372
0.6636404395103455
0.7161767482757568
0.8358731269836426
0.7193284034729004
0.7173138856887817
0.6963247656822205
0.6887325048446655
0.7734240293502808
0.6446338891983032
0.6609579920768738
0.8929502964019775
0.6883648633956909
0.8638498187065125
0.7472629547119141
0.6918767094612122
0.7379193305969238
0.7119661569595337
0.734050452709198
0.8644985556602478
0.7965840101242065
0.7655541300773621
0.6301369667053223
0.7065842151641846
0.6901571154594421
0.6947089433670044
0.8472893238067627
0.710063636302948
0.768955647945404
0.7677024602890015
0.689361035823822
0.6932590007781982
0.7759687304496765
0.7417227029800415
0.7126251459121704
0.7339262962341309
0.723890483379364
0.674389123916626
0.663810670375824
0.7003786563873291
0.7122249007225037
0.6833182573318481
0.7079600095748901
0.773246169090271
0.6545619368553162
0.7425526976585388
0.6741470098495483
0.7337040901184082
0.761325478553772
0.6876382231712341
0.7196850180625916
0.7044579386711121
0.6716432571411133
0.7076553702354431
0.6736660003662109
0.7547544240951538
0.6895711421966553
0.6818186044692993
0.6606056094169617
0.8329228162765503
0.6599263548851013
0.6991320848464966
0.7128777503967285
0.7784429788589478
0.678972065448761
0.6841416358947754
0.7341532111167908
0.6851866245269775
0.7096353769302368
0.7918780446052551
0.7489246129989624
0.7984182834625244
0.7158128023147583
0.7195985913276672
0.8185621500015259
0.7290468215942383
0.7737624049186707
0.7403926849365234
0.6927415728569031
0.5906866192817688
0.6796425580978394
0.6454681754112244
0.7469879388809204
0.6835659742355347
0.7053288221359253
0.5983271598815918
0.6613993048667908
0.70734041929245
0.703823447227478
0.7425932884216309
0.7677710056304932
0.7674227952957153
0.6675769090652466
0.7078019380569458
0.7540335655212402
0.8037810921669006
0.7448221445083618
0.71430903673172
0.6592508554458618
0.801067590713501
0.6788213849067688
0.6586357355117798
0.7485860586166382
0.7925314903259277
0.8381030559539795
0.8914974331855774
0.684885561466217
0.6975446939468384
0.6639608144760132
0.700534462928772
0.7319867610931396
0.7089216113090515
0.7222495079040527
0.7265558242797852
0.7272493839263916
0.6722041368484497
0.7205550670623779
0.6821995973587036
0.7908796668052673
0.7710414528846741
0.6596159934997559
0.7555242776870728
0.728870153427124
0.701874852180481
0.7167245149612427
0.6929225921630859
0.7647181749343872
0.7576133012771606
0.7814937829971313
0.6625235080718994
0.8681130409240723
0.7563164234161377
0.7342569828033447
0.6474409103393555
0.7603752017021179
0.6648357510566711
0.8153121471405029
0.7100583910942078
0.7782090902328491
0.7842488288879395
0.6911221742630005
0.8256905674934387
0.6702626347541809
0.7778464555740356
0.684420108795166
0.6783663034439087
0.7321170568466187
0.9272681474685669
0.6392955183982849
0.6747490167617798
0.690149188041687
0.7226398587226868
0.7691198587417603
0.7911510467529297
0.7107822299003601
0.7456037998199463
0.7847315073013306
0.7309651374816895
0.697489857673645
0.6208692789077759
0.6293520927429199
0.7474608421325684
0.7476855516433716
0.7374730110168457
0.6909775137901306
0.6757434606552124
0.7505311965942383
0.6593805551528931
0.704196572303772
0.6813775300979614
0.6937044858932495
0.6722150444984436
0.7221931219100952
0.6269223690032959
0.6817769408226013
0.6750277280807495
0.7495976090431213
0.7400158047676086
0.667650043964386
0.7736741304397583
0.6837327480316162
0.7943724989891052
0.7281889319419861
0.6674062013626099
0.7091515064239502
0.7458773851394653
0.7064815163612366
0.715252161026001
0.8846291303634644
0.7659994959831238
0.8391249179840088
0.7260308861732483
0.6534262299537659
0.6713968515396118
0.7862917184829712
0.6669397354125977
0.8235666751861572
0.688459038734436
0.7689809799194336
0.7060032486915588
0.6611040830612183
0.6363239288330078
0.7931616306304932
0.7708700895309448
0.7009751200675964
0.6889865398406982
0.6796350479125977
0.7940491437911987
0.8089802861213684
0.7566754817962646
0.7411644458770752
0.7684381604194641
0.6102584004402161
0.7486751675605774
0.7716107368469238
0.623766303062439
0.8685107231140137
0.660966694355011
0.8136250972747803
0.6471481323242188
0.6678284406661987
0.672650933265686
0.6914665699005127
0.7132269144058228
0.635755717754364
0.7088874578475952
0.7245291471481323
0.7218001484870911
0.7050315141677856
0.7144813537597656
0.6889925003051758
0.7021945714950562
0.7404844164848328
0.7108743190765381
0.6629741787910461
0.6261316537857056
0.6448771953582764
0.7800184488296509
0.685131847858429
0.67657071352005
0.8210654258728027
0.7968795299530029
0.8091239929199219
0.7417266368865967
0.7209914326667786
0.779403567314148
0.7316701412200928
0.7331627011299133
0.6851314306259155
0.8238797187805176
0.7949180603027344
0.670689582824707
0.6670954823493958
0.9551718235015869
0.6695736050605774
0.8121789693832397
0.7621489763259888
0.77154541015625
0.6778826713562012
0.7777454257011414
0.7367063760757446
0.7734265327453613
0.767900824546814
0.824237048625946
0.7758820652961731
0.8558340072631836
0.6803346872329712
0.7014933824539185
0.7335447669029236
0.724473237991333
0.7817215323448181
0.6614277958869934
0.8231821060180664
0.6574602127075195
0.6864872574806213
0.7127439379692078
0.6927506923675537
0.6595147252082825
0.6929075717926025
0.7667769193649292
0.6724891066551208
0.7646290063858032
0.7079111337661743
0.7569409608840942
0.6684730052947998
0.8097684979438782
0.7770276069641113
0.817001461982727
0.7009942531585693
0.6962295770645142
0.7161266803741455
0.6953070163726807
0.6551597118377686
0.7384830713272095
0.8427667617797852
0.7202836275100708
0.7442494630813599
0.6717614531517029
0.6771181225776672
0.9639153480529785
0.734254002571106
0.698809027671814
0.7826070785522461
0.6618587374687195
0.6470629572868347
0.7355233430862427
0.6892778277397156
0.6256974935531616
0.6516048908233643
0.6565447449684143
0.7230995893478394
0.6768308281898499
0.6512348055839539
0.6755647659301758
0.7223740816116333
0.6958862543106079
0.6851089000701904
0.6933783888816833
0.7135128974914551
0.7483658790588379
0.6520681381225586
0.7158327698707581
0.8006048202514648
0.705573320388794
0.6598613858222961
0.6720699071884155
0.747840166091919
0.6788895130157471
0.7013275027275085
0.7346258759498596
0.7945990562438965
0.7907731533050537
0.7159032225608826
0.7341897487640381
0.7257344722747803
0.7114934921264648
0.7093860507011414
0.776777982711792
0.7365477085113525
0.6857560873031616
0.677108645439148
0.7094327807426453
0.8371093273162842
0.6980855464935303
0.7216883897781372
0.6916110515594482
0.6946473121643066
0.7006926536560059
0.6637502312660217
0.6534323692321777
0.6908144950866699
0.7266228199005127
0.7283210754394531
0.6512519717216492
0.7269541025161743
0.7261877059936523
0.7496038675308228
0.6007221937179565
0.6628602743148804
0.7417207360267639
0.7686599493026733
0.686963677406311
0.6823399066925049
0.67535400390625
0.7327292561531067
0.704621434211731
0.6429217457771301
0.7198391556739807
0.6812982559204102
0.7650637626647949
0.830483615398407
0.6662635207176208
0.747401237487793
0.7234807014465332
0.7715572118759155
0.8541325330734253
0.8034390211105347
0.8154335618019104
0.7727259397506714
0.7228610515594482
0.7818931341171265
0.7554110288619995
0.649169385433197
0.8211995959281921
0.7865978479385376
0.6679438352584839
0.7242024540901184
0.6225076913833618
0.7416279911994934
0.7793165445327759
0.6657866835594177
0.813484787940979
0.7022504806518555
0.6964267492294312
0.7383441925048828
0.676597535610199
0.7553620338439941
0.7216206789016724
0.6933829188346863
0.6464130282402039
0.6631556153297424
0.7138967514038086
0.7700444459915161
0.7087674140930176
0.8022515177726746
0.9078751802444458
0.7999664545059204
0.7168236970901489
0.6702148914337158
0.7882025241851807
0.7380956411361694
0.7732192277908325
0.661350667476654
0.7485387921333313
0.6204554438591003
0.7956352233886719
0.7670347690582275
0.735089898109436
0.7012308835983276
0.6604182720184326
0.7887671589851379
0.8207738399505615
0.7328705787658691
0.7433945536613464
0.6617050170898438
0.7692162990570068
0.69239741563797
0.7281095385551453
0.9111075401306152
0.6988934874534607
0.7062228918075562
0.7152091264724731
0.6814643740653992
0.7929000854492188
0.640884280204773
0.6543647050857544
0.7145617604255676
0.7147631049156189
0.6631836891174316
0.8344811797142029
0.7165966033935547
0.7697385549545288
0.7789928913116455
0.7142410278320312
0.65883868932724
0.6497259140014648
0.6411435008049011
0.7506653070449829
0.9340469837188721
0.6640397310256958
0.7801007032394409
0.7383260130882263
0.6597442626953125
0.6673195362091064
0.7471511960029602
0.645577073097229
0.7566096782684326
0.6753833293914795
0.789125919342041
0.7022120952606201
0.6652253270149231
0.8766940832138062
0.7044970393180847
0.7311211824417114
0.8106603622436523
0.5930998921394348
0.6576643586158752
0.6963346004486084
0.6859245300292969
0.705120325088501
0.7087172269821167
0.7180255651473999
0.6261262893676758
0.7457977533340454
0.8051315546035767
0.7084740400314331
0.787219762802124
0.8047451376914978
0.847926914691925
0.7148151993751526
0.7109184861183167
0.687801718711853
0.7018001079559326
0.6975873708724976
0.706896185874939
0.762580394744873
0.7532182931900024
0.7262033224105835
0.7713434100151062
0.7555763721466064
0.7510861158370972
0.6530221104621887
0.7609606981277466
0.7447207570075989
0.7779521942138672
0.6616493463516235
0.6215817332267761
0.7290701866149902
0.7130579948425293
0.6368929147720337
0.8057373762130737
0.7596210837364197
0.6929855942726135
0.809303879737854
0.7209414839744568
0.8477059602737427
0.7909296154975891
0.6827919483184814
0.7016541361808777
0.7263697385787964
0.7968587875366211
0.894874095916748
0.7947796583175659
0.7266527414321899
0.7491793632507324
0.6453936100006104
0.7572429180145264
0.7287122011184692
0.8000869750976562
0.8062393665313721
0.6882981061935425
0.6480926871299744
0.8539690971374512
0.7107555866241455
0.8430694341659546
0.6534069776535034
0.6651475429534912
0.9336873292922974
0.6461458206176758
0.6092438697814941
0.7813266515731812
0.7142157554626465
0.6719292998313904
0.7812166213989258
0.6605607271194458
0.7335245609283447
0.7361325025558472
0.7332481145858765
0.7383958101272583
0.8273387551307678
0.6767514944076538
0.7129330635070801
0.6970348358154297
0.6567095518112183
0.6831820011138916
0.6772624254226685
0.7254000902175903
0.7174379825592041
0.7854710817337036
0.8378238677978516
0.7548019886016846
0.7411150932312012
0.7032003402709961
0.671034038066864
0.7354967594146729
0.7696006298065186
0.7604360580444336
0.7008184194564819
0.7585364580154419
0.6903467178344727
0.6790992021560669
0.6810241937637329
0.754423975944519
0.6408859491348267
0.7803958654403687
0.7555743455886841
0.6594284772872925
0.8185153603553772
0.76664137840271
0.7441003322601318
0.6653935313224792
0.6653946042060852
0.6973428726196289
0.7078930735588074
0.699256181716919
0.6547597050666809
0.6830905079841614
0.7424959540367126
0.640917956829071
0.8403089046478271
0.7560007572174072
0.745782732963562
0.6565184593200684
0.7244957089424133
0.7140213251113892
0.7330976724624634
0.6691465377807617
0.75319504737854
0.6535769701004028
0.7344427108764648
0.6769334077835083
0.6973830461502075
0.6664386987686157
0.8952772617340088
0.7019909620285034
0.7328279614448547
0.703075110912323
0.6367684602737427
0.6497962474822998
0.7777851819992065
0.7230212688446045
0.7312631011009216
0.6794317960739136
0.7046604156494141
0.7873056530952454
0.7024418115615845
0.7672367095947266
0.6628254652023315
0.7929786443710327
0.6689173579216003
0.6911944150924683
0.7299758195877075
0.7293957471847534
0.6747132539749146
0.7141275405883789
0.7894893884658813
0.7274013757705688
0.6863827109336853
0.6385328769683838
0.7633148431777954
0.6755956411361694
0.8680880069732666
0.6448943614959717
0.6448449492454529
0.7086894512176514
0.5965100526809692
0.6855732202529907
0.6455872058868408
0.7641515731811523
0.6807805299758911
0.7375346422195435
0.8235445022583008
0.6565546989440918
0.7164839506149292
0.9533968567848206
0.8403551578521729
0.6679716110229492
0.6683626174926758
0.7258011102676392
0.7956202030181885
0.6855174899101257
0.7022497057914734
0.6873795986175537
0.6713926196098328
0.6720410585403442
0.694709062576294
0.664098858833313
0.6805064678192139
0.6973509788513184
0.6009438037872314
0.8156867027282715
0.7208803296089172
0.694003701210022
0.7394534945487976
0.7136393785476685
0.7000017166137695
0.6696504354476929
0.7541213035583496
0.7589770555496216
0.7344528436660767
0.6279696822166443
0.6500004529953003
0.6397417783737183
0.7699923515319824
0.6303369998931885
0.7651326656341553
0.6877991557121277
0.6503876447677612
0.6856582164764404
0.7126473784446716
0.7043243646621704
0.6562067270278931
0.7857933640480042
0.7638744115829468
0.6577746868133545
0.6666925549507141
0.7557348012924194
0.6779796481132507
0.6841716766357422
0.7901515960693359
0.6794348359107971
0.6178324222564697
0.7528704404830933
0.6837836503982544
0.8390918970108032
0.7210811376571655
0.6500744819641113
0.7755621075630188
0.6680864095687866
0.6663416028022766
0.7196946144104004
0.7289086580276489
0.7268856763839722
0.6763427257537842
0.6349138021469116
0.7054300308227539
0.7127439379692078
0.8410437107086182
0.6241998672485352
0.7085821628570557
0.7144409418106079
0.7154294848442078
0.6570833921432495
0.6227089166641235
0.7738146781921387
0.743837833404541
0.7638759613037109
0.6695005297660828
0.6464702486991882
0.6650972366333008
0.6943676471710205
0.6955822706222534
0.6519788503646851
0.8333723545074463
0.744634747505188
0.7086430191993713
0.7622665166854858
0.7522813081741333
0.7273434996604919
0.7633011341094971
0.6984138488769531
0.7560846209526062
0.7404494881629944
0.8237801790237427
0.6810778379440308
0.858538806438446
0.6566798686981201
0.717667818069458
0.6755455136299133
0.6915311813354492
0.6807593107223511
0.8411681652069092
0.6334131956100464
0.6626064777374268
0.7737501859664917
0.6834627389907837
0.8382995128631592
0.7111451029777527
0.6085999011993408
0.6882913112640381
0.688667356967926
0.6971413493156433
0.7383922338485718
0.6896625757217407
0.7217825651168823
0.7139914035797119
0.7359491586685181
0.7689377665519714
0.684969425201416
0.7648956775665283
0.7232609987258911
0.6920151114463806
0.6470035314559937
0.6770984530448914
0.7258309721946716
0.7226607799530029
0.6472641229629517
0.6555652618408203
0.7512449622154236
0.7255166172981262
0.7026961445808411
0.7651735544204712
0.7168483734130859
0.6619271636009216
0.652569055557251
0.6241017580032349
0.6727678179740906
0.7435106039047241
0.751467227935791
0.7484528422355652
0.6688263416290283
0.7787589430809021
0.8354766368865967
0.8124288320541382
0.6696332097053528
0.6641356945037842
0.7148764729499817
0.7487351298332214
0.611768901348114
0.6964132785797119
0.6811501979827881
0.6402883529663086
0.6013936400413513
0.6820905208587646
0.6362003087997437
0.6538940072059631
0.7754632234573364
0.8119609951972961
0.8049600124359131
0.6983786821365356
0.6826616525650024
0.6198273301124573
0.7026267647743225
0.7414684891700745
0.6600561141967773
0.8279242515563965
0.6398546695709229
0.6397568583488464
0.8104906678199768
0.8299274444580078
0.7039902806282043
0.7823832035064697
0.8358879089355469
0.7858278751373291
0.6754191517829895
0.7669883966445923
0.7359582185745239
0.713056206703186
0.658842146396637
0.6946961879730225
0.6101864576339722
0.673888087272644
0.6251041293144226
0.8502331972122192
0.7020413279533386
0.6549344062805176
0.6998175978660583
0.6976053714752197
0.6739643812179565
0.7244691252708435
0.7411395311355591
0.6947704553604126
0.7336893081665039
0.6907358765602112
0.6710257530212402
0.6806889176368713
0.6947015523910522
0.7556332349777222
0.7144560217857361
0.7059924602508545
0.5935302376747131
0.6708889007568359
0.6509187817573547
0.6535871028900146
0.6197032928466797
0.71564781665802
0.6280337572097778
0.6499209403991699
0.6736286878585815
0.6471806764602661
0.6661415100097656
0.772822380065918
0.8351473212242126
0.6684806942939758
0.7319160103797913
0.6941565275192261
0.8005856275558472
0.6952700614929199
0.6427966356277466
0.7038037776947021
0.7746820449829102
0.7705868482589722
0.6879040598869324
0.676285982131958
0.8361431956291199
0.7246718406677246
0.7200871109962463
0.6437315940856934
0.756564736366272
0.8775296807289124
0.7402905821800232
0.6814351081848145
0.8477775454521179
0.730895459651947
0.6659736633300781
0.7570865154266357
0.669814944267273
0.7355066537857056
0.702549934387207
0.6845480799674988
0.743241548538208
0.6075236797332764
0.7436444759368896
0.6444632411003113
0.6687616109848022
0.7251179218292236
0.792938768863678
0.8110533356666565
0.7989963293075562
0.6807196140289307
0.8440368175506592
0.6584931015968323
0.6570869088172913
0.6957801580429077
0.687518835067749
0.6586930751800537
0.680566132068634
0.8074674606323242
0.6828300356864929
0.6447786688804626
0.7767288088798523
0.7532148957252502
0.7414125204086304
0.7218656539916992
0.805155336856842
0.6842083930969238
0.7513178586959839
0.6261764168739319
0.7093554735183716
0.7466723918914795
0.7071162462234497
0.7542843818664551
0.7497144937515259
0.7398245334625244
0.6926546692848206
0.6689983606338501
0.6589075326919556
0.7071857452392578
0.670987606048584
0.6845149993896484
0.7176756858825684
0.7075108289718628
0.6662825345993042
0.712817907333374
0.7852118015289307
0.6356348991394043
0.6745660901069641
0.7382118701934814
0.6413916349411011
0.7295956611633301
0.6998258829116821
0.780734121799469
0.7530306577682495
0.652233362197876
0.641738772392273
0.725636899471283
0.7628576159477234
0.6978538036346436
0.7599917650222778
0.6671048402786255
0.7468640208244324
0.6394191384315491
0.603417694568634
0.5822325348854065
0.7296543121337891
0.6769297122955322
0.6692894697189331
0.7600110173225403
0.7699867486953735
0.6625642776489258
0.7959423065185547
0.7142668962478638
0.6833871603012085
0.6115888953208923
0.6430892944335938
0.5812951922416687
0.6207996010780334
0.6571996808052063
0.6929982900619507
0.7437827587127686
0.7571966052055359
0.7716437578201294
0.6957645416259766
0.7614854574203491
0.7536516189575195
0.6959084868431091
0.6182629466056824
0.6836822032928467
0.822109580039978
0.6682833433151245
0.7714093327522278
0.6677280068397522
0.5930047631263733
0.6192873120307922
0.7357109785079956
0.8527427911758423
0.7578459978103638
0.7301046848297119
0.7646522521972656
0.6444599628448486
0.7682576179504395
0.7289313673973083
0.6462312936782837
0.6933994293212891
0.6940432786941528
0.7217731475830078
0.6353051066398621
0.753860592842102
0.6239220499992371
0.6741365194320679
0.6480629444122314
0.7353855967521667
0.6988233327865601
0.8017940521240234
0.6491090655326843
0.6683518290519714
0.7517452836036682
0.6250007748603821
0.6906952261924744
0.6812208890914917
0.7395356893539429
0.7139132022857666
0.7814192771911621
0.7285813093185425
0.6817666292190552
0.7247227430343628
0.7587511539459229
0.7146531343460083
0.7078193426132202
0.6803302764892578
0.7937784194946289
0.7873207330703735
0.6905490159988403
0.7108103632926941
0.6891631484031677
0.8035906553268433
0.7442030906677246
0.7977966666221619
0.7119569778442383
0.6692362427711487
0.7389576435089111
0.6652123332023621
0.7002801895141602
0.6246622800827026
0.7097679376602173
0.6692035794258118
0.6373005509376526
0.6663931608200073
0.6682841181755066
0.7178522348403931
0.670068621635437
0.6968041658401489
0.717113733291626
0.6711006164550781
0.715901255607605
0.6450002789497375
0.6882136464118958
0.7091401219367981
0.6771101951599121
0.7680831551551819
0.7300856709480286
0.7518973350524902
0.7191826701164246
0.6945401430130005
0.7223968505859375
0.6874935626983643
0.767279863357544
0.721121072769165
0.7471088767051697
0.7106307744979858
0.7927316427230835
0.715079665184021
0.6484431624412537
0.7278240919113159
0.668067991733551
0.6507434248924255
0.6806463003158569
0.6557769775390625
0.7626854181289673
0.7046017646789551
0.6153706312179565
0.6485313177108765
0.6776579022407532
0.7595468759536743
0.7349849939346313
0.6261893510818481
0.6500856280326843
0.6193035840988159
0.8359682559967041
0.765442967414856
0.610069990158081
0.6671711802482605
0.6548504829406738
0.7078437805175781
0.8906681537628174
0.6365194916725159
0.8658000230789185
0.6164530515670776
0.7394214868545532
0.7113672494888306
0.8042024374008179
0.7966481447219849
0.7186319828033447
0.8103866577148438
0.6196961998939514
0.6393072009086609
0.7205967903137207
0.7550884485244751
0.6789337396621704
0.6838088035583496
0.7460162043571472
0.6588112115859985
0.7454279065132141
0.6851102113723755
0.663345217704773
0.688464343547821
0.7531031966209412
0.65444415807724
0.755650520324707
0.6889444589614868
0.6400918960571289
0.7211443185806274
0.7080776691436768
0.7234408259391785
0.7857837677001953
0.7196757197380066
0.662508487701416
0.6238149404525757
0.7280840277671814
0.680718183517456
0.6203340291976929
0.7335048913955688
0.632724404335022
0.7693793177604675
0.6838232278823853
0.6937917470932007
0.6736542582511902
0.6981859803199768
0.683158814907074
0.6257114410400391
0.6925849914550781
0.6763176918029785
0.7120469808578491
0.7791006565093994
0.7178272008895874
0.6419214010238647
0.6898290514945984
0.6443461179733276
0.6861767172813416
0.6102508306503296
0.6869597434997559
0.7894905805587769
0.6907803416252136
0.6625506281852722
0.6137092113494873
0.7242568731307983
0.6892212629318237
0.6889644861221313
0.7741615772247314
0.8132383823394775
0.6546019911766052
0.6197102069854736
0.6786293983459473
0.6385433673858643
0.7109867334365845
0.6665471792221069
0.7530330419540405
0.7425323724746704
0.8477519750595093
0.6851056814193726
0.6797614097595215
0.61649489402771
0.6433741450309753
0.6964422464370728
0.6760284900665283
0.6962203979492188
0.6899657249450684
0.6673957705497742
0.6455494165420532
0.6362493634223938
0.653671145439148
0.6587742567062378
0.6862095594406128
0.7943452000617981
0.8096917867660522
0.8053339719772339
0.7209270000457764
0.677696943283081
0.7225563526153564
0.7263665199279785
0.6507975459098816
0.7558196187019348
0.7849267721176147
0.7624147534370422
0.7482661008834839
0.6637600660324097
0.7409236431121826
0.7290090322494507
0.6862642765045166
0.6327990293502808
0.6303145289421082
0.6411871910095215
0.7473914623260498
0.6763170957565308
0.7312991619110107
0.8165755867958069
0.7069668173789978
0.6530948281288147
0.7371500730514526
0.6151899099349976
0.8771895170211792
0.7699246406555176
0.8554894924163818
0.6589716076850891
0.7702423334121704
0.7443186640739441
0.7381032705307007
0.6228281259536743
0.8723371028900146
0.603661060333252
0.7935293912887573
0.7386230230331421
0.8061287999153137
0.6792008876800537
0.6645119190216064
0.6396236419677734
0.7263193130493164
0.7046813368797302
0.6396192312240601
0.676324725151062
0.6859627962112427
0.7876770496368408
0.759599506855011
0.6963294744491577
0.6296596527099609
0.6791025400161743
0.7774499654769897
0.615207850933075
0.6808711290359497
0.6705081462860107
0.6873469352722168
0.6810019016265869
0.6034030318260193
0.6957188248634338
0.8130418062210083
0.6390454173088074
0.6158327460289001
0.693061351776123
0.7504898905754089
0.6221814751625061
0.690882682800293
0.7585927844047546
0.8404450416564941
0.8016481399536133
0.648411750793457
0.6453490853309631
0.670634388923645
0.7639987468719482
0.7444583177566528
0.6788864135742188
0.7161731719970703
0.9443346858024597
0.7211808562278748
0.7618475556373596
0.6991766691207886
0.7059218883514404
0.6842759251594543
0.6904122829437256
0.742114782333374
0.7026325464248657
0.6899749040603638
0.6261852383613586
0.8157294988632202
0.719301700592041
0.6403882503509521
0.7511305809020996
0.7626786231994629
0.7109918594360352
0.6593564748764038
0.7140651345252991
0.7020688056945801
0.6576662063598633
0.7192485332489014
0.7329983711242676
0.7559916973114014
0.6194918751716614
0.6530301570892334
0.6912529468536377
0.6189660429954529
0.7200379371643066
0.748358964920044
0.6635978817939758
0.6499392986297607
0.6820409893989563
0.6541560888290405
0.6887171268463135
0.6048223376274109
0.7222018241882324
0.6514874696731567
0.7251089811325073
0.675347626209259
0.6990647912025452
0.7277911305427551
0.6268373131752014
0.7451122999191284
0.7112255692481995
0.668178915977478
0.785824716091156
0.6917746067047119
0.6400002241134644
0.7096754312515259
0.6883968710899353
0.654104471206665
0.6898311376571655
0.6764477491378784
0.6642670631408691
0.6872889995574951
