0.21666666865348816
0.28333333134651184
0.3233333230018616
0.3866666555404663
0.4333333373069763
0.46000000834465027
0.47999998927116394
0.476666659116745
0.6200000047683716
0.5733333230018616
0.6600000262260437
0.5833333134651184
0.6766666769981384
0.6200000047683716
0.6866666674613953
0.6933333277702332
0.6600000262260437
0.6966666579246521
0.7566666603088379
0.8066666722297668
0.7566666603088379
0.7233333587646484
0.7799999713897705
0.8033333420753479
0.753333330154419
0.8299999833106995
0.7699999809265137
0.8366666436195374
0.7699999809265137
0.800000011920929
0.8266666531562805
0.8233333230018616
0.8066666722297668
0.8333333134651184
0.8133333325386047
0.8600000143051147
0.7566666603088379
0.8066666722297668
0.7933333516120911
0.8199999928474426
0.800000011920929
0.8133333325386047
0.7833333611488342
0.8600000143051147
0.9066666960716248
0.8433333039283752
0.8399999737739563
0.7933333516120911
0.8700000047683716
0.8799999952316284
0.8799999952316284
0.8799999952316284
0.8566666841506958
0.8933333158493042
0.8700000047683716
0.8633333444595337
0.8799999952316284
0.8566666841506958
0.8899999856948853
0.8766666650772095
0.903333306312561
0.8500000238418579
0.8166666626930237
0.9066666960716248
0.9133333563804626
0.8899999856948853
0.8799999952316284
0.846666693687439
0.9100000262260437
0.8899999856948853
0.9166666865348816
0.8833333253860474
0.8899999856948853
0.8833333253860474
0.8633333444595337
0.903333306312561
0.8833333253860474
0.9066666960716248
0.9366666674613953
0.8533333539962769
0.8933333158493042
0.9300000071525574
0.8966666460037231
0.8633333444595337
0.9266666769981384
0.8766666650772095
0.8899999856948853
0.9166666865348816
0.9100000262260437
0.903333306312561
0.8899999856948853
0.8733333349227905
0.9100000262260437
0.8733333349227905
0.8999999761581421
0.8999999761581421
0.8500000238418579
0.9166666865348816
0.9166666865348816
0.9100000262260437
0.9166666865348816
0.9066666960716248
0.9300000071525574
0.8999999761581421
0.9200000166893005
0.8500000238418579
0.8700000047683716
0.9333333373069763
0.9066666960716248
0.8799999952316284
0.9399999976158142
0.8766666650772095
0.8899999856948853
0.8933333158493042
0.9166666865348816
0.9300000071525574
0.8899999856948853
0.8966666460037231
0.9233333468437195
0.9066666960716248
0.8999999761581421
0.9100000262260437
0.9399999976158142
0.9100000262260437
0.9300000071525574
0.9233333468437195
0.9366666674613953
0.8533333539962769
0.8700000047683716
0.9666666388511658
0.9366666674613953
0.8733333349227905
0.9433333277702332
0.9300000071525574
0.9266666769981384
0.8933333158493042
0.9333333373069763
0.9333333373069763
0.9166666865348816
0.9300000071525574
0.9333333373069763
0.9300000071525574
0.9200000166893005
0.9566666483879089
0.8766666650772095
0.903333306312561
0.9233333468437195
0.9300000071525574
0.9566666483879089
0.9433333277702332
0.9333333373069763
0.9399999976158142
0.9166666865348816
0.9366666674613953
0.9300000071525574
0.9166666865348816
0.9599999785423279
0.9200000166893005
0.8866666555404663
0.9399999976158142
0.9266666769981384
0.9200000166893005
0.9233333468437195
0.949999988079071
0.9066666960716248
0.9399999976158142
0.9399999976158142
0.9100000262260437
0.9599999785423279
0.9100000262260437
0.9399999976158142
0.9366666674613953
0.9166666865348816
0.9066666960716248
0.9466666579246521
0.8933333158493042
0.9300000071525574
0.9366666674613953
0.9266666769981384
0.9466666579246521
0.9300000071525574
0.9566666483879089
0.9166666865348816
0.9366666674613953
0.9366666674613953
0.9166666865348816
0.9333333373069763
0.9433333277702332
0.95333331823349
0.9566666483879089
0.9466666579246521
0.9100000262260437
0.9833333492279053
0.9133333563804626
0.9300000071525574
0.9399999976158142
0.9633333086967468
0.95333331823349
0.9633333086967468
0.8733333349227905
0.949999988079071
0.9666666388511658
0.9633333086967468
0.9466666579246521
0.949999988079071
0.9466666579246521
0.9366666674613953
0.9166666865348816
0.9200000166893005
0.9433333277702332
0.9399999976158142
0.95333331823349
0.9200000166893005
0.9266666769981384
0.9366666674613953
0.9433333277702332
0.9300000071525574
0.9233333468437195
0.9333333373069763
0.9399999976158142
0.9133333563804626
0.9433333277702332
0.9433333277702332
0.9466666579246521
0.9333333373069763
0.9266666769981384
0.9466666579246521
0.8799999952316284
0.9233333468437195
0.9466666579246521
0.9433333277702332
0.949999988079071
0.9233333468437195
0.8999999761581421
0.9599999785423279
0.9633333086967468
0.9100000262260437
0.9599999785423279
0.9433333277702332
0.9766666889190674
0.9433333277702332
0.9333333373069763
0.9466666579246521
0.9300000071525574
0.9633333086967468
0.9100000262260437
0.9433333277702332
0.9666666388511658
0.9399999976158142
0.9599999785423279
0.9566666483879089
0.9466666579246521
0.9800000190734863
0.95333331823349
0.9599999785423279
0.9633333086967468
0.9566666483879089
0.903333306312561
0.9433333277702332
0.9300000071525574
0.9233333468437195
0.9566666483879089
0.9300000071525574
0.95333331823349
0.9466666579246521
0.9399999976158142
0.9466666579246521
0.9399999976158142
0.9100000262260437
0.949999988079071
0.9333333373069763
0.9599999785423279
0.9333333373069763
0.95333331823349
0.9100000262260437
0.8999999761581421
0.9266666769981384
0.9399999976158142
0.9599999785423279
0.9433333277702332
0.9566666483879089
0.9633333086967468
0.9300000071525574
0.9466666579246521
0.9366666674613953
0.9433333277702332
0.9166666865348816
0.9433333277702332
0.9399999976158142
0.9599999785423279
0.9399999976158142
0.9466666579246521
0.9700000286102295
0.9566666483879089
0.9599999785423279
0.9133333563804626
0.9433333277702332
0.9399999976158142
0.9733333587646484
0.9700000286102295
0.9366666674613953
0.9599999785423279
0.9333333373069763
0.9599999785423279
0.9266666769981384
0.9700000286102295
0.9733333587646484
0.9399999976158142
0.949999988079071
0.9666666388511658
0.9433333277702332
0.949999988079071
0.9266666769981384
0.949999988079071
0.949999988079071
0.95333331823349
0.95333331823349
0.9566666483879089
0.9700000286102295
0.9733333587646484
0.9733333587646484
0.9633333086967468
0.9433333277702332
0.9433333277702332
0.9666666388511658
0.9433333277702332
0.9599999785423279
0.9399999976158142
0.95333331823349
0.9433333277702332
0.9433333277702332
0.9300000071525574
0.9466666579246521
0.9599999785423279
0.9599999785423279
0.9599999785423279
0.9366666674613953
0.9566666483879089
0.9300000071525574
0.9466666579246521
0.95333331823349
0.9766666889190674
0.9433333277702332
0.9433333277702332
0.95333331823349
0.9633333086967468
0.9766666889190674
0.9433333277702332
0.949999988079071
0.9599999785423279
0.9766666889190674
0.949999988079071
0.95333331823349
0.9366666674613953
0.95333331823349
0.9666666388511658
0.9766666889190674
0.9833333492279053
0.9766666889190674
0.9633333086967468
0.9700000286102295
0.9633333086967468
0.9466666579246521
0.9666666388511658
0.9433333277702332
0.9399999976158142
0.9633333086967468
0.9366666674613953
0.9399999976158142
0.95333331823349
0.9599999785423279
0.9599999785423279
0.9800000190734863
0.9599999785423279
0.9633333086967468
0.9166666865348816
0.9766666889190674
0.9599999785423279
0.949999988079071
0.949999988079071
0.9766666889190674
0.9566666483879089
0.95333331823349
0.9766666889190674
0.9133333563804626
0.9333333373069763
0.95333331823349
0.9733333587646484
0.9766666889190674
0.9599999785423279
0.9266666769981384
0.9366666674613953
0.9599999785423279
0.949999988079071
0.9433333277702332
0.9200000166893005
0.9333333373069763
0.9566666483879089
0.9733333587646484
0.9666666388511658
0.9766666889190674
0.9633333086967468
0.9433333277702332
0.9333333373069763
0.9900000095367432
0.9266666769981384
0.9666666388511658
0.9599999785423279
0.9700000286102295
0.9399999976158142
0.9566666483879089
0.9599999785423279
0.9566666483879089
0.949999988079071
0.9599999785423279
0.95333331823349
0.9566666483879089
0.9433333277702332
0.9766666889190674
0.9766666889190674
0.9166666865348816
0.9866666793823242
0.9833333492279053
0.9733333587646484
0.9733333587646484
0.9599999785423279
0.9700000286102295
0.95333331823349
0.9166666865348816
0.9300000071525574
0.9666666388511658
0.9733333587646484
0.9766666889190674
0.9633333086967468
0.9633333086967468
0.949999988079071
0.9433333277702332
0.9266666769981384
0.9433333277702332
0.9566666483879089
0.95333331823349
0.9633333086967468
0.9733333587646484
0.9733333587646484
0.9833333492279053
0.9566666483879089
0.949999988079071
0.9433333277702332
0.9433333277702332
0.9200000166893005
0.9599999785423279
0.9433333277702332
0.9633333086967468
0.9599999785423279
0.9733333587646484
0.9733333587646484
0.9700000286102295
0.9700000286102295
0.9466666579246521
0.949999988079071
0.95333331823349
0.9599999785423279
0.9133333563804626
0.9833333492279053
0.9800000190734863
0.9633333086967468
0.9599999785423279
0.9633333086967468
0.9233333468437195
0.9866666793823242
0.9466666579246521
0.9766666889190674
0.9833333492279053
0.9333333373069763
0.9466666579246521
0.9666666388511658
0.9599999785423279
0.9166666865348816
0.9733333587646484
0.9633333086967468
0.9266666769981384
0.9166666865348816
0.9766666889190674
0.9066666960716248
0.9700000286102295
0.9466666579246521
0.9666666388511658
0.9766666889190674
0.9766666889190674
0.9433333277702332
0.9733333587646484
0.9733333587646484
0.9599999785423279
0.949999988079071
0.9700000286102295
0.9666666388511658
0.9766666889190674
0.9633333086967468
0.9700000286102295
0.949999988079071
0.9466666579246521
0.9833333492279053
0.9700000286102295
0.9566666483879089
0.9433333277702332
0.9733333587646484
0.9599999785423279
0.949999988079071
0.9933333396911621
0.9700000286102295
0.9800000190734863
0.9666666388511658
0.9766666889190674
0.9666666388511658
0.9700000286102295
0.9800000190734863
0.9766666889190674
0.9633333086967468
0.9866666793823242
0.9666666388511658
0.9599999785423279
0.9766666889190674
0.9433333277702332
0.9633333086967468
0.9599999785423279
0.9700000286102295
0.9666666388511658
0.9599999785423279
0.9666666388511658
0.9566666483879089
0.9700000286102295
0.9399999976158142
0.9633333086967468
0.9433333277702332
0.9700000286102295
0.9599999785423279
0.95333331823349
0.9700000286102295
0.9866666793823242
0.9633333086967468
0.95333331823349
0.9666666388511658
0.9566666483879089
0.9599999785423279
0.9700000286102295
0.95333331823349
0.9700000286102295
0.9733333587646484
0.9366666674613953
0.9833333492279053
0.9700000286102295
0.9700000286102295
0.9666666388511658
0.9866666793823242
0.9933333396911621
0.9766666889190674
0.9666666388511658
0.9666666388511658
0.9566666483879089
0.9633333086967468
0.9700000286102295
0.9366666674613953
0.9700000286102295
0.9333333373069763
0.9733333587646484
0.9700000286102295
0.996666669845581
0.9766666889190674
0.9933333396911621
0.9766666889190674
0.9266666769981384
0.9900000095367432
0.9833333492279053
0.9300000071525574
0.9633333086967468
0.9833333492279053
0.9666666388511658
0.9666666388511658
0.9599999785423279
0.9566666483879089
0.8999999761581421
0.9599999785423279
0.9333333373069763
0.9599999785423279
0.9666666388511658
0.9633333086967468
0.9599999785423279
0.9866666793823242
0.9599999785423279
0.95333331823349
0.9766666889190674
0.9733333587646484
0.9633333086967468
0.9766666889190674
0.9633333086967468
0.949999988079071
0.9566666483879089
0.9633333086967468
0.9666666388511658
0.949999988079071
0.9633333086967468
0.9599999785423279
0.9833333492279053
0.9566666483879089
0.9766666889190674
0.9833333492279053
0.9700000286102295
0.9666666388511658
0.9233333468437195
0.9800000190734863
0.949999988079071
0.9566666483879089
0.95333331823349
0.9599999785423279
0.9766666889190674
0.9866666793823242
0.9666666388511658
0.949999988079071
0.9633333086967468
0.95333331823349
0.949999988079071
0.9833333492279053
0.9866666793823242
0.9599999785423279
0.95333331823349
0.9766666889190674
0.9633333086967468
0.949999988079071
0.9800000190734863
0.9333333373069763
0.9566666483879089
0.9633333086967468
0.9733333587646484
0.9666666388511658
0.9766666889190674
0.9766666889190674
0.9700000286102295
0.9566666483879089
0.9866666793823242
0.9700000286102295
0.9766666889190674
0.9833333492279053
0.9833333492279053
0.9599999785423279
0.9733333587646484
0.949999988079071
0.9900000095367432
0.9700000286102295
0.9300000071525574
0.9700000286102295
0.9833333492279053
0.9633333086967468
0.9466666579246521
0.9833333492279053
0.9633333086967468
0.9833333492279053
0.95333331823349
0.95333331823349
0.9866666793823242
0.9666666388511658
0.9700000286102295
0.9866666793823242
0.95333331823349
0.9666666388511658
0.9700000286102295
0.9599999785423279
0.9700000286102295
0.9700000286102295
0.9833333492279053
0.9766666889190674
0.9666666388511658
0.9700000286102295
0.9766666889190674
0.9666666388511658
0.9633333086967468
0.9666666388511658
0.95333331823349
0.9766666889190674
0.9833333492279053
0.9800000190734863
0.996666669845581
0.9833333492279053
0.9733333587646484
0.9800000190734863
0.9633333086967468
0.9866666793823242
0.95333331823349
0.9666666388511658
0.9700000286102295
0.9833333492279053
0.9666666388511658
0.9766666889190674
0.9633333086967468
0.949999988079071
0.9566666483879089
0.9866666793823242
0.9766666889190674
0.9733333587646484
0.9666666388511658
0.9733333587646484
0.9700000286102295
0.9766666889190674
0.9666666388511658
0.9800000190734863
0.9733333587646484
0.9700000286102295
0.9833333492279053
0.9633333086967468
0.9666666388511658
0.9433333277702332
0.9866666793823242
0.9866666793823242
0.9766666889190674
0.9733333587646484
0.9866666793823242
0.9866666793823242
0.95333331823349
0.9766666889190674
0.9733333587646484
0.9900000095367432
0.9666666388511658
0.9700000286102295
0.9766666889190674
0.9766666889190674
0.9566666483879089
0.9633333086967468
0.9833333492279053
0.9666666388511658
0.9900000095367432
0.9766666889190674
0.9766666889190674
0.9866666793823242
0.9733333587646484
0.9733333587646484
0.9800000190734863
0.9766666889190674
0.9800000190734863
0.95333331823349
0.9833333492279053
0.9700000286102295
0.9800000190734863
0.9766666889190674
0.9800000190734863
0.9633333086967468
0.9833333492279053
0.9833333492279053
0.9599999785423279
0.9399999976158142
0.9666666388511658
0.9700000286102295
0.9733333587646484
0.9766666889190674
0.9666666388511658
0.95333331823349
0.9900000095367432
0.9566666483879089
0.9733333587646484
0.9900000095367432
0.9766666889190674
0.9766666889190674
0.9766666889190674
0.9933333396911621
0.9666666388511658
0.9800000190734863
0.9733333587646484
0.9700000286102295
0.9566666483879089
0.9633333086967468
0.9800000190734863
0.95333331823349
0.9733333587646484
0.9833333492279053
0.9733333587646484
0.9933333396911621
0.9633333086967468
0.9766666889190674
0.9833333492279053
0.9733333587646484
0.9733333587646484
0.9833333492279053
0.9700000286102295
0.9766666889190674
0.9800000190734863
0.9599999785423279
0.9733333587646484
0.9766666889190674
0.9733333587646484
0.9800000190734863
0.9766666889190674
0.9833333492279053
0.95333331823349
0.9666666388511658
0.9733333587646484
0.9700000286102295
0.9833333492279053
0.9566666483879089
0.9766666889190674
0.9633333086967468
0.9666666388511658
0.9733333587646484
0.9933333396911621
0.9666666388511658
0.9866666793823242
0.9599999785423279
0.9700000286102295
0.9766666889190674
0.9599999785423279
0.9633333086967468
0.9800000190734863
0.9733333587646484
0.9833333492279053
0.9700000286102295
0.9733333587646484
0.9633333086967468
0.9766666889190674
0.9599999785423279
0.9833333492279053
0.9800000190734863
0.9733333587646484
0.9800000190734863
0.9900000095367432
0.9833333492279053
0.9700000286102295
0.9866666793823242
0.9800000190734863
0.9766666889190674
0.9866666793823242
0.9833333492279053
0.9800000190734863
0.9933333396911621
0.9666666388511658
0.9766666889190674
0.9866666793823242
0.9466666579246521
0.9700000286102295
0.9700000286102295
0.9666666388511658
0.9800000190734863
0.9800000190734863
0.9800000190734863
0.9599999785423279
0.9733333587646484
0.9800000190734863
0.9566666483879089
0.9666666388511658
0.95333331823349
0.9566666483879089
0.9833333492279053
0.9766666889190674
0.9700000286102295
0.9566666483879089
0.9700000286102295
0.9900000095367432
0.9766666889190674
0.9733333587646484
0.9566666483879089
0.9766666889190674
0.9666666388511658
0.9700000286102295
0.9800000190734863
0.9666666388511658
0.9633333086967468
0.9800000190734863
0.9599999785423279
0.9700000286102295
0.9800000190734863
0.9866666793823242
0.9633333086967468
0.9933333396911621
0.9800000190734863
0.9866666793823242
0.9766666889190674
0.9800000190734863
0.9900000095367432
0.9733333587646484
0.9800000190734863
0.9599999785423279
0.9866666793823242
0.9700000286102295
0.9566666483879089
0.9733333587646484
0.9666666388511658
0.9700000286102295
0.9933333396911621
0.9766666889190674
0.9700000286102295
0.9666666388511658
0.9800000190734863
0.9833333492279053
0.9599999785423279
0.9800000190734863
0.9700000286102295
0.9866666793823242
0.9833333492279053
0.9700000286102295
0.9766666889190674
0.9866666793823242
0.9733333587646484
0.9866666793823242
0.9800000190734863
0.9633333086967468
0.9800000190734863
0.9800000190734863
0.9900000095367432
0.9733333587646484
0.9900000095367432
0.9733333587646484
0.9833333492279053
0.9766666889190674
0.9666666388511658
0.9866666793823242
0.9566666483879089
0.95333331823349
0.9833333492279053
0.9833333492279053
0.9633333086967468
0.9633333086967468
0.9766666889190674
0.9366666674613953
0.949999988079071
0.9800000190734863
0.9700000286102295
0.9800000190734863
0.9933333396911621
0.9866666793823242
0.9733333587646484
0.9833333492279053
0.9833333492279053
0.95333331823349
0.9599999785423279
0.9666666388511658
0.9933333396911621
0.9866666793823242
0.996666669845581
0.9866666793823242
0.949999988079071
0.95333331823349
0.9366666674613953
0.9800000190734863
0.9733333587646484
0.9766666889190674
0.9900000095367432
0.9833333492279053
0.9766666889190674
0.9733333587646484
0.9800000190734863
0.9733333587646484
0.9833333492279053
0.949999988079071
0.9833333492279053
0.9666666388511658
0.9733333587646484
0.9866666793823242
0.9800000190734863
0.9766666889190674
0.9866666793823242
0.9900000095367432
0.95333331823349
0.9700000286102295
0.9666666388511658
0.9733333587646484
0.9766666889190674
0.9900000095367432
0.9599999785423279
0.9700000286102295
0.9833333492279053
0.9733333587646484
0.9633333086967468
0.9900000095367432
0.9766666889190674
0.9566666483879089
0.996666669845581
0.9599999785423279
0.9800000190734863
0.9633333086967468
0.9766666889190674
0.9933333396911621
0.996666669845581
0.9766666889190674
0.9733333587646484
0.9766666889190674
0.9766666889190674
0.9733333587646484
0.9666666388511658
0.9833333492279053
0.9733333587646484
0.9733333587646484
0.9866666793823242
0.9866666793823242
0.9666666388511658
0.9766666889190674
0.9833333492279053
0.9933333396911621
0.9599999785423279
0.9733333587646484
0.9933333396911621
0.996666669845581
0.9700000286102295
0.9766666889190674
0.9666666388511658
0.9599999785423279
