0.18558922598157265
0.19367003433331095
0.19306397302584213
0.19905723939941386
0.20976430967901694
0.20895623009313236
0.21306397382057074
0.22242424328519841
0.21252525274199668
0.23063973134214227
0.2253872070348624
0.2416835032930278
0.2534680138483192
0.2422222232050968
0.2619528628961004
0.2571717181591072
0.25703703800235134
0.24996633172938318
0.2781144786964763
0.27508417554575987
0.2934006740047474
0.2764309774896111
0.276296296128721
0.29818181919329095
0.28336700217591393
0.30720538713715295
0.30168350289265317
0.21622895712804313
0.25003367037785174
0.2758249160316255
0.28720538784759214
0.2852525251983392
0.2834343440604932
0.3086195294604157
0.2952861976292398
0.29750841818373613
0.3074074083506459
0.2981144797922385
0.31892256017285164
0.33393939546864443
0.33925925857490963
0.3278114487125416
0.32707070687202494
0.316430976896575
0.33609427752518894
0.33622895557470994
0.32740740809175706
0.3340740747975581
0.3465319864376627
0.32875420935828276
0.33804713927134117
0.3535353529332864
0.3501010103659196
0.3521212104595069
0.35501683525966876
0.34350168464159725
0.35030303188044615
0.35286195395570813
0.36276094299374206
0.35858585948895927
0.3682154900196827
0.34451178423684053
0.35205387293991414
0.35986532075236544
0.3672053880161709
0.3851178458543739
0.3579124582536293
0.3702356902637867
0.37488215665022534
0.37427609541801493
0.37279461324214935
0.37892255849308437
0.3846464634242684
0.37279461384421647
0.37919192076331437
0.37138047242405436
0.36693602559542415
0.38033669976272966
0.3929292931400164
0.3753535368225791
0.3979124604451536
0.38996633059448665
0.3766329976344349
0.3603367015267863
0.37178451244277183
0.3903703710647545
0.401279460149582
0.3913131317104956
0.39434343410862815
0.37595959353928615
0.39326599255354716
0.38700336707059785
0.236296295743398
0.2752188558530326
0.3137373745140403
0.32471380555870555
0.32632996698822636
0.34282828476091826
0.35218855166676066
0.3433670037322574
0.34700336691105005
0.36639730602201787
0.357710437943237
0.3771043781078223
0.3822895636161168
0.3676094280348884
0.3853872042111676
0.3848484843367278
0.37912457895399343
0.3639730627488608
0.3864646480240003
0.40363636432272015
0.38767676943480367
0.39427609515912604
0.4098316488241909
0.4040404031373034
0.39797979969568925
0.399797980984052
0.40269360307491187
0.42363636436486485
0.39771043607080825
0.396565656318809
0.4060606069938101
0.4154882158594902
0.4137373741226967
0.41171717177135775
0.4237037028628166
0.4049831660407962
0.3917171712776627
0.40794612813477565
0.414882155831414
0.4157575754204182
0.40828282784933995
0.41730639774992007
0.41474747477155743
0.42215488550036845
0.42787878922741823
0.4135353536617876
0.40161616182086446
0.41959596011373734
0.4356902348573762
0.4228282838758796
0.42828282954716923
0.4283501695502888
0.4251851836840312
0.43744107764778717
0.43629629714320406
0.4306397337203074
0.4406734015604462
0.42208754248691327
0.419326598746608
0.4208754191193918
0.43333333339354
0.438653200112208
0.4284175095534084
0.43784511872012205
0.4404040412469344
0.45077441075835567
0.44888888946687333
0.43966329895486733
0.43602693788330965
0.4302356911428047
0.4410101015760441
0.4230303029821377
0.43272727396753097
0.43488215497045807
0.4296296297600775
0.42262626341497056
0.4351515142303525
0.44161616100205314
0.4337373740143246
0.4463973061905967
0.43649831579791176
0.43663299610518447
0.43050505130579975
0.46814814751798456
0.4533333343387854
0.43367003310810437
0.43306397323054496
0.4424242426951726
0.4496296282970544
0.45407407452361753
0.45138046988333114
0.44619528618123794
0.45872053925437156
0.4525925927993023
0.4368350159640264
0.45683501871547316
0.43191919137131085
0.44141414084217767
0.44895622841637545
0.45602693702235364
0.4604040411385623
0.44875420900908386
0.4459932666234296
0.45030302968290115
0.45878787865542403
0.4717171737039932
0.46390572461214935
0.436228956086467
0.45212121172384784
0.4653198637745597
0.46646464774102875
0.46013468052401685
0.4527946150664127
0.4552188548776839
0.44626262768952535
0.4478114473097252
0.46114477996874337
0.46127946132963354
0.4654545449849331
0.44949494768874815
0.4517845129123842
0.4720538729670072
0.4216835020166455
0.46531986558076105
0.45643097613797046
0.44774411016642446
0.458653199251252
0.45966329914752885
0.4591919200287925
0.46700336475564974
0.4909090893437164
0.46558922739944075
0.4682154884242048
0.46626262743063646
0.47373737289447976
0.4643771044834696
0.44915824707108315
0.49326599426943846
0.467205387173277
0.4628282845622361
0.4657239055994785
0.47084175215827095
0.46888888935850126
0.462356903938332
0.4663973068348085
0.46915824786581173
0.4592592604834624
0.47151515008223177
0.4757575753963355
0.47636363753164657
0.4676767683992482
0.4758249164530725
0.481750840189481
0.4819528635102089
0.4746127923329671
0.49548821467341797
0.4822895623216725
0.4772390566691004
