2.6838990341533315
2.3324605238558065
2.3097006166824188
2.2966124866947983
2.290660761823558
2.2739449847828257
2.2586814562479653
2.245971193217268
2.266678133396187
2.2353398173746437
2.237106623071613
2.2040829128689237
2.1808563386551056
2.2100306002780643
2.1737916361201894
2.183528590683985
2.182073890560805
2.183908557651019
2.140506396389971
2.147526061896122
2.113183615183589
2.139202553816516
2.1414308006113227
2.1154391693346426
2.126963981474289
2.085064313628457
2.087937010659112
2.4147565388920333
2.1897570292154946
2.123606573451649
2.121629379012368
2.1167453250499686
2.109547648767028
2.075010568204552
2.0891297056217386
2.098135293132127
2.073638162227592
2.085952745543586
2.0623608887797653
2.0282196926348135
2.0170783864127264
2.044763548205597
2.0307556920581393
2.0570711884835755
2.026139674764691
2.0179044959521053
2.02533372122832
2.0145556890603267
1.9829385039782284
2.025905557353087
2.0057089762254194
2.0030178421675555
1.9892407655715942
1.9764028920067682
1.9826843834886647
2.008201109038459
1.9910536739561293
1.9932319503841978
1.9711163068058515
1.982663849387506
1.9417872862382368
2.016068123807811
1.9837260788137263
1.962986424715832
1.962466295319374
1.914444919788476
1.9757182959354285
1.9484909965534403
1.9314951402972442
1.9402132624327535
1.9345776866180728
1.9240607974505184
1.9134963461847017
1.9467466479600077
1.944376579438797
1.9534457548700197
1.9387317643021091
1.9203803743978944
1.9191777826559664
1.9431335938097252
1.9018038053705235
1.9190495483803027
1.946689535873105
1.9667949086487895
1.9371269784792504
1.9066384705630215
1.8792542556319574
1.9082460150574192
1.8944161034593678
1.9280935393439398
1.9013739029566448
2.464065630026538
2.2846849530634254
2.1373334147713403
2.0917610905387183
2.0440242374786224
2.035593053307196
1.9989066184169115
1.9988796891588154
2.0055733292993874
1.9987459832971746
1.955131557252672
1.9722809899937024
1.9426136919946382
1.930856583094356
1.9512194395065308
1.9200823812773733
1.9218179192205873
1.9294431727341932
1.9427692288100118
1.9187734307664814
1.8773654097258443
1.907258187881624
1.907440378208353
1.876507423140786
1.8818999167644617
1.8840746012600986
1.882732341987918
1.860177406156906
1.8476829023072214
1.8886463581913648
1.8849022316210198
1.8742337901182848
1.8478666146596272
1.8445181063931397
1.859036892351478
1.8341349399451055
1.8859270076559047
1.8956800988226226
1.8670170752689093
1.8605550383076523
1.8542990768798675
1.860601863475761
1.8368318369894316
1.8647291407440647
1.8305597967571683
1.8304641716408008
1.8537054748246165
1.8955728634439333
1.8534089387065233
1.8167328750244294
1.8290557644583962
1.818257420954078
1.8396516604857012
1.8316736377850928
1.800459091109459
1.8003885493134006
1.8254404104117192
1.7763782318192298
1.8258502302747783
1.836944802842959
1.8213523313252613
1.8042754729588826
1.8112550058750192
1.8246991658451581
1.808087327263572
1.7944853185403227
1.7817929766394875
1.7861178980933294
1.793178136902626
1.7939711219132548
1.820925696931704
1.7917857772172099
1.8322271987645313
1.81435076516084
1.8070435969516485
1.8287684833160553
1.823123615197461
1.8024416680287834
1.7909506330586442
1.815433169856216
1.7699597905380557
1.8016284451340183
1.7901143642387005
1.822485787699921
1.7536237372292414
1.760457896222972
1.7930243617356425
1.8144972721735637
1.788572128372963
1.7794963470613114
1.778839536387511
1.7745537348467895
1.7790925310115622
1.7633308738169045
1.7634159037561128
1.7933928003214827
1.7563956084877554
1.7950015573790579
1.789548893167515
1.7735390301906702
1.7334622493898026
1.7329035286951546
1.757597211635474
1.7623380928328543
1.76388882386564
1.7519032521681352
1.7292970418930054
1.7416231487736558
1.7888726140513564
1.7592990723523227
1.7400587821247602
1.7433298657638858
1.7479403103240814
1.763405406113827
1.7468114043727065
1.7704972113021697
1.77235433549592
1.7336072753174137
1.7328140759708905
1.7452864117092557
1.7877987912206939
1.766418735186259
1.7489766496600527
1.8298831094395032
1.7341148395730992
1.7520883492749146
1.7728821280026676
1.7634995296747997
1.7437101096817942
1.741100463000211
1.7390385492883547
1.6980737784896234
1.7403711911403772
1.7339107231660322
1.73608308368259
1.70255154913122
1.7452831774046926
1.758613164978798
1.6847525485838302
1.7205258812567201
1.7232499194867683
1.7187029026975535
1.7235687465378733
1.7291537872468583
1.7348484113962963
1.7302205189309938
1.7233625060380107
1.7456248432698875
1.7046691528474442
1.7040498136269926
1.705398021322308
1.7251733926811603
1.692788308317011
1.70342507266035
1.7090927627351549
1.7140365273061424
1.669422250805479
1.6926840314961442
1.6989693918613473
