11.041706085205078
8.302858352661133
5.7777204513549805
5.142026424407959
4.701555252075195
3.6504650115966797
3.9686756134033203
2.8239991664886475
4.335070610046387
2.829587459564209
3.25376558303833
2.80376935005188
1.956542730331421
2.6527347564697266
5.243139743804932
2.7829623222351074
2.700042963027954
2.646791934967041
1.659442663192749
2.0573248863220215
1.446976661682129
1.8234425783157349
2.025139808654785
1.1798691749572754
1.26694655418396
2.6541554927825928
1.4595309495925903
1.3514338731765747
1.1507842540740967
1.729081630706787
1.3049304485321045
1.8540089130401611
1.0914928913116455
1.0944335460662842
1.7045820951461792
1.397600531578064
1.0354840755462646
1.1383187770843506
1.2481873035430908
1.195481300354004
0.8219023942947388
1.1981793642044067
1.1001768112182617
0.9002676606178284
1.3430275917053223
1.1531198024749756
1.2035797834396362
1.1100651025772095
0.8601881265640259
1.043890118598938
1.160456657409668
1.191665768623352
0.7090803980827332
1.2633416652679443
0.7718602418899536
0.8146177530288696
1.3589653968811035
0.8804992437362671
0.9324003458023071
1.050567626953125
1.607858419418335
1.217726707458496
0.875624418258667
0.7544162273406982
0.9261124134063721
0.770483672618866
0.838047444820404
1.0808806419372559
0.6364923715591431
0.7596455812454224
0.5791504979133606
1.3664805889129639
1.0559090375900269
0.8441609144210815
1.1027567386627197
1.1326886415481567
0.9854038953781128
0.8520931005477905
0.8359272480010986
0.7204461097717285
0.5750110149383545
0.7712125182151794
1.1196880340576172
0.8194498419761658
0.5950272083282471
0.8771156072616577
1.0307270288467407
0.6641948223114014
0.8396344184875488
0.9658215641975403
0.6426751017570496
0.8075124025344849
0.6486486196517944
0.7268445491790771
0.6025203466415405
0.6631974577903748
0.740047812461853
0.8779910802841187
0.8539530634880066
0.8779028654098511
0.6755421161651611
0.9402675628662109
0.8918127417564392
1.1152622699737549
0.5036163926124573
1.3134862184524536
0.8503115177154541
0.6956413984298706
0.6964339017868042
0.7576586008071899
0.7735952138900757
0.5624760389328003
1.5317792892456055
0.8604462146759033
0.7440118789672852
1.4094338417053223
0.746822714805603
0.9505904912948608
0.7934907674789429
0.7678287029266357
0.8341244459152222
1.3030811548233032
0.5349631905555725
0.7676166296005249
0.6573163270950317
0.5899943113327026
0.6895731091499329
0.735372006893158
0.5095896124839783
0.7521592378616333
1.0059353113174438
0.7828038930892944
0.674447774887085
0.48611241579055786
0.6892517805099487
0.667892575263977
0.4732121527194977
0.5850014686584473
0.6543855667114258
0.6264764070510864
0.8148565292358398
0.7296445369720459
0.843190610408783
0.5992329120635986
0.6243211030960083
0.652716875076294
0.7538144588470459
0.7100531458854675
0.6125737428665161
0.6204570531845093
0.9102225303649902
0.6780773401260376
0.6420028209686279
0.7029845714569092
0.6100034713745117
0.5462871193885803
0.5693773031234741
0.42644649744033813
1.0219696760177612
0.7487058043479919
0.8365758061408997
0.6675730347633362
0.5796558260917664
0.7260562181472778
0.5174626708030701
0.7854120135307312
0.4807837903499603
0.4357248842716217
0.6162629723548889
0.47252702713012695
1.2490870952606201
0.5054770112037659
1.2652595043182373
0.78287672996521
0.7081742882728577
0.4319997727870941
0.8660496473312378
0.7314238548278809
0.607255756855011
0.6634657382965088
1.1632366180419922
0.6539660096168518
0.7375179529190063
0.5432746410369873
0.6957855820655823
0.7830013036727905
0.8820765018463135
0.6413559317588806
0.5175756812095642
0.4641127586364746
0.6776752471923828
0.5428684949874878
0.8480658531188965
0.7982039451599121
0.5731567144393921
0.6852819323539734
0.8362407684326172
0.6101335287094116
0.7386980056762695
0.48078209161758423
0.5121893882751465
0.6384677886962891
0.6262746453285217
0.6170204281806946
0.956290602684021
0.7848607897758484
0.48243778944015503
0.9669090509414673
0.5861421823501587
0.884272575378418
0.6031244993209839
1.7377351522445679
0.6831662654876709
0.7288429737091064
1.119612216949463
1.5186386108398438
0.7089914083480835
0.6198233962059021
0.7231972217559814
1.300605297088623
0.552187979221344
0.807389497756958
0.804412841796875
0.9309345483779907
0.7665663957595825
0.8158231973648071
0.7705984115600586
0.7129257321357727
0.8547594547271729
0.73537677526474
0.697569727897644
0.7167801260948181
0.5300395488739014
0.5281278491020203
0.5067151188850403
1.1202930212020874
0.4370270073413849
0.4737657904624939
0.8373154401779175
0.6225667595863342
0.5605438947677612
0.5065159797668457
1.026850700378418
0.7304984927177429
0.6752763986587524
0.7807183265686035
0.986738920211792
0.8297663331031799
1.1254298686981201
1.0364325046539307
0.808988630771637
0.5451360940933228
1.1867395639419556
0.6942802667617798
0.5543703436851501
0.6471761465072632
0.7069615125656128
1.8458642959594727
1.0617746114730835
0.5527224540710449
0.6905707120895386
0.7147990465164185
0.8346019983291626
0.7149029970169067
0.9743880033493042
0.5311260223388672
0.8431946039199829
0.4301055669784546
0.48411932587623596
0.5524919033050537
0.7366536259651184
0.7553105354309082
0.7676184773445129
0.8452557325363159
0.4706088602542877
0.554659366607666
0.5288172364234924
0.5373579859733582
0.5951551795005798
0.4649233818054199
0.5802993178367615
0.6493752598762512
0.4968503713607788
0.594754695892334
0.43596351146698
0.5465857982635498
0.9448493123054504
0.8180679678916931
0.44300439953804016
0.6615803241729736
0.46258193254470825
0.5694343447685242
0.7175729870796204
0.5172708034515381
0.5687457919120789
0.6220539808273315
0.6503148674964905
0.568755030632019
0.8339369893074036
0.423464298248291
0.5839639902114868
0.7577074766159058
0.4780372977256775
0.4314563572406769
0.794859766960144
0.503925085067749
0.9957363605499268
0.6275888681411743
0.6250587701797485
0.574392557144165
0.5009902715682983
0.6406223177909851
0.6681957840919495
0.4681633710861206
0.45544442534446716
0.769909679889679
0.5427565574645996
0.7092931866645813
0.7249565124511719
0.7060356140136719
0.6598074436187744
0.41724473237991333
0.3887726068496704
0.5009626150131226
0.40048864483833313
0.5173830389976501
0.5519148707389832
0.5917398929595947
0.4930358827114105
0.5667224526405334
0.39235737919807434
0.707888126373291
0.40861719846725464
0.4189235270023346
0.41948482394218445
0.503567636013031
0.4970199167728424
0.5498981475830078
0.34651872515678406
0.4651075601577759
0.7103473544120789
0.49009793996810913
0.4902716279029846
0.6172356009483337
0.4590570330619812
1.0329567193984985
0.5849812030792236
0.6762645244598389
0.736353874206543
0.421795129776001
0.5423408150672913
0.8657011985778809
0.6706421375274658
0.4916380047798157
0.6062697768211365
0.5052131414413452
0.936102032661438
0.6898344159126282
0.8311346173286438
0.8600423336029053
0.48089534044265747
0.4785650372505188
0.49324747920036316
0.7684361934661865
0.459548681974411
0.42252832651138306
0.5947508215904236
0.37672334909439087
0.4107995629310608
0.4562310576438904
0.6441084146499634
0.48335668444633484
0.4623349905014038
0.5977522730827332
0.45373570919036865
0.41430678963661194
0.5514635443687439
0.46788597106933594
0.567169189453125
0.640613317489624
0.4328259825706482
0.5851953029632568
0.5238207578659058
0.5312771201133728
0.42427122592926025
0.431207537651062
0.5166760683059692
0.3525090515613556
0.41981855034828186
0.45235222578048706
0.48201999068260193
0.6711027026176453
0.5309134721755981
0.4604020416736603
0.5227750539779663
0.3794560134410858
0.5656644105911255
0.5385250449180603
0.5006798505783081
0.5353751182556152
0.5266968011856079
0.48814868927001953
0.5733031630516052
0.6028653383255005
0.6183779835700989
0.44817042350769043
0.5172260403633118
0.5934664011001587
0.6760956048965454
0.5981335639953613
0.5216895937919617
0.5771753191947937
0.39166149497032166
0.5991392731666565
0.5402088165283203
0.48843932151794434
0.6146900057792664
0.47024184465408325
0.7462888360023499
0.4633305072784424
0.5396049618721008
0.4318295121192932
0.7801661491394043
0.5838025808334351
0.4111347198486328
0.44657111167907715
0.47878432273864746
0.498790442943573
0.3645709156990051
0.4169028699398041
0.538404107093811
0.5060523152351379
0.5590977072715759
0.6670068502426147
0.4757840037345886
0.5704946517944336
0.7940369844436646
0.3856523931026459
0.4236890971660614
0.4100097417831421
0.8196150660514832
0.40654656291007996
0.7060742378234863
0.7238110303878784
0.486736536026001
0.5115066170692444
0.41819772124290466
0.42451047897338867
0.5676649212837219
0.716460108757019
0.7963999509811401
0.5120284557342529
0.4283761978149414
0.52003014087677
0.41767632961273193
0.4055022597312927
0.6086296439170837
0.7054722309112549
0.6843960285186768
0.38195985555648804
0.49498146772384644
0.5164295434951782
0.3963543772697449
0.4698219299316406
0.5077508091926575
0.4431413412094116
0.3960329294204712
0.5349772572517395
0.42556992173194885
0.4926469027996063
0.4920365810394287
0.4572060704231262
0.4575881063938141
0.5701138973236084
0.43954551219940186
0.5831571817398071
0.5710006952285767
0.4310950040817261
0.33308136463165283
0.373788058757782
0.6167511343955994
0.4001591205596924
0.6762267351150513
0.43772292137145996
0.462679386138916
0.4050247073173523
0.3779439628124237
0.5931514501571655
0.5176161527633667
0.4963758885860443
0.3897897005081177
0.3600698709487915
0.3485161066055298
0.7564026713371277
0.4964500367641449
0.4557150602340698
0.48199355602264404
0.44779592752456665
0.4021838307380676
0.6124608516693115
0.48590344190597534
0.377303808927536
0.5699490904808044
0.44794994592666626
0.43099653720855713
0.4283970296382904
0.37141966819763184
0.6381812691688538
0.4981549084186554
0.6600011587142944
0.4720000624656677
0.8639734387397766
0.34726279973983765
0.6188217401504517
0.8171772956848145
0.49766775965690613
0.40617766976356506
0.4556739926338196
0.5342100858688354
0.8435916900634766
0.6755419373512268
0.4034980535507202
0.4102935791015625
0.4912407696247101
0.5633066892623901
0.6945949196815491
0.3996126353740692
0.44751614332199097
0.5446213483810425
0.3878299593925476
0.5872302055358887
0.5633299350738525
0.39477187395095825
0.5270326137542725
0.39847418665885925
0.41374650597572327
0.594182014465332
0.729364275932312
0.5791763067245483
0.43633711338043213
0.4958159327507019
0.5038385987281799
0.4161461889743805
0.5577482581138611
1.1143662929534912
0.5613352060317993
0.5364190340042114
0.4491385221481323
0.6272516846656799
0.6575545072555542
0.4941268861293793
0.47291848063468933
0.4636077880859375
0.5931671857833862
0.3949510157108307
0.4663008153438568
0.413851797580719
0.5567392110824585
0.4936440587043762
0.36923837661743164
0.40241679549217224
0.5253575444221497
0.47075438499450684
0.5266973972320557
0.6931065320968628
0.4798067808151245
0.49710986018180847
0.4334355592727661
0.40178123116493225
0.4082091748714447
0.4622822403907776
0.4323469400405884
0.4007086455821991
0.40874892473220825
0.4175419807434082
0.4129961133003235
0.4822152256965637
0.43328821659088135
0.4022318124771118
0.6138689517974854
0.4402763247489929
0.3874468505382538
0.355031818151474
0.4066035747528076
0.4618370532989502
0.4100745618343353
0.3837876319885254
0.38475239276885986
0.5308798551559448
0.4529520571231842
0.36933594942092896
0.3875316083431244
0.3697155714035034
0.44974714517593384
0.421508252620697
0.5207127332687378
0.4803187847137451
0.630843997001648
0.42429807782173157
0.34447944164276123
0.4440370202064514
0.337268590927124
0.3835490942001343
0.4194563627243042
0.38688185811042786
0.6868401169776917
0.31229540705680847
0.429913192987442
0.38306814432144165
0.6166276931762695
0.3899705708026886
0.3818907141685486
0.40411701798439026
0.4431673288345337
0.4439973533153534
0.4414755702018738
0.43046748638153076
0.4647674262523651
0.4431290626525879
0.38558030128479004
0.5603404641151428
0.5885210037231445
0.3745545744895935
0.5539075136184692
0.5710127353668213
0.39304399490356445
0.40620157122612
0.4370378255844116
0.5177156329154968
0.47528403997421265
0.37926653027534485
0.38935354351997375
0.3730880320072174
0.37473005056381226
0.3728262782096863
0.382620245218277
0.4808242917060852
0.4149783253669739
0.36511215567588806
0.5153362154960632
0.6569555997848511
0.38540107011795044
0.6037236452102661
0.42248910665512085
0.45493173599243164
0.3188302516937256
0.42555269598960876
0.4344840347766876
0.4386277198791504
0.6990829706192017
0.5250772833824158
0.38854724168777466
0.7823134064674377
0.41245710849761963
0.5965243577957153
0.4638119637966156
0.42013657093048096
0.5016402006149292
0.43454277515411377
0.5483465194702148
0.479079931974411
0.4592217206954956
0.5175268650054932
0.3728460371494293
0.5350421071052551
0.45489904284477234
0.652967095375061
0.4377046227455139
0.44836777448654175
0.4115225076675415
0.4367726147174835
0.33616647124290466
0.4264485239982605
0.590774655342102
0.6525593996047974
0.4219513535499573
0.4096515476703644
0.7001678943634033
0.38328084349632263
0.37884095311164856
0.3880504071712494
0.4144465923309326
0.4536525011062622
0.3761851191520691
0.4078168272972107
0.3797812759876251
0.4460817277431488
0.4909794330596924
0.3676331043243408
0.38162970542907715
0.46018585562705994
0.38046273589134216
0.4611853361129761
0.40363413095474243
0.4638836979866028
0.39950302243232727
0.3690444827079773
0.36490124464035034
0.4802777171134949
0.4006569981575012
0.3686729967594147
0.44129863381385803
0.44854968786239624
0.412527859210968
0.519748330116272
0.5941283702850342
0.353880912065506
0.4603951573371887
0.4866708219051361
0.3479304015636444
0.3820227384567261
0.47439146041870117
0.45790669322013855
0.34164050221443176
0.40391090512275696
0.34815406799316406
0.4984819293022156
0.40006935596466064
0.4499357044696808
0.3877083361148834
0.3753969073295593
0.40261465311050415
0.3816203773021698
0.565301239490509
0.6382036805152893
0.38004904985427856
0.5722467303276062
0.3524776101112366
0.32545894384384155
0.3774435222148895
0.3167407810688019
0.8230352401733398
0.5762978792190552
0.3664920926094055
0.4668443202972412
0.40353500843048096
0.4172210097312927
0.41201624274253845
0.3584030866622925
0.3494701385498047
0.38272780179977417
0.3671897053718567
0.3816198706626892
0.40628600120544434
0.42016690969467163
0.3692721724510193
0.38931360840797424
0.4027305841445923
0.3985471725463867
0.3493351936340332
0.3795017600059509
0.3520839214324951
0.38834714889526367
0.35719355940818787
0.35675084590911865
0.400939017534256
0.5009936094284058
0.42571496963500977
0.4832751750946045
0.32835260033607483
0.4007694125175476
0.370369553565979
0.41788530349731445
0.3413908779621124
0.40137070417404175
0.39387208223342896
0.3494364023208618
0.34127146005630493
0.3977128863334656
0.37049606442451477
0.3682262599468231
0.3478330075740814
0.4067002534866333
0.4602135717868805
0.3907018005847931
0.3787553906440735
0.3109263479709625
0.3408735990524292
0.4219898581504822
0.3331371247768402
0.5015909671783447
0.3680039346218109
0.4932495355606079
0.5239542722702026
0.38691145181655884
0.3576166033744812
0.3448992967605591
0.4281236529350281
0.3344724774360657
0.4467179477214813
0.3665340840816498
0.41234129667282104
0.3667406439781189
0.3651629090309143
0.4697200655937195
0.4891631007194519
0.4016696810722351
0.35256877541542053
0.33303117752075195
0.38873860239982605
0.35726019740104675
0.3422781229019165
0.3436908423900604
0.6498408317565918
0.3678709864616394
0.3035264015197754
0.5399072170257568
0.38320839405059814
0.815072238445282
0.4099401831626892
0.32587191462516785
0.3948172330856323
0.31735166907310486
0.3636740446090698
0.4198668599128723
0.4626203179359436
0.37683069705963135
0.3876594305038452
0.4211806058883667
0.3334615230560303
0.5516374111175537
0.35439205169677734
0.38568300008773804
0.4226829409599304
0.40420788526535034
0.43303656578063965
0.4260820150375366
0.3635044991970062
0.33223652839660645
0.4129600524902344
0.5513843894004822
0.5545817613601685
0.3396293818950653
0.3725162744522095
0.32445287704467773
0.40086615085601807
0.42753148078918457
0.3383658528327942
0.36512574553489685
0.41276222467422485
0.43589359521865845
0.4901408553123474
0.4631127715110779
0.3644789159297943
0.40999817848205566
0.38053733110427856
0.44585326313972473
0.3828465938568115
0.5092202425003052
0.3399409055709839
0.6383435726165771
0.41785818338394165
0.39080390334129333
0.3607192933559418
0.36616337299346924
0.4108777642250061
0.4656184911727905
0.4330078065395355
0.3937784731388092
0.6381682753562927
0.39773717522621155
0.4486689567565918
0.3557586967945099
0.38689643144607544
0.4022311270236969
0.36452916264533997
0.3609738051891327
0.3634474575519562
0.306540310382843
0.3672100305557251
0.36346107721328735
0.3631640076637268
0.38390085101127625
0.3878234028816223
0.3835311532020569
0.45573416352272034
0.36191892623901367
0.4703047573566437
0.3706766963005066
0.37480923533439636
0.46145492792129517
0.34977737069129944
0.4397795498371124
0.3643112778663635
0.34043991565704346
0.5006722807884216
0.358987957239151
0.474351167678833
0.402990460395813
0.36858662962913513
0.42869484424591064
0.35913291573524475
0.4094616770744324
0.42893585562705994
0.437404990196228
0.3470916748046875
0.4326411485671997
0.3096504807472229
0.36617618799209595
0.4248819351196289
0.38780343532562256
0.353071391582489
0.40470510721206665
0.4065682291984558
0.49134549498558044
0.38410839438438416
0.32262948155403137
0.408935010433197
0.4337027966976166
0.42769137024879456
0.430687814950943
0.3900628685951233
0.3782110810279846
0.5624226331710815
0.4608666002750397
0.4595898985862732
0.38302329182624817
0.41018345952033997
0.5216187834739685
0.40129372477531433
0.4514540731906891
0.4133710265159607
0.5466016530990601
0.43302708864212036
0.4728729724884033
0.3688910901546478
0.3585032820701599
0.36463797092437744
0.3731193542480469
0.38264888525009155
0.403140664100647
0.3395649492740631
0.3739554286003113
0.3387863039970398
0.37168753147125244
0.3440057337284088
0.3215148150920868
0.3744260370731354
0.34259334206581116
0.29995760321617126
0.3666837811470032
0.36086517572402954
0.39566770195961
0.3326335847377777
0.41903018951416016
0.3884507417678833
0.3508937954902649
0.4531564712524414
0.3647018373012543
0.47911912202835083
0.5877529978752136
0.41208940744400024
0.39132416248321533
0.36054688692092896
0.3375788927078247
0.48970454931259155
0.3782457411289215
0.4779958426952362
0.5343148708343506
0.351661741733551
0.3767237067222595
0.40340858697891235
0.3448394536972046
0.40952375531196594
0.3211818337440491
0.32825717329978943
0.3395177721977234
0.32096433639526367
0.3695010244846344
0.4536503255367279
0.3892436921596527
0.31563523411750793
0.3784647583961487
0.37460312247276306
0.39111754298210144
0.38622987270355225
0.3162713050842285
0.36202317476272583
0.4970393776893616
0.3773472309112549
0.36964964866638184
0.37027665972709656
0.3338540494441986
0.36939316987991333
0.3696027398109436
0.3411514461040497
0.466647207736969
0.3275996744632721
0.40354448556900024
0.33577021956443787
0.41718772053718567
0.35943612456321716
0.32559263706207275
0.32132428884506226
0.31908804178237915
0.32260072231292725
0.4294246435165405
0.3843158781528473
0.6001533269882202
0.37353742122650146
