1.701163411140442
1.6479766368865967
1.4097065925598145
1.448712706565857
1.3592286109924316
1.1166703701019287
1.3229608535766602
1.5698673725128174
1.0835837125778198
1.0991815328598022
1.3043550252914429
1.3753947019577026
0.9798598289489746
1.3780261278152466
1.128303050994873
1.010986328125
0.8999786972999573
0.976885974407196
1.133162260055542
1.2495863437652588
1.01438307762146
1.1329379081726074
0.9767588376998901
0.8315474987030029
1.0985130071640015
0.9220238327980042
0.9998793601989746
0.8154799938201904
0.7878884077072144
0.7598474025726318
0.8098539113998413
0.8670040369033813
0.6842570900917053
0.7189786434173584
0.725563108921051
1.034173846244812
0.5955651998519897
0.9983564615249634
0.8998335599899292
0.7007416486740112
0.8063721656799316
0.7055129408836365
0.9088001847267151
0.682640552520752
0.6636607646942139
0.8313382863998413
0.861193060874939
0.6754450798034668
0.6286799311637878
0.8443617224693298
0.7667841911315918
0.7514776587486267
0.6757189035415649
0.5980337858200073
0.6501325368881226
0.7402540445327759
0.8505338430404663
0.917595386505127
0.7440663576126099
0.8112200498580933
0.5762330293655396
0.6181864142417908
0.9280478954315186
0.6626871824264526
0.601922869682312
0.7541894912719727
0.6261186599731445
0.749171793460846
0.7421011328697205
0.6138026118278503
0.803001880645752
0.6175916194915771
0.7049744129180908
0.8708972930908203
0.5318660736083984
0.7103568315505981
1.086053729057312
0.6076459884643555
0.6297791600227356
0.6745515465736389
0.9391199350357056
0.7520697116851807
0.5654598474502563
0.5706799030303955
0.8719717264175415
0.6464826464653015
0.5785026550292969
0.6696569323539734
0.6915512084960938
0.647465705871582
0.6218060851097107
0.7115551829338074
0.5925375819206238
0.7675948143005371
0.75738525390625
0.8016327023506165
0.7279765009880066
0.8245765566825867
0.5699686408042908
0.5296112298965454
0.5315099954605103
0.428850382566452
0.4736051559448242
0.7560949325561523
0.5998147130012512
0.7501624822616577
0.6899766325950623
0.6522529125213623
0.7516387701034546
0.6938533186912537
0.7295523881912231
0.7217143774032593
0.5253608822822571
0.7537329792976379
0.5753225088119507
0.6135613322257996
0.7133728265762329
0.6317444443702698
0.8870250582695007
0.6328951120376587
0.5422510504722595
0.8275811672210693
0.6219913959503174
0.7395615577697754
0.7226773500442505
0.887971043586731
0.5682389140129089
0.7306010723114014
0.4453932046890259
0.6222476959228516
0.4360477328300476
0.8743881583213806
0.6692644953727722
0.42415013909339905
0.5970772504806519
0.5411747694015503
0.4567883014678955
0.4668930768966675
0.7513245344161987
0.5262235999107361
0.6283572912216187
0.7520136833190918
0.4947777986526489
1.0268514156341553
0.6922321319580078
0.5806887149810791
0.7035548686981201
0.5516535043716431
0.7576074004173279
0.5849419832229614
0.6483081579208374
0.6156537532806396
0.5949626564979553
0.6031312346458435
0.6400665044784546
0.7646166086196899
0.450655072927475
0.7696367502212524
0.6154693365097046
0.637451171875
0.6864442825317383
0.5536657571792603
0.45782870054244995
0.6353131532669067
0.7412936091423035
0.7775565385818481
0.7274309396743774
0.5855122804641724
0.5524963736534119
0.6327446699142456
0.4971282482147217
0.6619294881820679
0.6921546459197998
0.6709697246551514
0.5199139714241028
0.7583165764808655
0.5088522434234619
0.4830816090106964
0.4990827441215515
0.6099376678466797
0.5664362907409668
0.48452234268188477
0.8758705854415894
0.7572559118270874
0.7270816564559937
0.46702736616134644
0.5197590589523315
0.7299184203147888
0.5550690293312073
0.9645931124687195
0.7137334942817688
0.5850479006767273
0.6352603435516357
0.5820015668869019
0.6199134588241577
0.7147543430328369
0.7972459197044373
0.5010875463485718
0.657427966594696
0.9402609467506409
0.8008056282997131
0.6431131958961487
0.579820990562439
0.47797828912734985
0.6678305864334106
0.8749077320098877
0.5193513631820679
0.5033534169197083
0.49025118350982666
0.5817886590957642
0.5068526864051819
0.6373236179351807
0.5328075885772705
0.718813955783844
0.5918686389923096
0.6800038814544678
0.5544736981391907
0.4818384051322937
0.6334204077720642
0.7416490316390991
0.7719727754592896
0.5986244678497314
0.7037822008132935
0.6240532398223877
0.6233914494514465
0.5443331003189087
0.5141467452049255
0.6151557564735413
0.6193398237228394
0.6353865265846252
0.7376530170440674
0.567844569683075
0.6898702383041382
0.7676854729652405
0.6684582233428955
0.5905196666717529
0.4914255142211914
0.6198354959487915
0.800598680973053
0.4979003667831421
0.6738038063049316
0.7223554253578186
0.5531256794929504
0.6716902256011963
0.700677752494812
0.6118327379226685
0.5682395100593567
0.7529904842376709
0.5421354174613953
0.5629434585571289
0.5554646253585815
0.7171317338943481
0.5772318840026855
0.9332601428031921
0.5590543150901794
0.4649864137172699
0.4576208293437958
0.5654492378234863
0.7856676578521729
0.43089759349823
0.5504928827285767
0.5687150955200195
0.4336676299571991
0.7385742664337158
0.6253551840782166
0.5399881601333618
0.5398091673851013
0.5547657608985901
0.553973913192749
0.4440297782421112
0.6414228081703186
0.4330717623233795
0.5292226672172546
0.4889433979988098
0.47989049553871155
0.516094446182251
0.6886451244354248
0.4591478109359741
0.41513434052467346
0.5956689119338989
0.4944874048233032
0.5884001851081848
0.4708026647567749
0.47245895862579346
0.5096487998962402
0.4356125295162201
0.5014448165893555
0.5570061206817627
0.45287907123565674
0.46995824575424194
0.5357350707054138
0.48519763350486755
0.47304606437683105
0.5003069639205933
0.5147138833999634
0.7807673811912537
0.643116295337677
0.40498989820480347
0.48496025800704956
0.7068176865577698
0.4609906077384949
0.44708889722824097
0.49579256772994995
0.5455222129821777
0.6271795034408569
0.6368618011474609
0.49847090244293213
0.6790091395378113
0.6668042540550232
0.452730655670166
0.5902714133262634
0.5653615593910217
0.47063273191452026
0.44608980417251587
0.6235971450805664
0.48754072189331055
0.44178229570388794
0.6215585470199585
0.8123007416725159
0.6437379121780396
0.5208953619003296
0.6293278336524963
0.44717586040496826
0.48769572377204895
0.48280736804008484
0.49229371547698975
0.6941143274307251
0.5026663541793823
0.7084321975708008
0.6211882829666138
0.5674748420715332
0.4590466618537903
0.45214226841926575
0.5591956377029419
0.5841711759567261
0.6808639764785767
0.537764310836792
0.5063633322715759
0.4325422942638397
0.6076914072036743
0.4426276385784149
0.4297022819519043
0.5299892425537109
0.6221600770950317
0.657647967338562
0.5697999000549316
0.5236904621124268
0.41241949796676636
0.5340181589126587
0.6790932416915894
0.5569314956665039
0.6456897258758545
0.6922365427017212
0.5018284320831299
0.5523439645767212
0.6140649318695068
0.6147737503051758
0.4735904335975647
0.4331223964691162
0.47611331939697266
0.4991958737373352
0.6446098685264587
0.9919812679290771
0.5713643431663513
0.4338410794734955
0.4909810721874237
0.547942042350769
0.5686892867088318
0.5301157236099243
0.5596499443054199
0.4232705533504486
0.5440727472305298
0.4557179808616638
0.45317068696022034
0.4886348247528076
0.4505976438522339
0.5287476778030396
0.5075392127037048
0.6312336921691895
0.4672980308532715
0.5707327127456665
0.5146661400794983
0.4222646653652191
0.40063369274139404
0.4755699634552002
0.5156180262565613
0.4473055601119995
0.7364140748977661
0.6231468915939331
0.4379344582557678
0.5039433240890503
0.6356712579727173
0.48387786746025085
0.5051453709602356
0.4679725170135498
0.485173761844635
0.611200213432312
0.7313525676727295
0.4804968237876892
0.6384543180465698
0.7129780650138855
0.7422705888748169
0.47702914476394653
0.4561772346496582
0.48716622591018677
0.636839747428894
0.47035229206085205
0.6241878271102905
0.5159719586372375
0.6495658159255981
0.43715590238571167
0.5850925445556641
0.5353540182113647
0.5776337385177612
0.6720068454742432
0.4773296117782593
0.3855777382850647
0.6374322772026062
0.4751306176185608
0.56070476770401
0.4179554581642151
0.624970018863678
0.5418756604194641
0.6472811698913574
0.6277856826782227
0.4381510317325592
0.559402585029602
0.5177157521247864
0.4936847388744354
0.48416250944137573
0.6731917858123779
0.6168175935745239
0.43732956051826477
0.5287482142448425
0.586915135383606
0.5745847225189209
0.546832263469696
0.5981656312942505
0.5716230869293213
0.6302386522293091
0.5488094091415405
0.4238145053386688
0.5119887590408325
0.532375693321228
0.5618712902069092
0.5670177936553955
0.4667511582374573
0.5041122436523438
0.6042093634605408
0.6651688814163208
0.4442287087440491
0.5373327732086182
0.4904891848564148
0.43228083848953247
0.5432860851287842
0.564289391040802
0.6462924480438232
0.6663872003555298
0.509973406791687
0.5167099237442017
0.5813686847686768
0.46976685523986816
0.5276341438293457
0.5367204546928406
0.49589651823043823
0.5678313970565796
0.5269162654876709
0.7020004391670227
0.7314473390579224
0.4379759728908539
0.44628551602363586
0.5225788950920105
0.5181440711021423
0.474398672580719
0.47333940863609314
0.47293519973754883
0.47413140535354614
0.6452499628067017
0.40020108222961426
0.5836493968963623
0.4828759431838989
0.6143431663513184
0.568651556968689
0.5665643811225891
0.48988956212997437
0.5409875512123108
0.38524752855300903
0.6689584255218506
0.4761474132537842
0.4755168557167053
0.45705968141555786
0.6950615644454956
0.4867996871471405
0.556469202041626
0.6569822430610657
0.43953737616539
0.5063385963439941
0.5809924602508545
0.6196427345275879
0.5172422528266907
0.43076640367507935
0.4440711736679077
0.46473246812820435
0.43281835317611694
0.6976115703582764
0.4889447093009949
0.5050930976867676
0.4422445297241211
0.45232635736465454
0.4865204095840454
0.47020384669303894
0.45281344652175903
0.5482376217842102
0.4434293508529663
0.5042029619216919
0.4483184218406677
0.4438897371292114
0.42659494280815125
0.5676032304763794
0.42725759744644165
0.4957353472709656
0.5445309281349182
0.45386460423469543
0.3894277811050415
0.5697272419929504
0.488365113735199
0.5921680927276611
0.4046139717102051
0.5334835648536682
0.5255065560340881
0.4528462290763855
0.462760329246521
0.6676230430603027
0.7442147135734558
0.38043028116226196
0.46503692865371704
0.41028761863708496
0.4002454876899719
0.7726817727088928
0.4766532778739929
0.6635516881942749
0.8616065382957458
0.5583689212799072
0.4505624771118164
0.5739136934280396
0.6417266726493835
0.5918012857437134
0.5460054874420166
0.48706090450286865
0.4308006763458252
0.5630339980125427
0.48675769567489624
0.3743182420730591
0.41246357560157776
0.6576997637748718
0.4678916931152344
0.5477280616760254
0.4692087471485138
0.48691558837890625
0.42349085211753845
0.5852380990982056
0.4309903085231781
0.4616454243659973
0.4391902685165405
0.5056373476982117
0.6039897203445435
0.43842679262161255
0.5093551874160767
0.6293689608573914
0.4499518573284149
0.47160854935646057
0.5607452392578125
0.4965296983718872
0.4237513244152069
0.4785654544830322
0.5429626107215881
0.6287915706634521
0.48927634954452515
0.4068080484867096
0.4703170359134674
0.4775647521018982
0.6334368586540222
0.5611745119094849
0.5094447731971741
0.5123832821846008
0.6619051694869995
0.5180462598800659
0.6056183576583862
0.5069088935852051
0.57550448179245
0.3942350149154663
0.5275488495826721
0.46029627323150635
0.5534385442733765
0.6606643199920654
0.5158875584602356
0.4758317470550537
0.4282951354980469
0.6426209211349487
0.5400431752204895
0.507908046245575
0.619465708732605
0.5793455839157104
0.459710031747818
0.5060256719589233
0.48019707202911377
0.5186953544616699
0.40608370304107666
0.41355544328689575
0.5795319080352783
0.5179914236068726
0.5646365284919739
0.46031302213668823
0.45240288972854614
0.4507635533809662
0.5888652801513672
0.5782389044761658
0.5977281332015991
0.43281424045562744
0.6410589218139648
0.4966648519039154
0.4777526259422302
0.5052239894866943
0.5265988707542419
0.47014370560646057
0.46028977632522583
0.5825958251953125
0.5216774344444275
0.5568698048591614
0.5337387323379517
0.544011652469635
0.35881805419921875
0.4165884256362915
0.5108134150505066
0.4469466805458069
0.615140974521637
0.47192901372909546
0.4094822406768799
0.39008545875549316
0.5138180255889893
0.40501710772514343
0.562819242477417
0.40052133798599243
0.5686525106430054
0.5857686996459961
0.42713674902915955
0.3970833718776703
0.5070788264274597
0.4085933566093445
0.4475383758544922
0.573270320892334
0.6034162044525146
0.5089097023010254
0.5798890590667725
0.38858702778816223
0.4366040825843811
0.5417582988739014
0.6245424747467041
0.4220679998397827
0.488797664642334
0.488811194896698
0.6562238931655884
0.5739229321479797
0.5489485859870911
0.8133833408355713
0.5820538997650146
0.6307966709136963
0.5661929845809937
0.4585702419281006
0.4767685532569885
0.36586523056030273
0.3948213458061218
0.5799840688705444
0.6863501667976379
0.5518217086791992
0.5305521488189697
0.4931785762310028
0.5800598859786987
0.5379018187522888
0.4256465435028076
0.5527525544166565
0.44336366653442383
0.4425503611564636
0.5113049149513245
0.41383352875709534
0.6091915965080261
0.47733062505722046
0.4482584595680237
0.4424254298210144
0.43842053413391113
0.5569521188735962
0.45167452096939087
0.5426952838897705
0.39217156171798706
0.5188608169555664
0.39042186737060547
0.524599552154541
0.4201561212539673
0.42956241965293884
0.35551485419273376
0.651419997215271
0.4211561679840088
0.41784483194351196
0.8619442582130432
0.541091799736023
0.44553297758102417
0.4407527446746826
0.4889898896217346
0.42002344131469727
0.550370991230011
0.5661367177963257
0.5017004013061523
0.49998193979263306
0.6648077964782715
0.45982569456100464
0.6764054298400879
0.5846267342567444
0.687427282333374
0.4635031521320343
0.7147627472877502
0.460580050945282
0.4379402995109558
0.4595125615596771
0.434954434633255
0.41690850257873535
0.5137982964515686
0.4724462330341339
0.4691620469093323
0.5236063003540039
0.3912501931190491
0.4178123474121094
0.5196532011032104
0.4609522521495819
0.46117103099823
0.47540855407714844
0.40104955434799194
0.5142608284950256
0.5132742524147034
0.5070592164993286
0.4783564805984497
0.3867547810077667
0.4605557918548584
0.46801626682281494
0.41970622539520264
0.3811192810535431
0.5793297290802002
0.5459773540496826
0.5841516256332397
0.4971519112586975
0.538764238357544
0.6095636487007141
0.5880684852600098
0.4885481595993042
0.43935656547546387
0.6249434947967529
0.4061437249183655
0.6987634897232056
0.49762049317359924
0.6179317235946655
0.5449535250663757
0.5565332174301147
0.40086793899536133
0.4474255442619324
0.42659425735473633
0.5138152837753296
0.5318601131439209
0.5126547813415527
0.6561317443847656
0.44884246587753296
0.686653733253479
0.6044651865959167
0.3854788839817047
0.5035393238067627
0.7272835969924927
0.5514146089553833
0.7005927562713623
0.41447913646698
0.45729565620422363
0.4149829149246216
0.4616858959197998
0.45290446281433105
0.47229379415512085
0.3922731280326843
0.5280414819717407
0.6459280848503113
0.4637492001056671
0.5769262313842773
0.5674875974655151
0.39153945446014404
0.4654921889305115
0.45078110694885254
0.5327435731887817
0.5550601482391357
0.5293281674385071
0.5138835310935974
0.48789942264556885
0.44090694189071655
0.4242178201675415
0.529341459274292
0.5103281736373901
0.4789521396160126
0.5386197566986084
0.38403084874153137
0.5043532252311707
0.3516004681587219
0.42503640055656433
0.47485214471817017
0.43819916248321533
0.5014165639877319
0.672005295753479
0.38766616582870483
0.44145020842552185
0.5124183893203735
0.43451160192489624
0.6448572874069214
0.3995528519153595
0.5427510142326355
0.5973050594329834
0.5652070045471191
0.5205501317977905
0.5131915807723999
0.4447328448295593
0.4278605580329895
0.4204936921596527
0.38538652658462524
0.49429821968078613
0.6851680278778076
0.4228724241256714
0.4390904903411865
0.6817923784255981
0.46668875217437744
0.4598751366138458
0.40029454231262207
0.49332475662231445
0.4886932373046875
0.47603267431259155
0.5114032030105591
0.5147343873977661
0.5207317471504211
0.536906361579895
0.525126039981842
0.39563438296318054
0.4247756600379944
0.5832639932632446
0.40853583812713623
0.4598016142845154
0.7258613705635071
0.4432431757450104
0.5523202419281006
0.45364606380462646
0.46784132719039917
0.5769541263580322
0.4317197799682617
0.48235368728637695
0.37358328700065613
0.5615531206130981
0.47395938634872437
0.49914687871932983
0.4970231056213379
0.522151529788971
0.37442994117736816
0.46495795249938965
0.5252200365066528
0.4192073345184326
0.43581706285476685
0.49437159299850464
0.4065858721733093
0.4894488453865051
0.4241189658641815
0.43433213233947754
0.467235803604126
0.4520719051361084
0.5446219444274902
0.3351263999938965
0.7252024412155151
0.46688735485076904
0.5016841888427734
0.4706664979457855
0.5117265582084656
0.41083699464797974
0.42339545488357544
0.6849026679992676
0.6580262184143066
0.4635125994682312
0.39105919003486633
0.5293954014778137
0.5212953686714172
0.5906558036804199
0.5503641366958618
0.4023274779319763
0.42449748516082764
0.4379902482032776
0.4931405186653137
0.4408104717731476
0.5049872994422913
0.41638022661209106
0.390166699886322
0.40281063318252563
0.4140264689922333
0.3899175226688385
0.6813839673995972
0.4817715883255005
0.5999171137809753
0.4869673550128937
0.5002299547195435
0.47785747051239014
0.42834219336509705
0.41454756259918213
0.7453212738037109
0.4887084364891052
0.5178195238113403
0.4778216481208801
0.40066587924957275
0.5814990997314453
0.6041213274002075
0.6747097373008728
0.5169956684112549
0.5256726741790771
0.6758557558059692
0.4645514190196991
0.3947540521621704
0.5087380409240723
0.45678025484085083
0.5248953700065613
0.5797786712646484
0.44844478368759155
0.41879743337631226
0.4968494772911072
0.5455530881881714
0.42519980669021606
0.4311990737915039
0.37735044956207275
0.579840898513794
0.539819598197937
0.4268081784248352
0.5527306795120239
0.4135376811027527
0.5330957174301147
0.4832339882850647
0.40777215361595154
0.5564553737640381
0.39183685183525085
0.5750501155853271
0.4987527132034302
0.4507564902305603
0.41005653142929077
0.40146490931510925
0.5334916710853577
0.5400434136390686
0.5301435589790344
0.43879038095474243
0.5236812829971313
0.5417503118515015
0.358125776052475
0.4000822901725769
0.4837074279785156
0.5401885509490967
0.43081000447273254
0.45256757736206055
0.45922309160232544
0.4668656587600708
0.456623911857605
0.7831604480743408
0.41432610154151917
0.39912164211273193
0.5147961378097534
0.47954094409942627
0.47671282291412354
0.42715713381767273
0.6849724054336548
0.4606647491455078
0.43726181983947754
0.47146689891815186
0.5284942388534546
0.4875553250312805
0.6692306995391846
0.43811509013175964
0.49014949798583984
0.4003034234046936
0.500034511089325
0.5373147130012512
0.45050767064094543
0.4856468439102173
0.41163933277130127
0.46137797832489014
0.4154388904571533
0.6727632284164429
0.43121853470802307
0.43388527631759644
0.5342806577682495
0.5514194965362549
0.4322553277015686
0.3750903606414795
0.44988352060317993
0.4372267723083496
0.5761187672615051
0.4467906951904297
0.5090253353118896
0.5964504480361938
0.4892813563346863
0.5032221078872681
0.4254484176635742
0.4749951958656311
0.42589741945266724
0.45005154609680176
0.44751685857772827
0.45697104930877686
0.46312984824180603
0.3945144712924957
0.4560413360595703
0.42280304431915283
0.43581491708755493
0.4143860936164856
0.4735483229160309
0.6115733981132507
0.43112000823020935
0.5614064931869507
0.430203914642334
0.5021501183509827
0.5150602459907532
0.4214002788066864
0.5456920266151428
0.6559727787971497
0.4729391932487488
0.38432323932647705
0.6633259057998657
0.42759978771209717
0.39455848932266235
0.4457787871360779
0.4939318895339966
0.48140794038772583
0.38683226704597473
0.3928993344306946
0.5117766857147217
0.46400779485702515
0.4526183605194092
0.4573103189468384
0.42753997445106506
0.5342071056365967
0.485574871301651
0.6890462040901184
0.37861400842666626
0.5418934226036072
0.46161848306655884
0.589248776435852
0.49424290657043457
0.5155166983604431
0.49218159914016724
0.42003560066223145
0.5326197147369385
0.4605187475681305
0.4106578826904297
0.48007410764694214
0.4696704149246216
0.4915168285369873
0.5088492035865784
0.5521351099014282
0.3869032561779022
0.45727449655532837
0.35223281383514404
0.4187120199203491
0.5258005261421204
0.46016061305999756
0.5098310708999634
0.48552054166793823
0.39851003885269165
0.4047754108905792
0.4619210958480835
0.42950060963630676
0.45551732182502747
0.341924786567688
0.47705078125
0.39057448506355286
0.41963857412338257
0.4445236921310425
0.5442627668380737
0.5057675838470459
0.44392824172973633
0.4926747679710388
0.45306769013404846
0.4060927629470825
0.47438180446624756
0.5333980321884155
0.39995723962783813
0.5680218935012817
0.3811836242675781
0.48884016275405884
0.4420102834701538
0.4609161615371704
0.366432249546051
0.5147001147270203
0.39592963457107544
0.4516299366950989
0.6952683329582214
0.5131680965423584
0.41029608249664307
0.43760061264038086
0.7114332914352417
0.5700621604919434
0.5310628414154053
0.45255106687545776
0.39281758666038513
0.4236665368080139
0.4735696315765381
0.46526846289634705
0.45576953887939453
0.5292397737503052
0.40329790115356445
0.48162806034088135
0.48998183012008667
0.39364463090896606
0.36549174785614014
0.39564090967178345
0.5080767869949341
0.43495243787765503
0.39594942331314087
0.36522483825683594
0.4585854113101959
0.36590880155563354
0.43903887271881104
0.5250778198242188
0.4732899069786072
0.5443138480186462
0.41823530197143555
0.4771043062210083
0.4629634618759155
0.47748833894729614
0.555713415145874
0.39773309230804443
0.4923105537891388
0.40655744075775146
0.38190358877182007
0.40396231412887573
0.4937853217124939
0.44868457317352295
0.44970864057540894
0.44749730825424194
0.40904149413108826
0.6725661158561707
0.5094563961029053
0.6560858488082886
0.5467532277107239
0.40707314014434814
0.41054436564445496
0.5184543132781982
0.4358175992965698
0.49439650774002075
0.41300344467163086
0.4453355669975281
0.43761804699897766
0.6041724681854248
0.5073943138122559
0.5149073600769043
0.4097968339920044
0.3698377311229706
0.40596622228622437
0.4445432722568512
0.4455825388431549
0.5509974956512451
0.4394952952861786
0.8141287565231323
0.5046809911727905
0.4905358850955963
0.41723984479904175
0.48771506547927856
0.5082589387893677
0.4443558156490326
0.4257192015647888
0.399686336517334
0.39344358444213867
0.5764719247817993
0.43622297048568726
0.40699493885040283
0.43653035163879395
0.44679564237594604
0.500044047832489
0.5366301536560059
0.3445485532283783
0.3966107964515686
0.5178064107894897
0.43710780143737793
0.49066615104675293
0.4456270635128021
0.42497628927230835
0.4706171751022339
0.35810279846191406
0.38348388671875
0.3384993076324463
0.5053022503852844
0.5437849760055542
0.3831554353237152
0.4760931134223938
0.4558489918708801
0.46392470598220825
0.4188596308231354
0.3774685263633728
0.5339882373809814
0.441194623708725
0.3776508569717407
0.38366276025772095
0.44305774569511414
0.4430956542491913
0.4282108545303345
0.43324509263038635
0.4119684100151062
0.46836239099502563
0.3918797969818115
0.563605785369873
0.5034630298614502
0.4604245722293854
0.4426182508468628
0.5824244022369385
0.4204595685005188
0.3576917052268982
0.5102136135101318
0.4708302617073059
0.4710352420806885
0.5341188907623291
0.46073201298713684
0.39634495973587036
0.4786868095397949
0.44272947311401367
0.3684130311012268
0.4031142294406891
0.3787376284599304
0.3637615740299225
0.3874571919441223
0.39760303497314453
0.40974968671798706
0.4011757969856262
0.44198697805404663
0.4255542457103729
0.3867332339286804
0.48389387130737305
0.39927101135253906
0.394569993019104
0.4489256739616394
0.3783155083656311
0.5919275283813477
0.43502506613731384
0.4642108678817749
0.6196572780609131
0.4670921266078949
0.4235181212425232
0.37892481684684753
0.45477795600891113
0.5255584716796875
0.6042251586914062
0.5581028461456299
0.5127277970314026
0.41403496265411377
0.46822959184646606
0.5648970603942871
0.439511239528656
0.44378572702407837
0.42877650260925293
0.5136677026748657
0.33837929368019104
0.6041793823242188
0.38444992899894714
0.5153652429580688
0.3677789866924286
0.4591594636440277
0.5241643190383911
0.5056416392326355
0.46378135681152344
0.4123151898384094
0.42197662591934204
0.43006032705307007
0.4314163029193878
0.4982455372810364
0.3659171164035797
0.3918805718421936
0.35700884461402893
0.4653349816799164
0.5072267055511475
0.46280667185783386
0.56795734167099
0.46897780895233154
0.40609538555145264
0.4446907639503479
0.43140465021133423
0.3308337926864624
0.4330984354019165
0.42096319794654846
0.4874950349330902
0.4787917137145996
0.42711037397384644
0.43053537607192993
0.41299110651016235
0.4498317837715149
0.49293118715286255
0.40968257188796997
0.5323842763900757
0.33672282099723816
0.4127674400806427
0.3342771828174591
0.4482640027999878
0.4197903871536255
0.36705151200294495
0.38028836250305176
0.4753013551235199
0.44029664993286133
0.5058375597000122
0.47064119577407837
0.3670778274536133
0.5421816110610962
0.5424256920814514
0.45490705966949463
0.421324223279953
0.6233635544776917
0.4359709322452545
0.39512133598327637
0.4128921926021576
0.42852693796157837
0.44204482436180115
0.3972134590148926
0.44441819190979004
0.5195419788360596
0.4719955623149872
0.39013195037841797
0.45090144872665405
0.3487786650657654
0.4227970540523529
0.6444911360740662
0.4639054536819458
0.43284887075424194
0.46296197175979614
0.4306575059890747
0.37003564834594727
0.6229020953178406
0.4088159501552582
0.3941148519515991
0.5522861480712891
0.4153602421283722
0.4321368634700775
0.385127991437912
0.3721802830696106
0.3633038401603699
0.45134809613227844
0.40670159459114075
0.5175025463104248
0.4631189703941345
0.4166508913040161
0.5909446477890015
0.4214983582496643
0.44042399525642395
0.36426207423210144
0.36300715804100037
0.4798823297023773
0.48717814683914185
0.524024248123169
0.5703679323196411
0.5733097195625305
0.36744949221611023
0.3945420980453491
0.4098427891731262
0.5428913235664368
0.43951910734176636
0.41375023126602173
0.4950774908065796
0.4135448932647705
0.5297205448150635
0.3824804723262787
0.38099217414855957
0.5343137979507446
0.43792980909347534
0.38336217403411865
0.3971211612224579
0.4509825110435486
0.38279807567596436
0.38353097438812256
0.3970485329627991
0.3988074064254761
0.3589975833892822
0.5177867412567139
0.4245251417160034
0.4373091161251068
0.44693320989608765
0.3849487900733948
0.543296217918396
0.450403094291687
0.3957480788230896
0.4033335745334625
0.47392141819000244
0.36996081471443176
0.44310155510902405
0.5740914344787598
0.37678399682044983
0.5733327865600586
0.4106270670890808
0.44805172085762024
0.4252741038799286
0.45498156547546387
0.4304767847061157
0.5249437689781189
0.355805367231369
0.5171388387680054
0.4335113763809204
0.5214799642562866
0.4460791349411011
0.4076414704322815
0.4550560712814331
0.5819389820098877
0.44932126998901367
0.35578909516334534
0.48047882318496704
0.4354211091995239
0.4579540193080902
0.35584282875061035
0.5422442555427551
0.39495849609375
0.3458852469921112
0.4258064031600952
0.4289175570011139
0.531177282333374
0.3547477722167969
0.37566256523132324
0.5820825099945068
0.39443129301071167
0.42536088824272156
0.4940025210380554
0.390658974647522
0.415287584066391
0.5135487914085388
0.5652395486831665
0.4383293688297272
0.4220784306526184
0.4993631839752197
0.49893099069595337
0.7148191928863525
0.5730794668197632
0.4843500256538391
0.3769785165786743
0.4904441237449646
0.4477832615375519
0.36587539315223694
0.4386115074157715
0.5096780061721802
0.40587443113327026
0.45991039276123047
0.3693571984767914
0.45843416452407837
0.37382495403289795
0.42974287271499634
0.38181039690971375
0.6511697769165039
0.3387022614479065
0.5224324464797974
0.4814344644546509
0.5327480435371399
0.4392307996749878
0.4033122956752777
0.350370854139328
0.4362921118736267
0.39805227518081665
0.4264218211174011
0.4892022907733917
0.5821288824081421
0.4537297487258911
0.38976871967315674
0.35824090242385864
0.38573992252349854
0.4215084910392761
0.5762525796890259
0.44217729568481445
0.45981013774871826
0.44593238830566406
0.43569403886795044
0.4327118992805481
0.4181426167488098
0.5240796804428101
0.4486981928348541
0.3968125581741333
0.33798983693122864
0.61765456199646
0.47543632984161377
0.49398812651634216
0.33242130279541016
0.39434102177619934
0.592484176158905
0.4032644033432007
0.4398505687713623
0.6048339605331421
0.4219071567058563
0.4593620300292969
0.4797786772251129
0.5605581998825073
0.48555880784988403
0.37204474210739136
0.41380563378334045
0.5007041692733765
0.4374004602432251
0.45619380474090576
0.46449369192123413
0.43960464000701904
0.3833255171775818
0.38670143485069275
0.3755098581314087
0.41170066595077515
0.4875454604625702
0.42755961418151855
0.5440592169761658
0.3459661304950714
0.49104076623916626
0.45516300201416016
0.37932926416397095
0.4085162281990051
0.5003613829612732
0.42740297317504883
0.5196309089660645
0.42302361130714417
0.4513723850250244
0.38256657123565674
0.47553128004074097
0.549774169921875
0.5336018800735474
0.48356372117996216
0.5154933929443359
0.43498092889785767
0.42448481917381287
0.4323234558105469
0.4422183632850647
0.5085642337799072
0.5106961727142334
0.3758068382740021
0.5123798251152039
0.5377529859542847
0.4639659523963928
0.39904382824897766
0.45956188440322876
0.5348716974258423
0.42052939534187317
0.497090607881546
0.46354255080223083
0.4545886218547821
0.4522223174571991
0.4598933756351471
0.3681377172470093
0.402446985244751
0.3605976402759552
0.4255199730396271
0.36906182765960693
0.4361693263053894
0.39724016189575195
0.5066677331924438
0.36550700664520264
0.41748297214508057
0.40381157398223877
0.3974645435810089
0.4942265748977661
0.37299203872680664
0.48580971360206604
0.4744831621646881
0.49149030447006226
0.405336856842041
0.37267741560935974
0.5092182159423828
0.4451145529747009
0.4221900701522827
0.5290758609771729
0.4877335727214813
0.38016295433044434
0.43286827206611633
0.47485142946243286
0.37627509236335754
0.4517756402492523
0.5595941543579102
0.4362882375717163
0.40456610918045044
0.3985319435596466
0.444152295589447
0.4633437395095825
0.4690224528312683
0.7204915285110474
0.433512806892395
0.3794664144515991
0.44424211978912354
0.42464470863342285
0.38710078597068787
0.3601698577404022
0.5425301194190979
0.5191442966461182
0.44958072900772095
0.45304930210113525
0.38333868980407715
0.46808522939682007
0.42731550335884094
0.38366901874542236
0.4913293123245239
0.393543004989624
0.4783211946487427
0.49535590410232544
0.42142975330352783
0.3948027789592743
0.4090415835380554
0.3620666265487671
0.34242480993270874
0.5680488348007202
0.44247615337371826
0.3994686007499695
0.3324456810951233
0.3609311580657959
0.3755602240562439
0.38457995653152466
0.47053566575050354
0.36916762590408325
0.41853559017181396
0.40007543563842773
0.3916930854320526
0.42533475160598755
0.3802559971809387
0.48634183406829834
0.4027021527290344
0.42235785722732544
0.451228529214859
0.4259744882583618
0.3964635133743286
0.3791559040546417
0.41541311144828796
0.3696098029613495
0.5492274761199951
0.41899627447128296
0.3867446780204773
0.562247633934021
0.7335602641105652
0.44580960273742676
0.3721652030944824
0.32700058817863464
0.3848194479942322
0.41861414909362793
0.3825080990791321
0.40090423822402954
0.40061020851135254
0.3532848358154297
0.4262658953666687
0.5682964324951172
0.40061473846435547
0.4545940160751343
0.3731905519962311
0.3581250309944153
0.4876199960708618
0.37218594551086426
0.41202235221862793
0.40088775753974915
0.4800974130630493
0.4176029562950134
0.47414982318878174
0.35610854625701904
0.421370267868042
0.41539233922958374
0.3945279121398926
0.4448752999305725
0.4804023504257202
0.46402573585510254
0.39534467458724976
0.40722453594207764
0.48990654945373535
0.6044933795928955
0.3742958903312683
0.38118475675582886
0.3775472939014435
0.3981134295463562
0.4785081744194031
0.4689725637435913
0.5053209066390991
0.3985261917114258
0.3641055226325989
0.6268508434295654
0.456824392080307
0.35242241621017456
0.46546685695648193
0.34479182958602905
0.36471885442733765
0.33889299631118774
0.36523374915122986
0.3888542056083679
0.40879231691360474
0.461919903755188
0.4053040146827698
0.49959415197372437
0.4719083309173584
0.3943755030632019
0.5186454057693481
0.42297598719596863
0.5517598986625671
0.38547152280807495
0.3554978370666504
0.37964317202568054
0.40623414516448975
0.4025290608406067
0.39748042821884155
0.4548147916793823
0.39115941524505615
0.4798402190208435
0.3918795585632324
0.36496099829673767
0.4724690318107605
0.4875667095184326
0.46374034881591797
0.405428409576416
0.4507797360420227
0.5099021792411804
0.43726304173469543
0.46708735823631287
0.5506821870803833
0.39489302039146423
0.4917028844356537
0.40025681257247925
0.41281527280807495
0.3838241398334503
0.5085490345954895
0.580543041229248
0.5579712390899658
0.4642612040042877
0.46481606364250183
0.38159722089767456
0.4589289724826813
0.537190318107605
0.3664278984069824
0.380379319190979
0.4919007420539856
0.3479536473751068
0.38641196489334106
0.4360036551952362
0.4459381103515625
0.3458513915538788
0.39398735761642456
0.37128597497940063
0.35835328698158264
0.46731966733932495
0.4900228977203369
0.504623293876648
0.35748055577278137
0.4109939932823181
0.5354876518249512
0.4406888484954834
0.4338594377040863
0.42548978328704834
0.5135855078697205
0.4068509340286255
0.5696921348571777
0.4169052839279175
0.42304590344429016
0.42172229290008545
0.346545934677124
0.43767690658569336
0.3668214678764343
0.40913835167884827
0.3519701063632965
0.587149977684021
0.5103829503059387
0.5627894401550293
0.5322310328483582
0.4226132035255432
0.4246756434440613
0.3950558304786682
0.48588839173316956
0.4284282326698303
0.42143237590789795
0.3625919222831726
0.45923352241516113
0.4749501049518585
0.407793253660202
0.42894136905670166
0.5032418966293335
0.5243507623672485
0.41107505559921265
0.4648497998714447
0.40405935049057007
0.42610639333724976
0.5551016926765442
0.3696326017379761
0.4345283508300781
0.3908323049545288
0.6444171667098999
0.46927401423454285
0.46788251399993896
0.3985917568206787
0.40397998690605164
0.5132142305374146
0.43348801136016846
0.47919517755508423
0.44605910778045654
0.4968818426132202
0.43545523285865784
0.47531837224960327
0.5230631828308105
0.3842211365699768
0.5405329465866089
0.618094801902771
0.41366374492645264
0.37623438239097595
0.36300501227378845
0.42253148555755615
0.41357338428497314
0.4955598711967468
0.4856484830379486
0.4103662967681885
0.42977768182754517
0.4740707278251648
0.4022117257118225
0.38287246227264404
0.4753730297088623
0.3679118752479553
0.3655391335487366
0.4144740104675293
0.5084058046340942
0.39148858189582825
0.39158308506011963
0.41597509384155273
0.3747875988483429
0.3997723460197449
0.4711815118789673
0.4267442226409912
0.4879966676235199
0.510015070438385
0.42317044734954834
0.3493797779083252
0.45026105642318726
0.40311354398727417
0.4594215452671051
0.4466705918312073
0.48079973459243774
0.47299110889434814
0.39805206656455994
0.44569098949432373
0.4327201843261719
0.43597716093063354
0.39696964621543884
0.3918166756629944
0.45191749930381775
0.36206647753715515
0.48794612288475037
0.39361879229545593
0.33374080061912537
0.44159266352653503
0.39412829279899597
0.3933192491531372
0.4638063311576843
0.406353235244751
0.520330548286438
0.46717655658721924
0.42032161355018616
0.3397247791290283
0.37859687209129333
0.40214258432388306
0.36107078194618225
0.3834754228591919
0.3650350272655487
0.40076130628585815
0.4053334891796112
0.3549797534942627
0.3600465953350067
0.4255828261375427
0.4014209806919098
0.36546990275382996
0.4954420328140259
0.349202960729599
0.4457024931907654
0.5037568211555481
0.435568243265152
0.3977929949760437
0.36487555503845215
0.4389561712741852
0.3728637993335724
0.3732929229736328
0.40194255113601685
0.4733133912086487
0.5380805730819702
0.3766353726387024
0.4603895843029022
0.5054329037666321
0.4523797035217285
0.42848852276802063
0.3489808440208435
0.5176674127578735
0.3968297839164734
0.3937562108039856
0.4363556504249573
0.34418004751205444
0.4031226336956024
0.4562012553215027
0.39569929242134094
0.42059847712516785
0.5261297225952148
0.4335496127605438
0.4216228425502777
0.4764346480369568
0.5140050649642944
0.3999444842338562
0.39652639627456665
0.41164278984069824
0.5225139856338501
0.4324781894683838
0.3882206678390503
0.3734275698661804
0.44309574365615845
0.41386568546295166
0.512112557888031
0.45324254035949707
0.46036750078201294
0.38098105788230896
0.4285695552825928
0.549309253692627
0.4012911319732666
0.37467291951179504
0.4963514506816864
0.4480745792388916
0.36870938539505005
0.44606032967567444
0.526242733001709
0.37137478590011597
0.4587568938732147
0.349531352519989
0.5440245270729065
0.33647680282592773
0.4661315381526947
0.5435085296630859
0.4309871792793274
0.4537343978881836
0.37851130962371826
0.367799311876297
0.4011254608631134
0.36476269364356995
0.5369784832000732
0.38126567006111145
0.41059792041778564
0.3838721215724945
0.4578022062778473
0.376101016998291
0.3908335268497467
0.4192727208137512
0.4139207899570465
0.40818536281585693
0.4137486219406128
0.3371550440788269
0.4099252223968506
0.410820871591568
0.6222645044326782
0.418117880821228
0.4840613901615143
0.536846399307251
0.4314810037612915
0.41720864176750183
0.47733938694000244
0.491240918636322
0.3802201449871063
0.47975194454193115
0.4038386344909668
0.4725872874259949
0.48997417092323303
0.551548421382904
0.4175109267234802
0.4141131639480591
0.4437723457813263
0.5006322264671326
0.3778383731842041
0.35567227005958557
0.4406934976577759
0.3491498827934265
0.490051805973053
0.42499420046806335
0.3996453285217285
0.47837400436401367
0.45662540197372437
0.4118974804878235
0.5258345603942871
0.38166099786758423
0.440662145614624
0.38381415605545044
0.37144172191619873
0.46345385909080505
0.4920206665992737
0.36567896604537964
0.3777463138103485
0.4349379539489746
0.5041394233703613
0.36028197407722473
0.4434947371482849
0.38351625204086304
0.4296380281448364
0.41543081402778625
0.3897005617618561
0.42426562309265137
0.504967451095581
0.3477458357810974
0.47946450114250183
0.3914707899093628
0.45456820726394653
0.4683888554573059
0.37628796696662903
0.3561379611492157
0.46459662914276123
0.3825570344924927
0.38347095251083374
0.37291204929351807
0.3978148400783539
0.46861112117767334
0.5251606702804565
0.45267438888549805
0.4165608882904053
0.48296046257019043
0.5559705495834351
0.6338866353034973
0.4431074261665344
0.397975891828537
0.4380068778991699
0.5052288770675659
0.41115114092826843
0.3962559998035431
0.4446144998073578
0.38811421394348145
0.49652814865112305
0.430799663066864
0.41380977630615234
0.41972771286964417
0.5363022089004517
0.39785531163215637
0.44994524121284485
0.3630267083644867
0.37820756435394287
0.5061893463134766
0.3841138482093811
0.5859850645065308
0.5304803252220154
0.3703427314758301
0.5068739652633667
0.42547959089279175
0.5118531584739685
0.5067015290260315
0.44475996494293213
0.4314570724964142
0.5089373588562012
0.40019163489341736
0.5618508458137512
0.40668076276779175
0.36958956718444824
0.4958145022392273
0.47284600138664246
0.48758065700531006
0.37250781059265137
0.38060224056243896
0.4232243001461029
0.4667026400566101
0.3771505355834961
0.45717653632164
0.519302487373352
0.4423576295375824
0.41001054644584656
0.47796329855918884
0.3790311813354492
0.4067709445953369
0.34868985414505005
0.4401434659957886
0.4710937738418579
0.6129593849182129
0.40501856803894043
0.39098331332206726
0.38547271490097046
0.34947261214256287
0.41792798042297363
0.4581525921821594
0.466244637966156
0.5104997158050537
0.461225688457489
0.417338490486145
0.41700035333633423
0.4330383837223053
0.41486412286758423
0.39525946974754333
0.46987587213516235
0.3532247543334961
0.4140048921108246
0.4513404965400696
0.45158475637435913
0.42631059885025024
0.4911603629589081
0.47817695140838623
0.4696381092071533
0.5366970896720886
0.3611140847206116
0.4218393862247467
0.40628474950790405
0.369493305683136
0.33911898732185364
0.40817150473594666
0.48776692152023315
0.47526711225509644
0.36090725660324097
0.46232765913009644
0.5865402221679688
0.3883095979690552
0.4733104705810547
0.4391835331916809
0.3930127024650574
0.46582940220832825
0.5268239378929138
0.39587217569351196
0.3935887813568115
0.36029013991355896
0.4240102469921112
0.37780892848968506
0.4209589958190918
0.4783360958099365
0.49582940340042114
0.32467764616012573
0.3434373438358307
0.45021820068359375
0.37058669328689575
0.5891979336738586
0.5036057829856873
0.3648340404033661
0.3717329502105713
0.42257097363471985
0.32738009095191956
0.333517462015152
0.7123919725418091
0.38258588314056396
0.3599158227443695
0.37680119276046753
0.4852641820907593
0.44084689021110535
0.37136033177375793
0.4341953694820404
0.44657379388809204
0.40993860363960266
0.5118569135665894
0.34312570095062256
0.45398372411727905
0.4029996395111084
0.447579026222229
0.4871748983860016
0.456020712852478
0.48482638597488403
0.4454494118690491
0.4305729568004608
0.40465977787971497
0.5261860489845276
0.3614352345466614
0.4759517312049866
0.4275202751159668
0.46311914920806885
0.4273706078529358
0.4316297173500061
0.37000611424446106
0.3962506949901581
0.3680516481399536
0.5207169055938721
0.5191212296485901
0.47028404474258423
0.3638989329338074
0.4368458092212677
0.4011428952217102
0.44637298583984375
0.4487966299057007
0.3909597396850586
0.4879857897758484
0.3871534466743469
0.41459476947784424
0.3957953155040741
0.4514400362968445
0.4734172821044922
0.3889089524745941
0.39100056886672974
0.46062010526657104
0.39856478571891785
0.526067852973938
0.3993515968322754
0.5272276401519775
0.3572699725627899
0.4778086841106415
0.36499327421188354
0.38908636569976807
0.4342231750488281
0.4285969138145447
0.5018150806427002
0.6873469352722168
0.42373913526535034
0.36025017499923706
0.3899378478527069
0.4247632622718811
0.42870408296585083
0.5143672227859497
0.4045106768608093
0.48465555906295776
0.4265386462211609
0.44320160150527954
0.4480416774749756
0.4132233262062073
0.39518946409225464
0.4778411388397217
0.39373934268951416
0.3564152717590332
0.4711460769176483
0.4595208764076233
0.37622320652008057
0.41445982456207275
0.48047298192977905
0.3771098256111145
0.3771836459636688
0.5156815052032471
0.3700264096260071
0.456735759973526
0.4832744002342224
0.46769675612449646
0.4062514305114746
0.37104350328445435
0.4031153619289398
0.3821612596511841
0.40464287996292114
0.5001734495162964
0.4361818730831146
0.5168530344963074
0.45476990938186646
0.3800448179244995
0.5305296778678894
0.3756660521030426
0.4450119733810425
0.5179482698440552
0.4531221389770508
0.3560065031051636
0.5119210481643677
0.3769584894180298
0.5067071318626404
0.4100246727466583
0.3702201545238495
0.3638113737106323
0.4249212145805359
0.4151853322982788
0.3976706266403198
0.3915385603904724
0.3750343322753906
0.3994984030723572
0.38870471715927124
0.4305242896080017
0.40009355545043945
0.4780198335647583
0.425507128238678
0.5181552171707153
0.3649556040763855
0.35821983218193054
0.33511388301849365
0.4675377607345581
0.44982248544692993
0.341144323348999
0.3483932316303253
0.40355250239372253
0.38011693954467773
0.3935271203517914
0.3700298070907593
0.459958016872406
0.40852153301239014
0.3741145730018616
0.44296205043792725
0.43922513723373413
0.44765520095825195
0.3397288918495178
0.33674705028533936
0.4518352150917053
0.46900486946105957
0.4770730137825012
0.48010313510894775
0.4142865538597107
0.4382723271846771
0.4022117257118225
0.38444119691848755
0.44681817293167114
0.47066229581832886
0.3922482430934906
0.41919150948524475
0.4059280753135681
0.37959498167037964
0.38115331530570984
0.35523873567581177
0.3878834843635559
0.44036465883255005
0.4672521948814392
0.40935051441192627
0.37854164838790894
0.4578855037689209
0.3635829985141754
0.4087557792663574
0.45852068066596985
0.3848552107810974
0.4626219868659973
0.33752667903900146
0.5292036533355713
0.4310646653175354
0.5258532762527466
0.5714449882507324
0.4555680751800537
0.3975790739059448
0.5095905065536499
0.41245806217193604
0.41883420944213867
0.3798055052757263
0.4959580600261688
0.3699526786804199
0.3776620626449585
0.4811989963054657
0.5051360726356506
0.4069474935531616
0.42153146862983704
0.40266767144203186
0.4128201901912689
0.5803956985473633
0.42180097103118896
0.4945805072784424
0.3486752510070801
0.3492313623428345
0.37901249527931213
0.38618236780166626
0.4492284655570984
0.440631628036499
0.41291090846061707
0.42036983370780945
0.49877220392227173
0.3685537576675415
0.42052584886550903
0.38652852177619934
0.36801308393478394
0.3885224759578705
0.4053618311882019
0.6726775169372559
0.3726450204849243
0.5197895765304565
0.39870214462280273
0.5014592409133911
0.3961588442325592
0.42861208319664
0.4483214318752289
0.4653388559818268
0.3778241276741028
0.404682993888855
0.35688745975494385
0.40144193172454834
0.4021390676498413
0.4060099720954895
0.39893388748168945
0.33605077862739563
0.3724111020565033
0.3463798463344574
0.3831562101840973
0.4613245129585266
0.3965489864349365
0.43485450744628906
0.4584752917289734
0.4526064991950989
0.39305394887924194
0.4310702681541443
0.40199941396713257
0.3827742636203766
0.4775637984275818
0.38044968247413635
0.4475228190422058
0.3935201168060303
0.5132834315299988
0.3655804991722107
0.45694100856781006
0.5571261644363403
0.36921384930610657
0.3814713954925537
0.40102624893188477
0.5059242844581604
0.36018723249435425
0.34712791442871094
0.3633272349834442
0.3874613344669342
0.481303334236145
0.4797252416610718
0.43191638588905334
0.5248535871505737
0.44708073139190674
0.5124927759170532
0.38441115617752075
0.42411214113235474
0.5287535786628723
0.39695310592651367
0.41609683632850647
0.36435666680336
0.3840562105178833
0.3765076994895935
0.45274823904037476
0.3956559896469116
0.38705867528915405
0.43456944823265076
0.4461525082588196
0.3552435636520386
0.40022170543670654
0.5043779611587524
0.3813292980194092
0.48198604583740234
0.5054604411125183
0.37980809807777405
0.33814412355422974
0.39705654978752136
0.38380905985832214
0.44510653614997864
0.5180050730705261
0.3674435019493103
0.3294844627380371
0.5317861437797546
0.40636998414993286
0.3597746193408966
0.3500116765499115
0.654981791973114
0.3456994593143463
0.4932902455329895
0.35447171330451965
0.43120843172073364
0.46080780029296875
0.4487076997756958
0.427354633808136
0.5381229519844055
0.32138335704803467
0.3481901288032532
0.43220284581184387
0.3501436412334442
0.5399743318557739
0.39060908555984497
0.37860068678855896
0.4003005027770996
0.40335193276405334
0.5250359177589417
0.4239998757839203
0.39288079738616943
0.4298756718635559
0.36250442266464233
0.4141870141029358
0.4201376438140869
0.4458712339401245
0.48210614919662476
0.5306802988052368
0.3582302927970886
0.5533497929573059
0.4551231265068054
0.4767535328865051
0.5091313719749451
0.4499039053916931
0.408588171005249
0.4125293493270874
0.3973212242126465
0.43530505895614624
0.3976476192474365
0.6150234937667847
0.3784683048725128
0.36022239923477173
0.4050683379173279
0.34670180082321167
0.41841310262680054
0.4534614384174347
0.37872302532196045
0.3612735867500305
0.39607787132263184
0.7352752685546875
0.47582924365997314
0.3690379858016968
0.4086170196533203
0.4269922971725464
0.6148196458816528
0.46331024169921875
0.41536885499954224
0.3965785801410675
0.47807204723358154
0.3993195593357086
0.34577304124832153
0.3843068480491638
0.4432200789451599
0.36585137248039246
0.3981786370277405
0.35377010703086853
0.5453243851661682
0.3544473648071289
0.43996191024780273
0.36714252829551697
0.47699761390686035
0.4673555791378021
0.4118303656578064
0.36130663752555847
0.32963162660598755
0.42473721504211426
0.49382680654525757
0.49523699283599854
0.4389524459838867
0.39734530448913574
0.38905513286590576
0.37243223190307617
0.445453405380249
0.4205892086029053
0.4506630003452301
0.4054357707500458
0.37486109137535095
0.5012571811676025
0.36344102025032043
0.43920546770095825
0.3426288962364197
0.39678603410720825
0.3723016381263733
0.3551952838897705
0.4208730459213257
0.3921971023082733
0.48371613025665283
0.3832505941390991
0.6752052307128906
0.3802040219306946
0.5263721346855164
0.42685666680336
0.34271013736724854
0.5488383173942566
0.5545051097869873
0.38444989919662476
0.5509482026100159
0.5801341533660889
0.4318755865097046
0.44802960753440857
0.41009074449539185
0.4301312565803528
0.4634183645248413
0.4198625683784485
0.3424341678619385
0.5909504890441895
0.3992169499397278
0.46304649114608765
0.3569623827934265
0.4408946931362152
0.4215611219406128
0.41052383184432983
0.5048270225524902
0.4087945818901062
0.3805777430534363
0.3306252658367157
0.3923628330230713
0.3272002041339874
0.4873819947242737
0.5214377045631409
0.4064677953720093
0.5841538310050964
0.38109835982322693
0.3769729733467102
0.4392804503440857
0.4619508981704712
0.4950622618198395
0.3898259699344635
0.42173221707344055
0.346149206161499
0.3583828806877136
0.3919391632080078
0.3919702470302582
0.3802320957183838
0.4274587631225586
0.387142151594162
0.420760840177536
0.4186001121997833
0.41764163970947266
0.536340594291687
0.3872568607330322
0.34675949811935425
0.3700370490550995
0.47255516052246094
0.4659314751625061
0.4568229019641876
0.40591713786125183
0.3523681163787842
0.3957628905773163
0.38880452513694763
0.40623021125793457
0.4353553056716919
0.4661504626274109
0.38647738099098206
0.45822691917419434
0.43131202459335327
0.639164388179779
0.3880523443222046
0.41218066215515137
0.3951592445373535
0.3540639281272888
0.4648383855819702
0.45445260405540466
0.4028545022010803
0.3664510250091553
0.4355432987213135
0.4388260245323181
0.4787365794181824
0.4210246801376343
0.3391077220439911
0.47064971923828125
0.5010430216789246
0.45750850439071655
0.4415457844734192
0.5107705593109131
0.5195108652114868
0.414214551448822
0.3707979917526245
0.4254835546016693
0.46848440170288086
0.4005158245563507
0.42215120792388916
0.3886338770389557
0.4852898120880127
0.4016578197479248
0.40290483832359314
0.5365493297576904
0.49283355474472046
0.3780093789100647
0.378150999546051
0.5207998156547546
0.5215383768081665
0.398393452167511
0.44769978523254395
0.4598894715309143
0.4277183413505554
0.4952819049358368
0.3616305887699127
0.5288230776786804
0.4455503821372986
0.37782907485961914
0.5108308792114258
0.3696143925189972
0.38549739122390747
0.39062657952308655
0.367146372795105
0.4402071237564087
0.532007098197937
0.34970539808273315
0.5022730827331543
0.39829474687576294
0.3476080298423767
0.5602745413780212
0.43002545833587646
0.3788577616214752
0.47244879603385925
0.6712491512298584
0.4985232651233673
0.43907099962234497
0.4711453318595886
0.3615035116672516
0.5426284670829773
0.33505263924598694
0.3679962158203125
0.3849041759967804
0.4869796335697174
0.4807892441749573
0.32571399211883545
0.39629778265953064
0.4054110646247864
0.4122326970100403
0.4191614091396332
0.40041840076446533
0.3764934241771698
0.5235809087753296
0.42798495292663574
0.47750213742256165
0.523790717124939
0.4169148802757263
0.368396520614624
0.41449108719825745
0.38235437870025635
0.4608345627784729
0.46071088314056396
0.4374789595603943
0.48425787687301636
0.4054245352745056
0.4824349880218506
0.4860754907131195
0.39619290828704834
0.43939900398254395
0.4437445104122162
0.41036108136177063
0.5007844567298889
0.5008947253227234
0.38426053524017334
0.4403408169746399
0.3852435350418091
0.4399830102920532
0.48044565320014954
0.3349002003669739
0.5403101444244385
0.3923187553882599
0.5868201851844788
0.4251614809036255
0.5135419368743896
0.3875647783279419
0.4421704411506653
0.527279257774353
0.34337931871414185
0.41841381788253784
0.37328416109085083
0.47237998247146606
0.36279797554016113
0.38938289880752563
0.4149812161922455
0.37397947907447815
0.4576449394226074
0.4681319296360016
0.34761345386505127
0.378581702709198
0.4207353889942169
0.42866140604019165
0.4389777183532715
0.40242570638656616
0.4006023108959198
0.3905528485774994
0.422284871339798
0.4204273223876953
0.36629992723464966
0.4098760485649109
0.4130891263484955
0.4814520478248596
0.4056786894798279
0.3589572012424469
0.35148975253105164
0.5709972381591797
0.5187594890594482
0.41964083909988403
0.38213157653808594
0.44826987385749817
0.46575528383255005
0.4374939203262329
0.43268686532974243
0.36377114057540894
0.3891611695289612
0.6142466068267822
0.3862127959728241
0.45238447189331055
0.3738079369068146
0.45132479071617126
0.4151008129119873
0.4686714708805084
0.4806102514266968
0.3748665452003479
0.5283052921295166
0.4452597200870514
0.42086803913116455
0.4111344814300537
0.3927590847015381
0.47760796546936035
0.4240431785583496
0.3488122820854187
0.4825788736343384
0.39321455359458923
0.44154027104377747
0.3664727509021759
0.4632698595523834
0.4548892676830292
0.3849726617336273
0.43050628900527954
0.37438443303108215
0.4362752139568329
0.4060336947441101
0.36406639218330383
0.3932817876338959
0.4543232321739197
0.35616791248321533
0.37978512048721313
0.3951795697212219
0.4203638732433319
0.3544119596481323
0.4003731608390808
0.37061649560928345
0.48690903186798096
0.4023527503013611
0.36256083846092224
0.3447766602039337
0.42971470952033997
0.5244857668876648
0.3347657322883606
0.5116466283798218
0.43982118368148804
0.5409518480300903
0.3571953773498535
0.5273903608322144
0.42948001623153687
0.38605982065200806
0.4541032910346985
0.49278247356414795
0.3807474672794342
0.39181798696517944
0.36230185627937317
0.39300984144210815
0.5384248495101929
0.4429946541786194
0.39792966842651367
0.41089677810668945
0.40526774525642395
0.40691936016082764
0.36291903257369995
0.42157673835754395
0.560965895652771
0.38831979036331177
0.4245356321334839
0.44706082344055176
0.42471975088119507
0.35717159509658813
0.38998740911483765
0.6286028623580933
0.5404520034790039
0.39406803250312805
0.39123138785362244
0.44587552547454834
0.3705750107765198
0.3958481252193451
0.4556770622730255
0.47680360078811646
0.4035096764564514
0.3687552809715271
0.4351821541786194
0.3285343050956726
0.4284372329711914
0.37883663177490234
0.44122636318206787
0.44463008642196655
0.37854522466659546
0.37675371766090393
0.41461801528930664
0.36598724126815796
0.313852995634079
0.40006065368652344
0.39327573776245117
0.36050325632095337
0.41059577465057373
0.4893355667591095
0.34857264161109924
0.6355825662612915
0.4589555263519287
0.39689576625823975
0.3785131573677063
0.4718088209629059
0.42726099491119385
0.3490709662437439
0.4420817494392395
0.4644952416419983
0.5426768064498901
0.45937156677246094
0.4750065803527832
0.4554097056388855
0.39854151010513306
0.4319843649864197
0.46862316131591797
0.4249967932701111
0.35071080923080444
0.42890673875808716
0.39819055795669556
0.4103173613548279
0.3984130024909973
0.4352809190750122
0.4439049959182739
0.3658340871334076
0.3774058222770691
0.3107282817363739
0.37611648440361023
0.32521820068359375
0.37865763902664185
0.34803318977355957
0.3834656774997711
0.36141473054885864
0.4418034255504608
0.46492719650268555
0.4411222040653229
0.36693283915519714
0.40807831287384033
0.4226492643356323
0.43604597449302673
0.3839593529701233
0.32718896865844727
0.3840938210487366
0.35569921135902405
0.35299956798553467
0.42015814781188965
0.405981183052063
0.37833648920059204
0.43961918354034424
0.39508771896362305
0.34512272477149963
0.4822543263435364
0.39243969321250916
0.4229259490966797
0.34199196100234985
0.37789350748062134
0.3390241265296936
0.5068824291229248
0.40959644317626953
0.40078049898147583
0.421558678150177
0.5002865791320801
0.33689606189727783
0.3621706962585449
0.3735848665237427
0.3467927575111389
0.48761141300201416
0.410349577665329
0.4319031834602356
0.37853559851646423
0.37464439868927
0.44998979568481445
0.40008634328842163
0.3852120041847229
0.4553702473640442
0.3563494086265564
0.36459171772003174
0.35474011301994324
0.3478173017501831
0.46589112281799316
0.37852904200553894
0.3794340193271637
0.4214947819709778
0.360765278339386
0.3974630534648895
0.5026289224624634
0.46607932448387146
0.39600735902786255
0.3570452034473419
0.5051336288452148
0.40877389907836914
0.34279316663742065
0.38705307245254517
0.4600359797477722
0.37921619415283203
0.4276694059371948
0.3671810030937195
0.4171704947948456
0.32967954874038696
0.38998913764953613
0.35095393657684326
0.44752073287963867
0.4873861074447632
0.3976196050643921
0.39458638429641724
0.4654991030693054
0.35199418663978577
0.40751221776008606
0.4335270822048187
0.3680984079837799
0.37825724482536316
0.6480808854103088
0.42593902349472046
0.4191456735134125
0.389544814825058
0.4846593141555786
0.3934841752052307
0.40832585096359253
0.4157378077507019
0.32946813106536865
0.4453476667404175
0.3992930054664612
0.3735730051994324
0.4442477524280548
0.4615231454372406
0.3950014114379883
0.3333938419818878
0.3582008481025696
0.4294435381889343
0.41668057441711426
0.48525822162628174
0.4095606207847595
0.3683885931968689
0.41087889671325684
0.4418318271636963
0.7304497957229614
0.4147101938724518
0.37401047348976135
0.3566119372844696
0.44258275628089905
0.3873094916343689
0.4906036853790283
0.36769014596939087
0.45990443229675293
0.4785979092121124
0.497151643037796
0.4173482656478882
0.3749961256980896
0.5092681646347046
0.6578705310821533
0.5876610279083252
0.4584956169128418
0.5183216333389282
0.35692355036735535
0.3666768968105316
0.3744284212589264
0.34629106521606445
0.45060646533966064
0.5373263359069824
0.4590967297554016
0.47889912128448486
0.420058012008667
0.5086633563041687
0.3569956421852112
0.3320569396018982
0.4575776755809784
0.3869055509567261
0.4198666512966156
0.5485116839408875
0.3619908094406128
0.45592617988586426
0.37460440397262573
0.36481955647468567
0.40241044759750366
0.39865922927856445
0.3559616804122925
0.4183126986026764
0.40278899669647217
0.348762184381485
0.46424180269241333
0.36556336283683777
0.42531925439834595
0.375291645526886
0.39391469955444336
0.4149748682975769
0.4690113663673401
0.4304068684577942
0.3394693434238434
0.5246244072914124
0.3384368419647217
0.360294908285141
0.34763291478157043
0.37152811884880066
0.6043386459350586
0.43380457162857056
0.3919810652732849
0.34228527545928955
0.4246077537536621
0.40266677737236023
0.5620424747467041
0.46741682291030884
0.3767514228820801
0.6070849895477295
0.45909827947616577
0.43128880858421326
0.5452368259429932
0.3826068043708801
0.46073734760284424
0.46388959884643555
0.3940976858139038
0.40592068433761597
0.4342329502105713
0.4530980885028839
0.3780874013900757
0.3825233578681946
0.4011269509792328
0.42213714122772217
0.3881739377975464
0.43123799562454224
0.368284672498703
0.3946526348590851
0.326018363237381
0.40186333656311035
0.3343470096588135
0.39330148696899414
0.52988201379776
0.37291115522384644
0.3740963935852051
0.38111937046051025
0.3814016878604889
0.38397687673568726
0.4132508635520935
0.38454949855804443
0.3934999406337738
0.370745986700058
0.4456043839454651
0.3882931172847748
0.38855528831481934
0.3652886748313904
0.36262235045433044
0.41235363483428955
0.47956383228302
0.38609692454338074
0.4282534122467041
0.38312363624572754
0.41759711503982544
0.4275668263435364
0.4452058672904968
0.3607288599014282
0.42651718854904175
0.42408180236816406
0.4645655155181885
0.40989676117897034
0.40293437242507935
0.40396666526794434
0.4048023819923401
0.360475093126297
0.39365339279174805
0.4114153981208801
0.48762327432632446
0.460818886756897
0.4414476752281189
0.4315134286880493
0.34745970368385315
0.34991806745529175
0.3787679672241211
0.38103705644607544
0.44541388750076294
0.407817542552948
0.4048230051994324
0.385006844997406
0.38709044456481934
0.3725438714027405
0.47866833209991455
0.49749672412872314
0.35388877987861633
0.4157038927078247
0.5597787499427795
0.37181925773620605
0.3891993761062622
0.3675450086593628
0.4421933889389038
0.39704668521881104
0.3884994387626648
0.4035862684249878
0.377360075712204
0.4463042616844177
0.40887022018432617
0.43701064586639404
0.4057997465133667
0.43339410424232483
0.4000227153301239
0.3955818712711334
0.435843825340271
0.36346209049224854
0.45687270164489746
0.41892147064208984
0.38087576627731323
0.37361228466033936
0.377685010433197
0.36772119998931885
0.4086109399795532
0.33476102352142334
0.4328562319278717
0.3258301019668579
0.35699236392974854
0.34916627407073975
0.40395587682724
0.40777453780174255
0.3518069386482239
0.4460170865058899
0.3618479371070862
0.4313303828239441
0.37536388635635376
0.4941018521785736
0.35906875133514404
0.6479645371437073
0.33615076541900635
0.47033631801605225
0.3371042013168335
0.35740363597869873
0.33995383977890015
0.4285092353820801
0.4879770874977112
0.3291698396205902
0.5545937418937683
0.41704660654067993
0.41598817706108093
0.43471068143844604
0.32230451703071594
0.3653212785720825
0.4324895739555359
0.36141884326934814
0.3903959393501282
0.3798586428165436
0.37561917304992676
0.31881603598594666
0.41140127182006836
0.5057350993156433
0.39262163639068604
0.4959787130355835
0.35812312364578247
0.38073039054870605
0.3474884331226349
0.38304346799850464
0.3863227069377899
0.3462892770767212
0.4248368442058563
0.37079739570617676
0.4192361533641815
0.4222726821899414
0.34718310832977295
0.5065815448760986
0.4019317626953125
0.379314124584198
0.39795172214508057
0.4273431897163391
0.416451632976532
0.4421413540840149
0.5183598399162292
0.4074089527130127
0.424207866191864
0.3563551902770996
0.38373732566833496
0.5171417593955994
0.3956415057182312
0.36981505155563354
0.387265682220459
0.47783905267715454
0.4056414067745209
0.3633002042770386
0.40895989537239075
0.42521393299102783
0.42892706394195557
0.4045884609222412
0.42437684535980225
0.41407954692840576
0.41206836700439453
0.5578364729881287
0.4065294563770294
0.39714646339416504
0.39350026845932007
0.4512743353843689
0.5854613184928894
0.3749484419822693
0.4747738838195801
0.39663392305374146
0.5346356630325317
0.38950544595718384
0.5054794549942017
0.4044460654258728
0.4123893082141876
0.4132234454154968
0.35625842213630676
0.3792095184326172
0.3727949261665344
0.3809623122215271
0.3592553734779358
0.4407835602760315
0.3476427495479584
0.5722975134849548
0.42719876766204834
0.3811500072479248
0.35740500688552856
0.529198169708252
0.3821948766708374
0.38315117359161377
0.3716362714767456
0.3762969672679901
0.3680645823478699
0.4581947922706604
0.3836636543273926
0.49273017048835754
0.37305086851119995
0.3540358245372772
0.3746926784515381
0.5042203664779663
0.3666192889213562
0.40653353929519653
0.3713833689689636
0.39414769411087036
0.43211817741394043
0.3969351649284363
0.3900488615036011
0.3826868236064911
0.3796464502811432
0.45402708649635315
0.37687546014785767
0.4269057810306549
0.39412811398506165
0.3559200167655945
0.32650747895240784
0.32289496064186096
0.5092224478721619
0.38027143478393555
0.3753703832626343
0.42338353395462036
0.4147087037563324
0.5923589468002319
0.4507281184196472
0.4524052143096924
0.4073508679866791
0.3156525492668152
0.34816262125968933
0.3718242943286896
0.38365811109542847
0.5185246467590332
0.4479237198829651
0.49385207891464233
0.4044758975505829
0.3975512683391571
0.35686194896698
0.47037559747695923
0.38472574949264526
0.5118227005004883
0.3922041058540344
0.4076783061027527
0.33965209126472473
0.36179977655410767
0.4227367043495178
0.45844292640686035
0.3878682851791382
0.4240884780883789
0.3665359318256378
0.6753543019294739
0.364905446767807
0.3441217541694641
0.3846147358417511
0.3438680171966553
0.37206828594207764
0.3989107608795166
0.3795279562473297
0.36248964071273804
0.36816713213920593
0.4255472421646118
0.3651936650276184
0.3452047109603882
0.333856999874115
0.3927725553512573
0.4459344744682312
0.35836684703826904
0.3710881173610687
0.43480026721954346
0.3453054130077362
0.35332348942756653
0.46646803617477417
0.3596097230911255
0.42984408140182495
0.35039353370666504
0.3479088842868805
0.400381863117218
0.4074295163154602
0.37493669986724854
0.4489436745643616
0.4499448537826538
0.3964247405529022
0.41632890701293945
0.39858347177505493
0.3753204941749573
0.43170541524887085
0.3593032658100128
0.39352160692214966
0.545668363571167
0.41258683800697327
0.3533983826637268
0.4984089732170105
0.4486418664455414
0.3847498893737793
0.46851056814193726
0.5684135556221008
0.38002049922943115
0.3854988217353821
0.4411347508430481
0.3950820565223694
0.3582885265350342
0.38465338945388794
0.3553885519504547
0.3521808981895447
0.41967886686325073
0.36417117714881897
0.4843420386314392
0.41304129362106323
0.4367353320121765
0.4173624515533447
0.3805776536464691
0.32367241382598877
0.3906257748603821
0.4807351529598236
0.3702813386917114
0.5203096866607666
0.41641664505004883
0.45906054973602295
0.49254778027534485
0.3558013141155243
0.33497434854507446
0.4319438934326172
0.3783233165740967
0.38927650451660156
0.3898693919181824
0.3898703455924988
0.4061923027038574
0.35900455713272095
0.37841713428497314
0.45185285806655884
0.4598312973976135
0.39582759141921997
0.4245080351829529
0.3667948842048645
0.5245156288146973
0.350923627614975
0.5211734771728516
0.40378081798553467
0.4952515959739685
0.3446364998817444
0.4188975691795349
0.3918667435646057
0.40508517622947693
0.355884313583374
0.3919587731361389
0.3928566575050354
0.3889964520931244
0.3549392521381378
0.33376187086105347
0.430278480052948
0.39593303203582764
0.32962316274642944
0.3278283476829529
0.37961339950561523
0.34096211194992065
0.3721798062324524
0.4141142666339874
0.34528785943984985
0.33168846368789673
0.41322094202041626
0.3564053177833557
0.32669609785079956
0.37665626406669617
0.41990143060684204
0.4522903561592102
0.4285406470298767
0.4151710271835327
0.3750052750110626
0.3509145677089691
0.40018612146377563
0.4317295551300049
0.44777217507362366
0.4107915163040161
0.3739457130432129
0.5404829978942871
0.33359453082084656
0.3420913815498352
0.3961470127105713
0.40460509061813354
0.5334572792053223
0.3979223966598511
0.5598598718643188
0.4615194797515869
0.44271427392959595
0.3921230733394623
0.393894225358963
0.4433222711086273
0.3585798442363739
0.5294615626335144
0.38669583201408386
0.32822078466415405
0.5118910074234009
0.47204500436782837
0.44379812479019165
0.3312147259712219
0.4329417645931244
0.43275731801986694
0.3944455087184906
0.5402646064758301
0.4864170551300049
0.3789485991001129
0.37953150272369385
0.41187548637390137
0.36250969767570496
0.3732064366340637
0.34533414244651794
0.5205486416816711
0.4778187870979309
0.44290846586227417
0.45232781767845154
0.41475242376327515
0.3722892105579376
0.5236916542053223
0.4143630862236023
0.35345083475112915
0.47651171684265137
0.47348880767822266
0.4273993968963623
0.49867284297943115
0.37546563148498535
0.35425305366516113
0.37580111622810364
0.3553133010864258
0.405958354473114
0.38407832384109497
0.39415907859802246
0.3586829900741577
0.4590644836425781
0.45275256037712097
0.39491885900497437
0.44310423731803894
0.4455876350402832
0.3621296286582947
0.4261946678161621
0.42065292596817017
0.40390366315841675
0.4329897165298462
0.41836804151535034
0.3551929295063019
0.49275141954421997
0.38155460357666016
0.4254571199417114
0.42637816071510315
0.39439287781715393
0.38555899262428284
0.456024706363678
0.39270344376564026
0.3939441740512848
0.408549964427948
0.4051298499107361
0.41345465183258057
0.4143282175064087
0.43257415294647217
0.4875849485397339
0.40785926580429077
0.4082545042037964
0.5217128992080688
0.35746169090270996
0.40038585662841797
0.3547830581665039
0.4068536162376404
0.377609521150589
0.40478450059890747
0.3641812205314636
0.4161941111087799
0.38164418935775757
0.4126662313938141
0.43008649349212646
0.3963373601436615
0.38641032576560974
0.44741901755332947
0.3564862012863159
0.3846486806869507
0.37533652782440186
0.5272392630577087
0.4647449254989624
0.5343401432037354
0.43339329957962036
0.3794952630996704
0.38237500190734863
0.5310226678848267
0.4101233184337616
0.3583988547325134
0.3197941184043884
0.37692534923553467
0.3561847507953644
0.3415219783782959
0.41272369027137756
0.48375481367111206
0.39530107378959656
0.3522876501083374
0.43636688590049744
0.3760802447795868
0.3598782420158386
0.4712568521499634
0.33683478832244873
0.36818191409111023
0.35968858003616333
0.4121722877025604
0.3460473120212555
0.3365572690963745
0.38159212470054626
0.41907572746276855
0.3794173002243042
0.39975714683532715
0.3446796238422394
0.4473785161972046
0.3448231816291809
0.33816125988960266
0.3066069483757019
0.4701155424118042
0.3359580934047699
0.37123119831085205
0.39412635564804077
0.36009177565574646
0.3825063407421112
0.5262004137039185
0.3994213342666626
0.3718297481536865
0.3646796941757202
0.38691312074661255
0.4066898226737976
0.3709701895713806
0.3882847726345062
0.4267232418060303
0.3506240248680115
0.6648044586181641
0.46140408515930176
0.433099627494812
0.4035000801086426
0.3589681386947632
0.38773494958877563
0.48186010122299194
0.3335336148738861
0.3620522618293762
0.40943843126296997
0.5002452731132507
0.5931380391120911
0.33418524265289307
0.4430435299873352
0.5468961000442505
0.45070579648017883
0.4476833939552307
0.4879671335220337
0.3859749436378479
0.461763858795166
0.48262518644332886
0.3852792978286743
0.4495408535003662
0.4019624590873718
0.3556811213493347
0.37630826234817505
0.474403440952301
0.3966105580329895
0.4063379168510437
0.4241475462913513
0.338204026222229
0.4212839901447296
0.32618701457977295
0.3296743631362915
0.3580823838710785
0.4623706042766571
0.4507397711277008
0.34018662571907043
0.44424909353256226
0.36576908826828003
0.4992434084415436
0.3259197175502777
0.38875341415405273
0.381131649017334
0.37120988965034485
0.34097111225128174
0.4706553816795349
0.3426070809364319
0.3403297960758209
0.4455668330192566
0.37939122319221497
0.37677454948425293
0.432869553565979
0.43082672357559204
0.35073190927505493
0.36396071314811707
0.4355405569076538
0.3784935474395752
0.38085055351257324
0.5582598447799683
0.3865733742713928
0.36434441804885864
0.3787136673927307
0.36926525831222534
0.46838387846946716
0.3541507124900818
0.42251574993133545
0.3375690281391144
0.3778485059738159
0.388994038105011
0.34880900382995605
0.35387057065963745
0.3593769669532776
0.4385836124420166
0.35090306401252747
0.3755943775177002
0.42012208700180054
0.3962814211845398
0.3772016167640686
0.4183124601840973
0.37812960147857666
0.43493860960006714
0.33302822709083557
0.34269559383392334
0.3494551181793213
0.43308860063552856
0.38309168815612793
0.45356887578964233
0.43011239171028137
0.4084070026874542
0.32549822330474854
0.4227493405342102
0.4081801176071167
0.47654008865356445
0.433810293674469
0.4476962685585022
0.43388301134109497
0.42271608114242554
0.42097434401512146
0.4364321827888489
0.3785865306854248
0.41742226481437683
0.3401830196380615
0.36563658714294434
0.41734933853149414
0.46661698818206787
0.38995811343193054
0.40551233291625977
0.4216168522834778
0.4735276699066162
0.34069931507110596
0.3855452537536621
0.40639570355415344
0.39633411169052124
0.4742146134376526
0.3384893834590912
0.5504313707351685
0.3460233211517334
0.3763195276260376
0.39458462595939636
0.334722101688385
0.3412879407405853
0.39078807830810547
0.3452087938785553
0.33884453773498535
0.3719526529312134
0.3731898069381714
0.3929283320903778
0.44821155071258545
0.3737313151359558
0.4506291151046753
0.34322041273117065
0.4776753783226013
0.4486891031265259
0.4745885133743286
0.3965170383453369
0.32790225744247437
0.42773181200027466
0.36471834778785706
0.5087007880210876
0.44773155450820923
0.3574677109718323
0.3495003879070282
0.4049310088157654
0.5149862170219421
0.459286630153656
0.4030376076698303
0.41314542293548584
0.4544805586338043
0.4372277855873108
0.39616382122039795
0.39552903175354004
0.4865252673625946
0.4683734178543091
0.3861742615699768
0.3309078514575958
0.3590158522129059
0.4757077693939209
0.40389010310173035
0.36121293902397156
0.3795488476753235
0.4602043628692627
0.47629866003990173
0.40067344903945923
0.3650641143321991
0.3869718313217163
0.3824394643306732
0.418028324842453
0.4181768298149109
0.3496702313423157
0.3745094835758209
0.5129165649414062
0.40381088852882385
0.39263075590133667
0.3770325779914856
0.3458261489868164
0.3582160770893097
0.3583835959434509
0.38231343030929565
0.48310768604278564
0.38596975803375244
0.38627421855926514
0.35976216197013855
0.35994911193847656
0.3833698034286499
0.3744198679924011
0.454074501991272
0.4157586097717285
0.39365196228027344
0.4417874813079834
0.3729838728904724
0.372663289308548
0.336131751537323
0.33198317885398865
0.5336482524871826
0.33148854970932007
0.44542065262794495
0.42659902572631836
0.5072198510169983
0.35594069957733154
0.35020947456359863
0.33020010590553284
0.3699033260345459
0.3753368854522705
0.33138203620910645
0.3967130780220032
0.37014639377593994
0.39791011810302734
0.3427334725856781
0.38458186388015747
0.3697551488876343
0.41248318552970886
0.3832924962043762
0.47622954845428467
0.4185471534729004
0.5519273281097412
0.4885384440422058
0.377322793006897
0.4953117370605469
0.3777479827404022
0.3421861231327057
0.38206014037132263
0.4635879397392273
0.35109615325927734
0.41055434942245483
0.3734077513217926
0.39345231652259827
0.35002923011779785
0.329620361328125
0.47622281312942505
0.47973209619522095
0.38059890270233154
0.4668346047401428
0.3518277704715729
0.3428211510181427
0.4835919737815857
0.37142816185951233
0.3682088255882263
0.3686988949775696
0.36388546228408813
0.40757378935813904
0.3735051453113556
0.4564581513404846
0.4191742539405823
0.45918262004852295
0.42326924204826355
0.4235193729400635
0.49395567178726196
0.40845513343811035
0.3627457916736603
0.3906918168067932
0.4368758797645569
0.37398019433021545
0.35035669803619385
0.3587706685066223
0.35011276602745056
0.3809276521205902
0.3604881167411804
0.4187018871307373
0.3800118565559387
0.3348235487937927
0.37709441781044006
0.3401836156845093
0.30010369420051575
0.40419548749923706
0.470702588558197
0.3994845449924469
0.411205917596817
0.4743709862232208
0.41882094740867615
0.4933602213859558
0.43400031328201294
0.401233047246933
0.3449535071849823
0.38816535472869873
0.3638043999671936
0.3291158378124237
0.36750149726867676
0.3880079686641693
0.3513166308403015
0.3481096029281616
0.37432345747947693
0.35924047231674194
0.3779592514038086
0.3720764219760895
0.3636074960231781
0.4254974126815796
0.31830352544784546
0.4037927985191345
0.44016486406326294
0.3272762894630432
0.3524356186389923
0.4043847322463989
0.4276268780231476
0.39153921604156494
0.3899061381816864
0.32861125469207764
0.46587324142456055
0.3993096351623535
0.4897220730781555
0.39048969745635986
0.39656007289886475
0.3931417465209961
0.3777136504650116
0.49656495451927185
0.3390313684940338
0.3804698884487152
0.36062002182006836
0.5793754458427429
0.3155653178691864
0.42543283104896545
0.5776543617248535
0.37643563747406006
0.3494352102279663
0.40140634775161743
0.3867054879665375
0.3867134153842926
0.3673502504825592
0.4081323444843292
0.4031590223312378
0.3381514251232147
0.40086036920547485
0.46681374311447144
0.4140704274177551
0.3591952323913574
0.33662697672843933
0.46977555751800537
0.3963544964790344
0.405053973197937
0.37426304817199707
0.43051862716674805
0.4323617219924927
0.41064631938934326
0.42939144372940063
0.3437722623348236
0.3346460461616516
0.38812583684921265
0.35462063550949097
0.46866095066070557
0.3923448920249939
0.43867552280426025
0.34325480461120605
0.41157394647598267
0.3799598813056946
0.35034236311912537
0.3691678047180176
0.47793588042259216
0.3368552029132843
0.42991751432418823
0.46026483178138733
0.41181182861328125
0.4510596990585327
0.44282299280166626
0.45284199714660645
0.3392007350921631
0.6477632522583008
0.4182276129722595
0.34150430560112
0.49345991015434265
0.4313587546348572
0.487440288066864
0.3494824171066284
0.38665664196014404
0.39105841517448425
0.39223313331604004
0.389557808637619
0.42535313963890076
0.3338475823402405
0.3592934310436249
0.37908151745796204
0.3251364231109619
0.38762226700782776
0.3938067555427551
0.3745010495185852
0.512344479560852
0.36055988073349
0.5035737752914429
0.392689049243927
0.39061498641967773
0.37319743633270264
0.31050753593444824
0.44095420837402344
0.33687204122543335
0.3487272262573242
0.42402586340904236
0.4854366183280945
0.4625093936920166
0.3391014337539673
0.3442803919315338
0.37132465839385986
0.3546362817287445
0.4686591923236847
0.36252081394195557
0.3693467378616333
0.3777664303779602
0.4032639265060425
0.34858763217926025
0.3173115849494934
0.34379151463508606
0.46366435289382935
0.42808952927589417
0.45066478848457336
0.3734714388847351
0.32982200384140015
0.34377071261405945
0.42072373628616333
0.45545971393585205
0.30593204498291016
0.3308037221431732
0.33767449855804443
0.44350457191467285
0.4458716809749603
0.39813995361328125
0.37624937295913696
0.4250120520591736
0.36955106258392334
0.408108651638031
0.46993541717529297
0.3431512713432312
0.34159666299819946
0.37590286135673523
0.37479108572006226
0.4078603982925415
0.4291269779205322
0.3324204385280609
0.5571197271347046
0.5180981159210205
0.3765084147453308
0.39080554246902466
0.4620283842086792
0.35788387060165405
0.40145760774612427
0.4426972568035126
0.4204728603363037
0.35149067640304565
0.37289419770240784
0.3410899341106415
0.46498990058898926
0.4495069682598114
0.3546127676963806
0.3670237362384796
0.38049590587615967
0.42320874333381653
0.35575082898139954
0.38049206137657166
0.33689790964126587
0.3318079710006714
0.367788702249527
0.42958980798721313
0.46093106269836426
0.41536760330200195
0.48179855942726135
0.34478431940078735
0.39612725377082825
0.41892915964126587
0.42076316475868225
0.35331040620803833
0.40149539709091187
0.463015615940094
0.3686164617538452
0.36856609582901
0.3765871822834015
0.35870227217674255
0.3587042987346649
0.3891811668872833
0.3489806056022644
0.3625081479549408
0.3809567093849182
0.39379024505615234
0.49414652585983276
0.3825969099998474
0.33837229013442993
0.42357221245765686
0.38278523087501526
0.3380565941333771
0.43368858098983765
0.5166637897491455
0.3867201805114746
0.35343286395072937
0.4026966094970703
0.33492377400398254
0.3942611813545227
0.3758874535560608
0.3519105017185211
0.3483131527900696
0.3659221827983856
0.3460870683193207
0.3621944189071655
0.36051762104034424
0.4167408347129822
0.3555344343185425
0.33842116594314575
0.3664252758026123
0.3861929774284363
0.4163797199726105
0.49170905351638794
0.3271731436252594
0.3947964906692505
0.3734273910522461
0.3748741149902344
0.3667454123497009
0.37674611806869507
0.3695768713951111
0.37046271562576294
0.3489450514316559
0.4132710099220276
0.4278164505958557
0.3524456322193146
0.3509191572666168
0.46319830417633057
0.39453667402267456
0.4312986731529236
0.3269956707954407
0.3759901523590088
0.3564775288105011
0.3709992468357086
0.3799067735671997
0.3308154344558716
0.42375749349594116
0.4550487697124481
0.37490612268447876
0.44815871119499207
0.4268665611743927
0.3468588590621948
0.5246176719665527
0.4117293357849121
0.3492957353591919
0.41794025897979736
0.38059553503990173
0.4509163498878479
0.3865205645561218
0.35718846321105957
0.45254385471343994
0.41152024269104004
0.35863620042800903
0.3752968907356262
0.32936394214630127
0.41301319003105164
0.3975439965724945
0.43460315465927124
0.332891047000885
0.347829133272171
0.35419654846191406
0.4161113500595093
0.46674084663391113
0.4521716237068176
0.4417109489440918
0.42792630195617676
0.4664161503314972
0.3784428536891937
0.4141261577606201
0.4026058316230774
0.42618313431739807
0.34101754426956177
0.4034654498100281
0.35555416345596313
0.5346744060516357
0.37298235297203064
0.4791349768638611
0.36416518688201904
0.3401568531990051
0.3357325494289398
0.3576509952545166
0.40849578380584717
0.39754313230514526
0.4113176465034485
0.3771868646144867
0.6204309463500977
0.415779709815979
0.42135733366012573
0.3809310793876648
0.3416321277618408
0.4275081157684326
0.4329580068588257
0.39933863282203674
0.4984165132045746
0.3669670522212982
0.4099327623844147
0.4189395308494568
0.43265238404273987
0.44881173968315125
0.4434293806552887
0.4527701437473297
0.41504335403442383
0.3966622054576874
0.37726932764053345
0.3958326280117035
0.3585495352745056
0.3365050256252289
0.45317232608795166
0.374811589717865
0.3869102895259857
0.32809609174728394
0.31558626890182495
0.39062732458114624
0.39702683687210083
0.4116866886615753
0.3738558292388916
0.41596993803977966
0.3748789131641388
0.387265682220459
0.3392145335674286
0.37478622794151306
0.3646784722805023
0.36248138546943665
0.3750496804714203
0.4777509868144989
0.3727525472640991
0.3548870086669922
0.3873797059059143
0.39697393774986267
0.47123897075653076
0.40899962186813354
0.3574824333190918
0.332025945186615
0.35564595460891724
0.3767681121826172
0.3618566691875458
0.3602578639984131
0.41346269845962524
0.3159447908401489
0.45658689737319946
0.5762275457382202
0.3962700366973877
0.36376869678497314
0.3965013027191162
0.38346919417381287
0.45322033762931824
0.33493196964263916
0.40584278106689453
0.37932661175727844
0.39559048414230347
0.3463281989097595
0.33724135160446167
0.40833911299705505
0.38029444217681885
0.4428877532482147
0.4444172978401184
0.4436591565608978
0.40833789110183716
0.4368085265159607
0.4261670708656311
0.3861618638038635
0.38469600677490234
0.4602653384208679
0.32792040705680847
0.3055325150489807
0.3931441903114319
0.5295930504798889
0.5098577737808228
0.34000691771507263
0.42684537172317505
0.36923709511756897
0.3839472830295563
0.38497889041900635
0.41632556915283203
0.3627941608428955
0.3815205991268158
0.38229942321777344
0.3318694829940796
0.3698228597640991
0.4806380569934845
0.38349854946136475
0.3536407947540283
0.4113384187221527
0.4365134835243225
0.47074609994888306
0.335477352142334
0.3733542561531067
0.3948785066604614
0.5311863422393799
0.34535232186317444
0.4757426977157593
0.35374701023101807
0.3590851426124573
0.45256054401397705
0.3900587558746338
0.35696327686309814
0.3504289388656616
0.3369061052799225
0.35026824474334717
0.3319751024246216
0.3731803297996521
0.3843206763267517
0.36851632595062256
0.36253026127815247
0.333987832069397
0.4417162537574768
0.35428479313850403
0.4294049143791199
0.39065903425216675
0.39230215549468994
0.33272820711135864
0.38466131687164307
0.39046257734298706
0.4023401737213135
0.5711526870727539
0.3894197344779968
0.3297804594039917
0.36364543437957764
0.41465356945991516
0.445095419883728
0.41460949182510376
0.4011528789997101
0.33436301350593567
0.37353017926216125
0.36019816994667053
0.3388769030570984
0.35898473858833313
0.4642307758331299
0.4164184033870697
0.4140010476112366
0.37950628995895386
0.4007450342178345
0.3338000178337097
0.3800375759601593
0.32666006684303284
0.34820660948753357
0.3456164002418518
0.3752785325050354
0.3759848475456238
0.46025320887565613
0.46244752407073975
0.3495091199874878
0.43282550573349
0.393515944480896
0.3380487859249115
0.3652535676956177
0.34845203161239624
0.3197357654571533
0.3315826952457428
0.534064769744873
0.47290104627609253
0.38987576961517334
0.4818628430366516
0.3300866186618805
0.3573320209980011
0.36245566606521606
0.3793885409832001
0.3760620355606079
0.3710687756538391
0.4600881338119507
0.3999006748199463
0.45297861099243164
0.40280646085739136
0.4042811989784241
0.3733118772506714
0.3656820058822632
0.3916819095611572
0.428680956363678
0.34238067269325256
0.3386525809764862
0.44805893301963806
0.3400686979293823
0.40130680799484253
0.4481552839279175
0.3440755009651184
0.39660975337028503
0.36810705065727234
0.44272279739379883
0.3702821433544159
0.43180352449417114
0.39253658056259155
0.42196032404899597
0.3528873026371002
0.4719129204750061
0.40209832787513733
0.43142056465148926
0.34004920721054077
0.40680456161499023
0.5324187278747559
0.3449993133544922
0.39438149333000183
0.3861921429634094
0.329702228307724
0.3536149859428406
0.34586799144744873
0.4033125638961792
0.49998170137405396
0.35792073607444763
0.3858206868171692
0.3162688910961151
0.3346271514892578
0.3478222191333771
0.3772602081298828
0.37036120891571045
0.4400481581687927
0.4209706783294678
0.34446606040000916
0.35853973031044006
0.3785475194454193
0.34716907143592834
0.38856765627861023
0.34823548793792725
0.4931269884109497
0.41931480169296265
0.3634082078933716
0.40875306725502014
0.4935756325721741
0.38985979557037354
0.4716969430446625
0.3149258494377136
0.3796173334121704
0.3275305926799774
0.384662389755249
0.44593071937561035
0.34229573607444763
0.3477638065814972
0.37960225343704224
0.3499560058116913
0.35358500480651855
0.38979125022888184
0.43826574087142944
0.39143794775009155
0.34495753049850464
0.4675072133541107
0.42386138439178467
0.36930763721466064
0.392200231552124
0.38819748163223267
0.35882648825645447
0.4024251699447632
0.4145917296409607
0.41569605469703674
0.3803578317165375
0.4141867756843567
0.48355841636657715
0.37649139761924744
0.3317010700702667
0.3383820354938507
0.3733879327774048
0.3566173315048218
0.4614579677581787
0.4846187233924866
0.3636457324028015
0.40113770961761475
0.3538046181201935
0.3920445442199707
0.3552001714706421
0.4042235016822815
0.43902331590652466
0.39360299706459045
0.38468867540359497
0.3521292507648468
0.45558667182922363
0.4422791004180908
0.33233219385147095
0.3561519980430603
0.355657696723938
0.35320496559143066
0.3347652554512024
0.43410977721214294
0.3671436011791229
0.3503086268901825
0.3554588258266449
0.4372637867927551
0.3270263671875
0.4465949237346649
0.3867391049861908
0.31618353724479675
0.4778224229812622
0.37183642387390137
0.3984757661819458
0.4271247982978821
0.4046087861061096
0.3529911935329437
0.34548819065093994
0.463189959526062
0.3917427062988281
0.33559343218803406
0.3676498234272003
0.5243366360664368
0.3568878471851349
0.38664382696151733
0.4013182818889618
0.381623238325119
0.3517321050167084
0.5435675382614136
0.35189685225486755
0.3395787477493286
0.5138193368911743
0.3869696259498596
0.3615233898162842
0.3305959403514862
0.3404090404510498
0.3660466969013214
0.38136327266693115
0.3699926733970642
0.43367624282836914
0.41277045011520386
0.37133434414863586
0.4943765699863434
0.41124215722084045
0.42071884870529175
0.4076312780380249
0.3699300289154053
0.44888705015182495
0.45985692739486694
0.40885913372039795
0.44485682249069214
0.43339991569519043
0.44169431924819946
0.3430998921394348
0.46434783935546875
0.38168635964393616
0.514755129814148
0.3590407967567444
0.40446776151657104
0.3517110347747803
0.36230766773223877
0.3299992084503174
0.3549808859825134
0.3766334652900696
0.4455329179763794
0.3654983639717102
0.3609834313392639
0.35989025235176086
0.3952815532684326
0.48030394315719604
0.3809862732887268
0.37174665927886963
0.47864216566085815
0.4858088791370392
0.3218618333339691
0.43890488147735596
0.3452821671962738
0.4073478579521179
0.3964487910270691
0.4461415708065033
0.3569945693016052
0.36431360244750977
0.5054757595062256
0.34939733147621155
0.6981011033058167
0.3595638871192932
0.3972932696342468
0.48906829953193665
0.34612664580345154
0.37087106704711914
0.44124332070350647
0.4336940050125122
0.35070258378982544
0.3592264950275421
0.37626755237579346
0.46611446142196655
0.38934916257858276
0.34038054943084717
0.4535052478313446
0.31921303272247314
0.45787617564201355
0.33005768060684204
0.366000235080719
0.43508294224739075
0.3606700599193573
0.4085526764392853
0.31978529691696167
0.38174742460250854
0.53749018907547
0.377733051776886
0.38530677556991577
0.4158112704753876
0.456805944442749
0.3659224510192871
0.35014107823371887
0.5002593398094177
0.42844632267951965
0.31286439299583435
0.48722660541534424
0.3861156105995178
0.5316324830055237
0.4675261080265045
0.33225616812705994
0.3321889042854309
0.40742045640945435
0.37993067502975464
0.38982126116752625
0.3796577751636505
0.34271886944770813
0.4919974207878113
0.38118135929107666
0.4270018935203552
0.48633748292922974
0.36247143149375916
0.3581244945526123
0.4555757939815521
0.3724600374698639
0.4079499840736389
0.3627079427242279
0.34659233689308167
0.35883575677871704
0.3830341100692749
0.372161328792572
0.3849279284477234
0.4069206714630127
0.3418765366077423
0.3435801565647125
0.37924283742904663
0.4589817523956299
0.40305328369140625
0.3692011833190918
0.3612964153289795
0.3206833600997925
0.35176312923431396
0.3374505043029785
0.3912937641143799
0.41803067922592163
0.33179518580436707
0.3832399547100067
0.3356565535068512
0.41638046503067017
0.41082650423049927
0.43120142817497253
0.3904985189437866
0.3809652328491211
0.5829170942306519
0.3694150745868683
0.41462022066116333
0.417046457529068
0.32932791113853455
0.414711058139801
0.36031585931777954
0.4593721330165863
0.379313200712204
0.3710489273071289
0.4230507016181946
0.5491539835929871
0.3309584856033325
0.4301161468029022
0.4303109049797058
0.45625144243240356
0.3702402710914612
0.3674544394016266
0.36754047870635986
0.4183879494667053
0.3527519106864929
0.36515119671821594
0.41194677352905273
0.42351287603378296
0.38144651055336
0.3869097828865051
0.3343604505062103
0.3916293978691101
0.3803864121437073
0.4849502444267273
0.34787076711654663
0.41860878467559814
0.34863296151161194
0.4411507248878479
0.381695032119751
0.48586082458496094
0.4151632785797119
0.3541758060455322
0.39938753843307495
0.3949752449989319
0.3890417218208313
0.4391130208969116
0.35347700119018555
0.4182705879211426
0.4881671071052551
0.38392531871795654
0.43466252088546753
0.3614172637462616
0.3918265104293823
0.37635689973831177
0.39940357208251953
0.41626548767089844
0.3558644950389862
0.368921160697937
0.35798966884613037
0.49410802125930786
0.4099825620651245
0.34909042716026306
0.3904244899749756
0.3992060720920563
0.33412015438079834
0.45468229055404663
0.31483185291290283
0.4388391375541687
0.34124863147735596
0.3675476908683777
0.381924569606781
0.32949453592300415
0.3958771526813507
0.3225649297237396
0.4054248034954071
0.38124364614486694
0.3612111210823059
0.39108455181121826
0.4052649736404419
0.38664716482162476
0.35678231716156006
0.42912808060646057
0.379229873418808
0.3663615584373474
0.4012454152107239
0.5635365843772888
0.3874098062515259
0.3653683662414551
0.5051305294036865
0.4445892870426178
0.34369295835494995
0.47031715512275696
0.38187867403030396
0.3827352225780487
0.3834935426712036
0.39207008481025696
0.3599216341972351
0.44454145431518555
0.3721182942390442
0.33905625343322754
0.32634538412094116
0.34421104192733765
0.3900788426399231
0.3836739659309387
0.3588777780532837
0.5081433057785034
0.4022602438926697
0.4067620635032654
0.42328280210494995
0.4115523099899292
0.379081130027771
0.4054960310459137
0.3690381348133087
0.4794366955757141
0.42524999380111694
0.420829176902771
0.38404709100723267
0.3800978362560272
0.36773672699928284
0.399580180644989
0.364665150642395
0.36795738339424133
0.41244491934776306
0.40949583053588867
0.3837180733680725
0.39428967237472534
0.4371780753135681
0.31665104627609253
0.4050200581550598
0.40559446811676025
0.33283889293670654
0.3461616635322571
0.515615701675415
0.4409293234348297
0.374767005443573
0.373565137386322
0.37183088064193726
0.44650083780288696
0.5305325388908386
0.3335830271244049
0.34814390540122986
0.3956996202468872
0.524035632610321
0.36678189039230347
0.39195629954338074
0.37474876642227173
0.5640067458152771
0.38921892642974854
0.42584100365638733
0.34407615661621094
0.3732621669769287
0.3444182872772217
0.343953013420105
0.32879638671875
0.393545925617218
0.3680432438850403
0.34697869420051575
0.41798946261405945
0.3502250909805298
0.3933888077735901
0.39923906326293945
0.4315672516822815
0.4498385190963745
0.3767739236354828
0.42378878593444824
0.4025062024593353
0.4020090699195862
0.3845418691635132
0.38491636514663696
0.5106633901596069
0.3632816672325134
0.33354243636131287
0.5456051230430603
0.31793302297592163
0.3371812403202057
0.37014538049697876
0.35887524485588074
0.36743271350860596
0.4180825352668762
0.44914186000823975
0.3210405111312866
0.41852179169654846
0.4710616171360016
0.4058586359024048
0.37120068073272705
0.36869364976882935
0.32024672627449036
0.37685996294021606
0.4205930829048157
0.3409731090068817
0.3256075084209442
0.46086758375167847
0.4992806017398834
0.33696800470352173
0.42534339427948
0.35964077711105347
0.44195425510406494
0.4083841145038605
0.34681007266044617
0.4584909677505493
0.37715840339660645
0.34800246357917786
0.3961235284805298
0.416393518447876
0.40271034836769104
0.37153512239456177
0.4914575517177582
0.487764835357666
0.35805729031562805
0.42905300855636597
0.4503239691257477
0.3838273286819458
0.418739914894104
0.4391505718231201
0.3993215560913086
0.3899651765823364
0.3775677978992462
0.35881829261779785
0.3603017032146454
0.45088064670562744
0.46890783309936523
0.44711223244667053
0.3446281850337982
0.383253812789917
0.38115209341049194
0.4554363787174225
0.34031835198402405
0.4022442102432251
0.4861580729484558
0.31503233313560486
0.403916597366333
0.40276819467544556
0.37914562225341797
0.4107001721858978
0.31036821007728577
0.3920707106590271
0.3711492419242859
0.332467645406723
0.45438772439956665
0.34130147099494934
0.3454429507255554
0.33092963695526123
0.4613320231437683
0.3577238917350769
0.42958754301071167
0.4133857190608978
0.39460593461990356
0.4226025938987732
0.4296678900718689
0.5310083627700806
0.39238882064819336
0.3586314916610718
0.403113454580307
0.35286855697631836
0.38932961225509644
0.359084814786911
0.34878188371658325
0.32215169072151184
0.39855480194091797
0.31593018770217896
0.34682023525238037
0.3626762628555298
0.3962789475917816
0.5210506319999695
0.44660085439682007
0.349094033241272
0.3763304650783539
0.4342447817325592
0.3419160544872284
0.35035601258277893
0.3589840531349182
0.41786429286003113
0.3538753390312195
0.4407142400741577
0.32649585604667664
0.3402366042137146
0.35099056363105774
0.32082340121269226
0.3458092510700226
0.3757365643978119
0.4531799554824829
0.41393202543258667
0.3889375329017639
0.39247459173202515
0.4097599387168884
0.3428278863430023
0.3741809129714966
0.3498188853263855
0.33024147152900696
0.388424813747406
0.477347195148468
0.33564063906669617
0.38423940539360046
0.4436452090740204
0.5698614120483398
0.3770862817764282
0.45154428482055664
0.5222805738449097
0.3914186954498291
0.4716898798942566
0.40892696380615234
0.31224602460861206
0.33337050676345825
0.37056204676628113
0.3259989023208618
0.39666956663131714
0.369484543800354
0.40605074167251587
0.36192017793655396
0.4971619248390198
0.3489125967025757
0.41236308217048645
0.4013683795928955
0.33261752128601074
0.442780077457428
0.35084572434425354
0.37688976526260376
0.3801638185977936
0.33647653460502625
0.4497784972190857
0.35778510570526123
0.41262757778167725
0.4093925356864929
0.34303316473960876
0.4709305763244629
0.36210259795188904
0.3197515904903412
0.36391448974609375
0.3842376470565796
0.38882026076316833
0.3651653528213501
0.3293648958206177
0.36628127098083496
0.3857739269733429
0.37011435627937317
0.3608033359050751
0.40674901008605957
0.44770410656929016
0.3496888279914856
0.4513009190559387
0.33779823780059814
0.33923596143722534
0.33031290769577026
0.38570135831832886
0.3168560266494751
0.420653760433197
0.36728793382644653
0.4018082916736603
0.37718480825424194
0.515275776386261
0.3611021339893341
0.3302227258682251
0.37250596284866333
0.5011463761329651
0.38431236147880554
0.4693325459957123
0.4240737855434418
0.4022183418273926
0.3892930746078491
0.3620591163635254
0.49036261439323425
0.39516955614089966
0.4034503102302551
0.32804182171821594
0.4120519757270813
0.4431712031364441
0.4564576745033264
0.3788066804409027
0.44612348079681396
0.37082844972610474
0.354937344789505
0.36703723669052124
0.35366401076316833
0.33194929361343384
0.39255911111831665
0.42317265272140503
0.3732035756111145
0.34014958143234253
0.432492733001709
0.3705386221408844
0.4373095631599426
0.34185391664505005
0.38393935561180115
0.3330371081829071
0.4188196063041687
0.3723665177822113
0.43475106358528137
0.34430402517318726
0.3516610860824585
0.4440968334674835
0.36986470222473145
0.3397360146045685
0.35802677273750305
0.36153334379196167
0.40294212102890015
0.40126973390579224
0.6065793633460999
0.4380783438682556
0.318881630897522
0.481442391872406
0.3370605409145355
0.39977508783340454
0.4083483815193176
0.3466656506061554
0.3883286118507385
0.3419509530067444
0.3746839165687561
0.4426133632659912
0.3952336013317108
0.352932870388031
0.4539482593536377
0.44033923745155334
0.3900957703590393
0.3372931182384491
0.3672945499420166
0.4037305414676666
0.3288962244987488
0.5052758455276489
0.42979612946510315
0.4082247018814087
0.3743404746055603
0.39645540714263916
0.3499847650527954
0.3654511272907257
0.4247432351112366
0.480288565158844
0.3489985466003418
