0.49666666984558105
0.4933333396911621
0.6399999856948853
0.5899999737739563
0.79666668176651
0.653333306312561
0.6966666579246521
0.7233333587646484
0.7300000190734863
0.746666669845581
0.7433333396911621
0.8333333134651184
0.79666668176651
0.8033333420753479
0.8899999856948853
0.846666693687439
0.8166666626930237
0.8100000023841858
0.9066666960716248
0.8899999856948853
0.9233333468437195
0.8266666531562805
0.8500000238418579
0.9466666579246521
0.8766666650772095
0.9266666769981384
0.9266666769981384
0.9566666483879089
0.9566666483879089
0.9633333086967468
0.9100000262260437
0.903333306312561
0.9599999785423279
0.9200000166893005
0.9700000286102295
0.949999988079071
0.9366666674613953
0.9666666388511658
0.9599999785423279
0.9733333587646484
0.9833333492279053
0.95333331823349
0.9266666769981384
0.9866666793823242
0.9700000286102295
0.9666666388511658
0.9766666889190674
0.9466666579246521
0.9766666889190674
0.9800000190734863
0.9933333396911621
0.9633333086967468
0.9399999976158142
0.9833333492279053
0.9833333492279053
0.9700000286102295
0.9900000095367432
0.9766666889190674
1.0
0.9833333492279053
0.996666669845581
0.996666669845581
0.9833333492279053
0.9633333086967468
0.9933333396911621
0.996666669845581
0.9800000190734863
1.0
0.996666669845581
0.9700000286102295
1.0
0.9933333396911621
0.9900000095367432
1.0
0.9900000095367432
0.9900000095367432
0.9900000095367432
0.9833333492279053
0.9900000095367432
0.996666669845581
0.996666669845581
1.0
1.0
0.996666669845581
0.996666669845581
0.9933333396911621
0.996666669845581
1.0
0.996666669845581
0.9900000095367432
0.9866666793823242
0.9866666793823242
0.9900000095367432
0.9933333396911621
0.9933333396911621
0.996666669845581
1.0
0.996666669845581
1.0
1.0
0.9900000095367432
0.996666669845581
0.9900000095367432
0.9933333396911621
0.9933333396911621
1.0
1.0
1.0
0.9933333396911621
1.0
0.996666669845581
0.996666669845581
0.9900000095367432
1.0
0.996666669845581
1.0
1.0
1.0
1.0
0.996666669845581
1.0
0.9933333396911621
0.996666669845581
0.996666669845581
1.0
0.996666669845581
1.0
0.996666669845581
1.0
0.9900000095367432
1.0
1.0
1.0
0.996666669845581
1.0
1.0
0.9833333492279053
1.0
1.0
1.0
1.0
0.996666669845581
0.9900000095367432
1.0
1.0
0.996666669845581
1.0
0.9866666793823242
1.0
1.0
0.9900000095367432
1.0
0.996666669845581
1.0
0.996666669845581
0.9900000095367432
0.9933333396911621
0.9833333492279053
0.996666669845581
1.0
1.0
0.9933333396911621
0.996666669845581
1.0
0.996666669845581
1.0
1.0
1.0
1.0
0.996666669845581
0.9933333396911621
0.9933333396911621
0.996666669845581
0.9933333396911621
0.996666669845581
0.996666669845581
1.0
0.9933333396911621
1.0
0.996666669845581
0.9933333396911621
1.0
1.0
1.0
0.996666669845581
0.996666669845581
1.0
1.0
0.9933333396911621
0.996666669845581
0.9933333396911621
1.0
0.9866666793823242
0.996666669845581
0.9933333396911621
1.0
1.0
1.0
0.9933333396911621
1.0
1.0
1.0
1.0
1.0
1.0
0.996666669845581
1.0
0.9933333396911621
0.996666669845581
0.996666669845581
1.0
1.0
1.0
0.996666669845581
0.9933333396911621
1.0
1.0
0.996666669845581
1.0
1.0
1.0
1.0
1.0
1.0
0.996666669845581
1.0
0.9933333396911621
1.0
1.0
1.0
1.0
1.0
0.996666669845581
1.0
0.996666669845581
1.0
1.0
1.0
1.0
1.0
1.0
1.0
0.996666669845581
1.0
1.0
1.0
1.0
1.0
0.996666669845581
1.0
1.0
1.0
1.0
1.0
1.0
1.0
1.0
0.996666669845581
0.996666669845581
0.996666669845581
1.0
0.996666669845581
0.996666669845581
1.0
1.0
1.0
1.0
1.0
1.0
1.0
1.0
1.0
1.0
1.0
0.996666669845581
1.0
1.0
1.0
0.996666669845581
1.0
0.996666669845581
0.996666669845581
1.0
1.0
1.0
1.0
1.0
1.0
1.0
0.9900000095367432
1.0
0.996666669845581
1.0
1.0
1.0
1.0
1.0
1.0
1.0
1.0
1.0
1.0
1.0
1.0
1.0
1.0
1.0
1.0
1.0
1.0
1.0
0.996666669845581
1.0
1.0
1.0
1.0
1.0
1.0
1.0
1.0
1.0
1.0
1.0
0.9933333396911621
1.0
1.0
1.0
1.0
1.0
1.0
1.0
1.0
0.996666669845581
1.0
1.0
1.0
1.0
1.0
1.0
1.0
1.0
1.0
1.0
1.0
0.996666669845581
1.0
1.0
1.0
1.0
0.996666669845581
1.0
1.0
0.996666669845581
1.0
1.0
1.0
1.0
1.0
0.9933333396911621
1.0
1.0
1.0
1.0
1.0
1.0
1.0
1.0
1.0
0.9933333396911621
1.0
1.0
1.0
1.0
0.996666669845581
1.0
1.0
0.996666669845581
1.0
1.0
1.0
1.0
0.996666669845581
1.0
1.0
1.0
1.0
1.0
1.0
1.0
1.0
1.0
1.0
1.0
1.0
1.0
1.0
1.0
1.0
0.9933333396911621
0.996666669845581
1.0
1.0
1.0
1.0
1.0
1.0
0.996666669845581
1.0
1.0
1.0
1.0
1.0
1.0
1.0
1.0
1.0
1.0
1.0
1.0
1.0
1.0
1.0
1.0
1.0
1.0
1.0
1.0
1.0
1.0
1.0
1.0
0.9933333396911621
1.0
1.0
1.0
1.0
1.0
1.0
1.0
1.0
1.0
1.0
1.0
1.0
1.0
1.0
1.0
1.0
1.0
1.0
1.0
1.0
1.0
1.0
1.0
1.0
1.0
1.0
1.0
1.0
1.0
1.0
1.0
0.996666669845581
0.9933333396911621
1.0
1.0
1.0
1.0
1.0
1.0
1.0
1.0
1.0
1.0
1.0
0.996666669845581
1.0
1.0
1.0
1.0
1.0
1.0
1.0
1.0
0.996666669845581
1.0
1.0
1.0
1.0
1.0
1.0
1.0
1.0
1.0
1.0
1.0
1.0
1.0
0.996666669845581
1.0
1.0
1.0
1.0
1.0
1.0
1.0
1.0
1.0
1.0
1.0
0.996666669845581
1.0
1.0
0.9933333396911621
1.0
1.0
1.0
1.0
1.0
1.0
1.0
1.0
1.0
1.0
1.0
1.0
1.0
1.0
1.0
1.0
1.0
0.996666669845581
1.0
1.0
1.0
1.0
1.0
0.996666669845581
1.0
1.0
1.0
1.0
1.0
1.0
0.996666669845581
1.0
1.0
1.0
0.996666669845581
1.0
1.0
1.0
1.0
1.0
1.0
0.996666669845581
1.0
1.0
1.0
0.996666669845581
1.0
1.0
1.0
1.0
0.996666669845581
1.0
1.0
1.0
1.0
1.0
1.0
1.0
0.996666669845581
1.0
1.0
1.0
1.0
1.0
1.0
1.0
1.0
1.0
1.0
1.0
1.0
1.0
1.0
1.0
1.0
1.0
0.996666669845581
1.0
1.0
1.0
1.0
1.0
1.0
1.0
1.0
1.0
1.0
1.0
1.0
1.0
1.0
1.0
1.0
1.0
1.0
1.0
1.0
1.0
0.9933333396911621
1.0
1.0
1.0
1.0
1.0
1.0
1.0
1.0
1.0
1.0
1.0
1.0
1.0
1.0
1.0
1.0
1.0
1.0
1.0
1.0
1.0
1.0
1.0
1.0
1.0
1.0
1.0
1.0
1.0
1.0
1.0
1.0
1.0
1.0
1.0
1.0
1.0
1.0
1.0
1.0
1.0
1.0
1.0
1.0
0.996666669845581
1.0
1.0
1.0
0.996666669845581
1.0
1.0
1.0
0.996666669845581
0.996666669845581
1.0
1.0
0.996666669845581
1.0
1.0
1.0
1.0
1.0
1.0
1.0
1.0
1.0
1.0
0.996666669845581
1.0
1.0
1.0
1.0
1.0
1.0
1.0
1.0
1.0
1.0
1.0
1.0
1.0
1.0
1.0
1.0
1.0
1.0
1.0
1.0
1.0
1.0
1.0
1.0
1.0
1.0
1.0
1.0
1.0
1.0
1.0
1.0
1.0
1.0
1.0
1.0
1.0
1.0
1.0
1.0
1.0
1.0
1.0
1.0
1.0
1.0
1.0
1.0
1.0
1.0
1.0
1.0
1.0
1.0
1.0
1.0
1.0
1.0
1.0
1.0
1.0
1.0
0.9933333396911621
1.0
1.0
1.0
1.0
1.0
1.0
1.0
1.0
1.0
1.0
1.0
1.0
1.0
1.0
1.0
1.0
1.0
1.0
1.0
1.0
1.0
1.0
1.0
1.0
1.0
1.0
1.0
1.0
1.0
0.996666669845581
1.0
1.0
1.0
1.0
1.0
1.0
1.0
1.0
1.0
1.0
1.0
1.0
1.0
1.0
1.0
1.0
1.0
1.0
1.0
1.0
1.0
1.0
1.0
1.0
1.0
1.0
1.0
1.0
1.0
1.0
1.0
1.0
1.0
1.0
1.0
1.0
1.0
1.0
1.0
1.0
1.0
1.0
1.0
1.0
1.0
1.0
1.0
1.0
1.0
1.0
1.0
1.0
1.0
1.0
1.0
1.0
1.0
1.0
1.0
1.0
1.0
1.0
1.0
1.0
1.0
1.0
1.0
1.0
1.0
1.0
1.0
1.0
1.0
1.0
1.0
1.0
1.0
1.0
1.0
1.0
1.0
1.0
1.0
1.0
1.0
1.0
1.0
1.0
1.0
1.0
1.0
1.0
1.0
1.0
1.0
1.0
1.0
1.0
1.0
1.0
1.0
1.0
1.0
1.0
1.0
1.0
1.0
1.0
1.0
1.0
1.0
1.0
0.996666669845581
1.0
1.0
1.0
1.0
1.0
1.0
1.0
1.0
1.0
1.0
1.0
1.0
1.0
1.0
1.0
1.0
1.0
1.0
1.0
1.0
1.0
1.0
1.0
1.0
1.0
1.0
1.0
1.0
1.0
1.0
1.0
1.0
1.0
1.0
1.0
1.0
1.0
1.0
1.0
1.0
1.0
1.0
1.0
1.0
1.0
1.0
1.0
1.0
1.0
1.0
1.0
1.0
1.0
0.996666669845581
1.0
0.996666669845581
1.0
1.0
1.0
1.0
1.0
1.0
1.0
1.0
1.0
1.0
1.0
1.0
1.0
1.0
1.0
1.0
1.0
1.0
1.0
1.0
1.0
1.0
1.0
1.0
1.0
1.0
1.0
1.0
1.0
1.0
1.0
1.0
1.0
1.0
1.0
1.0
1.0
1.0
1.0
1.0
0.996666669845581
1.0
1.0
1.0
1.0
1.0
1.0
1.0
1.0
1.0
1.0
1.0
1.0
1.0
1.0
1.0
