6.1270551681518555
6.92490291595459
4.365078926086426
3.2481164932250977
2.9143881797790527
3.0840721130371094
2.523200273513794
2.15720796585083
2.0535264015197754
2.021972417831421
2.034391403198242
1.8131567239761353
1.7003802061080933
1.5402504205703735
1.3796215057373047
1.4029301404953003
1.3817353248596191
1.3903539180755615
1.18508780002594
1.090469241142273
1.042070984840393
1.198742389678955
1.2512247562408447
0.9984472393989563
1.0911498069763184
1.0516941547393799
0.9584437608718872
0.9161324501037598
0.8402053117752075
0.8807107210159302
0.9186094403266907
0.9504408836364746
0.8128979206085205
0.8986976146697998
0.8029621243476868
0.7874591946601868
0.8115082383155823
0.7604988813400269
0.7874994277954102
0.7554663419723511
0.6839720606803894
0.7789990305900574
0.7599924802780151
0.6857606172561646
0.6816068887710571
0.7259607315063477
0.6422466039657593
0.7202026844024658
0.6993449926376343
0.6909559965133667
0.649982750415802
0.7647418975830078
0.7577025890350342
0.6633674502372742
0.6755958199501038
0.6527198553085327
0.6412490606307983
0.6701874732971191
0.6163234114646912
0.6623725891113281
0.5932117700576782
0.5963488817214966
0.6174020171165466
0.6772324442863464
0.6003578901290894
0.5925916433334351
0.6164482235908508
0.5963612794876099
0.6160749793052673
0.6289348602294922
0.5767295956611633
0.5784523487091064
0.6339578628540039
0.5746051669120789
0.683057427406311
0.6044241189956665
0.6122758984565735
0.6355624198913574
0.6067559123039246
0.5670051574707031
0.5864298939704895
0.5677752494812012
0.565079391002655
0.5588065385818481
0.5641905069351196
0.6128339767456055
0.5720636248588562
0.5547142028808594
0.5630078911781311
0.590796947479248
0.549237072467804
0.5757126808166504
0.5439899563789368
0.5395157933235168
0.5812039375305176
0.5377314686775208
0.5015580654144287
0.5520932078361511
0.5346685647964478
0.5376297235488892
0.5303191542625427
0.5445051193237305
0.5383970737457275
0.5474733114242554
0.5652939081192017
0.5221619009971619
0.5224803686141968
0.5067977905273438
0.5110123753547668
0.5055110454559326
0.5361131429672241
0.5339608788490295
0.5405253171920776
0.5046794414520264
0.5245699286460876
0.5175108909606934
0.503290057182312
0.5170944929122925
0.4813757836818695
0.5235396027565002
0.5058431625366211
0.5178102850914001
0.5133248567581177
0.500577986240387
0.49550944566726685
0.49815458059310913
0.5193855166435242
0.5031312108039856
0.5073736310005188
0.5236793756484985
0.49786463379859924
0.4930720627307892
0.49044346809387207
0.5094497203826904
0.49705132842063904
0.5088788866996765
0.5208804607391357
0.4880737066268921
0.5212723016738892
0.4942530393600464
0.4927004873752594
0.4857431650161743
0.5163220167160034
0.4885764718055725
0.48285722732543945
0.49168163537979126
0.4780045747756958
0.5207387804985046
0.49283286929130554
0.4861128330230713
0.5125588774681091
0.47431233525276184
0.5053787231445312
0.4857223629951477
0.517011821269989
0.5149056911468506
0.5094512701034546
0.506017804145813
0.4838506281375885
0.49063605070114136
0.4816983938217163
0.5091491937637329
0.4855618476867676
0.493558794260025
0.49677199125289917
0.46661558747291565
0.4966251850128174
0.4843117296695709
0.48269373178482056
0.47931063175201416
0.49937015771865845
0.49044016003608704
0.4905669689178467
0.4729362726211548
0.5104168057441711
0.4852192997932434
0.4683348536491394
0.4821777939796448
0.4787580668926239
0.49495911598205566
0.4908663332462311
0.46488621830940247
0.47419318556785583
0.4616748094558716
0.48486554622650146
0.4732457995414734
0.47071054577827454
0.47985872626304626
0.4862891733646393
0.48659053444862366
0.48988077044487
0.47251632809638977
0.49596989154815674
0.4712262749671936
0.48499882221221924
0.46380913257598877
0.4751657545566559
0.4646762013435364
0.4689734876155853
0.45158395171165466
0.4648255705833435
0.4551592469215393
0.4599390923976898
0.46504873037338257
0.46585336327552795
0.4511929154396057
0.4525781571865082
0.46224239468574524
0.4702058434486389
0.45713746547698975
0.47212493419647217
0.46562379598617554
0.4464322328567505
0.494815468788147
0.4805309772491455
0.4541099965572357
0.4521656334400177
0.4603218734264374
0.4598500728607178
0.4528394043445587
0.45518559217453003
0.4611049294471741
0.461669385433197
0.46069663763046265
0.47569671273231506
0.464943528175354
0.4628736674785614
0.45716530084609985
0.4503953456878662
0.4565379321575165
0.4551520049571991
0.45795732736587524
0.4671807289123535
0.4520302712917328
0.4560372829437256
0.4415728449821472
0.4556495249271393
0.4439847767353058
0.43966400623321533
0.44207969307899475
0.46064814925193787
0.4512192904949188
0.45366084575653076
0.44410958886146545
0.451990008354187
0.45653045177459717
0.44408753514289856
0.4528253376483917
0.4476529359817505
0.4455496668815613
0.43808725476264954
0.46825331449508667
0.431741863489151
0.4311918318271637
0.44846010208129883
0.44019320607185364
0.44489383697509766
0.4532226324081421
0.45544782280921936
0.44327831268310547
0.4475213587284088
0.45571228861808777
0.4508054852485657
0.4446210265159607
0.43524011969566345
0.42919182777404785
0.433788001537323
0.4557092785835266
0.43823379278182983
0.4475601613521576
0.4516787827014923
0.4368797540664673
0.44745683670043945
0.42797568440437317
0.468997597694397
0.4375714361667633
0.4261060953140259
0.4328042268753052
0.4606720805168152
0.44016098976135254
0.4392523169517517
0.44599980115890503
0.45017629861831665
0.4323399066925049
0.44358837604522705
0.4515511393547058
0.45760059356689453
0.43140166997909546
0.43720680475234985
0.4753059446811676
0.4327782094478607
0.44924619793891907
0.43769001960754395
0.4511796236038208
0.45275893807411194
0.45123106241226196
0.4490016996860504
0.4621894359588623
0.4517273008823395
0.4580366015434265
0.42842453718185425
0.4293239116668701
0.4454808533191681
0.42563411593437195
0.4367600977420807
0.4460066556930542
0.425732284784317
0.4331915080547333
0.4340682625770569
0.4379398226737976
0.4403706192970276
0.44211527705192566
0.4487418234348297
0.44642382860183716
0.4357416033744812
0.44488632678985596
0.4505007266998291
0.43692004680633545
0.43455731868743896
0.4376746714115143
0.4428015351295471
0.4654105305671692
0.44141966104507446
0.46427488327026367
0.45001843571662903
0.4531170427799225
0.42560863494873047
0.45277780294418335
0.43294331431388855
0.42819005250930786
0.4228159487247467
0.442949503660202
0.4422246515750885
0.4310641586780548
0.42418527603149414
0.44219231605529785
0.431954026222229
0.434719443321228
0.43401312828063965
0.4278196096420288
0.43025505542755127
0.43785929679870605
0.4379063844680786
0.42545443773269653
0.4241785705089569
0.4406217038631439
0.422980934381485
0.4261002838611603
0.4262276291847229
0.43822234869003296
0.4284743070602417
0.4188632369041443
0.4367303252220154
0.42312464118003845
0.4242279529571533
0.4242171049118042
0.42532774806022644
0.4187414348125458
0.4296032190322876
0.42414435744285583
0.43059152364730835
0.4123510718345642
0.41993874311447144
0.425994336605072
0.4248194694519043
0.4205734431743622
0.43331751227378845
0.41265904903411865
0.4315359592437744
0.43305471539497375
0.4252871870994568
0.4220739006996155
0.41971272230148315
0.42570313811302185
0.4429168105125427
0.42398685216903687
0.4219948649406433
0.4134669005870819
0.4300703704357147
0.4128109812736511
0.42663809657096863
0.4173305034637451
0.41987016797065735
0.4082752466201782
0.41177141666412354
0.42555686831474304
0.41640233993530273
0.41724953055381775
0.4172855615615845
0.4181257486343384
0.4178946018218994
0.4526211619377136
0.42261242866516113
0.4118151068687439
0.42402637004852295
0.4293974041938782
0.4169427156448364
0.42465078830718994
0.4103167653083801
0.4279518723487854
0.41436392068862915
0.4170379042625427
0.4196942150592804
0.44230562448501587
0.42750096321105957
0.4219723343849182
0.4231686294078827
0.4419618546962738
0.4254075288772583
0.42529529333114624
0.4523169696331024
0.42966601252555847
0.4364393353462219
0.4602194130420685
0.44076699018478394
0.4230320155620575
0.44890257716178894
0.4373108744621277
0.42148691415786743
0.4510190784931183
0.42215695977211
0.4263673722743988
0.44969141483306885
0.4403093457221985
0.42932558059692383
0.4464476704597473
0.42058029770851135
0.43358084559440613
0.4258008897304535
0.43380340933799744
0.4342429041862488
0.42214250564575195
0.43475115299224854
0.45911192893981934
0.4170404374599457
0.4177758991718292
0.4298159182071686
0.42869922518730164
0.42237451672554016
0.43495598435401917
0.4182637631893158
0.43102186918258667
0.41181960701942444
0.41858816146850586
0.41853103041648865
0.41903156042099
0.42292162775993347
0.41721197962760925
0.41223955154418945
0.43648386001586914
0.4265495538711548
0.41413986682891846
0.4109107255935669
0.4256765842437744
0.4192276895046234
0.41598203778266907
0.4155256748199463
0.42328202724456787
0.4317372739315033
0.440070241689682
0.41223663091659546
0.4240398108959198
0.42080098390579224
0.42349106073379517
0.4202609062194824
0.4181022346019745
0.4216224253177643
0.42686644196510315
0.42887166142463684
0.40619438886642456
0.4083814322948456
0.4133458137512207
0.4233342111110687
0.4132118821144104
0.4061323404312134
0.41488295793533325
0.41931354999542236
0.40641823410987854
0.40717917680740356
0.411498099565506
0.41840291023254395
0.4142153859138489
0.4096111059188843
0.4287520945072174
0.41701436042785645
0.42237263917922974
0.4208340048789978
0.4132021963596344
0.4048776626586914
0.44125574827194214
0.42601945996284485
0.40311649441719055
0.4338494837284088
0.4163995385169983
0.4172733724117279
0.4322795271873474
0.40498673915863037
0.4244654178619385
0.42976102232933044
0.4194532036781311
0.40691420435905457
0.40203148126602173
0.41256463527679443
0.4227084517478943
0.40881890058517456
0.4129640758037567
0.4316059350967407
0.41953766345977783
0.41262784600257874
0.42983385920524597
0.42487943172454834
0.4356604516506195
0.4249308109283447
0.4299478828907013
0.4614625573158264
0.43064084649086
0.4177663326263428
0.41538968682289124
0.4290482699871063
0.42090165615081787
0.41741621494293213
0.4203310012817383
0.4254686236381531
0.4246809780597687
0.4049081802368164
0.4049864113330841
0.4242057502269745
0.4096927046775818
0.4087866544723511
0.41864708065986633
0.41924211382865906
0.41167375445365906
0.4252305328845978
0.4156283140182495
0.4010235667228699
0.41871947050094604
0.4041007161140442
0.4121602773666382
0.4261157214641571
0.40436944365501404
0.4121415317058563
0.4100560247898102
0.40488871932029724
0.4135299623012543
0.4005027115345001
0.40281784534454346
0.40299519896507263
0.40408775210380554
0.3998989462852478
0.4118225574493408
0.4264771342277527
0.4073981046676636
0.4148828387260437
0.3971303701400757
0.4114097058773041
0.402104914188385
0.41306811571121216
0.4179871380329132
0.42106133699417114
0.4071959853172302
0.4015772342681885
0.40945208072662354
0.41082340478897095
0.3962768614292145
0.39395415782928467
0.4312194883823395
0.4017055928707123
0.39445871114730835
0.40576237440109253
0.4027581810951233
0.40286946296691895
0.42167556285858154
0.39937472343444824
0.40040868520736694
0.4093747138977051
0.4051819443702698
0.4046414792537689
0.40928447246551514
0.40312525629997253
0.3984888195991516
0.4073653817176819
0.4077158570289612
0.40795180201530457
0.3957943618297577
0.4122026264667511
0.40786635875701904
0.3850909471511841
0.39838847517967224
0.3961355686187744
0.40796661376953125
0.39881211519241333
0.4109656810760498
0.41091838479042053
0.3997049927711487
0.4047902822494507
0.400798499584198
0.3968854248523712
0.4079909920692444
0.4051607847213745
0.38838374614715576
0.3979196548461914
0.4215015172958374
0.4112570881843567
0.3968006670475006
0.401830792427063
0.4034876823425293
0.3961782157421112
0.41214627027511597
0.4013560712337494
0.4096981883049011
0.4090252220630646
0.40906816720962524
0.4306700825691223
0.42261964082717896
0.402068555355072
0.40364664793014526
0.4117978513240814
0.4249323010444641
0.399405300617218
0.41156938672065735
0.40945643186569214
0.3893885016441345
0.3981485366821289
0.4014928340911865
0.39979037642478943
0.4018903374671936
0.40843039751052856
0.38633236289024353
0.39934179186820984
0.3972634971141815
0.4080129563808441
0.40796416997909546
0.4017297327518463
0.43152058124542236
0.3982642889022827
0.39310264587402344
0.39954447746276855
0.4104928970336914
0.3904806971549988
0.39804381132125854
0.39263716340065
0.41841262578964233
0.39951154589653015
0.38731878995895386
0.40319472551345825
0.4031085669994354
0.3951748311519623
0.3931664228439331
0.40114250779151917
0.39771851897239685
0.3929245173931122
0.4001277685165405
0.39801153540611267
0.3909451961517334
0.40508362650871277
0.3977893888950348
0.39179760217666626
0.39959239959716797
0.41878825426101685
0.4056472182273865
0.402447909116745
0.39149826765060425
0.413920521736145
0.41026318073272705
0.3957839012145996
0.40569430589675903
0.4120342433452606
0.410099595785141
0.3937686085700989
0.3928276598453522
0.39472487568855286
0.4024451673030853
0.3978588283061981
0.3937229514122009
0.40087810158729553
0.4092647135257721
0.4065956771373749
0.3923855423927307
0.3976075053215027
0.4022926688194275
0.392259418964386
0.4020310044288635
0.3999444842338562
0.3966255187988281
0.3990737795829773
0.3970191478729248
0.39954015612602234
0.39577043056488037
0.4092433750629425
0.39440998435020447
0.38730594515800476
0.41131484508514404
0.3964625597000122
0.41506680846214294
0.3998371660709381
0.3978193402290344
0.4088914692401886
0.4065046012401581
0.3980827331542969
0.40201878547668457
0.42251136898994446
0.39762386679649353
0.4010545313358307
0.40195009112358093
0.39455580711364746
0.4041077196598053
0.4012620151042938
0.4032842218875885
0.3924095630645752
0.40293750166893005
0.4021122455596924
0.3861946761608124
0.40054360032081604
0.4060850441455841
0.38952335715293884
0.39550280570983887
0.3939644992351532
0.3961391746997833
0.3918970823287964
0.3941004276275635
0.393785685300827
0.39104023575782776
0.3966795802116394
0.3910456895828247
0.3864695429801941
0.38183045387268066
0.3861163258552551
0.4010709822177887
0.3937693238258362
0.39562371373176575
0.38276931643486023
0.38737714290618896
0.3977643847465515
0.3838880658149719
0.3926774859428406
0.3942197263240814
0.3948304355144501
0.394959956407547
0.3983975350856781
0.40174582600593567
0.38813328742980957
0.38844090700149536
0.3955983519554138
0.3801102638244629
0.4008316397666931
0.4039766192436218
0.3983337879180908
0.38869601488113403
0.3894730806350708
0.395314484834671
0.39300107955932617
0.39590728282928467
0.38804176449775696
0.3949677348136902
0.39725980162620544
0.3841348886489868
0.40228211879730225
0.38478338718414307
0.40296003222465515
0.39271363615989685
0.389989972114563
0.393451988697052
0.38881829380989075
0.39353424310684204
0.39012008905410767
0.3871786594390869
0.38082849979400635
0.3919638395309448
0.39116472005844116
0.3888598084449768
0.39464807510375977
0.3901561200618744
0.402606725692749
0.3941054940223694
0.39960575103759766
0.39781972765922546
0.39747416973114014
0.4177606701850891
0.3930504024028778
0.4160619378089905
0.3953055739402771
0.40982648730278015
0.3960842788219452
0.4179168939590454
0.4142061769962311
0.3944970965385437
0.3995420038700104
0.390286386013031
0.3987492322921753
0.3953613340854645
0.3844512701034546
0.40427595376968384
0.4071159064769745
0.3959675133228302
0.3971291482448578
0.40328630805015564
0.39553624391555786
0.4044588804244995
0.3880956768989563
0.3978952169418335
0.39067792892456055
0.3886758089065552
0.3861602246761322
0.3857562243938446
0.3916260302066803
0.3856518268585205
0.38975977897644043
0.3918851912021637
0.38618361949920654
0.39337825775146484
0.38540711998939514
0.37943461537361145
0.38555291295051575
0.39040645956993103
0.3851264715194702
0.3899279832839966
0.388935923576355
0.38473713397979736
0.3913341164588928
0.3938298225402832
0.3922455906867981
0.3788405954837799
0.38610178232192993
0.397826611995697
0.37804269790649414
0.3792624771595001
0.3927709758281708
0.39517760276794434
0.3973762094974518
0.3835054636001587
0.40302467346191406
0.4049112796783447
0.3828192353248596
0.38873884081840515
0.38874584436416626
0.40359142422676086
0.3957819938659668
0.39952510595321655
0.3816622495651245
0.3869974911212921
0.4056263864040375
0.3803251087665558
0.3775169551372528
0.3988227844238281
0.399942547082901
0.3868269920349121
0.37806302309036255
0.3795243203639984
0.3947146534919739
0.3868946433067322
0.37853574752807617
0.3829214572906494
0.3900201618671417
0.38567298650741577
0.3831902742385864
0.40179872512817383
0.392832487821579
0.39178913831710815
0.3844822347164154
0.3926875591278076
0.38658440113067627
0.39311128854751587
0.37707599997520447
0.38272908329963684
0.38432055711746216
0.38639724254608154
0.3847639262676239
0.3810868561267853
0.38206833600997925
0.3923894464969635
0.3869161009788513
0.38140374422073364
0.38742080330848694
0.3880265951156616
0.38327428698539734
0.381944477558136
0.3916838765144348
0.3935665488243103
0.3878084123134613
0.38187703490257263
0.3960334062576294
0.3927724063396454
0.3871537744998932
0.3820343613624573
0.38409432768821716
0.37648847699165344
0.3892465829849243
0.39140069484710693
0.3770858943462372
0.3779393434524536
0.3776357173919678
0.3766843378543854
0.38017672300338745
0.37648332118988037
0.3856915831565857
0.38508427143096924
0.39016401767730713
0.3890227675437927
0.38281431794166565
0.3833041191101074
0.3824556767940521
0.38129666447639465
0.3786127269268036
0.37526044249534607
0.38379305601119995
0.39101362228393555
0.40027520060539246
0.3837028741836548
0.3831139802932739
0.391227662563324
0.38059625029563904
0.381481409072876
0.3892192840576172
0.3833378851413727
0.38685378432273865
0.3992129862308502
0.38746359944343567
0.38811731338500977
0.3883211314678192
0.38651856780052185
0.3898158073425293
0.3895183503627777
0.3821892738342285
0.3834705352783203
0.39878055453300476
0.3952190577983856
0.3835657238960266
0.38390201330184937
0.385450541973114
0.3823401927947998
0.37759342789649963
0.3758838176727295
0.376325398683548
0.3866886496543884
0.3830094635486603
0.38551193475723267
0.3768143355846405
0.4122304916381836
0.3842066526412964
0.3736627399921417
0.3957767188549042
0.4087987542152405
0.38148418068885803
0.39635610580444336
0.39965882897377014
0.40282589197158813
0.38951247930526733
0.40109556913375854
0.4027324914932251
0.39761632680892944
0.39295047521591187
0.3867848813533783
0.3917606770992279
0.39147523045539856
0.39377692341804504
0.3972189426422119
0.3939884603023529
0.4087109863758087
0.395525187253952
0.3875657320022583
0.3785896897315979
0.39472922682762146
0.3959725797176361
0.380936861038208
0.3779941499233246
0.3829156458377838
0.38268810510635376
0.3811486065387726
0.3754017949104309
0.3908519148826599
0.38295289874076843
0.382133424282074
0.3801325559616089
0.3857136070728302
0.38881781697273254
0.3752390742301941
0.3768279254436493
0.37763452529907227
0.38472670316696167
0.39093294739723206
0.38315340876579285
0.37756073474884033
0.39237290620803833
0.3918727934360504
0.3891030550003052
0.37900933623313904
0.38128721714019775
0.3803512454032898
0.38431087136268616
0.38869720697402954
0.38245218992233276
0.38324758410453796
0.39111411571502686
0.38551971316337585
0.37661421298980713
0.37923628091812134
0.37732407450675964
0.38230493664741516
0.39418983459472656
0.38247233629226685
