0.421200001090765
0.4405333349108696
0.4648000007867813
0.48986666917800903
0.5034666690230369
0.5191999994218349
0.5370666697621346
0.5436000010371208
0.5484000045061111
0.5681333342194557
0.5597333332896233
0.5569333344697952
0.5548000010848045
0.5858666676282883
0.598533333837986
0.5980000016093254
0.5957333335280418
0.5929333344101906
0.5915999960899353
0.6054666659235954
0.6041333338618279
0.5972000014781952
0.6153333353996276
0.6177333337068558
0.621466666162014
0.5994666668772698
0.62226666867733
0.6243999981880188
0.6398666661977768
0.6335999998450279
0.636800003349781
0.6416000005602837
0.6250666677951813
0.625466666817665
0.6210666674375535
0.6396000000834465
0.6432000029087067
0.6321333321928978
0.6443999993801117
0.6452000004053116
0.6361333322525025
0.6546666693687438
0.66200000166893
0.6602666667103767
0.6531999978423119
0.66266666918993
0.6556000030040741
0.6680000004172325
0.6723999994993209
0.6676000016927719
0.6678666698932648
0.6606666666269302
0.6593333339691162
0.6481333321332932
0.6589333328604698
0.6734666675329208
0.6513333347439766
0.6653333339095115
0.6893333351612091
0.6800000011920929
0.6861333349347114
0.6772000005841255
0.6764000037312508
0.6763999998569489
0.6871999999880791
0.6753333336114884
0.6872000017762184
0.6945333337783813
0.7078666663169861
0.6947999995946884
0.6818666660785675
0.6962666684389114
0.6780000013113022
0.6745333313941956
0.714666666984558
0.6896000006794929
0.6917333328723907
0.6933333325386047
0.6974666678905487
0.7132000014185905
0.7096000003814698
0.688400003015995
0.6948000019788743
0.7186666661500931
0.6877333337068557
0.7020000019669532
0.7194666677713394
0.6949333357810974
0.7094666689634324
0.7025333368778228
0.7157333314418792
0.7065333357453346
0.7146666672825813
0.7124000009894371
0.7181333374977111
0.7210666692256927
0.724133334159851
0.7072000023722649
0.7073333349823951
0.7122666674852371
0.701466668844223
0.7032000035047531
0.7007999977469445
0.7398666667938233
0.709733330309391
0.7226666688919068
0.7094666692614555
0.716933336853981
0.707466668188572
0.7265333324670792
0.7261333346366883
0.7373333346843719
0.7369333362579346
0.734400001168251
0.7338666653633118
0.7272000011801719
0.7252000042796135
0.7108000040054321
0.7380000016093254
0.73440000385046
0.7388000011444091
0.7463999989628792
0.7358666682243347
0.7290666705369949
0.7413333344459534
0.7233333355188369
0.7521333336830139
0.7281333315372467
0.7417333343625069
0.7346666687726975
0.7431999987363815
0.7390666645765305
0.7293333342671394
0.7457333344221115
0.738133336007595
0.7241333329677582
0.7550666689872741
0.755333331823349
0.7405333292484283
0.743199999332428
0.7497333362698555
0.7428000015020371
0.7681333315372467
0.7438666677474975
0.7485333356261253
0.7296000009775162
0.7447999975085259
0.7441333395242691
0.7461333376169205
0.7500000002980233
0.7576000013947487
0.7243999990820885
0.7477333328127861
0.7702666693925857
0.7433333361148834
0.7445333331823349
0.7503999996185303
0.7346666675806045
0.7546666675806045
0.743466665148735
0.7436000007390976
0.7532000017166137
0.7493333381414413
0.7633333343267441
0.7637333339452743
0.7556000030040741
0.7617333340644836
0.7717333358526229
0.7596000009775161
0.7564000010490417
0.7594666677713394
0.755466665327549
0.7649333336949349
0.7654666692018509
0.7554666686058045
0.7505333322286606
0.7616000014543534
0.7486666655540466
0.7802666687965393
0.7562666684389114
0.7689333349466324
0.7545333328843117
0.7589333358407021
0.7508000004291534
0.7716000008583069
0.7460000029206276
0.7602666670084
0.7525333324074746
0.7606666666269303
0.7753333306312561
0.7821333318948746
0.7654666650295258
0.7753333336114884
0.7749333345890045
0.7557333356142044
0.7717333328723908
0.7622666653990745
0.7753333336114884
0.7618666660785675
0.7690666681528091
0.7630666676163673
0.7709333342313767
0.7725333386659622
0.7629333326220512
0.7734666675329208
0.7750666695833206
0.7892000016570091
0.7887999987602234
0.7578666692972184
0.7702666676044464
0.784400001168251
0.7703999978303909
0.7833333361148834
0.7821333330869674
0.7914666652679443
0.7640000009536743
0.7617333361506462
0.7870666658878327
0.7690666669607162
0.7804000014066697
0.7777333331108093
0.7661333313584328
0.7913333344459533
0.769200000166893
0.7826666671037674
0.7826666682958603
0.794666668176651
0.7793333315849305
0.7637333357334137
0.7856000018119812
0.7754666677117348
0.7877333325147629
0.768800002336502
0.7669333326816559
0.7961333334445954
0.7625333350896836
0.7925333338975906
0.7905333334207535
0.7962666654586792
0.7630666714906692
0.7909333336353302
0.7813333350419999
0.7910666674375534
0.7857333320379257
0.7840000015497207
0.778400001525879
0.7873333346843719
0.7837333333492279
0.800133330821991
0.7882666665315629
0.7853333359956741
0.7962666654586792
0.7790666669607162
0.8021333360671997
0.8016000008583068
0.7837333351373672
0.7937333333492279
0.7846666640043258
0.7918666678667069
0.7776000022888183
0.7785333347320557
0.7896000003814697
0.7986666685342789
0.8038666689395905
0.8053333365917206
0.8022666656970978
0.7873333346843719
0.8024000042676925
0.7861333346366882
0.8017333340644837
0.7905333364009857
0.7838666671514511
0.7981333363056183
0.7877333348989487
0.7986666709184647
0.7865333366394043
0.7845333331823349
0.7710666656494141
0.7829333353042602
0.7962666654586792
0.7905333346128464
0.7868000012636185
0.7898666703701019
0.7954666692018509
0.8054666668176651
0.8154666674137115
0.8022666674852371
0.7856000024080276
0.8042666667699814
0.7845333361625672
0.7814666685461998
0.7921333348751068
0.7998666667938232
0.8094666707515716
0.8101333349943161
0.8021333348751069
0.7933333331346512
0.7966666665673255
0.8046666693687439
0.7974666696786881
0.800400003194809
0.8004000008106231
0.8054666697978974
0.808666667342186
0.8030666673183441
0.7990666687488556
0.8161333334445954
0.7936000019311905
0.793999999165535
0.8066666674613953
0.8021333354711533
0.7945333337783813
0.7940000009536743
0.8056000018119812
0.8025333315134049
0.8066666650772095
0.8003999990224838
0.7973333352804184
0.8065333330631256
0.7897333317995071
0.8025333338975906
0.7997333365678787
0.7908000016212463
0.794133335351944
0.7972000002861023
0.8013333368301392
0.7984000015258789
0.7978666651248932
0.7992000025510788
0.8093333357572555
0.8217333340644837
0.7954666668176651
0.7966666662693024
0.8066666686534881
0.8028000038862229
0.8000000011920929
0.8111999994516372
0.8040000027418137
0.8120000022649765
0.8052000021934509
0.8149333328008652
0.8197333365678787
0.816133337020874
0.8058666694164276
0.8005333334207535
0.8120000010728836
0.8127999991178513
0.8073333305120468
0.7948000013828278
0.8135999983549118
0.8113333350419998
0.8257333338260651
0.807866667509079
0.807866667509079
0.8001333338022232
0.790666669011116
0.8170666712522506
0.8121333348751069
0.7988000005483628
0.8189333343505859
0.8041333341598511
0.8096000012755394
0.8100000005960465
0.787600000500679
0.8085333347320557
0.8040000003576279
0.7981333321332932
0.8074666661024094
0.8090666675567627
0.8104000025987625
0.8112000012397766
0.8043999999761582
0.8241333335638046
0.7944000029563903
0.809600002169609
0.8125333315134049
0.8056000012159348
0.81773333132267
0.8074666684865952
0.8210666650533676
0.8234666675329209
0.8114666694402695
0.7993333345651626
0.7994666665792465
0.8240000003576279
0.8218666678667068
0.8393333333730698
0.8104000025987625
0.823600001335144
0.8149333298206329
0.8037333339452744
0.8074666696786881
0.7949333357810974
0.8197333353757859
0.8184000021219253
0.8292000049352646
0.813466666340828
0.8120000022649765
0.8150666689872742
0.8192000007629394
0.8153333348035813
0.8109333342313767
0.8191999983787537
0.8205333364009857
0.8280000001192093
0.8222666692733764
0.820400003194809
0.8082666686177253
0.8206666648387909
0.8085333383083344
0.8053333312273026
0.8164000046253205
0.8221333312988282
0.816000000834465
0.8174666690826417
0.8267999994754791
0.8159999996423721
0.8188000029325485
0.8141333311796188
0.8146666705608367
0.8080000013113022
0.8150666666030884
0.8331999987363815
0.8206666666269302
0.8305333346128464
0.8235999995470047
0.8184000045061112
0.8217333328723907
0.8073333323001861
0.8310666692256927
0.8026666665077209
0.8091999989748001
0.8234666645526886
0.8182666659355163
0.8225333327054978
0.8285333377122879
0.8222666674852371
0.8261333358287811
0.8101333326101303
0.822800001502037
0.8233333331346512
0.8233333361148835
0.8270666688680649
0.8304000014066696
0.8169333380460739
0.8188000023365021
0.8137333309650421
0.8236000049114227
0.8104000025987625
0.8110666680335998
0.8244000023603439
0.8261333376169204
0.8249333345890045
0.8285333341360093
0.8172000014781952
0.8208000004291535
0.8114666658639907
0.8346666675806046
0.8036000034213067
0.8292000007629394
0.8100000029802322
0.8234666687250137
0.8222666692733764
0.8282666689157486
0.8164000010490418
0.8174666690826417
0.816800000667572
0.823333335518837
0.8317333340644837
0.8095999991893769
0.8334666693210602
0.8154666674137115
0.813333334326744
0.8190666657686233
0.8167999994754791
0.8169333338737488
0.8153333336114883
0.8241333341598511
0.8206666648387909
0.8357333338260651
0.827066666483879
0.8249333363771438
0.8221333336830139
0.8117333340644837
0.8188000035285949
0.8258666670322419
0.8314666658639908
0.8214666700363159
0.8349333339929581
0.8372000020742416
0.8240000039339066
0.8255999994277954
0.8171999979019166
0.8274666678905487
0.8341333371400833
0.8293333357572555
0.8226666671037673
0.8281333369016647
0.832800001502037
0.8317333334684371
