7.754215176105499
1.6124109244346618
1.3545778977870941
1.283612784743309
1.2475663381814956
1.2075705617666244
1.1684820783138274
1.1363969165086747
1.13566226541996
1.1087740367650987
1.101788279414177
1.1135860943794251
1.122278237938881
1.0634742748737336
1.025431392788887
1.052544777393341
1.036920062303543
1.039507057070732
1.024527108669281
1.0050545012950898
1.0154257655143737
1.0210177403688432
0.9995809596776962
0.9712218296527863
0.9743426719307899
1.0161660528182983
0.9648878812789917
0.9732437074184418
0.9361566120386123
0.9486053782701492
0.9423201167583466
0.9311392813920975
0.9504530328512192
0.9720994871854782
0.9752492812275887
0.9417018601298333
0.9431646138429641
0.9585786038637161
0.9246897399425507
0.9095241641998291
0.9331839734315872
0.8993211144208908
0.8784429848194122
0.874756668806076
0.8871542257070542
0.8712646752595902
0.8838450348377228
0.8694065824151039
0.8613120502233506
0.8647668221592903
0.8614893928170204
0.8889062911272049
0.8832741901278496
0.9045773112773895
0.8967590203881264
0.8407092988491058
0.8983426406979561
0.8759780913591385
0.7983497035503387
0.8384551385045051
0.8124596881866455
0.8489832812547684
0.8419913122057915
0.8422466763854026
0.8079465794563293
0.8421013715863228
0.8063136833906174
0.8001855319738388
0.7818621224164963
0.7850950601696968
0.8246664971113205
0.7898470830917358
0.8369045501947403
0.831602762043476
0.7599658599495888
0.8031168487668038
0.7976203122735024
0.8017423051595688
0.7912117531895637
0.7599891389906407
0.7559200248122215
0.8136209097504615
0.7859452000260353
0.7386988568305969
0.8071722108125686
0.7754349267482757
0.7434308412671089
0.7803503516316413
0.7678084923326969
0.7785629031062126
0.7523067978024482
0.7634044638276101
0.7662064269185066
0.7592554478347302
0.7279096689820289
0.7421549862623215
0.7204459393024445
0.7543332983553409
0.7680563071370125
0.7505488146841526
0.768163720369339
0.7671819093823433
0.7722982242703438
0.6888716027140618
0.7539013412594795
0.7237859398126603
0.7375971472263336
0.7267630517482757
0.7558195507526397
0.7223845249414445
0.7098838952183724
0.6939096803963184
0.7209221568703651
0.6836926561594009
0.700235775411129
0.7077503046393394
0.720796255171299
0.7553058150410652
0.6947380998730659
0.7040726587176322
0.6873893839120865
0.6791743376851082
0.698407918214798
0.7035626876354217
0.6822404327988625
0.7216754004359245
0.6549416786432266
0.6984202855825424
0.6758400321006774
0.6947633270919323
0.6691678367555142
0.6839065581560135
0.7115992619097233
0.6551574808359146
0.6854327034950256
0.7148454555869103
0.6459910118579865
0.6463756445050239
0.6761292389035225
0.6756580850481987
0.644441484361887
0.6559885114431381
0.6234158435463906
0.6693774056434632
0.662015324383974
0.6926515780389308
0.661809683740139
0.6622929009795189
0.6584533697366715
0.6519634294509887
0.6345523639023304
0.6957636877894402
0.6680525870621205
0.6035451167821884
0.6798421710729599
0.668507283627987
0.6477994954586029
0.6883640736341476
0.628660534620285
0.663079334795475
0.6631697034835815
0.6454587273299695
0.6514292088150978
0.6075711396336555
0.6180513839423657
0.6461414700746536
0.6346225878596305
0.6114686073362827
0.6310303673148155
0.6433777835965157
0.627842800617218
0.6457153990864754
0.6225862115621567
0.6150002352893352
0.6324236291646957
0.6481592734158039
0.6218991205096245
0.6568227875232696
0.5817522786557674
0.6393400295078755
0.5955991610884667
0.6505458754301071
0.6417256513237953
0.6503747129440307
0.6028934800624848
0.6487993913888931
0.6174617774784565
0.6457927317917347
0.6131918603181838
0.5879949559271336
0.5827007250487805
0.6194580018520355
0.592417657673359
0.5948065604269505
0.6374718698859215
0.5938842993974686
0.6182137697935104
0.5973095238208771
0.6136087521910667
0.606738510876894
0.6252300333976746
0.6122905555367469
0.5889065508544445
0.6205505895614624
0.5957372672855854
0.5996155965328217
0.5445268474519253
0.577235569357872
0.6254576867818833
0.6025733986496925
0.5751875844597817
0.6018051253259182
0.5773658016324044
0.5746297499537468
0.5566064912080765
0.6166663224995136
0.6197878892719746
0.5555426765978336
0.6052224008738994
0.56791858792305
0.5858551524579525
0.6146740493178368
0.5653334002196789
0.5978316590189934
0.5637983019649982
0.5715494734048844
0.5459783418476581
0.5759891889989376
0.6055594401061535
0.5803676818311214
0.5864519555866718
0.5660218368470669
0.5942758509516716
0.6167442309856415
0.5427164046466351
0.6239307555556297
0.5432855159044265
0.5571297819912434
0.5449569679051638
0.6169067691266537
0.564004508703947
0.5747218431532383
0.557169146835804
0.5658160091936588
0.5777369812130928
0.5849869732558727
0.5557672591507434
0.5719515445828438
0.5293708537518979
0.5567577184736728
0.5663060998916626
0.5411720626056195
0.5829027449339628
0.524066430926323
0.5216875533759594
0.5672170498967171
0.5465724644064903
0.5557347255945205
0.5509060640633107
0.5911393977701664
0.5815345875918865
0.5555811020731926
0.5296933479607105
0.5157874239981175
0.5298124209046364
0.5273033649846911
0.5528282803297043
0.5215848855674267
0.551173729300499
0.5243057207763195
0.5535600827634335
0.5644760808348656
0.5277303954958916
0.5438421866297722
0.5325577767193317
0.5571643158793449
0.5618803548812866
0.5875295227766038
0.5727135798335076
0.538405726402998
0.5420820938050747
0.5574365056306124
0.5538286992907524
0.527871273830533
0.5063326077163219
0.482554102614522
0.5167861752212047
0.5493871353566646
0.5183609604835511
0.5583867351710796
0.5729014647006988
0.5378491578996182
0.5212220518290996
0.5113711832463741
0.5022284764051438
0.5162649913132191
0.5457817669212818
0.5357461005449295
0.5253489765524865
0.533465642184019
0.520246048271656
0.5244595879316329
0.5200582841038703
0.5001157213747501
0.5173698629438878
0.5336417543888092
0.4959982006251812
0.5394715432822704
0.5309292651712895
0.50345019698143
0.5168460044264793
0.541230923384428
0.5343699546158314
0.5147389437258244
0.5130138505995273
0.5154793691635132
0.5226602555811405
0.5338648733496666
0.5089588558673859
0.5479992730915546
0.5188483902812004
0.5264623911678791
0.5520270870625973
0.5449300621449947
0.5331700986623764
0.5272293296456337
0.53803297303617
0.5251717264950275
0.5240121923387051
0.5157531140744687
0.4760818554461002
0.5397857101261616
0.5158550858497619
0.5143029023706913
0.5237659785151482
0.5205470521003008
0.4961419738829136
0.524171254336834
0.4947747729718685
0.5205581575632096
0.48501117452979087
0.4935221633315086
0.4785976141691208
0.5161569458246231
0.5154982124269009
0.5016240054368972
0.49109717264771463
0.4980556114017963
0.5366094462573529
0.48401009410619733
0.49790057756006717
0.4664864993095398
0.5045659582316876
0.5076562379300594
0.5254175904393196
0.5363350543379783
0.4749276782572269
0.501189601123333
0.524276950582862
0.47142279148101807
0.5107738959789276
0.496362419500947
0.49317327693104746
0.5366152669489384
0.5016581216454505
0.5249852761626244
0.5239903490245342
0.49782761856913565
0.5013408400118351
0.505126602947712
0.5041593523323535
0.511757373213768
0.47041114315390586
0.5302548071742058
0.5039670538902282
0.47827897235751154
0.5056535701453686
0.47161384753882885
0.49809837982058525
0.4787320901453495
0.4660800538957119
0.49430160105228427
0.5301346047967672
0.531845620572567
0.4637510670721531
0.46179228827357294
0.4365503391623497
0.5011840090155602
0.4669213423877954
0.495946514159441
0.5084320694208145
0.5054689784348011
0.5223218661546707
0.4689442317932844
0.48259216323494913
0.4562068776041269
0.4859440295398235
0.4875015167891979
0.48122597694396974
0.47662568628787993
0.4845245835185051
0.4905133930593729
0.4784981459379196
0.4640662071108818
0.4550872252881527
0.46760917350649833
0.4691412378847599
0.4943922909349203
0.4772585164010525
0.49305679872632024
0.4946203837543726
0.482109412252903
0.47399665161967275
0.48149596340954304
0.46700578488409517
0.45837300524115565
0.48579481050372125
0.4909971162676811
0.4752593888342381
0.49309072509408
0.49460212379693985
0.4782841655611992
0.4465975730866194
0.4659620302915573
0.44995897948741914
0.4678042758256197
0.4721978521347046
0.4726018213480711
0.49923828184604646
0.44701865918934347
0.5177405380457639
0.49096494749188424
0.45878931906074283
0.4719318213313818
0.4599958811700344
0.4641042487323284
0.4711653558909893
0.4512108692526817
0.4908969044685364
0.4736304648965597
0.4703898261487484
0.46802481278777125
0.4437928520143032
0.4421507938951254
0.47196151554584503
0.48243250243365765
0.47854996621608736
0.4567438291758299
0.4986010701954365
0.49356394335627557
0.4624390558898449
0.4615369191765785
0.46288845017552377
0.45212530344724655
0.4815657489746809
0.45984751589596273
0.4894906403124332
0.44243956588208677
0.5086885313689709
0.46287294417619707
0.48975401930511
0.46740119978785516
0.46436594173312185
0.44288149729371074
0.48845861285924913
0.47239210203289983
0.46850978195667264
0.4580291920900345
0.4424497479945421
0.49820148952305315
0.44426648266613483
0.48735525146126746
0.48661862924695015
0.47460654735565183
0.4798064142465591
0.47648614563047886
0.47931967571377754
0.4695963820815086
0.4687300142645836
0.4367932349443436
0.4569244884699583
0.4505424477905035
0.4675679035484791
0.48656372889876365
0.4781918832659721
0.45716235905885694
0.444279375821352
0.4684716123342514
0.4363922018557787
0.4252786163240671
0.4536177602410316
0.46272082537412645
0.47173084661364556
0.4580335023999214
0.43448654398322106
0.4565709023177624
0.46412293158471585
0.45423288866877554
0.4481034526228905
0.43959190011024474
